                                                                                
******************************************************************************  
                                                                                
       Super level assignments for FeV
       Based on depearture coefficients of an OV model.

  Config        Statistical   Energy    Ionization                              
                  Weight      (cm-1)    Energy(eV)                              
******************************************************************************  
                                                                                
22-Oct-1999                            !Date
182                                    !Number of energy levels
6                                      !Entry number of link to super level
  
3d45De[0]               1.0          0.0000    18.1374   1.653E+02     1     0      1
3d45De[1]               3.0        142.1000    18.1332   1.653E+02     1     0      2
3d45De[2]               5.0        417.3000    18.1249   1.654E+02     1     0      3
3d45De[3]               7.0        803.1000    18.1134   1.655E+02     1     0      4
3d45De[4]               9.0       1282.8000    18.0990   1.656E+02     1     0      5
3d4b3Pe[0]              1.0      24055.4000    17.4163   1.721E+02     2     0      6
3d43He[4]               9.0      24932.5000    17.3900   1.724E+02     3     0      7
3d4b3Pe[1]              3.0      24972.9000    17.3888   1.724E+02     2     0      8
3d43He[5]              11.0      25225.9000    17.3812   1.725E+02     3     0      9
3d43He[6]              13.0      25528.5000    17.3721   1.726E+02     3     0     10
3d4b3Pe[2]              5.0      26468.3000    17.3439   1.729E+02     2     0     11
3d4b3Fe[2]              5.0      26760.7000    17.3352   1.729E+02     4     0     12
3d4b3Fe[3]              7.0      26842.3000    17.3327   1.730E+02     4     0     13
3d4b3Fe[4]              9.0      26974.0000    17.3288   1.730E+02     4     0     14
3d43Ge[3]               7.0      29817.1000    17.2435   1.739E+02     5     0     15
3d43Ge[4]               9.0      30147.0000    17.2337   1.740E+02     5     0     16
3d43Ge[5]              11.0      30430.1000    17.2252   1.740E+02     5     0     17
3d4b1Ge[4]              9.0      36586.3000    17.0406   1.759E+02     6     0     18
3d43De[3]               7.0      36630.1000    17.0393   1.759E+02     7     0     19
3d43De[2]               5.0      36758.5000    17.0355   1.760E+02     7     0     20
3d43De[1]               3.0      36925.4000    17.0304   1.760E+02     7     0     21
3d41Ie[6]              13.0      37511.7000    17.0129   1.762E+02     8     0     22
3d4b1Se[0]              1.0      39633.4000    16.9493   1.769E+02     9     0     23
3d4b1De[2]              5.0      46291.2000    16.7497   1.790E+02    10     0     24
3d41Fe[3]               7.0      52732.7000    16.5566   1.811E+02    11     0     25
3d4a3Pe[2]              5.0      61854.4000    16.2831   1.841E+02    12     0     26
3d4a3Fe[4]              9.0      62238.1000    16.2716   1.842E+02    12     0     27
3d4a3Fe[2]              5.0      62321.1000    16.2691   1.843E+02    12     0     28
3d4a3Fe[3]              7.0      62364.4000    16.2678   1.843E+02    12     0     29
3d4a3Pe[1]              3.0      62914.2000    16.2513   1.845E+02    12     0     30
3d4a3Pe[0]              1.0      63420.0000    16.2362   1.846E+02    12     0     31
3d4a1Ge[4]              9.0      71280.3000    16.0005   1.874E+02    13     0     32
3d4a1De[2]              5.0      93832.3000    15.3244   1.956E+02    14     0     33
3d4a1Se[0]              1.0     121130.2000    14.5061   2.067E+02    15     0     34
3d3(4F)4s5Fe[1]         3.0     186433.6000    12.5483   2.389E+02    16     0     35
3d3(4F)4s5Fe[2]         5.0     186725.5000    12.5396   2.391E+02    16     0     36
3d3(4F)4s5Fe[3]         7.0     187157.5000    12.5266   2.393E+02    16     0     37
3d3(4F)4s5Fe[4]         9.0     187719.0000    12.5098   2.396E+02    16     0     38
3d3(4F)4s5Fe[5]        11.0     188395.3000    12.4895   2.400E+02    16     0     39
3d3(4F)4s3Fe[2]         5.0     195196.3000    12.2856   2.440E+02    17     0     40
3d3(4F)4s3Fe[3]         7.0     195933.0000    12.2635   2.445E+02    17     0     41
3d3(4F)4s3Fe[4]         9.0     196838.6000    12.2364   2.450E+02    17     0     42
3d3(4P)4s5Pe[1]         3.0     204729.9000    11.9998   2.498E+02    18     0     43
3d3(4P)4s5Pe[2]         5.0     204975.4000    11.9924   2.500E+02    18     0     44
3d3(4P)4s5Pe[3]         7.0     205536.4000    11.9756   2.503E+02    18     0     45
3d3(2G)4s3Ge[3]         7.0     208838.2000    11.8766   2.524E+02    19     0     46
3d3(2G)4s3Ge[4]         9.0     209110.1000    11.8685   2.526E+02    19     0     47
3d3(2G)4s3Ge[5]        11.0     209523.9000    11.8561   2.529E+02    19     0     48
3d3(4P)4s3Pe[0]         1.0     212542.1000    11.7656   2.548E+02    20     0     49
3d3(4P)4s3Pe[1]         3.0     212818.1000    11.7573   2.550E+02    20     0     50
3d3(2G)4s1Ge[4]         9.0     213534.1000    11.7359   2.555E+02    20     0     51
3d3(4P)4s3Pe[2]         5.0     213649.2000    11.7324   2.555E+02    20     0     52
3d3(2P)4s3Pe[2]         5.0     214525.8000    11.7061   2.561E+02    21     0     53
3d3(2P)4s3Pe[1]         3.0     214611.4000    11.7036   2.562E+02    21     0     54
3d3(2P)4s3Pe[0]         1.0     214762.0000    11.6990   2.563E+02    21     0     55
3d3(2D2)4s3De[1]        3.0     215782.6000    11.6684   2.569E+02    22     0     56
3d3(2D2)4s3De[3]        7.0     216538.1000    11.6458   2.574E+02    22     0     57
3d3(2D2)4s3De[2]        5.0     216592.7000    11.6442   2.575E+02    22     0     58
3d3(2H)4s3He[4]         9.0     216779.1000    11.6386   2.576E+02    22     0     59
3d3(2H)4s3He[5]        11.0     216860.4000    11.6361   2.576E+02    22     0     60
3d3(2H)4s3He[6]        13.0     217122.5000    11.6283   2.578E+02    22     0     61
3d3(2P)4s1Pe[1]         3.0     219486.9000    11.5574   2.594E+02    22     0     62
3d3(2D2)4s1De[2]        5.0     220621.0000    11.5234   2.602E+02    22     0     63
3d3(2H)4s1He[5]        11.0     221305.2000    11.5029   2.606E+02    23     0     64
3d3(2F)4s3Fe[4]         9.0     233633.6000    11.1333   2.693E+02    24     0     65
3d3(2F)4s3Fe[3]         7.0     233848.9000    11.1268   2.694E+02    24     0     66
3d3(2F)4s3Fe[2]         5.0     234027.4000    11.1215   2.696E+02    24     0     67
3d3(2F)4s1Fe[3]         7.0     237729.6000    11.0105   2.723E+02    25     0     68
3d3(4F)4p5Go[2]         5.0     254803.3000    10.4986   2.856E+02    26     0     69
3d3(4F)4p5Go[3]         7.0     255399.2000    10.4808   2.860E+02    26     0     70
3d3(4F)4p5Go[4]         9.0     256177.9000    10.4574   2.867E+02    26     0     71
3d3(4F)4p5Go[5]        11.0     257138.0000    10.4286   2.875E+02    26     0     72
3d3(4F)4p5Fo[1]         3.0     257742.3000    10.4105   2.880E+02    26     0     73
3d3(4F)4p5Do[2]         5.0     258128.5000    10.3989   2.883E+02    26     0     74
3d3(4F)4p5Go[6]        13.0     258297.4000    10.3939   2.884E+02    26     0     75
3d3(2D1)4s3De[3]        7.0     258434.1000    10.3898   2.885E+02    27     0     76
3d3(4F)4p5Do[0]         1.0     258619.5000    10.3842   2.887E+02    26     0     77
3d3(2D1)4s3De[2]        5.0     258628.5000    10.3840   2.887E+02    27     0     78
3d3(4F)4p5Do[3]         7.0     258680.0000    10.3824   2.888E+02    26     0     79
3d3(2D1)4s3De[1]        3.0     258769.5000    10.3797   2.888E+02    27     0     80
3d3(4F)4p5Do[1]         3.0     258891.5000    10.3761   2.889E+02    26     0     81
3d3(4F)4p5Do[4]         9.0     259344.8000    10.3625   2.893E+02    26     0     82
3d3(4F)4p5Fo[2]         5.0     259376.1000    10.3615   2.893E+02    26     0     83
3d3(4F)4p5Fo[3]         7.0     259954.7000    10.3442   2.898E+02    26     0     84
3d3(4F)4p3Do[1]         3.0     259995.2000    10.3430   2.899E+02    28     0     85
3d3(4F)4p3Do[2]         5.0     260411.4000    10.3305   2.902E+02    28     0     86
3d3(4F)4p5Fo[4]         9.0     260521.0000    10.3272   2.903E+02    26     0     87
3d3(4F)4p5Fo[5]        11.0     261051.9000    10.3113   2.907E+02    26     0     88
3d3(4F)4p3Do[3]         7.0     261179.6000    10.3075   2.908E+02    28     0     89
3d3(2D1)4s1De[2]        5.0     262509.3000    10.2676   2.920E+02    29     0     90
3d3(4F)4p3Go[3]         7.0     263898.6000    10.2260   2.932E+02    30     0     91
3d3(4F)4p3Go[4]         9.0     264434.2000    10.2099   2.936E+02    30     0     92
3d3(4F)4p3Go[5]        11.0     265112.6000    10.1896   2.942E+02    30     0     93
3d3(4F)4p3Fo[2]         5.0     266612.8000    10.1446   2.955E+02    31     0     94
3d3(4F)4p3Fo[3]         7.0     267240.1000    10.1258   2.961E+02    31     0     95
3d3(4F)4p3Fo[4]         9.0     267928.6000    10.1051   2.967E+02    31     0     96
3d3(4P)4p5Po[1]         3.0     273643.1000     9.9338   3.018E+02    32     0     97
3d3(4P)4p5Po[2]         5.0     274136.1000     9.9191   3.022E+02    32     0     98
3d3(4P)4p5Do[0]         1.0     274753.3000     9.9005   3.028E+02    33     0     99
3d3(4P)4p5Po[3]         7.0     274930.3000     9.8952   3.030E+02    32     0    100
3d3(4P)4p5Do[1]         3.0     275146.6000     9.8888   3.032E+02    33     0    101
3d3(4P)4p3Po[2]         5.0     275374.3000     9.8819   3.034E+02    34     0    102
3d3(2G)4p3Ho[4]         9.0     276429.7000     9.8503   3.043E+02    34     0    103
3d3(4P)4p3Po[0]         1.0     276434.9000     9.8501   3.044E+02    34     0    104
3d3(4P)4p5Do[2]         5.0     276759.2000     9.8404   3.047E+02    33     0    105
3d3(4P)4p3Po[1]         3.0     276765.9000     9.8402   3.047E+02    34     0    106
3d3(4P)4p5Do[3]         7.0     277068.5000     9.8311   3.049E+02    33     0    107
3d3(2G)4p3Ho[5]        11.0     277292.7000     9.8244   3.052E+02    34     0    108
3d3(4P)4p5Do[4]         9.0     278075.8000     9.8009   3.059E+02    33     0    109
3d3(2G)4p3Ho[6]        13.0     278650.7000     9.7837   3.064E+02    34     0    110
3d3(2G)4p3Go[3]         7.0     278794.2000     9.7794   3.066E+02    34     0    111
3d3(2G)4p3Go[4]         9.0     279502.6000     9.7582   3.072E+02    34     0    112
3d3(2G)4p3Go[5]        11.0     280039.6000     9.7421   3.077E+02    34     0    113
3d3(2P)4p1So[0]         1.0     280337.0000     9.7332   3.080E+02    34     0    114
3d3(2G)4p3Fo[4]         9.0     280367.2000     9.7322   3.080E+02    34     0    115
3d3(2G)4p3Fo[2]         5.0     280539.7000     9.7271   3.082E+02    35     0    116
3d3(2G)4p3Fo[3]         7.0     280832.2000     9.7183   3.085E+02    35     0    117
3d3(2P)4p3Po[1]         3.0     281944.9000     9.6849   3.095E+02    35     0    118
3d3(2G)4p1Go[4]         9.0     282038.1000     9.6822   3.096E+02    35     0    119
3d3(2P)4p3Po[0]         1.0     282234.5000     9.6763   3.098E+02    35     0    120
3d3(2G)4p1Fo[3]         7.0     282571.6000     9.6662   3.101E+02    35     0    121
3d3(4P)4p5So[2]         5.0     282604.8000     9.6652   3.102E+02    36     0    122
3d3(2G)4p1Ho[5]        11.0     282871.9000     9.6572   3.104E+02    35     0    123
3d3(2P)4p3Fo[2]         5.0     283686.3000     9.6327   3.112E+02    35     0    124
3d3(2P)4p3Do[1]         3.0     283754.0000     9.6307   3.113E+02    37     0    125
3d3(2H)4p3Ho[4]         9.0     284690.3000     9.6026   3.122E+02    37     0    126
3d3(2H)4p3Ho[5]        11.0     284790.8000     9.5996   3.123E+02    37     0    127
3d3(2P)4p3Do[2]         5.0     284911.2000     9.5960   3.124E+02    37     0    128
3d3(2H)4p3Ho[6]        13.0     285196.1000     9.5875   3.127E+02    37     0    129
3d3(2P)4p3Do[3]         7.0     285474.0000     9.5791   3.130E+02    37     0    130
3d3(2D2)4p1Po[1]        3.0     285961.7000     9.5645   3.134E+02    37     0    131
3d3(2D2)4p3Fo[2]        5.0     286154.9000     9.5587   3.136E+02    38     0    132
3d3(2P)4p3So[1]         3.0     286187.7000     9.5578   3.137E+02    39     0    133
3d3(4P)4p3Do[3]         7.0     286431.3000     9.5504   3.139E+02    40     0    134
3d3(4P)4p3Do[1]         3.0     286855.3000     9.5377   3.143E+02    40     0    135
3d3(4P)4p3Do[2]         5.0     286862.7000     9.5375   3.143E+02    40     0    136
3d3(2P)4p3Fo[3]         7.0     287109.6000     9.5301   3.146E+02    39     0    137
3d3(2H)4p3Io[5]        11.0     287440.5000     9.5202   3.149E+02    40     0    138
3d3(2D2)4p3Fo[4]        9.0     287620.2000     9.5148   3.151E+02    40     0    139
3d3(2H)4p3Io[6]        13.0     288167.2000     9.4984   3.156E+02    40     0    140
3d3(2D2)4p3Do[1]        3.0     288669.8000     9.4833   3.161E+02    40     0    141
3d3(2H)4p3Io[7]        15.0     289171.9000     9.4683   3.166E+02    40     0    142
3d3(2D2)4p3Do[2]        5.0     289389.7000     9.4618   3.168E+02    40     0    143
3d3(2H)4p1Go[4]         9.0     289545.9000     9.4571   3.170E+02    39     0    144
3d3(2D2)4p3Do[3]        7.0     289913.0000     9.4461   3.174E+02    40     0    145
3d3(2H)4p1Ho[5]        11.0     290099.1000     9.4405   3.176E+02    40     0    146
3d3(2D2)4p3Po[2]        5.0     290407.7000     9.4312   3.179E+02    40     0    147
3d3(2P)4p3Po[2]         5.0     290407.7000     9.4312   3.179E+02    39     0    148
3d3(2D2)4p3Po[1]        3.0     290583.7000     9.4260   3.180E+02    40     0    149
3d3(2D2)4p3Po[0]        1.0     290903.4000     9.4164   3.184E+02    40     0    150
3d3(2D2)4p1Fo[3]        7.0     291231.4000     9.4065   3.187E+02    41     0    151
3d3(2H)4p3Go[5]        11.0     292287.6000     9.3749   3.198E+02    42     0    152
3d3(2H)4p1Io[6]        13.0     292365.9000     9.3725   3.199E+02    42     0    153
3d3(2H)4p3Go[4]         9.0     292430.7000     9.3706   3.199E+02    42     0    154
3d3(2H)4p3Go[3]         7.0     292513.2000     9.3681   3.200E+02    42     0    155
3d3(4P)4p3So[1]         3.0     294644.0000     9.3042   3.222E+02    42     0    156
3d3(2D2)4p1Do[2]        5.0     295716.4000     9.2721   3.233E+02    42     0    157
3d3(2P)4p1Po[1]         3.0     295973.2000     9.2644   3.236E+02    42     0    158
3d3(2F)4p3Fo[2]         5.0     302292.7000     9.0749   3.304E+02    43     0    159
3d3(2F)4p3Fo[3]         7.0     302377.1000     9.0724   3.304E+02    43     0    160
3d3(2F)4p3Fo[4]         9.0     302602.5000     9.0656   3.307E+02    43     0    161
3d3(2F)4p3Go[3]         7.0     306193.9000     8.9580   3.347E+02    44     0    162
3d3(2F)4p3Go[4]         9.0     306622.8000     8.9451   3.351E+02    44     0    163
3d3(2F)4p3Go[5]        11.0     307064.4000     8.9319   3.356E+02    44     0    164
3d3(2F)4p3Do[3]         7.0     307288.7000     8.9252   3.359E+02    43     0    165
3d3(2F)4p1Do[2]         5.0     307644.4000     8.9145   3.363E+02    45     0    166
3d3(2F)4p3Do[2]         5.0     308165.0000     8.8989   3.369E+02    43     0    167
3d3(2F)4p3Do[1]         3.0     308671.5000     8.8837   3.375E+02    43     0    168
3d3(2F)4p1Go[4]         9.0     311180.9000     8.8085   3.403E+02    45     0    169
3d3(2F)4p1Fo[3]         7.0     311538.7000     8.7977   3.408E+02    45     0    170
3d3(2D1)4p3Do[1]        3.0     327533.8000     8.3182   3.604E+02    46     0    171
3d3(2D1)4p3Do[2]        5.0     327605.4000     8.3161   3.605E+02    46     0    172
3d3(2D1)4p3Do[3]        7.0     327924.4000     8.3065   3.609E+02    46     0    173
3d3(2D1)4p1Do[2]        5.0     329848.6000     8.2488   3.634E+02    47     0    174
3d3(2D1)4p3Fo[2]        5.0     331333.8000     8.2043   3.654E+02    48     0    175
3d3(2D1)4p3Fo[3]        7.0     331367.0000     8.2033   3.655E+02    48     0    176
3d3(2D1)4p3Fo[4]        9.0     332017.3000     8.1838   3.663E+02    48     0    177
3d3(2D1)4p3Po[2]        5.0     334509.1000     8.1091   3.697E+02    48     0    178
3d3(2D1)4p3Po[1]        3.0     335267.8000     8.0864   3.707E+02    48     0    179
3d3(2D1)4p3Po[0]        1.0     335642.7000     8.0751   3.713E+02    48     0    180
3d3(2D1)4p1Fo[3]        7.0     335947.4000     8.0660   3.717E+02    49     0    181
3d3(2D1)4p1Po[1]        3.0     342462.2000     7.8707   3.809E+02    50     0    182
