********************************************************************************
                                                                                
                Super level assignments for FeIX
                E%LS=5% + 1 modifcation
                                                                                
                           g        E(cm^-1)    10^15 Hz     eV       Lam(A)    
********************************************************************************
                                                                                
17-Oct-2000                                      !Format date                   
05-May-2002                            !Date
498                                    !Number of energy levels
6                                      !Entry number of link to super level
  
3s2_3p6_1Se[0]             1.0          0.0000    56.4809   5.308E+01     1     0      1
3s2_3p5_3d_3Po[0]          1.0     405772.0000    44.3162   6.765E+01     2     0      2
3s2_3p5_3d_3Po[1]          3.0     408315.1000    44.2399   6.777E+01     2     0      3
3s2_3p5_3d_3Po[2]          5.0     413669.2000    44.0794   6.801E+01     2     0      4
3s2_3p5_3d_3Do[3]          7.0     455612.2000    42.8220   7.001E+01     3     0      5
3s2_3p5_3d_1Do[2]          5.0     456752.7000    42.7878   7.006E+01     4     0      6
3s2_3p5_3d_3Do[1]          3.0     460616.0000    42.6720   7.026E+01     3     0      7
3s2_3p5_3d_3Do[2]          5.0     462616.6000    42.6120   7.035E+01     3     0      8
3s2_3p5_3d_1Fo[3]          7.0     465828.4000    42.5157   7.051E+01     5     0      9
3s2_3p5_3d_1Po[1]          3.0     584546.0000    38.9567   7.696E+01     6     0     10
3s_3p6_3d_3De[1]           3.0     726734.0000    34.6940   8.641E+01     7     0     11
3s_3p6_3d_3De[2]           5.0     727560.0000    34.6692   8.647E+01     7     0     12
3s_3p6_3d_3De[3]           7.0     728935.0000    34.6280   8.658E+01     7     0     13
3s_3p6_3d_1De[2]           5.0     749871.0000    34.0003   8.817E+01     8     0     14
3s2_3p4_3d2_3Pe            9.0     864106.2310    30.5756   9.805E+01     9     0     15
3s2_3p4_3d2_3Fe           21.0     875821.0600    30.2244   9.919E+01     9     0     16
3s2_3p4_3d2_1De            5.0     889624.8840    29.8106   1.006E+02    10     0     17
3s2_3p4_3d2(a)_3Fe        21.0     896523.8560    29.6038   1.013E+02     9     0     18
3s2_3p4_3d2_3De           15.0     898199.3630    29.5536   1.014E+02     9     0     19
3s2_3p4_3d2_1Se            1.0     900869.3950    29.4735   1.017E+02    10     0     20
3s2_3p4_3d2_1Ge            9.0     910590.2740    29.1821   1.027E+02    10     0     21
3s2_3p4_3d2_1Fe            7.0     910593.2130    29.1820   1.027E+02    10     0     22
3s2_3p4_3d2(a)_3De        15.0     910627.5070    29.1810   1.027E+02    11     0     23
3s2_3p4_3d2(a)_3Pe         9.0     915093.5650    29.0471   1.032E+02    11     0     24
3s2_3p4_3d2_1Pe            3.0     932150.4190    28.5357   1.051E+02    10     0     25
3s2_3p4_3d2(b)_3Fe        21.0     932178.8340    28.5349   1.051E+02    11     0     26
3s2_3p4_3d2(a)_1Ge         9.0     939860.6890    28.3046   1.059E+02    12     0     27
3s2_3p4_3d2(a)_1De         5.0     958639.1020    27.7416   1.081E+02    12     0     28
3s2_3p4_3d2(b)_3De        15.0     959576.7980    27.7135   1.082E+02    13     0     29
3s2_3p4_3d2(b)_3Pe         9.0     969693.5270    27.4102   1.094E+02    13     0     30
3s2_3p5_4s_3Po             9.0     970356.8700    27.3903   1.095E+02    14     0     31
3s2_3p4_3d2(c)_3Fe        21.0     973301.2550    27.3021   1.098E+02    13     0     32
3s2_3p5_4s_1Po             3.0     980537.2880    27.0851   1.107E+02    15     0     33
3s2_3p4_3d2(a)_1Fe         7.0    1000417.0280    26.4892   1.132E+02    16     0     34
3s2_3p4_3d2(c)_3Pe         9.0    1009638.1940    26.2127   1.144E+02    17     0     35
3s2_3p4_3d2(d)_3Fe        21.0    1013273.3570    26.1037   1.148E+02    17     0     36
3s2_3p4_3d2(b)_1De         5.0    1017565.0060    25.9751   1.154E+02    16     0     37
3s2_3p4_3d2(b)_1Ge         9.0    1018192.0960    25.9563   1.155E+02    16     0     38
3s2_3p4_3d2_3Se            3.0    1029793.2650    25.6085   1.171E+02    17     0     39
3s2_3p4_3d2(c)_1Ge         9.0    1029803.0630    25.6082   1.171E+02    16     0     40
3s2_3p4_3d2(c)_3De        15.0    1033095.2870    25.5095   1.175E+02    17     0     41
3s2_3p4_3d2(d)_3Pe         9.0    1038650.9140    25.3429   1.183E+02    17     0     42
3s2_3p4_3d2(c)_1De         5.0    1040463.5970    25.2886   1.185E+02    16     0     43
3s2_3p5_4p_3Se             3.0    1050693.0060    24.9819   1.200E+02    17     0     44
3s2_3p5_4p_1De             5.0    1059452.6730    24.7193   1.213E+02    18     0     45
3s2_3p4_3d2(a)_1Se         1.0    1061569.1020    24.6559   1.216E+02    18     0     46
3s2_3p5_4p_3De            15.0    1062823.2830    24.6183   1.218E+02    19     0     47
3s2_3p5_4p_1Pe             3.0    1063616.9440    24.5945   1.219E+02    18     0     48
3s2_3p4_3d2(e)_3Fe        21.0    1066438.8500    24.5099   1.223E+02    19     0     49
3s2_3p5_4p_3Pe             9.0    1067849.8030    24.4676   1.225E+02    19     0     50
3s2_3p4_3d2(d)_3De        15.0    1079823.3070    24.1086   1.244E+02    19     0     51
3s2_3p4_3d2(a)_1Pe         3.0    1086094.2090    23.9206   1.253E+02    18     0     52
3s2_3p4_3d2(d)_1De         5.0    1086878.0710    23.8971   1.255E+02    18     0     53
3s2_3p4_3d2(e)_3Pe         9.0    1089690.1790    23.8128   1.259E+02    19     0     54
3s2_3p4_3d2(b)_1Fe         7.0    1092031.9690    23.7426   1.263E+02    18     0     55
3s2_3p5_4p_1Se             1.0    1106445.2460    23.3105   1.286E+02    18     0     56
3s_3p5_3d2_3Do            15.0    1164901.8120    21.5580   1.391E+02    20     0     57
3s_3p5_3d2_3Po             9.0    1165901.2370    21.5281   1.393E+02    20     0     58
3s2_3p4_3d2(e)_1De         5.0    1176571.5690    21.2082   1.414E+02    21     0     59
3s2_3p5_4d_3Po[0]          1.0    1197220.0000    20.5891   1.456E+02    20     0     60
3s2_3p5_4d_3Po[1]          3.0    1198220.0000    20.5592   1.458E+02    20     0     61
3s2_3p5_4d_3Po[3]          7.0    1198220.0000    20.5592   1.458E+02    20     0     62
3s2_3p5_4d_1Fo             7.0    1207828.0970    20.2711   1.479E+02    22     0     63
3s_3p5_3d2_1Go             9.0    1212443.0890    20.1328   1.489E+02    22     0     64
3s2_3p5_4d_1Po[1]          3.0    1213150.0000    20.1116   1.491E+02    22     0     65
3s2_3p5_4d_1Do             5.0    1213393.5230    20.1043   1.491E+02    22     0     66
3s2_3p5_4d_3Do            15.0    1213471.9090    20.1019   1.491E+02    20     0     67
3s_3p5_3d2(a)_3Do         15.0    1215696.1200    20.0352   1.496E+02    20     0     68
3s_3p5_3d2(b)_3Do         15.0    1228345.7050    19.6560   1.525E+02    23     0     69
3s_3p5_3d2_1Fo             7.0    1234332.4570    19.4765   1.539E+02    22     0     70
3s_3p5_3d2_1Do             5.0    1235518.0500    19.4410   1.542E+02    22     0     71
3s_3p5_3d2_3So             3.0    1236370.5000    19.4154   1.544E+02    23     0     72
3s_3p5_3d2(a)_3Po          9.0    1236831.0200    19.4016   1.545E+02    23     0     73
3s_3p5_3d2_1So             1.0    1241945.7240    19.2483   1.558E+02    22     0     74
3s2_3p4_3d2(b)_1Se         1.0    1257740.5590    18.7748   1.597E+02    24     0     75
3s_3p6_4s_3Se              3.0    1258446.0360    18.7536   1.599E+02    25     0     76
3s_3p5_3d2(a)_1Do          5.0    1262355.5510    18.6364   1.609E+02    22     0     77
3s_3p5_3d2(b)_3Po          9.0    1262463.3320    18.6332   1.609E+02    23     0     78
3s_3p5_3d2_1Po             3.0    1265001.0880    18.5571   1.616E+02    22     0     79
3s_3p5_3d2(a)_1Fo          7.0    1270331.3550    18.3973   1.630E+02    26     0     80
3s_3p6_4s_1Se              1.0    1275495.0510    18.2425   1.643E+02    24     0     81
3s_3p5_3d2(c)_3Do         15.0    1298638.5990    17.5487   1.708E+02    27     0     82
3s_3p5_3d2(a)_1Go          9.0    1310494.5240    17.1933   1.744E+02    26     0     83
3s2_3p5_4f_3De            15.0    1311484.1510    17.1636   1.747E+02    25     0     84
3s2_3p3_3d3_3Po            9.0    1317284.7350    16.9897   1.765E+02    27     0     85
3s_3p5_3d2(b)_1Fo          7.0    1318558.5120    16.9515   1.769E+02    26     0     86
3s2_3p5_4f_1Ge             9.0    1320351.5980    16.8978   1.774E+02    24     0     87
3s_3p5_3d2(a)_3So          3.0    1322517.0190    16.8328   1.781E+02    27     0     88
3s2_3p5_4f_1Fe             7.0    1325182.1520    16.7529   1.789E+02    28     0     89
3s2_3p5_4f_3Fe            21.0    1325221.3460    16.7518   1.790E+02    29     0     90
3s2_3p5_4f_1De             5.0    1331698.0120    16.5576   1.811E+02    28     0     91
3s_3p5_3d2(c)_3Po          9.0    1332991.3850    16.5188   1.815E+02    27     0     92
3s2_3p3_3d3_1So            1.0    1341868.6310    16.2527   1.845E+02    30     0     93
3s2_3p3_3d3_3Do           15.0    1342603.5030    16.2307   1.847E+02    27     0     94
3s_3p5_3d2(a)_1Po          3.0    1349089.9670    16.0362   1.869E+02    30     0     95
3s_3p6_4p_3Po              9.0    1352460.5770    15.9352   1.881E+02    27     0     96
3s_3p5_3d2(d)_3Do         15.0    1352636.9460    15.9299   1.882E+02    27     0     97
3s2_3p3_3d3(a)_3Po         9.0    1363904.9730    15.5921   1.923E+02    31     0     98
3s2_3p3_3d3_1Go            9.0    1367471.5490    15.4851   1.936E+02    30     0     99
(3Pe)3d(4DE)4s_3De        15.0    1367618.5230    15.4807   1.937E+02    29     0    100
3s2_3p5_5s_3Po             9.0    1370401.2360    15.3973   1.947E+02    31     0    101
3s_3p5_3d2(b)_1Do          5.0    1370489.4210    15.3947   1.947E+02    30     0    102
3s2_3p5_5s_1Po             3.0    1370636.3950    15.3903   1.948E+02    30     0    103
3s_3p6_4p_1Po[1]           3.0    1371910.0000    15.3521   1.953E+02    30     0    104
3s_3p5_3d2(b)_1Po          3.0    1376828.9110    15.2046   1.972E+02    30     0    105
3s2_3p3_3d3_1Fo            7.0    1378641.5940    15.1503   1.979E+02    30     0    106
3s2_3p3_3d3(a)_3Do        15.0    1380130.9330    15.1056   1.985E+02    31     0    107
3s2_3p3_3d3(b)_3Po         9.0    1385627.7710    14.9408   2.007E+02    31     0    108
3s2_3p3_3d3(a)_1Fo         7.0    1392143.6300    14.7455   2.033E+02    30     0    109
(1De)3d(2PE)4s_3Pe         9.0    1396739.0250    14.6077   2.052E+02    32     0    110
3s2_3p3_3d3_1Do            5.0    1396778.2180    14.6065   2.052E+02    30     0    111
3s2_3p3_3d3(b)_3Do        15.0    1398218.5660    14.5634   2.059E+02    31     0    112
(3Pe)3d(4FE)4s_3Fe        21.0    1399600.1240    14.5219   2.064E+02    32     0    113
(1De)3d(2DE)4s_3De        15.0    1399903.8710    14.5128   2.066E+02    32     0    114
(1De)3d(2PE)4s_1Pe         3.0    1402304.4510    14.4409   2.076E+02    33     0    115
3s2_3p5_5p_3Se             3.0    1402921.7430    14.4224   2.079E+02    32     0    116
(1De)3d(2DE)4s_1De         5.0    1404842.2070    14.3648   2.087E+02    33     0    117
3s2_3p5_5p_3De            15.0    1409133.8550    14.2361   2.106E+02    32     0    118
(3Pe)3d(2FE)4s_3Fe        21.0    1410760.3710    14.1874   2.113E+02    32     0    119
3s2_3p5_5p_3Pe             9.0    1411260.0830    14.1724   2.115E+02    32     0    120
3s2_3p5_5p_1De             5.0    1412974.7830    14.1210   2.123E+02    33     0    121
3s2_3p5_5p_1Pe             3.0    1414699.2810    14.0693   2.131E+02    33     0    122
3s2_3p3_3d3(c)_3Do        15.0    1415600.7230    14.0423   2.135E+02    31     0    123
3s2_3p3_3d3(c)_3Po         9.0    1415630.1180    14.0414   2.135E+02    31     0    124
3s2_3p3_3d3(a)_1Do         5.0    1417148.8520    13.9958   2.142E+02    34     0    125
(3Pe)3d(4PE)4s_3Pe         9.0    1418618.5950    13.9518   2.149E+02    32     0    126
(3Pe)3d(2FE)4s_1Fe         7.0    1420009.9510    13.9101   2.155E+02    33     0    127
(1De)3d(2GE)4s_1Ge         9.0    1421509.0890    13.8651   2.162E+02    33     0    128
3s2_3p5_5p_1Se             1.0    1425771.3430    13.7373   2.182E+02    33     0    129
3s2_3p3_3d3(d)_3Do        15.0    1427309.6730    13.6912   2.190E+02    31     0    130
3s2_3p3_3d3(a)_1Go         9.0    1427456.6480    13.6868   2.190E+02    34     0    131
3s2_3p3_3d3(b)_1Go         9.0    1438812.8600    13.3464   2.246E+02    34     0    132
3s2_3p3_3d3_1Po            3.0    1444897.5940    13.1640   2.277E+02    34     0    133
3s2_3p3_3d3(e)_3Do        15.0    1446788.6630    13.1073   2.287E+02    35     0    134
3s2_3p3_3d3(c)_1Go         9.0    1447788.0880    13.0773   2.292E+02    34     0    135
3s2_3p3_3d3(a)_1Po         3.0    1447846.8780    13.0755   2.293E+02    34     0    136
3s2_3p3_3d3(d)_3Po         9.0    1451050.9170    12.9795   2.310E+02    35     0    137
3s2_3p3_3d3_3So            3.0    1455303.3730    12.8520   2.333E+02    35     0    138
3s2_3p3_3d3(b)_1Do         5.0    1456077.4370    12.8288   2.337E+02    34     0    139
(1De)3d(2FE)4s_1Fe         7.0    1456283.2010    12.8226   2.338E+02    33     0    140
(3Pe)3d(4DE)4p_3Do        15.0    1456841.7030    12.8059   2.341E+02    35     0    141
(3Pe)3d(4DE)4p_3Po         9.0    1459163.8970    12.7363   2.354E+02    35     0    142
3s2_3p3_3d3(b)_1Fo         7.0    1460565.0520    12.6943   2.362E+02    34     0    143
3s2_3p3_3d3(a)_1So         1.0    1461682.0560    12.6608   2.368E+02    34     0    144
3s2_3p3_3d3(e)_3Po         9.0    1461829.0300    12.6564   2.369E+02    35     0    145
3s2_3p5_5d_1Fo             7.0    1469991.0010    12.4117   2.415E+02    34     0    146
3s2_3p5_5d_3Po             9.0    1470588.6970    12.3938   2.419E+02    35     0    147
3s2_3p5_5d_1Po             3.0    1470823.8560    12.3867   2.420E+02    34     0    148
3s2_3p5_5d_3Do            15.0    1471460.7440    12.3676   2.424E+02    35     0    149
3s2_3p5_5d_1Do             5.0    1472763.9160    12.3285   2.432E+02    34     0    150
3s2_3p3_3d3(d)_1Go         9.0    1474909.7400    12.2642   2.444E+02    34     0    151
(1Se)3d(2DE)4s_3De        15.0    1474988.1270    12.2619   2.445E+02    36     0    152
3s2_3p3_3d3(c)_1Do         5.0    1475076.3110    12.2592   2.445E+02    34     0    153
3s2_3p3_3d3(a)_3So         3.0    1476252.1050    12.2240   2.452E+02    35     0    154
3s2_3p3_3d3(f)_3Do        15.0    1477525.8820    12.1858   2.460E+02    35     0    155
(1Se)3d(2DE)4s_1De         5.0    1479044.6160    12.1403   2.469E+02    37     0    156
(1De)3d(2DE)4p_1Po         3.0    1482601.3940    12.0336   2.491E+02    34     0    157
3s2_3p3_3d3(c)_1Fo         7.0    1482807.1580    12.0275   2.493E+02    34     0    158
(1De)3d(2PE)4p_3Do        15.0    1486452.1200    11.9182   2.515E+02    35     0    159
(1De)3d(2DE)4p_3Do        15.0    1489479.7900    11.8274   2.535E+02    35     0    160
(1De)3d(2PE)4p_1Do         5.0    1489812.9310    11.8174   2.537E+02    38     0    161
3s2_3p3_3d3(g)_3Do        15.0    1491635.4120    11.7628   2.549E+02    35     0    162
3s_3p6_4d_3De             15.0    1491919.5620    11.7543   2.550E+02    36     0    163
(1De)3d(2PE)4p_3Po         9.0    1492772.0130    11.7287   2.556E+02    35     0    164
(3Pe)3d(2FE)4p_1Fo         7.0    1494094.7820    11.6891   2.565E+02    38     0    165
3s2_3p3_3d3(d)_1Do         5.0    1495388.1550    11.6503   2.573E+02    38     0    166
3s_3p6_4d_1De              5.0    1496172.0180    11.6268   2.578E+02    37     0    167
(1De)3d(2DE)4p_3Po         9.0    1497651.5590    11.5824   2.588E+02    35     0    168
(1De)3d(2PE)4p_3So         3.0    1498464.8170    11.5581   2.594E+02    35     0    169
(1De)3d(2DE)4p_1Fo         7.0    1499816.9800    11.5175   2.603E+02    38     0    170
(1De)3d(2PE)4p_1So         1.0    1502109.7780    11.4488   2.619E+02    38     0    171
(1De)3d(2PE)4p_1Po         3.0    1503501.1350    11.4071   2.628E+02    38     0    172
(3Pe)3d(2FE)4p_1Go         9.0    1503922.4610    11.3944   2.631E+02    38     0    173
(3Pe)3d(4PE)4p_3Po         9.0    1504069.4350    11.3900   2.632E+02    35     0    174
(3Pe)3d(4PE)4p_3Do        15.0    1505666.5560    11.3422   2.643E+02    35     0    175
(3Pe)3d(4FE)4p_3Do        15.0    1506763.9640    11.3093   2.651E+02    35     0    176
(1De)3d(2SE)4s_3Se         3.0    1507880.9680    11.2758   2.659E+02    36     0    177
3s2_3p3_3d3(h)_3Do        15.0    1508860.7970    11.2464   2.666E+02    35     0    178
3s2_3p3_3d3(d)_1Fo         7.0    1511672.9040    11.1621   2.686E+02    38     0    179
(1De)3d(2DE)4p_1Do         5.0    1513426.7970    11.1095   2.699E+02    38     0    180
(1De)3d(2GE)4p_1Go         9.0    1514945.5310    11.0640   2.710E+02    38     0    181
3s2_3p3_3d3(f)_3Po         9.0    1516248.7030    11.0249   2.719E+02    35     0    182
(3Pe)3d(2FE)4p_3Do        15.0    1516758.2140    11.0096   2.723E+02    35     0    183
(1De)3d(2SE)4s_1Se         1.0    1517071.7590    11.0002   2.725E+02    37     0    184
(3Pe)3d(4PE)4p_3So         3.0    1517542.0770    10.9861   2.729E+02    35     0    185
3s2_3p5_5f_3De            15.0    1519384.1540    10.9309   2.743E+02    36     0    186
3s2_3p3_3d3(i)_3Do        15.0    1522891.9400    10.8257   2.769E+02    39     0    187
3s2_3p5_5f_1Ge             9.0    1523401.4510    10.8105   2.773E+02    37     0    188
3s2_3p5_5f_1Fe             7.0    1525165.1420    10.7576   2.787E+02    37     0    189
3s2_3p3_3d3(g)_3Po         9.0    1525302.3180    10.7535   2.788E+02    39     0    190
3s2_3p3_3d3(e)_1Go         9.0    1527056.2110    10.7009   2.802E+02    38     0    191
3s2_3p3_3d3(j)_3Do        15.0    1527526.5290    10.6868   2.805E+02    39     0    192
3s2_3p5_5f_1De             5.0    1528565.1470    10.6557   2.813E+02    37     0    193
3s2_3p3_3d3(e)_1Fo         7.0    1528663.1300    10.6527   2.814E+02    38     0    194
(3Pe)3d(2PE)4s_3Pe         9.0    1529584.1690    10.6251   2.822E+02    36     0    195
(3Pe)3d(2FE)4p_1Do         5.0    1530906.9370    10.5855   2.832E+02    38     0    196
3s2_3p3_3d3(b)_1Po         3.0    1532700.0230    10.5317   2.847E+02    38     0    197
3s2_3p3_3d3(e)_1Do         5.0    1533150.7440    10.5182   2.850E+02    38     0    198
3p6_3d2_3Pe                9.0    1533444.6930    10.5094   2.853E+02    36     0    199
3p6_3d2_1De                5.0    1533483.8860    10.5082   2.853E+02    37     0    200
3s2_3p5_5g_1Fo             7.0    1533689.6500    10.5020   2.855E+02    38     0    201
3s2_3p5_5g_1Go             9.0    1535884.4660    10.4362   2.873E+02    38     0    202
3s2_3p3_3d3(c)_1Po         3.0    1536952.4790    10.4042   2.881E+02    38     0    203
(1De)3d(2GE)4p_1Fo         7.0    1538128.2730    10.3690   2.891E+02    38     0    204
(3Pe)3d(2PE)4s_1Pe         3.0    1538637.7840    10.3537   2.896E+02    37     0    205
(3Pe)3d(2DE)4s_3De        15.0    1541773.2350    10.2597   2.922E+02    36     0    206
3s2_3p3_3d3(k)_3Do        15.0    1542576.6940    10.2356   2.929E+02    39     0    207
3p6_3d2_1Ge                9.0    1545359.4070    10.1522   2.953E+02    37     0    208
3s2_3p3_3d3(b)_3So         3.0    1545829.7250    10.1381   2.957E+02    39     0    209
(1De)3d(2FE)4p_1Do         5.0    1546143.2700    10.1287   2.960E+02    38     0    210
3s2_3p3_3d3(f)_1Fo         7.0    1549788.2320    10.0194   2.992E+02    38     0    211
3s2_3p5_6s_3Po             9.0    1550689.6740     9.9924   3.000E+02    39     0    212
(3Pe)3d(2DE)4s_1De         5.0    1551013.0170     9.9827   3.003E+02    37     0    213
3s2_3p3_3d3(h)_3Po         9.0    1551493.1330     9.9683   3.007E+02    39     0    214
3s2_3p5_6s_1Po             3.0    1552698.3220     9.9322   3.018E+02    38     0    215
(1De)3d(2FE)4p_1Go         9.0    1553609.5630     9.9049   3.027E+02    38     0    216
(1De)3d(2FE)4p_3Do        15.0    1555177.2880     9.8579   3.041E+02    39     0    217
(1De)3d(2FE)4p_1Fo         7.0    1560723.1170     9.6916   3.093E+02    38     0    218
3s2_3p3_3d3(i)_3Po         9.0    1561526.5770     9.6675   3.101E+02    39     0    219
(1Se)3d(2DE)4p_1Do         5.0    1566925.4310     9.5057   3.154E+02    40     0    220
(1Se)3d(2DE)4p_3Do        15.0    1569041.8610     9.4422   3.175E+02    39     0    221
3s2_3p3_3d3(d)_1Po         3.0    1570109.8740     9.4102   3.186E+02    40     0    222
3s2_3p5_6p_3Se             3.0    1570766.3590     9.3905   3.193E+02    41     0    223
(1Se)3d(2DE)4p_1Fo         7.0    1571667.8010     9.3635   3.202E+02    40     0    224
3s2_3p5_6p_3De            15.0    1574185.9600     9.2880   3.228E+02    41     0    225
3s2_3p5_6p_3Pe             9.0    1575058.0080     9.2618   3.237E+02    41     0    226
3s2_3p3_3d3(l)_3Do        15.0    1575312.7630     9.2542   3.240E+02    39     0    227
3s2_3p5_6p_1De             5.0    1575812.4760     9.2392   3.245E+02    42     0    228
3s2_3p5_6p_1Pe             3.0    1575910.4580     9.2363   3.246E+02    42     0    229
3s2_3p3_3d3(f)_1Do         5.0    1577683.9480     9.1831   3.265E+02    40     0    230
3s2_3p3_3d3(f)_1Go         9.0    1579222.2790     9.1370   3.281E+02    40     0    231
(1Se)3d(2DE)4p_3Po         9.0    1579702.3950     9.1226   3.286E+02    39     0    232
3s2_3p3_3d3(b)_1So         1.0    1580956.5750     9.0850   3.300E+02    40     0    233
3s2_3p5_6p_1Se             1.0    1581299.5150     9.0747   3.304E+02    42     0    234
3s2_3p3_3d3(j)_3Po         9.0    1583278.7690     9.0154   3.325E+02    39     0    235
(1Se)3d(2DE)4p_1Po         3.0    1586061.4810     8.9320   3.356E+02    40     0    236
(3Pe)3d(4DE)4d_3Se         3.0    1587903.5590     8.8767   3.377E+02    41     0    237
3s2_3p3_3d3(g)_1Do         5.0    1588961.7740     8.8450   3.389E+02    40     0    238
(3Pe)3d(4DE)4d_3De        15.0    1590019.9880     8.8133   3.402E+02    41     0    239
3s2_3p3_3d3(g)_1Fo         7.0    1592273.5940     8.7457   3.428E+02    40     0    240
(1De)3d(2SE)4p_1Po         3.0    1598123.1700     8.5704   3.498E+02    40     0    241
3p6_3d2_1Se                1.0    1599798.6760     8.5201   3.519E+02    42     0    242
(1De)3d(2SE)4p_3Po         9.0    1601101.8480     8.4811   3.535E+02    43     0    243
3s2_3p3_3d3(g)_1Go         9.0    1601738.7370     8.4620   3.543E+02    40     0    244
3s2_3p3_3d3(30)_3Do       15.0    1602777.3550     8.4308   3.556E+02    43     0    245
(3Pe)3d(4DE)4d_3Pe         9.0    1602953.7240     8.4256   3.558E+02    41     0    246
3s_3p6_4f_1Fo              7.0    1604384.2740     8.3827   3.576E+02    40     0    247
3s2_3p3_3d3(h)_1Fo         7.0    1606079.3770     8.3319   3.598E+02    40     0    248
3s2_3p5_6d_1Po             3.0    1606343.9310     8.3239   3.602E+02    40     0    249
3s2_3p5_6d_1Fo             7.0    1608695.5190     8.2534   3.632E+02    40     0    250
3s2_3p5_6d_3Po             9.0    1608891.4850     8.2475   3.635E+02    43     0    251
3s2_3p5_6d_1Do             5.0    1609087.4500     8.2417   3.638E+02    40     0    252
3s2_3p5_6d_3Do            15.0    1609156.0380     8.2396   3.638E+02    43     0    253
3s2_3p3_3d3(c)_3So         3.0    1611086.3000     8.1817   3.664E+02    43     0    254
(3Pe)3d(2PE)4p_3Po         9.0    1614407.9190     8.0822   3.709E+02    43     0    255
3s2_3p3_3d3(e)_1Po         3.0    1615279.9660     8.0560   3.721E+02    40     0    256
3s_3p4_3d3_3Pe             9.0    1615534.7220     8.0484   3.725E+02    41     0    257
(1De)3d(2DE)4d_1Pe         3.0    1617376.7990     7.9932   3.751E+02    42     0    258
(1De)3d(2PE)4d_3De        15.0    1620473.0570     7.9003   3.795E+02    41     0    259
3s_3p4_3d3_3De            15.0    1623177.3840     7.8193   3.834E+02    41     0    260
3s2_3p3_3d3(f)_1Po         3.0    1623441.9370     7.8113   3.838E+02    40     0    261
(3Pe)3d(2PE)4p_3Do        15.0    1625176.2340     7.7593   3.864E+02    43     0    262
(1De)3d(2PE)4d_1Fe         7.0    1625568.1650     7.7476   3.869E+02    42     0    263
3s2_3p3_3d3(k)_3Po         9.0    1626930.1270     7.7068   3.890E+02    43     0    264
(1De)3d(2PE)4d_3Pe         9.0    1629056.3540     7.6430   3.922E+02    41     0    265
(1De)3d(2DE)4d_3Se         3.0    1629124.9420     7.6410   3.923E+02    41     0    266
(1De)3d(2DE)4d_3De        15.0    1629467.8820     7.6307   3.929E+02    41     0    267
(3Pe)3d(2PE)4p_1So         1.0    1629644.2510     7.6254   3.932E+02    40     0    268
(1De)3d(2PE)4d_1De         5.0    1630584.8870     7.5972   3.946E+02    42     0    269
(1De)3d(2DE)4d_1Ge         9.0    1631907.6550     7.5575   3.967E+02    42     0    270
3s2_3p5_6f_3De            15.0    1632573.9390     7.5376   3.977E+02    41     0    271
(3Pe)3d(2PE)4p_1Do         5.0    1633749.7330     7.5023   3.996E+02    40     0    272
3s2_3p5_6f_1Ge             9.0    1634817.7460     7.4703   4.013E+02    42     0    273
3s2_3p5_6f_1Fe             7.0    1634856.9390     7.4691   4.014E+02    42     0    274
(3Pe)3d(4PE)4d_3De        15.0    1635023.5100     7.4641   4.016E+02    41     0    275
(1De)3d(2DE)4d_3Pe         9.0    1635327.2570     7.4550   4.021E+02    41     0    276
(3Pe)3d(2PE)4p_3So         3.0    1636650.0250     7.4154   4.043E+02    43     0    277
3s2_3p5_6f_1De             5.0    1637267.3170     7.3969   4.053E+02    42     0    278
3s2_3p3_3d3(i)_1Fo         7.0    1637522.0720     7.3892   4.057E+02    40     0    279
(3Pe)3d(4PE)4d_3Pe         9.0    1638707.6650     7.3537   4.077E+02    41     0    280
(1De)3d(2DE)4d_1De         5.0    1639442.5360     7.3316   4.089E+02    42     0    281
(3Pe)3d(4FE)4d_3De        15.0    1641098.4460     7.2820   4.117E+02    41     0    282
3s2_3p5_6g_1Go             9.0    1641666.7470     7.2650   4.127E+02    40     0    283
3s2_3p5_6g_1Fo             7.0    1641754.9310     7.2623   4.128E+02    40     0    284
(3Pe)3d(2DE)4p_1Do         5.0    1641862.7120     7.2591   4.130E+02    40     0    285
(1De)3d(2PE)4d_1Pe         3.0    1642225.2490     7.2482   4.136E+02    42     0    286
(3Pe)3d(2DE)4p_3Do        15.0    1643538.2190     7.2089   4.159E+02    43     0    287
3s_3p4_3d3_3Se             3.0    1644743.4080     7.1727   4.180E+02    41     0    288
(3Pe)3d(2DE)4p_3Po         9.0    1644763.0050     7.1721   4.180E+02    43     0    289
(3Pe)3d(2FE)4d_1Fe         7.0    1644949.1720     7.1666   4.183E+02    42     0    290
(3Pe)3d(2PE)4p_1Po         3.0    1644978.5670     7.1657   4.184E+02    40     0    291
(1De)3d(2DE)4d_1Fe         7.0    1645488.0780     7.1504   4.193E+02    42     0    292
(1De)3d(2DE)4d_1Se         1.0    1645586.0610     7.1475   4.194E+02    42     0    293
(3Pe)3d(2DE)4p_1Fo         7.0    1646467.9060     7.1210   4.210E+02    44     0    294
3s_3p4_3d3(a)_3De         15.0    1647330.1550     7.0952   4.225E+02    41     0    295
3s2_3p3_3d3(34)_3Do       15.0    1647653.4990     7.0855   4.231E+02    43     0    296
3s2_3p3_3d3(h)_1Do         5.0    1648319.7820     7.0655   4.243E+02    44     0    297
3s_3p6_5s_3Se              3.0    1649162.4350     7.0403   4.258E+02    41     0    298
(1De)3d(2GE)4d_3De        15.0    1651494.4260     6.9703   4.301E+02    45     0    299
(3Pe)3d(4FE)4d_3Pe         9.0    1652611.4310     6.9369   4.322E+02    45     0    300
(3Pe)3d(2FE)4d_1Ge         9.0    1652964.1690     6.9263   4.328E+02    42     0    301
3s2_3p5_7s_1Po             3.0    1653493.2760     6.9104   4.338E+02    44     0    302
(1De)3d(2GE)4d_1De         5.0    1653669.6450     6.9051   4.342E+02    42     0    303
3s2_3p5_7s_3Po             9.0    1654727.8600     6.8734   4.362E+02    43     0    304
3s_3p6_5s_1Se              1.0    1655188.3800     6.8596   4.370E+02    46     0    305
(1De)3d(2GE)4d_1Fe         7.0    1657726.1350     6.7835   4.419E+02    46     0    306
(3Pe)3d(2FE)4d_3De        15.0    1657951.4960     6.7768   4.424E+02    45     0    307
(1De)3d(2GE)4d_1Ge         9.0    1659186.0800     6.7398   4.448E+02    46     0    308
(3Pe)3d(2FE)4d_1Pe         3.0    1659950.3460     6.7168   4.463E+02    46     0    309
(3Pe)3d(2FE)4d_1De         5.0    1662223.5480     6.6487   4.509E+02    46     0    310
3s2_3p5_7p_3Se             3.0    1664055.8270     6.5938   4.547E+02    45     0    311
3s2_3p5_7p_3De            15.0    1664506.5480     6.5802   4.556E+02    45     0    312
3s2_3p5_7p_3Pe             9.0    1664839.6900     6.5703   4.563E+02    45     0    313
3s2_3p5_7p_1Pe             3.0    1665388.3940     6.5538   4.574E+02    46     0    314
(3Pe)3d(2DE)4p_1Po         3.0    1665584.3600     6.5479   4.578E+02    44     0    315
3s2_3p5_7p_1De             5.0    1666015.4840     6.5350   4.587E+02    46     0    316
3s_3p4_3d3(b)_3De         15.0    1666671.9690     6.5153   4.601E+02    45     0    317
(3Pe)3d(2FE)4d_3Pe         9.0    1667338.2530     6.4954   4.615E+02    45     0    318
3s2_3p5_7p_1Se             1.0    1669425.2870     6.4328   4.660E+02    46     0    319
3s_3p4_3d3_1Fe             7.0    1673854.1120     6.3000   4.759E+02    46     0    320
3s_3p4_3d3(a)_3Pe          9.0    1678567.0870     6.1587   4.868E+02    45     0    321
3s2_3p3_3d3(j)_1Fo         7.0    1680213.1990     6.1094   4.907E+02    44     0    322
(1De)3d(2FE)4d_1Fe         7.0    1682123.8640     6.0521   4.954E+02    46     0    323
(1De)3d(2FE)4d_3De        15.0    1682212.0490     6.0495   4.956E+02    45     0    324
3s2_3p5_7d_3Po             9.0    1683064.4990     6.0239   4.977E+02    47     0    325
(1De)3d(2FE)4d_1Pe         3.0    1685621.8520     5.9472   5.041E+02    46     0    326
3s2_3p5_7d_1Fo             7.0    1685670.8430     5.9458   5.042E+02    44     0    327
3s_3p4_3d3(b)_3Pe          9.0    1685690.4400     5.9452   5.043E+02    45     0    328
3s2_3p5_7d_3Do            15.0    1686160.7570     5.9311   5.055E+02    47     0    329
3s2_3p5_7d_1Do             5.0    1686180.3540     5.9305   5.055E+02    44     0    330
3s_3p4_3d3(c)_3De         15.0    1686395.9160     5.9240   5.061E+02    45     0    331
3s_3p4_3d3_1De             5.0    1687032.8050     5.9049   5.077E+02    46     0    332
3s2_3p5_7d_1Po             3.0    1688091.0190     5.8732   5.104E+02    44     0    333
3s_3p4_3d3_1Ge             9.0    1690236.8440     5.8089   5.161E+02    46     0    334
3s_3p6_5p_3Po              9.0    1692627.6250     5.7372   5.225E+02    47     0    335
(1De)3d(2FE)4d_3Pe         9.0    1692725.6080     5.7343   5.228E+02    45     0    336
3s_3p6_5p_1Po              3.0    1694009.1830     5.6958   5.263E+02    44     0    337
3s_3p4_3d3_1Se             1.0    1694881.2310     5.6696   5.288E+02    46     0    338
(1De)3d(2FE)4d_1Ge         9.0    1696213.7970     5.6297   5.325E+02    46     0    339
3s_3p4_3d3(d)_3De         15.0    1696556.7370     5.6194   5.335E+02    45     0    340
(1De)3d(2FE)4d_1De         5.0    1697007.4580     5.6059   5.348E+02    46     0    341
(1Se)3d(2DE)4d_1Fe         7.0    1698624.1750     5.5574   5.394E+02    46     0    342
3s2_3p5_7f_3De            15.0    1699868.5580     5.5201   5.431E+02    45     0    343
3s2_3p5_7f_1Ge             9.0    1701357.8970     5.4755   5.475E+02    46     0    344
3s2_3p5_7f_1Fe             7.0    1701857.6090     5.4605   5.490E+02    46     0    345
(1Se)3d(2DE)4d_3De        15.0    1702200.5490     5.4502   5.501E+02    45     0    346
3s2_3p5_7f_1De             5.0    1702906.0260     5.4291   5.522E+02    46     0    347
(1Se)3d(2DE)4d_1Pe         3.0    1705296.8070     5.3574   5.596E+02    46     0    348
3s2_3p5_7g_1Fo             7.0    1705355.5970     5.3556   5.598E+02    44     0    349
3s2_3p5_7g_1Go             9.0    1705727.9320     5.3445   5.609E+02    44     0    350
3s_3p4_3d3(a)_1De          5.0    1706090.4680     5.3336   5.621E+02    46     0    351
3s_3p4_3d3(c)_3Pe          9.0    1706599.9790     5.3183   5.637E+02    45     0    352
(3Pe)3d(4DE)4f_3Po         9.0    1707707.1850     5.2851   5.672E+02    47     0    353
3s_3p4_3d3_1Pe             3.0    1708931.9710     5.2484   5.712E+02    46     0    354
(3Pe)3d(4DE)4f_3Do        15.0    1710930.8210     5.1885   5.778E+02    47     0    355
3s2_3p5_8s_3Po             9.0    1712821.8900     5.1318   5.842E+02    47     0    356
3s2_3p5_8s_1Po             3.0    1713302.0060     5.1174   5.858E+02    44     0    357
(1Se)3d(2DE)4d_3Se         3.0    1713889.9030     5.0998   5.879E+02    45     0    358
3s_3p4_3d3(a)_3Se          3.0    1718063.9720     4.9746   6.026E+02    45     0    359
3s2_3p5_8p_3Se             3.0    1719710.0840     4.9253   6.087E+02    45     0    360
3s2_3p5_8p_3De            15.0    1720376.3670     4.9053   6.112E+02    45     0    361
3s2_3p5_8p_1De             5.0    1720846.6850     4.8912   6.129E+02    46     0    362
3s2_3p5_8p_3Pe             9.0    1721111.2390     4.8833   6.139E+02    45     0    363
3s2_3p5_8p_1Pe             3.0    1721121.0370     4.8830   6.140E+02    46     0    364
3s2_3p5_8p_1Se             1.0    1723325.6510     4.8169   6.224E+02    46     0    365
3s_3p4_3d3(e)_3De         15.0    1725726.2310     4.7449   6.318E+02    45     0    366
(1Se)3d(2DE)4d_1De         5.0    1726911.8230     4.7094   6.366E+02    46     0    367
(1Se)3d(2DE)4d_3Pe         9.0    1728175.8020     4.6715   6.417E+02    45     0    368
3s_3p4_3d3(f)_3De         15.0    1728714.7080     4.6553   6.440E+02    45     0    369
3s_3p4_3d3(a)_1Pe          3.0    1728979.2610     4.6474   6.451E+02    46     0    370
3s_3p4_3d3(a)_1Fe          7.0    1730968.3130     4.5878   6.535E+02    46     0    371
(1Se)3d(2DE)4d_1Ge         9.0    1731419.0340     4.5743   6.554E+02    46     0    372
(1De)3d(2DE)4f_1Do         5.0    1732575.2320     4.5396   6.604E+02    48     0    373
3s2_3p5_8d_3Po             9.0    1733476.6740     4.5126   6.643E+02    47     0    374
3s_3p4_3d3(a)_1Ge          9.0    1733858.8070     4.5011   6.660E+02    46     0    375
3s_3p4_3d3(d)_3Pe          9.0    1733907.7980     4.4997   6.663E+02    45     0    376
3s2_3p5_8d_1Fo             7.0    1734044.9740     4.4955   6.669E+02    48     0    377
3s2_3p5_8d_3Do            15.0    1734436.9060     4.4838   6.686E+02    47     0    378
3s2_3p5_8d_1Do             5.0    1734515.2920     4.4814   6.690E+02    48     0    379
3s2_3p5_8d_1Po             3.0    1734544.6870     4.4806   6.691E+02    48     0    380
(1De)3d(2PE)4f_1Go         9.0    1737709.5330     4.3857   6.836E+02    48     0    381
(1De)3d(2PE)4f_3Do        15.0    1738366.0180     4.3660   6.867E+02    47     0    382
(1De)3d(2SE)4d_3De        15.0    1739120.4860     4.3434   6.902E+02    49     0    383
(1De)3d(2DE)4f_3Po         9.0    1742696.8600     4.2362   7.077E+02    47     0    384
3s_3p4_3d3(g)_3De         15.0    1742971.2120     4.2279   7.091E+02    49     0    385
(1De)3d(2DE)4f_1Po         3.0    1743069.1950     4.2250   7.096E+02    48     0    386
(1De)3d(2PE)4f_1Fo         7.0    1743108.3880     4.2238   7.098E+02    48     0    387
3s_3p4_3d3(b)_1Fe          7.0    1743412.1350     4.2147   7.113E+02    50     0    388
3s2_3p5_8f_3De            15.0    1743902.0490     4.2000   7.138E+02    49     0    389
3s2_3p5_8f_1Ge             9.0    1744450.7530     4.1836   7.166E+02    50     0    390
(3Pe)3d(4FE)4f_3Do        15.0    1744538.9370     4.1809   7.170E+02    47     0    391
3s2_3p5_8f_1Fe             7.0    1744744.7010     4.1748   7.181E+02    50     0    392
3s2_3p5_8f_1De             5.0    1745126.8340     4.1633   7.201E+02    50     0    393
3s2_3p5_8g_1Fo             7.0    1747017.9030     4.1066   7.300E+02    48     0    394
3s2_3p5_8g_1Go             9.0    1747458.8260     4.0934   7.324E+02    48     0    395
(1De)3d(2SE)4d_1De         5.0    1747723.3800     4.0855   7.338E+02    50     0    396
(1De)3d(2DE)4f_3Do        15.0    1748311.2770     4.0678   7.370E+02    47     0    397
(1Se)3d(2DE)4d_1Se         1.0    1748360.2680     4.0664   7.372E+02    50     0    398
(3Pe)3d(4FE)4f_3Po         9.0    1750417.9080     4.0047   7.486E+02    47     0    399
(1De)3d(2DE)4f_1Fo         7.0    1751368.3420     3.9762   7.540E+02    48     0    400
(1De)3d(2PE)4f_1Do         5.0    1751623.0970     3.9686   7.554E+02    48     0    401
(3Pe)3d(4DE)5s_3De        15.0    1752328.5740     3.9474   7.595E+02    49     0    402
3s2_3p5_9s_3Po             9.0    1752328.5740     3.9474   7.595E+02    47     0    403
3s2_3p5_9s_1Po             3.0    1752573.5310     3.9401   7.609E+02    48     0    404
(3Pe)3d(4FE)4f_3So         3.0    1752789.0930     3.9336   7.621E+02    47     0    405
(3Pe)3d(2FE)4f_1Go         9.0    1753318.2000     3.9177   7.652E+02    48     0    406
3s_3p6_5d_3De             15.0    1753896.2990     3.9004   7.686E+02    49     0    407
(1De)3d(2DE)4f_1Go         9.0    1754729.1530     3.8754   7.736E+02    48     0    408
3s_3p4_3d3(b)_1De          5.0    1755199.4710     3.8613   7.764E+02    50     0    409
(1De)3d(2GE)4f_1Fo         7.0    1755738.3770     3.8452   7.797E+02    48     0    410
3s_3p6_5d_1De              5.0    1756140.1060     3.8331   7.821E+02    50     0    411
3s2_3p5_9p_3Se             3.0    1756786.7930     3.8138   7.861E+02    49     0    412
(3Pe)3d(2FE)4f_3Do        15.0    1756786.7930     3.8138   7.861E+02    47     0    413
3s2_3p5_9p_3De            15.0    1757551.0590     3.7908   7.908E+02    49     0    414
3s2_3p5_9p_3Pe             9.0    1757786.2180     3.7838   7.923E+02    49     0    415
3s2_3p5_9p_1Pe             3.0    1757796.0160     3.7835   7.924E+02    50     0    416
3s2_3p5_9p_1De             5.0    1757835.2100     3.7823   7.926E+02    50     0    417
3s_3p4_3d3(b)_3Se          3.0    1758854.2310     3.7518   7.991E+02    49     0    418
3s2_3p5_9p_1Se             1.0    1759344.1450     3.7371   8.022E+02    50     0    419
(3Pe)3d(4PE)4f_3Do        15.0    1759422.5320     3.7347   8.027E+02    47     0    420
(1De)3d(2GE)4f_1Do         5.0    1759736.0770     3.7253   8.047E+02    48     0    421
3s_3p4_3d3(c)_1Fe          7.0    1759922.2440     3.7198   8.059E+02    50     0    422
3s_3p4_3d3(b)_1Ge          9.0    1760784.4930     3.6939   8.116E+02    50     0    423
(3Pe)3d(2FE)4f_3Po         9.0    1761284.2060     3.6789   8.149E+02    47     0    424
(3Pe)3d(2PE)4d_3De        15.0    1761499.7680     3.6725   8.163E+02    49     0    425
(3Pe)3d(2PE)4d_1Pe         3.0    1761970.0860     3.6584   8.195E+02    50     0    426
(1De)3d(2GE)4f_1Po         3.0    1762557.9830     3.6407   8.234E+02    48     0    427
(3Pe)3d(2PE)4d_3Pe         9.0    1762597.1760     3.6396   8.237E+02    49     0    428
(1De)3d(2GE)4f_3Po         9.0    1763175.2750     3.6222   8.276E+02    47     0    429
(1De)3d(2GE)4f_3Do        15.0    1764155.1030     3.5929   8.344E+02    47     0    430
3s_3p4_3d3(h)_3De         15.0    1764899.7730     3.5705   8.396E+02    49     0    431
(3Pe)3d(2FE)4f_3So         3.0    1765046.7470     3.5661   8.407E+02    47     0    432
(3Pe)3d(2PE)4d_1Fe         7.0    1765272.1080     3.5594   8.423E+02    50     0    433
(1De)3d(2GE)4f_1Go         9.0    1765399.4850     3.5556   8.432E+02    48     0    434
3s2_3p5_9d_3Po             9.0    1766340.1210     3.5274   8.499E+02    47     0    435
3s2_3p5_9d_1Fo             7.0    1766771.2450     3.5144   8.530E+02    48     0    436
3s2_3p5_9d_1Po             3.0    1766928.0180     3.5097   8.542E+02    48     0    437
3s2_3p5_9d_1Do             5.0    1767045.5970     3.5062   8.550E+02    48     0    438
3s2_3p5_9d_3Do            15.0    1767055.3950     3.5059   8.551E+02    47     0    439
3s_3p4_3d3(c)_1Ge          9.0    1768446.7520     3.4642   8.654E+02    50     0    440
3s_3p4_3d3(e)_3Pe          9.0    1768966.0610     3.4486   8.693E+02    49     0    441
(3Pe)3d(2FE)4f_1Fo         7.0    1772405.2590     3.3455   8.961E+02    48     0    442
(3Pe)3d(2DE)4d_3Se         3.0    1773247.9110     3.3203   9.029E+02    49     0    443
3s2_3p5_9f_1Ge             9.0    1773394.8860     3.3159   9.041E+02    50     0    444
3s2_3p5_9f_3De            15.0    1773512.4650     3.3123   9.051E+02    49     0    445
3s2_3p5_9f_1De             5.0    1773659.4390     3.3079   9.063E+02    50     0    446
3s2_3p5_9f_1Fe             7.0    1774227.7400     3.2909   9.110E+02    50     0    447
3s2_3p3_3d3(g)_1Po         3.0    1774541.2850     3.2815   9.136E+02    48     0    448
(3Pe)3d(2FE)4f_1Do         5.0    1775491.7190     3.2530   9.216E+02    48     0    449
3s2_3p5_9g_1Fo             7.0    1775834.6580     3.2427   9.245E+02    48     0    450
3s_3p4_3d3(b)_1Pe          3.0    1775864.0530     3.2418   9.248E+02    50     0    451
3s2_3p5_9g_1Go             9.0    1776128.6070     3.2339   9.270E+02    48     0    452
(3Pe)3d(2FE)4f_1So         1.0    1776304.9760     3.2286   9.285E+02    48     0    453
(3Pe)3d(2PE)4d_1De         5.0    1776324.5730     3.2280   9.287E+02    50     0    454
(3Pe)3d(2DE)4d_1Ge         9.0    1777069.2420     3.2057   9.352E+02    50     0    455
(3Pe)3d(2DE)4d_3De        15.0    1779342.4440     3.1376   9.555E+02    49     0    456
3s2_3p510s_3Po             9.0    1779538.4100     3.1317   9.573E+02    51     0    457
3s2_3p510s_1Po             3.0    1779773.5690     3.1246   9.594E+02    48     0    458
(3Pe)3d(2DE)4d_1Fe         7.0    1780018.5260     3.1173   9.617E+02    50     0    459
(3Pe)3d(2FE)4f_1Po         3.0    1780096.9120     3.1149   9.624E+02    48     0    460
(3Pe)3d(2DE)4d_1Pe         3.0    1780919.9680     3.0903   9.701E+02    50     0    461
3s2_3p510p_3Pe             9.0    1781645.0410     3.0685   9.770E+02    49     0    462
3s_3p4_3d3(i)_3De         15.0    1781860.6040     3.0621   9.791E+02    49     0    463
3s2_3p510p_3Se             3.0    1783291.1530     3.0192   9.930E+02    49     0    464
3s2_3p510p_1De             5.0    1783653.6900     3.0083   9.965E+02    50     0    465
3s_3p4_3d3(f)_3Pe          9.0    1783977.0330     2.9986   9.998E+02    49     0    466
3s2_3p510p_1Se             1.0    1784319.9730     2.9883   1.003E+03    50     0    467
3s2_3p510p_3De            15.0    1784339.5700     2.9877   1.003E+03    49     0    468
3s2_3p510p_1Pe             3.0    1784800.0890     2.9739   1.008E+03    50     0    469
(3Pe)3d(2DE)4d_3Pe         9.0    1786211.0420     2.9316   1.023E+03    49     0    470
(1De)3d(2PE)5s_3Pe         9.0    1788631.2180     2.8591   1.049E+03    49     0    471
(3Pe)3d(2DE)4d_1De         5.0    1789072.1410     2.8459   1.053E+03    50     0    472
3s2_3p510d_3Po             9.0    1789297.5020     2.8391   1.056E+03    51     0    473
3s2_3p510d_3Do            15.0    1789807.0120     2.8238   1.062E+03    51     0    474
3s2_3p510d_1Fo             7.0    1789836.4070     2.8230   1.062E+03    48     0    475
(1De)3d(2FE)4f_1So         1.0    1789904.9950     2.8209   1.063E+03    48     0    476
3s2_3p510d_1Do             5.0    1790042.1710     2.8168   1.064E+03    48     0    477
3s2_3p510d_1Po             3.0    1790071.5660     2.8159   1.065E+03    48     0    478
3s_3p4_3d3(j)_3De         15.0    1791188.5710     2.7824   1.077E+03    49     0    479
(3Pe)3d(4DE)5p_3Do        15.0    1791864.6520     2.7621   1.085E+03    51     0    480
(3Pe)3d(2FE)5s_1Fe         7.0    1791933.2400     2.7601   1.086E+03    50     0    481
(1De)3d(2PE)5s_1Pe         3.0    1792099.8110     2.7551   1.088E+03    50     0    482
(3Pe)3d(4PE)5s_3Pe         9.0    1792285.9780     2.7495   1.090E+03    49     0    483
(1De)3d(2DE)5s_3De        15.0    1793589.1500     2.7104   1.106E+03    49     0    484
3s2_3p510f_3De            15.0    1794764.9440     2.6752   1.121E+03    49     0    485
3s2_3p510f_1Ge             9.0    1795205.8670     2.6620   1.126E+03    50     0    486
3s2_3p510f_1Fe             7.0    1795333.2450     2.6582   1.128E+03    50     0    487
(1De)3d(2DE)5s_1De         5.0    1795460.6230     2.6543   1.129E+03    50     0    488
(1De)3d(2FE)4f_1Fo         7.0    1795470.4210     2.6541   1.130E+03    48     0    489
3s2_3p510g_1Go             9.0    1795930.9400     2.6402   1.135E+03    48     0    490
3s2_3p510f_1De             5.0    1796136.7040     2.6341   1.138E+03    50     0    491
3s2_3p510g_1Fo             7.0    1796411.0560     2.6259   1.142E+03    48     0    492
(3Pe)3d(4DE)5p_3Po         9.0    1796558.0310     2.6214   1.144E+03    51     0    493
(1De)3d(2FE)4f_3Do        15.0    1796705.0050     2.6170   1.146E+03    51     0    494
(1De)3d(2FE)4f_3So         3.0    1802290.0270     2.4496   1.224E+03    51     0    495
(1De)3d(2PE)5p_3So         3.0    1831635.8900     1.5698   1.910E+03    51     0    496
(1De)3d(2PE)5p_1So         1.0    1832948.8600     1.5305   1.959E+03    52     0    497
(3Pe)3d(4PE)5p_3So         3.0    1844344.2650     1.1888   2.522E+03    51     0    498
