********************************************************************************
                                                                                
Supler assignments for NaVIII
                                                                                
                    g        E(cm^-1)    10^15 Hz     eV       Lam(A)       ID  
********************************************************************************

25-Oct-2002                            !Date
214                                    !Number of energy levels
6                                      !Entry number of link to super level
  
2s2_1Se[0]          1.0          0.0000    63.8948   4.692E+01     1     0      1
2s_2p_3Po[0]        1.0     125880.0000    60.1210   4.986E+01     2     0      2
2s_2p_3Po[1]        3.0     126612.0000    60.0990   4.988E+01     2     0      3
2s_2p_3Po[2]        5.0     128218.0000    60.0509   4.992E+01     2     0      4
2s_2p_1Po[1]        3.0     243208.0000    56.6036   5.296E+01     3     0      5
2p2_3Pe[0]          1.0     327476.0000    54.0773   5.544E+01     4     0      6
2p2_3Pe[1]          3.0     328310.0000    54.0523   5.546E+01     4     0      7
2p2_3Pe[2]          5.0     329729.0000    54.0097   5.551E+01     4     0      8
2p2_1De[2]          5.0     361145.0000    53.0679   5.649E+01     5     0      9
2p2_1Se[0]          1.0     446136.0000    50.5199   5.934E+01     6     0     10
2s_3s_3Se[1]        3.0    1239974.0000    26.7213   1.122E+02     7     0     11
2s_3s_1Se[0]        1.0    1262780.0000    26.0376   1.151E+02     8     0     12
2s_3p_1Po[1]        3.0    1294230.0000    25.0947   1.195E+02     9     0     13
2s_3p_3Po           9.0    1300340.8640    24.9115   1.203E+02    10     0     14
2s_3d_3De[1]        3.0    1327226.0000    24.1055   1.244E+02    11     0     15
2s_3d_3De[2]        5.0    1327265.0000    24.1044   1.244E+02    11     0     16
2s_3d_3De[3]        7.0    1327388.0000    24.1007   1.244E+02    11     0     17
2s_3d_1De[2]        5.0    1347740.0000    23.4905   1.276E+02    12     0     18
2p_3s_3Po[0]        1.0    1399670.0000    21.9337   1.367E+02    13     0     19
2p_3s_3Po[1]        3.0    1400470.0000    21.9097   1.368E+02    13     0     20
2p_3s_3Po[2]        5.0    1402200.0000    21.8579   1.372E+02    13     0     21
2p_3s_1Po[1]        3.0    1426125.0000    21.1406   1.418E+02    14     0     22
2p_3p_1Pe[1]        3.0    1432980.0000    20.9351   1.432E+02    15     0     23
2p_3p_3De[1]        3.0    1439410.0000    20.7423   1.445E+02    16     0     24
2p_3p_3De[2]        5.0    1440260.0000    20.7169   1.447E+02    16     0     25
2p_3p_3De[3]        7.0    1441880.0000    20.6683   1.450E+02    16     0     26
2p_3p_3Se[1]        3.0    1452400.0000    20.3529   1.473E+02    16     0     27
2p_3p_3Pe[0]        1.0    1459300.0000    20.1461   1.488E+02    16     0     28
2p_3p_3Pe[1]        3.0    1459850.0000    20.1296   1.489E+02    16     0     29
2p_3p_3Pe[2]        5.0    1460770.0000    20.1020   1.491E+02    16     0     30
2p_3d_3Fo          21.0    1467849.0420    19.8898   1.507E+02    17     0     31
2p_3d_1Do[2]        5.0    1469150.0000    19.8508   1.510E+02    18     0     32
2p_3p_1De[2]        5.0    1474580.0000    19.6880   1.523E+02    19     0     33
2p_3p_1Se[0]        1.0    1481510.0000    19.4802   1.539E+02    20     0     34
2p_3d_3Do[1]        3.0    1485140.0000    19.3714   1.548E+02    21     0     35
2p_3d_3Do[2]        5.0    1485340.0000    19.3654   1.548E+02    21     0     36
2p_3d_3Do[3]        7.0    1486080.0000    19.3432   1.550E+02    21     0     37
2p_3d_3Po[2]        5.0    1491980.0000    19.1663   1.564E+02    21     0     38
2p_3d_3Po[1]        3.0    1492630.0000    19.1468   1.566E+02    21     0     39
2p_3d_3Po[0]        1.0    1492980.0000    19.1364   1.567E+02    21     0     40
2p_3d_1Fo[3]        7.0    1507790.0000    18.6924   1.604E+02    18     0     41
2p_3d_1Po[1]        3.0    1513730.0000    18.5143   1.619E+02    22     0     42
2s_4s_3Se[1]        3.0    1649480.0000    14.4446   2.075E+02    23     0     43
2s_4s_1Se[0]        1.0    1656820.0000    14.2246   2.108E+02    24     0     44
2s_4p_3Po           9.0    1673134.6410    13.7355   2.183E+02    25     0     45
2s_4p_1Po[1]        3.0    1673390.0000    13.7278   2.184E+02    26     0     46
2s_4d_3De[1]        3.0    1683370.0000    13.4286   2.232E+02    23     0     47
2s_4d_3De[2]        5.0    1683370.0000    13.4286   2.232E+02    23     0     48
2s_4d_3De[3]        7.0    1683370.0000    13.4286   2.232E+02    23     0     49
2s_4d_1De[2]        5.0    1689970.0000    13.2307   2.266E+02    24     0     50
2s_4f_3Fo          21.0    1692517.4020    13.1544   2.279E+02    25     0     51
2s_4f_1Fo           7.0    1694403.7780    13.0978   2.289E+02    27     0     52
2p_4s_3Po           9.0    1799541.7840     9.9459   3.014E+02    28     0     53
2p_4s_1Po           3.0    1803074.9960     9.8399   3.047E+02    29     0     54
2p_4p_1Pe[1]        3.0    1813190.0000     9.5367   3.144E+02    30     0     55
2p_4p_3De[1]        3.0    1815500.0000     9.4674   3.167E+02    31     0     56
2p_4p_3De[2]        5.0    1816010.0000     9.4522   3.172E+02    31     0     57
2p_4p_3Se           3.0    1816738.7450     9.4303   3.179E+02    31     0     58
2p_4p_3De[3]        7.0    1817290.0000     9.4138   3.185E+02    31     0     59
2p_4p_3Pe[2]        5.0    1822880.0000     9.2462   3.242E+02    31     0     60
2p_4p_3Pe[1]        3.0    1822880.0000     9.2462   3.242E+02    31     0     61
2p_4p_3Pe[0]        1.0    1822880.0000     9.2462   3.242E+02    31     0     62
2s_5s_1Se           1.0    1825272.3500     9.1745   3.268E+02    32     0     63
2p_4d_3Fo          21.0    1826380.2210     9.1413   3.280E+02    28     0     64
2p_4d_1Do[2]        5.0    1827570.0000     9.1056   3.292E+02    29     0     65
2p_4p_1De[2]        5.0    1827640.0000     9.1035   3.293E+02    33     0     66
2s_5s_3Se           3.0    1833526.4910     8.9270   3.358E+02    34     0     67
2p_4d_3Do[1]        3.0    1833530.0000     8.9269   3.358E+02    28     0     68
2p_4d_3Do[2]        5.0    1833530.0000     8.9269   3.358E+02    28     0     69
2p_4d_3Do[3]        7.0    1833530.0000     8.9269   3.358E+02    28     0     70
2p_4d_3Po[2]        5.0    1835010.0000     8.8826   3.375E+02    28     0     71
2p_4d_3Po[1]        3.0    1835290.0000     8.8742   3.378E+02    28     0     72
2p_4d_3Po[0]        1.0    1835400.0000     8.8709   3.380E+02    28     0     73
2p_4d_1Fo[3]        7.0    1838860.0000     8.7671   3.420E+02    29     0     74
2s_5p_1Po[1]        3.0    1838910.0000     8.7656   3.420E+02    26     0     75
2p_4f_3De          15.0    1838956.0600     8.7643   3.421E+02    31     0     76
2p_4f_1De           5.0    1840143.7780     8.7286   3.435E+02    33     0     77
2p_4d_1Po[1]        3.0    1843110.0000     8.6397   3.470E+02    29     0     78
2s_5p_3Po           9.0    1843257.7950     8.6353   3.472E+02    35     0     79
2p_4p_1Se           1.0    1845523.4430     8.5674   3.499E+02    33     0     80
2s_5d_3De[3]        7.0    1848670.0000     8.4730   3.538E+02    36     0     81
2s_5d_3De[1]        3.0    1848670.0000     8.4730   3.538E+02    36     0     82
2s_5d_3De[2]        5.0    1848670.0000     8.4730   3.538E+02    36     0     83
2s_5d_1De[2]        5.0    1848960.0000     8.4643   3.542E+02    37     0     84
2s_5z_3Z           27.0    1850379.1805     8.4218   3.560E+02    38     0     85
2s_5z_1Z            9.0    1850379.1805     8.4218   3.560E+02    39     0     86
2s_5f_3Fo          21.0    1850563.7590     8.4163   3.562E+02    35     0     87
2s_5f_1Fo           7.0    1853597.9300     8.3253   3.601E+02    27     0     88
2s_6s_3Se           3.0    1924681.3620     6.1943   4.840E+02    34     0     89
2s_6s_1Se           1.0    1926757.3730     6.1320   4.889E+02    32     0     90
2s_6p_3Po           9.0    1930859.4920     6.0091   4.989E+02    40     0     91
2s_6p_1Po[1]        3.0    1930910.0000     6.0075   4.990E+02    41     0     92
2s_6d_3De[3]        7.0    1933430.0000     5.9320   5.054E+02    36     0     93
2s_6d_3De[2]        5.0    1933430.0000     5.9320   5.054E+02    36     0     94
2s_6d_3De[1]        3.0    1933430.0000     5.9320   5.054E+02    36     0     95
2s_6d_1De[2]        5.0    1935230.0000     5.8780   5.100E+02    37     0     96
2s_6z_1Z           20.0    1936216.0976     5.8485   5.126E+02    42     0     97
2s_6z_3Z           60.0    1936216.0976     5.8485   5.126E+02    43     0     98
2s_6f_3Fo          21.0    1936229.1760     5.8481   5.126E+02    44     0     99
2s_6f_1Fo           7.0    1936828.0250     5.8301   5.142E+02    45     0    100
2p_5s_3Po           9.0    1975932.8960     4.6578   6.436E+02    46     0    101
2p_5s_1Po           3.0    1976701.4190     4.6347   6.468E+02    47     0    102
2s_7s_3Se           3.0    1979306.4150     4.5567   6.579E+02    48     0    103
2s_7s_1Se           1.0    1980573.9790     4.5187   6.635E+02    49     0    104
2p_5p_1Pe           3.0    1983178.9750     4.4406   6.751E+02    50     0    105
2p_5p_3De          15.0    1983967.4600     4.4169   6.787E+02    51     0    106
2s_7p_3Po           9.0    1984276.8650     4.4076   6.802E+02    40     0    107
2s_7p_1Po           3.0    1986163.2410     4.3511   6.890E+02    47     0    108
2s_7d_3De          15.0    1986981.6690     4.3266   6.929E+02    52     0    109
2s_7d_1De           5.0    1987480.7100     4.3116   6.953E+02    53     0    110
2p_5p_3Se           3.0    1987630.4220     4.3071   6.960E+02    51     0    111
2p_5d_3Fo          21.0    1987840.0200     4.3008   6.971E+02    54     0    112
2s_7f_1Fo           7.0    1987939.8280     4.2978   6.975E+02    45     0    113
2s_7z_3Z           99.0    1987973.0513     4.2968   6.977E+02    43     0    114
2s_7z_1Z           33.0    1987973.0513     4.2968   6.977E+02    42     0    115
2p_5p_3Pe[0]        1.0    1988680.0000     4.2756   7.012E+02    51     0    116
2p_5p_3Pe[1]        3.0    1988680.0000     4.2756   7.012E+02    51     0    117
2p_5p_3Pe[2]        5.0    1988680.0000     4.2756   7.012E+02    51     0    118
2s_7f_3Fo          21.0    1989796.2610     4.2422   7.067E+02    44     0    119
2p_5p_1De[2]        5.0    1990540.0000     4.2199   7.104E+02    50     0    120
2p_5d_1Do[2]        5.0    1991220.0000     4.1995   7.139E+02    47     0    121
2p_5d_3Do[1]        3.0    1994370.0000     4.1051   7.303E+02    54     0    122
2p_5d_3Do[2]        5.0    1994370.0000     4.1051   7.303E+02    54     0    123
2p_5d_3Do[3]        7.0    1994370.0000     4.1051   7.303E+02    54     0    124
2p_5d_3Po[2]        5.0    1994930.0000     4.0883   7.333E+02    55     0    125
2p_5p_1Se           1.0    1995155.9640     4.0815   7.345E+02    50     0    126
2p_5d_3Po[1]        3.0    1995200.0000     4.0802   7.348E+02    55     0    127
2p_5d_3Po[0]        1.0    1995300.0000     4.0772   7.353E+02    55     0    128
2p_5g_3Fo          21.0    1995385.5230     4.0746   7.358E+02    54     0    129
2p_5g_1Fo           7.0    1995395.5040     4.0743   7.358E+02    47     0    130
2p_5f_3De          15.0    1995615.0820     4.0677   7.370E+02    51     0    131
2p_5f_1De           5.0    1996323.7210     4.0465   7.409E+02    50     0    132
2p_5d_1Po           3.0    1997661.1510     4.0064   7.483E+02    47     0    133
2p_5d_1Fo[3]        7.0    1998130.0000     3.9923   7.509E+02    47     0    134
2s_8s_3Se           3.0    2017063.8740     3.4247   8.754E+02    48     0    135
2s_8s_1Se           1.0    2018161.7650     3.3918   8.839E+02    49     0    136
2s_8p_3Po           9.0    2019519.1570     3.3511   8.946E+02    40     0    137
2s_8p_1Po           3.0    2019858.5050     3.3409   8.973E+02    41     0    138
2s_8d_3De          15.0    2020806.6830     3.3125   9.050E+02    52     0    139
2s_8d_1De           5.0    2021475.3980     3.2925   9.105E+02    53     0    140
2s_8z_3Z          144.0    2021565.3049     3.2898   9.113E+02    43     0    141
2s_8z_1Z           48.0    2021565.3049     3.2898   9.113E+02    42     0    142
2s_8f_3Fo          21.0    2021605.1490     3.2886   9.116E+02    44     0    143
2s_8f_1Fo           7.0    2021934.5160     3.2787   9.144E+02    45     0    144
2s_9s_3Se           3.0    2041357.2010     2.6964   1.112E+03    56     0    145
2s_9s_1Se           1.0    2041936.0890     2.6791   1.119E+03    57     0    146
2s_9p_3Po           9.0    2043123.8070     2.6435   1.134E+03    58     0    147
2s_9p_1Po           3.0    2043253.5570     2.6396   1.136E+03    59     0    148
2s_9d_3De          15.0    2044071.9850     2.6150   1.146E+03    56     0    149
2s_9d_1De           5.0    2044541.0840     2.6010   1.153E+03    57     0    150
2s_9z_3Z          195.0    2044596.0434     2.5993   1.153E+03    60     0    151
2s_9z_1Z           65.0    2044596.0434     2.5993   1.153E+03    61     0    152
2s_9f_3Fo          21.0    2044630.9110     2.5983   1.154E+03    62     0    153
2s_9f_1Fo           7.0    2044820.5470     2.5926   1.156E+03    59     0    154
2s_10s_3Se          3.0    2058653.9700     2.1779   1.377E+03    56     0    155
2s_10s_1Se          1.0    2059013.2790     2.1671   1.383E+03    57     0    156
2s_10p_1Po          3.0    2059941.4960     2.1393   1.401E+03    59     0    157
2s_10p_3Po          9.0    2059971.4390     2.1384   1.402E+03    58     0    158
2s_10d_3De         15.0    2060700.0390     2.1165   1.416E+03    56     0    159
2s_10d_1De          5.0    2061039.3870     2.1064   1.423E+03    57     0    160
2s_10z_3Z         252.0    2061069.7951     2.1054   1.424E+03    60     0    161
2s_10z_1Z          84.0    2061069.7951     2.1054   1.424E+03    61     0    162
2s_10f_3Fo         21.0    2061109.2530     2.1043   1.425E+03    62     0    163
2s_10f_1Fo          7.0    2061209.0610     2.1013   1.427E+03    59     0    164
2s_11w_3W         363.0    2073258.5084     1.7400   1.723E+03    63     0    165
2s_11w_1W         121.0    2073258.5084     1.7400   1.723E+03    64     0    166
2p_6p_1Pe           3.0    2073884.7080     1.7213   1.742E+03    65     0    167
2p_6p_3Pe           9.0    2076020.6040     1.6572   1.809E+03    66     0    168
2p_6d_1Do           5.0    2077597.5750     1.6100   1.862E+03    67     0    169
2p_6d_3Do[3]        7.0    2080460.0000     1.5241   1.967E+03    68     0    170
2p_6d_3Do[1]        3.0    2080460.0000     1.5241   1.967E+03    68     0    171
2p_6d_3Do[2]        5.0    2080460.0000     1.5241   1.967E+03    68     0    172
2s_12w_3W         432.0    2082529.0244     1.4621   2.050E+03    63     0    173
2s_12w_1W         144.0    2082529.0244     1.4621   2.050E+03    64     0    174
2s_13w_3W         507.0    2089743.6658     1.2458   2.406E+03    63     0    175
2s_13w_1W         169.0    2089743.6658     1.2458   2.406E+03    64     0    176
2s_14w_3W         588.0    2095468.2628     1.0742   2.791E+03    63     0    177
2s_14w_1W         196.0    2095468.2628     1.0742   2.791E+03    64     0    178
2s_15w_3W         675.0    2100086.5756     0.9358   3.204E+03    63     0    179
2s_15w_1W         225.0    2100086.5756     0.9358   3.204E+03    64     0    180
2s_16w_3W         768.0    2103866.3262     0.8224   3.645E+03    69     0    181
2s_16w_1W         256.0    2103866.3262     0.8224   3.645E+03    70     0    182
2s_17w_3W         867.0    2106998.8910     0.7285   4.115E+03    69     0    183
2s_17w_1W         289.0    2106998.8910     0.7285   4.115E+03    70     0    184
2s_18w_3W         972.0    2109624.0108     0.6498   4.613E+03    69     0    185
2s_18w_1W         324.0    2109624.0108     0.6498   4.613E+03    70     0    186
2s_19w_3W        1083.0    2111845.6496     0.5832   5.140E+03    69     0    187
2s_19w_1W         361.0    2111845.6496     0.5832   5.140E+03    70     0    188
2s_20w_3W        1200.0    2113742.4488     0.5264   5.696E+03    69     0    189
2s_20w_1W         400.0    2113742.4488     0.5264   5.696E+03    70     0    190
2s_21w_3W        1323.0    2115374.7835     0.4774   6.279E+03    71     0    191
2s_21w_1W         441.0    2115374.7835     0.4774   6.279E+03    72     0    192
2s_22w_3W        1452.0    2116789.6271     0.4350   6.892E+03    71     0    193
2s_22w_1W         484.0    2116789.6271     0.4350   6.892E+03    72     0    194
2s_23w_3W        1587.0    2118023.9688     0.3980   7.532E+03    71     0    195
2s_23w_1W         529.0    2118023.9688     0.3980   7.532E+03    72     0    196
2s_24w_3W        1728.0    2119107.2561     0.3655   8.202E+03    71     0    197
2s_24w_1W         576.0    2119107.2561     0.3655   8.202E+03    72     0    198
2s_25w_3W        1875.0    2120063.1672     0.3369   8.899E+03    71     0    199
2s_25w_1W         625.0    2120063.1672     0.3369   8.899E+03    72     0    200
2s_26w_3W        2028.0    2120910.9164     0.3115   9.625E+03    71     0    201
2s_26w_1W         676.0    2120910.9164     0.3115   9.625E+03    72     0    202
2s_27w_3W        2187.0    2121666.2270     0.2888   1.038E+04    71     0    203
2s_27w_1W         729.0    2121666.2270     0.2888   1.038E+04    72     0    204
2s_28w_3W        2352.0    2122342.0657     0.2686   1.116E+04    71     0    205
2s_28w_1W         784.0    2122342.0657     0.2686   1.116E+04    72     0    206
2s_29w_3W        2523.0    2122949.2028     0.2504   1.197E+04    71     0    207
2s_29w_1W         841.0    2122949.2028     0.2504   1.197E+04    72     0    208
2s_30w_3W        2700.0    2123496.6439     0.2339   1.281E+04    71     0    209
2s_30w_1W         900.0    2123496.6439     0.2339   1.281E+04    72     0    210
2p_7p_1Pe           3.0    2128030.6810     0.0980   3.059E+04    65     0    211
2p_7p_3Pe           9.0    2129318.2070     0.0594   5.046E+04    66     0    212
2p_7d_1Do           5.0    2130326.2710     0.0292   1.027E+05    67     0    213
2p_7d_3Do          15.0    2131234.5260     0.0020   1.527E+06    68     0    214
