********************************************************************************
                                                                                
                 Energy Levels and statistical weights for ScIII                
                 Oscilator strengths from Kurucz  (http://kurucz.harvard.edu/)  
                 Energy levels Kurucz.                                          
                                                                                
                     g        E(cm^-1)    10^15 Hz     eV       Lam(A)       ID 
********************************************************************************
                                                                                
17-Oct-2000                                      !Format date                   
04-Nov-2009                            !Date
87                                     !Number of energy levels
6                                      !Entry number of link to super level
  
3d_2De[3/2]          4.0          0.0000     5.9862   5.008E+02     1     0      1
3d_2De[5/2]          6.0        197.6400     5.9803   5.013E+02     1     0      2
4s_2Se[1/2]          2.0      25539.3200     5.2205   5.743E+02     2     0      3
4p_2Po[1/2]          2.0      62104.3000     4.1243   7.269E+02     3     0      4
4p_2Po[3/2]          4.0      62578.1800     4.1101   7.294E+02     3     0      5
4d_2De[3/2]          4.0     112257.6200     2.6208   1.144E+03     4     0      6
4d_2De[5/2]          6.0     112302.9500     2.6194   1.144E+03     4     0      7
5s_2Se[1/2]          2.0     114862.4800     2.5427   1.179E+03     5     0      8
5p_2Po[1/2]          2.0     128107.1200     2.1456   1.397E+03     6     0      9
5p_2Po[3/2]          4.0     128283.1500     2.1403   1.401E+03     6     0     10
4f_2Fo[5/2]          6.0     136873.8700     1.8828   1.592E+03     7     0     11
4f_2Fo[7/2]          8.0     136874.1200     1.8828   1.592E+03     7     0     12
5d_2De[3/2]          4.0     148130.0300     1.5454   1.940E+03     8     0     13
5d_2De[5/2]          6.0     148150.1400     1.5447   1.941E+03     8     0     14
6s_2Se[1/2]          2.0     149194.0300     1.5135   1.981E+03     9     0     15
6p_2Po[1/2]          2.0     155489.7800     1.3247   2.263E+03    10     0     16
6p_2Po[3/2]          4.0     155575.2000     1.3221   2.267E+03    10     0     17
5f_2Fo[5/2]          6.0     159472.2400     1.2053   2.487E+03    11     0     18
5f_2Fo[7/2]          8.0     159472.2400     1.2053   2.487E+03    11     0     19
5g_2Ge[7/2]          8.0     160072.1800     1.1873   2.525E+03    12     0     20
5g_2Ge[9/2]         10.0     160072.1800     1.1873   2.525E+03    12     0     21
6d_2De[3/2]          4.0     165592.5500     1.0218   2.934E+03    13     0     22
6d_2De[5/2]          6.0     165603.2900     1.0215   2.935E+03    13     0     23
7s_2Se[1/2]          2.0     166157.1700     1.0049   2.983E+03    14     0     24
7p_2Po[1/2]          2.0     169637.9600     0.9006   3.329E+03    15     0     25
7p_2Po[3/2]          4.0     169685.9000     0.8991   3.334E+03    15     0     26
6f_2Fo[5/2]          6.0     171787.6400     0.8361   3.586E+03    16     0     27
6f_2Fo[7/2]          8.0     171787.6400     0.8361   3.586E+03    16     0     28
6g_2Ge[7/2]          8.0     172177.4100     0.8244   3.636E+03    17     0     29
6g_2Ge[9/2]         10.0     172177.4100     0.8244   3.636E+03    17     0     30
6h_2Ho[9/2]         10.0     172224.5700     0.8230   3.643E+03    18     0     31
6h_2Ho[11/2]        12.0     172224.5700     0.8230   3.643E+03    18     0     32
7d_2De[3/2]          4.0     175457.0300     0.7261   4.129E+03    19     0     33
7d_2De[5/2]          6.0     175463.5600     0.7259   4.130E+03    19     0     34
8s_2Se[1/2]          2.0     175795.7300     0.7160   4.187E+03    20     0     35
8p_2Po[1/2]          2.0     177934.9690     0.6518   4.599E+03    21     0     36
8p_2Po[3/2]          4.0     177967.5490     0.6508   4.606E+03    21     0     37
7f_2Fo[5/2]          6.0     179214.7000     0.6135   4.887E+03    22     0     38
7f_2Fo[7/2]          8.0     179214.7000     0.6135   4.887E+03    22     0     39
7g_2Ge[7/2]          8.0     179477.2400     0.6056   4.950E+03    23     0     40
7g_2Ge[9/2]         10.0     179477.2400     0.6056   4.950E+03    23     0     41
7i_2Ie[11/2]        12.0     179499.0000     0.6049   4.956E+03    24     0     42
7i_2Ie[13/2]        14.0     179499.0000     0.6049   4.956E+03    24     0     43
7h_2Ho[9/2]         10.0     179508.3700     0.6047   4.958E+03    25     0     44
7h_2Ho[11/2]        12.0     179508.3700     0.6047   4.958E+03    25     0     45
8d_2De[3/2]          4.0     181660.1620     0.5401   5.550E+03    26     0     46
8d_2De[5/2]          6.0     181664.2690     0.5400   5.552E+03    26     0     47
9s_2Se[1/2]          2.0     181818.8320     0.5354   5.600E+03    27     0     48
9p_2Po[1/2]          2.0     183194.1050     0.4942   6.067E+03    28     0     49
9p_2Po[3/2]          4.0     183215.5340     0.4935   6.075E+03    28     0     50
8f_2Fo[5/2]          6.0     184001.4640     0.4700   6.379E+03    29     0     51
8f_2Fo[7/2]          8.0     184001.9130     0.4699   6.379E+03    29     0     52
8g_2Ge[7/2]          8.0     184214.6100     0.4636   6.467E+03    30     0     53
8g_2Ge[9/2]         10.0     184214.6100     0.4636   6.467E+03    30     0     54
8h_2Ho[9/2]         10.0     184216.7990     0.4635   6.468E+03    31     0     55
8h_2Ho[11/2]        12.0     184216.7990     0.4635   6.468E+03    31     0     56
8i_2Ie[11/2]        12.0     184222.9000     0.4633   6.471E+03    32     0     57
8i_2Ie[13/2]        14.0     184222.9000     0.4633   6.471E+03    32     0     58
8k_2Ko[15/2]        16.0     184223.6000     0.4633   6.471E+03    33     0     59
8k_2Ko[13/2]        14.0     184223.6000     0.4633   6.471E+03    33     0     60
9d_2De[3/2]          4.0     185692.4630     0.4193   7.151E+03    34     0     61
9d_2De[5/2]          6.0     185695.2080     0.4192   7.152E+03    34     0     62
10s_2Se[1/2]         2.0     185799.6750     0.4160   7.206E+03    35     0     63
10p_2Po[1/2]         2.0     186748.7060     0.3876   7.735E+03    36     0     64
10p_2Po[3/2]         4.0     186763.5000     0.3871   7.744E+03    36     0     65
9f_2Fo[5/2]          6.0     187304.5710     0.3709   8.082E+03    37     0     66
9f_2Fo[7/2]          8.0     187304.9060     0.3709   8.082E+03    37     0     67
9g_2Ge[7/2]          8.0     187431.4580     0.3671   8.166E+03    38     0     68
9g_2Ge[9/2]         10.0     187431.4580     0.3671   8.166E+03    38     0     69
9h_2Ho[11/2]        12.0     187457.2990     0.3663   8.183E+03    39     0     70
9h_2Ho[9/2]         10.0     187457.2990     0.3663   8.183E+03    39     0     71
9i_2Ie[11/2]        12.0     187462.2000     0.3662   8.187E+03    40     0     72
9i_2Ie[13/2]        14.0     187462.2000     0.3662   8.187E+03    40     0     73
9k_2Ko[15/2]        16.0     187462.3000     0.3662   8.187E+03    41     0     74
9k_2Ko[13/2]        14.0     187462.3000     0.3662   8.187E+03    41     0     75
10d_2De[3/2]         4.0     188504.9370     0.3349   8.951E+03    42     0     76
10d_2De[5/2]         6.0     188506.8590     0.3349   8.952E+03    42     0     77
10f_2Fo[5/2]         6.0     189664.2740     0.3002   9.987E+03    43     0     78
10f_2Fo[7/2]         8.0     189664.5250     0.3002   9.987E+03    43     0     79
10i_2Ge[7/2]         8.0     189756.4670     0.2974   1.008E+04    44     0     80
10i_2Ge[9/2]        10.0     189756.4670     0.2974   1.008E+04    44     0     81
10h_2Ho[11/2]       12.0     189774.9990     0.2969   1.010E+04    45     0     82
10h_2Ho[9/2]        10.0     189774.9990     0.2969   1.010E+04    45     0     83
10i_2Ie[11/2]       12.0     189778.6000     0.2968   1.010E+04    46     0     84
10i_2Ie[13/2]       14.0     189778.6000     0.2968   1.010E+04    46     0     85
10k_2Ko[13/2]       14.0     189779.0000     0.2967   1.010E+04    47     0     86
10k_2Ko[15/2]       16.0     189779.0000     0.2967   1.010E+04    47     0     87
