**************************************************************************
**************************************************************************

 F to S links for SIII: ELS with /\E=3000 cm^-1.
 Not tetsted

**************************************************************************
**************************************************************************

04-Oct-2000                            !Date
380                                    !Number of energy levels
6                                      !Entry number of link to super level
  
3s2_3p2_3Pe[0]            1.0          0.0000     8.4122   3.564E+02     1     0      1
3s2_3p2_3Pe[1]            3.0        298.6900     8.4032   3.568E+02     1     0      2
3s2_3p2_3Pe[2]            5.0        833.0800     8.3872   3.574E+02     1     0      3
3s2_3p2_1De[2]            5.0      11322.7000     8.0727   3.714E+02     2     0      4
3s2_3p2_1Se[0]            1.0      27161.0000     7.5979   3.946E+02     3     0      5
3s_3p3_5So[2]             5.0      58671.9200     6.6532   4.506E+02     4     0      6
3s_3p3_3Do[1]             3.0      84019.3000     5.8933   5.087E+02     5     0      7
3s_3p3_3Do[2]             5.0      84046.7000     5.8925   5.088E+02     5     0      8
3s_3p3_3Do[3]             7.0      84099.4000     5.8909   5.089E+02     5     0      9
3s_3p3_3Po[2]             5.0      98745.3000     5.4519   5.499E+02     6     0     10
3s_3p3_3Po[1]             3.0      98765.9000     5.4512   5.500E+02     6     0     11
3s_3p3_3Po[0]             1.0      98772.2000     5.4511   5.500E+02     6     0     12
3s2_3p_3d_1Do[2]          5.0     104159.7000     5.2895   5.668E+02     7     0     13
3s2_3p_3d_3Fo[2]          5.0     122118.5000     4.7512   6.310E+02     8     0     14
3s2_3p_3d_3Fo[3]          7.0     122404.0000     4.7426   6.321E+02     8     0     15
3s2_3p_3d_3Fo[4]          9.0     122798.6000     4.7308   6.337E+02     8     0     16
3s_3p3_1Po[1]             3.0     136843.7800     4.3097   6.956E+02     9     0     17
3s_3p3_3So[1]             3.0     138066.6000     4.2730   7.016E+02    10     0     18
3s2_3p_3d_3Po[0]          1.0     143097.0800     4.1222   7.273E+02    11     0     19
3s2_3p_3d_3Po[1]          3.0     143117.4100     4.1216   7.274E+02    11     0     20
3s2_3p_3d_3Po[2]          5.0     143125.2800     4.1214   7.274E+02    11     0     21
3s2_3p_4s_3Po[0]          1.0     146697.3700     4.0143   7.468E+02    12     0     22
3s2_3p_4s_3Po[1]          3.0     146737.5500     4.0131   7.470E+02    12     0     23
3s2_3p_4s_3Po[2]          5.0     147147.1100     4.0008   7.493E+02    12     0     24
3s2_3p_3d_3Do[1]          3.0     147551.6000     3.9887   7.516E+02    12     0     25
3s2_3p_3d_3Do[2]          5.0     147692.2100     3.9845   7.524E+02    12     0     26
3s2_3p_3d_3Do[3]          7.0     147745.7000     3.9829   7.527E+02    12     0     27
3s2_3p_4s_1Po[1]          3.0     148398.9700     3.9633   7.564E+02    13     0     28
3s_3p3_1Do[2]             5.0     151978.5400     3.8560   7.775E+02    14     0     29
3s2_3p_3d_1Fo[3]          7.0     157810.3100     3.6811   8.144E+02    15     0     30
3s2_3p_3d_1Po[1]          3.0     164140.9700     3.4914   8.587E+02    16     0     31
3s2_3p_4p_1Pe[1]          3.0     167553.2700     3.3891   8.846E+02    17     0     32
3s2_3p_4p_3De[1]          3.0     169771.4300     3.3226   9.023E+02    18     0     33
3s2_3p_4p_3De[2]          5.0     170068.7300     3.3136   9.047E+02    18     0     34
3s2_3p_4p_3De[3]          7.0     170650.5500     3.2962   9.095E+02    18     0     35
3s2_3p_4p_3Pe[0]          1.0     172632.7900     3.2368   9.262E+02    19     0     36
3s2_3p_4p_3Pe[1]          3.0     172787.2600     3.2321   9.275E+02    19     0     37
3s2_3p_4p_3Pe[2]          5.0     173193.1400     3.2200   9.310E+02    19     0     38
3s2_3p_4p_3Se[1]          3.0     174037.6900     3.1947   9.384E+02    19     0     39
3s2_3p_4p_1De[2]          5.0     176984.4400     3.1063   9.651E+02    20     0     40
3s2_3p_4p_1Se[0]          1.0     182759.0900     2.9332   1.022E+03    21     0     41
3s_3p2(4Pe)3d_3Pe         9.0     183307.0370     2.9168   1.028E+03    22     0     42
3s_3p2(4Pe)3d_5Fe        35.0     183656.6120     2.9063   1.032E+03    23     0     43
3s_3p2(4Pe)3d_5De        25.0     189385.0300     2.7346   1.096E+03    24     0     44
3p4_1De                   5.0     190921.5560     2.6885   1.115E+03    25     0     45
3s_3p2(2De)3d_3Fe        21.0     198611.1990     2.4580   1.220E+03    26     0     46
3s2_3p_4d_3Fo[2]          5.0     204580.6800     2.2790   1.315E+03    27     0     47
3s2_3p_4d_3Fo[3]          7.0     205072.5300     2.2643   1.324E+03    27     0     48
3s2_3p_4d_1Do[2]          5.0     205147.8000     2.2620   1.325E+03    28     0     49
3s2_3p_4d_3Fo[4]          9.0     205562.4600     2.2496   1.333E+03    27     0     50
3s2_3p_4d_3Do[1]          3.0     206540.3900     2.2203   1.350E+03    27     0     51
3s2_3p_4d_3Do[2]          5.0     206673.1100     2.2163   1.353E+03    27     0     52
3s2_3p_4d_3Do[3]          7.0     206912.6500     2.2091   1.357E+03    27     0     53
3s_3p2(4Pe)3d_5Pe        15.0     206966.9370     2.2075   1.358E+03    29     0     54
3s2_3p_4d_3Po[2]          5.0     207892.9800     2.1797   1.375E+03    30     0     55
3s2_3p_4d_3Po[1]          3.0     208104.8900     2.1733   1.379E+03    30     0     56
3s2_3p_4d_3Po[0]          1.0     208211.9600     2.1701   1.381E+03    30     0     57
3s2_3p_5s_3Po[0]          1.0     209774.9100     2.1233   1.412E+03    30     0     58
3s2_3p_5s_3Po[1]          3.0     209927.4300     2.1187   1.415E+03    30     0     59
3s2_3p_5s_3Po[2]          5.0     210699.2400     2.0956   1.431E+03    30     0     60
3s2_3p_4d_1Fo[3]          7.0     211149.3200     2.0821   1.440E+03    31     0     61
3s2_3p_5s_1Po[1]          3.0     211329.0700     2.0767   1.444E+03    31     0     62
3s2_3p_4d_1Po[1]          3.0     213542.5400     2.0103   1.491E+03    31     0     63
3s_3p2(4Pe)4s_5Pe        15.0     214467.2690     1.9826   1.512E+03    32     0     64
3s2_3p_4f_1Fe             7.0     214571.4400     1.9795   1.514E+03    33     0     65
3s2_3p_4f_3Ge            27.0     214761.7530     1.9738   1.519E+03    34     0     66
3s2_3p_4f_3Fe            21.0     215304.6450     1.9575   1.532E+03    34     0     67
3s2_3p_4f_1Ge             9.0     217219.7940     1.9001   1.578E+03    33     0     68
3s2_3p_4f_3De            15.0     217413.1120     1.8943   1.583E+03    34     0     69
3s2_3p_5p_3Pe             9.0     217732.6370     1.8847   1.591E+03    34     0     70
3s2_3p_4f_1De             5.0     218422.7720     1.8640   1.608E+03    35     0     71
3s2_3p_5p_1Pe             3.0     218502.9040     1.8616   1.610E+03    35     0     72
3s2_3p_5p_3De            15.0     219502.5470     1.8317   1.637E+03    36     0     73
3s2_3p_5p_3Se             3.0     220458.1180     1.8030   1.663E+03    36     0     74
3s2_3p_5p_1De             5.0     221766.2690     1.7638   1.700E+03    37     0     75
3p4_1Se                   1.0     221877.4520     1.7605   1.703E+03    37     0     76
3s_3p2(4Pe)4s_3Pe         9.0     222796.9640     1.7329   1.730E+03    38     0     77
3s2_3p_5p_1Se             1.0     225913.0870     1.6395   1.829E+03    39     0     78
3s_3p2(2De)3d_3Ge        27.0     227117.0670     1.6034   1.870E+03    40     0     79
3s_3p2(2De)3d_1Ge         9.0     227125.0800     1.6031   1.870E+03    39     0     80
3p4_3Pe                   9.0     227512.7170     1.5915   1.884E+03    40     0     81
3s_3p2(4Pe)3d_3De        15.0     228991.1480     1.5472   1.938E+03    40     0     82
3s_3p2(4Pe)3d_3Fe        21.0     233806.0640     1.4028   2.137E+03    41     0     83
3s2_3p_5d_1Do             5.0     234191.6980     1.3913   2.155E+03    42     0     84
3s2_3p_5d_3Fo            21.0     234300.8780     1.3880   2.160E+03    43     0     85
3s2_3p_5d_3Do            15.0     234612.3900     1.3787   2.174E+03    43     0     86
3s_3p2(2De)3d_1Fe         7.0     234912.8840     1.3697   2.189E+03    44     0     87
3s2_3p_5d_3Po             9.0     235294.5120     1.3582   2.207E+03    43     0     88
3s2_3p_5d_1Fo             7.0     236688.8040     1.3164   2.277E+03    42     0     89
3s2_3p_6s_3Po             9.0     236697.8190     1.3162   2.278E+03    43     0     90
3s2_3p_6s_1Po             3.0     236854.0760     1.3115   2.286E+03    42     0     91
3s_3p2(4Pe)4p_5Do        25.0     237726.5100     1.2853   2.332E+03    45     0     92
3s_3p2(4Pe)4p_3So         3.0     237799.6300     1.2831   2.336E+03    46     0     93
3s2_3p_5d_1Po[1]          3.0     238195.3000     1.2713   2.358E+03    47     0     94
3s_3p2(2De)4s_3De        15.0     238423.6560     1.2644   2.371E+03    48     0     95
3s2_3p_5f_3Fe            21.0     238823.3130     1.2524   2.394E+03    48     0     96
3s2_3p_5f_3De            15.0     239880.0510     1.2208   2.456E+03    48     0     97
3s_3p2(2De)3d_3Pe         9.0     240359.8400     1.2064   2.485E+03    48     0     98
3s_3p2(4Pe)4p_5Po        15.0     240426.9500     1.2044   2.489E+03    45     0     99
3s2_3p_5f_1De             5.0     240453.9940     1.2035   2.491E+03    49     0    100
3s2_3p_5f_1Ge             9.0     240687.3780     1.1966   2.505E+03    49     0    101
3s2_3p_5g_1Go             9.0     240773.5200     1.1940   2.511E+03    47     0    102
3s2_3p_5g_3Go            27.0     240776.5250     1.1939   2.511E+03    46     0    103
3s2_3p_6p_1Pe             3.0     241023.9310     1.1865   2.527E+03    49     0    104
3s2_3p_5g_3Ho            33.0     241027.9380     1.1863   2.527E+03    50     0    105
3s2_3p_5g_1Ho            11.0     241042.9630     1.1859   2.528E+03    47     0    106
3s2_3p_5g_3Fo            21.0     241104.0630     1.1841   2.532E+03    50     0    107
3s2_3p_5g_1Fo             7.0     241116.0830     1.1837   2.533E+03    47     0    108
3s2_3p_5f_1Fe             7.0     241194.2110     1.1814   2.538E+03    49     0    109
3s2_3p_5f_3Ge            27.0     241270.3370     1.1791   2.543E+03    48     0    110
3s2_3p_6p_1De             5.0     241624.9200     1.1684   2.566E+03    49     0    111
3s2_3p_6p_3De            15.0     241893.3610     1.1604   2.584E+03    51     0    112
3s2_3p_6p_3Se             3.0     242004.5440     1.1571   2.591E+03    51     0    113
3s_3p2(4Pe)4p_5So         5.0     242410.2110     1.1449   2.619E+03    52     0    114
3s2_3p_6p_3Pe             9.0     242559.4560     1.1404   2.629E+03    51     0    115
3s_3p2(2De)3d_3De        15.0     242972.1350     1.1281   2.658E+03    51     0    116
3s2_3p_6p_1Se             1.0     244061.9260     1.0954   2.737E+03    53     0    117
3s_3p2(4Pe)4p_3Do        15.0     244888.2850     1.0706   2.800E+03    54     0    118
3s_3p2(2De)4s_1De         5.0     246264.5480     1.0294   2.912E+03    53     0    119
3s_3p2(4Pe)4p_3Po         9.0     248151.6500     0.9728   3.082E+03    55     0    120
3s_3p2(2De)3d_1Pe         3.0     248720.5860     0.9557   3.137E+03    56     0    121
3s2_3p_6d_1Do             5.0     249250.4570     0.9398   3.190E+03    57     0    122
3s2_3p_6d_3Fo            21.0     249291.5250     0.9386   3.194E+03    55     0    123
3s2_3p_6d_3Do            15.0     250081.8240     0.9149   3.277E+03    55     0    124
3s2_3p_6d_3Po             9.0     250408.3610     0.9051   3.312E+03    55     0    125
3s2_3p_6d_1Fo             7.0     250489.4940     0.9027   3.321E+03    57     0    126
3s_3p2(2De)3d_3Se         3.0     250510.5290     0.9021   3.323E+03    58     0    127
3s2_3p_7s_1Po             3.0     250634.7330     0.8983   3.337E+03    57     0    128
3s2_3p_7s_3Po             9.0     250892.1560     0.8906   3.366E+03    55     0    129
3s2_3p_6d_1Po             3.0     251113.5200     0.8840   3.391E+03    57     0    130
3s2_3p_6f_3Fe            21.0     251231.7140     0.8804   3.405E+03    58     0    131
3s2_3p_6f_3De            15.0     251900.8150     0.8604   3.484E+03    58     0    132
3s2_3p_6f_1Fe             7.0     252234.3630     0.8504   3.525E+03    59     0    133
3s2_3p_6f_1De             5.0     252420.6690     0.8448   3.549E+03    59     0    134
3s2_3p_6f_1Ge             9.0     252736.1880     0.8353   3.589E+03    59     0    135
3s2_3p_6g_1Go             9.0     252911.4760     0.8301   3.612E+03    60     0    136
3s2_3p_6g_3Go            27.0     252914.4810     0.8300   3.612E+03    61     0    137
3s2_3p_6f_3Ge            27.0     252962.5600     0.8285   3.618E+03    58     0    138
3s2_3p_6g_3Ho            33.0     253105.7960     0.8243   3.637E+03    61     0    139
3s2_3p_6g_1Ho            11.0     253120.8200     0.8238   3.639E+03    60     0    140
3s2_3p_6g_3Fo            21.0     253162.8900     0.8225   3.645E+03    61     0    141
3s2_3p_6g_1Fo             7.0     253173.9080     0.8222   3.646E+03    60     0    142
3s2_3p_7p_1Pe             3.0     253188.9320     0.8218   3.648E+03    59     0    143
3s2_3p_7p_3De            15.0     253596.6030     0.8095   3.703E+03    62     0    144
3s2_3p_7p_3Se             3.0     253834.9950     0.8024   3.736E+03    62     0    145
3s2_3p_7p_3Pe             9.0     253885.0770     0.8009   3.743E+03    62     0    146
3s2_3p_7p_1De             5.0     254430.9740     0.7845   3.821E+03    59     0    147
3s2_3p_7p_1Se             1.0     254881.7160     0.7710   3.888E+03    59     0    148
3s_3p2(2De)3d_1De         5.0     255921.4250     0.7398   4.052E+03    63     0    149
3s_3p2(4Pe)4d_3De        15.0     257921.7140     0.6799   4.410E+03    64     0    150
3s2_3p_7d_3Fo            21.0     257922.7150     0.6798   4.410E+03    65     0    151
3s2_3p_7d_1Do             5.0     257999.8420     0.6775   4.425E+03    66     0    152
3s2_3p_7d_3Do            15.0     258330.3860     0.6676   4.490E+03    65     0    153
3s2_3p_7f_3Fe            21.0     258396.4940     0.6656   4.504E+03    64     0    154
3s2_3p_7d_3Po             9.0     258478.6290     0.6632   4.521E+03    65     0    155
3s2_3p_7d_1Fo             7.0     258663.9340     0.6576   4.559E+03    66     0    156
3s2_3p_7d_1Po             3.0     258796.1510     0.6537   4.586E+03    66     0    157
3s2_3p_8s_3Po             9.0     258932.3750     0.6496   4.615E+03    65     0    158
3s2_3p_8s_1Po             3.0     259142.7210     0.6433   4.660E+03    66     0    159
3s2_3p_7f_1Fe             7.0     259699.6370     0.6266   4.785E+03    67     0    160
3s2_3p_7f_1Ge             9.0     260100.2960     0.6146   4.878E+03    67     0    161
3s2_3p_7f_1De             5.0     260159.3930     0.6128   4.892E+03    67     0    162
3s2_3p_7f_3Ge            27.0     260246.5360     0.6102   4.913E+03    64     0    163
3s2_3p_7g_1Go             9.0     260261.5610     0.6097   4.917E+03    66     0    164
3s2_3p_7g_3Go            27.0     260263.5640     0.6097   4.917E+03    65     0    165
3s2_3p_7f_3De            15.0     260288.6050     0.6089   4.923E+03    64     0    166
3s2_3p_7g_3Ho            33.0     260395.7810     0.6057   4.949E+03    65     0    167
3s2_3p_7g_1Ho            11.0     260406.8000     0.6054   4.952E+03    66     0    168
3s2_3p_7g_3Fo            21.0     260433.8440     0.6046   4.959E+03    65     0    169
3s2_3p_7g_1Fo             7.0     260442.8590     0.6043   4.961E+03    66     0    170
3s2_3p_8p_1Pe             3.0     260443.8610     0.6043   4.961E+03    67     0    171
3s2_3p_8p_3De            15.0     260719.3130     0.5960   5.030E+03    64     0    172
3s2_3p_8p_3Se             3.0     260816.4730     0.5931   5.055E+03    64     0    173
3s2_3p_8p_3Pe             9.0     260872.5650     0.5914   5.069E+03    64     0    174
3s2_3p_8p_1De             5.0     261197.0990     0.5817   5.154E+03    67     0    175
3s2_3p_8p_1Se             1.0     261519.6290     0.5720   5.241E+03    67     0    176
3s_3p2(2Pe)3d_3Fe        21.0     262610.4230     0.5393   5.559E+03    68     0    177
3s2_3p_8d_3Fo            21.0     263128.2740     0.5238   5.724E+03    69     0    178
3s2_3p_8d_1Do             5.0     263527.9310     0.5118   5.858E+03    70     0    179
3s2_3p_8d_3Do            15.0     263728.2610     0.5058   5.927E+03    69     0    180
3s2_3p_8d_3Po             9.0     263831.4300     0.5027   5.964E+03    69     0    181
3s2_3p_8d_1Fo             7.0     263861.4800     0.5018   5.974E+03    70     0    182
3s2_3p_8d_1Po             3.0     264018.7380     0.4971   6.031E+03    70     0    183
3s2_3p_9s_3Po             9.0     264157.9670     0.4929   6.082E+03    69     0    184
3s2_3p_9s_1Po             3.0     264286.1780     0.4891   6.130E+03    70     0    185
3s2_3p_8f_3De            15.0     264417.3940     0.4851   6.179E+03    68     0    186
3s2_3p_8f_1Fe             7.0     264598.6920     0.4797   6.249E+03    71     0    187
3s2_3p_8f_1De             5.0     264858.1180     0.4719   6.352E+03    71     0    188
3s2_3p_8f_1Ge             9.0     264901.1890     0.4706   6.370E+03    71     0    189
3s2_3p_8f_3Ge            27.0     265010.3680     0.4674   6.415E+03    68     0    190
3s2_3p_8g_1Go             9.0     265036.4110     0.4666   6.425E+03    70     0    191
3s2_3p_8g_3Go            27.0     265037.4130     0.4666   6.426E+03    69     0    192
3s_3p2(2De)4p_3Do        15.0     265104.5230     0.4645   6.453E+03    69     0    193
3s2_3p_8g_3Ho            33.0     265129.5640     0.4638   6.464E+03    69     0    194
3s2_3p_8g_1Ho            11.0     265138.5790     0.4635   6.468E+03    70     0    195
3s2_3p_8g_3Fo            21.0     265148.5960     0.4632   6.472E+03    69     0    196
3s2_3p_9p_1Pe             3.0     265159.6140     0.4629   6.477E+03    71     0    197
3s2_3p_8g_1Fo             7.0     265160.6160     0.4629   6.477E+03    70     0    198
3s2_3p_9p_3De            15.0     265349.9270     0.4572   6.557E+03    68     0    199
3s2_3p_9p_3Se             3.0     265391.9960     0.4559   6.575E+03    68     0    200
3s2_3p_9p_3Pe             9.0     265440.0750     0.4545   6.596E+03    68     0    201
3s_3p2(2De)4p_3Fo        21.0     265440.0750     0.4545   6.596E+03    69     0    202
3s2_3p_9p_1De             5.0     265653.4260     0.4481   6.690E+03    71     0    203
3s2_3p_8f_3Fe            21.0     265795.6600     0.4438   6.755E+03    72     0    204
3s2_3p_9p_1Se             1.0     265874.7900     0.4415   6.791E+03    71     0    205
3s2_3p_9d_1Do             5.0     267097.8010     0.4048   7.406E+03    73     0    206
3s2_3p_9d_1Fo             7.0     267213.9920     0.4013   7.470E+03    73     0    207
3s2_3p_9d_3Do            15.0     267392.2850     0.3960   7.571E+03    74     0    208
3s2_3p_9d_3Po             9.0     267447.3750     0.3943   7.603E+03    74     0    209
3s2_3p_9f_3De            15.0     267469.4110     0.3936   7.616E+03    72     0    210
3s2_3p_9d_1Po             3.0     267543.5330     0.3914   7.659E+03    73     0    211
3s_3p2(2De)4p_1Do         5.0     267610.6440     0.3894   7.699E+03    73     0    212
3s2_3p_9d_3Fo            21.0     267670.7430     0.3876   7.734E+03    74     0    213
3s2_3p_10s_3Po            9.0     267690.7750     0.3870   7.746E+03    74     0    214
3s2_3p_10s_1Po            3.0     267774.9140     0.3845   7.797E+03    73     0    215
3s2_3p_9f_1Fe             7.0     267967.2300     0.3787   7.916E+03    75     0    216
3s2_3p_9f_1De             5.0     268120.4820     0.3741   8.013E+03    75     0    217
3s2_3p_9f_1Ge             9.0     268198.6100     0.3718   8.064E+03    75     0    218
3s2_3p_9f_3Ge            27.0     268284.7520     0.3692   8.120E+03    72     0    219
3s2_3p_9g_1Go             9.0     268308.7920     0.3685   8.136E+03    73     0    220
3s2_3p_9g_3Go            27.0     268309.7930     0.3685   8.137E+03    74     0    221
3s2_3p_9g_3Ho            33.0     268376.9040     0.3664   8.181E+03    74     0    222
3s2_3p_9g_1Ho            11.0     268382.9130     0.3663   8.185E+03    73     0    223
3s2_3p_9g_1Fo             7.0     268389.9250     0.3660   8.190E+03    73     0    224
3s2_3p_10p_1Pe            3.0     268392.9300     0.3660   8.192E+03    75     0    225
3s2_3p_9g_3Fo            21.0     268396.9360     0.3658   8.195E+03    74     0    226
3s2_3p_10p_3Se            3.0     268533.1600     0.3618   8.287E+03    72     0    227
3s2_3p_10p_3De           15.0     268534.1620     0.3617   8.288E+03    72     0    228
3s2_3p_9f_3Fe            21.0     268559.2030     0.3610   8.305E+03    72     0    229
3s2_3p_10p_3Pe            9.0     268586.2480     0.3602   8.324E+03    72     0    230
3s2_3p_10p_1De            5.0     268740.5010     0.3555   8.432E+03    75     0    231
3s2_3p_10p_1Se            1.0     268855.6910     0.3521   8.515E+03    75     0    232
3s_3p2(2De)4p_1Fo         7.0     268910.7810     0.3504   8.555E+03    73     0    233
3s_3p2(2De)4p_3Po         9.0     269623.9540     0.3291   9.111E+03    74     0    234
3s2_3p_10f_3De           15.0     269636.9750     0.3287   9.122E+03    76     0    235
3s2_3p_10d_1Do            5.0     269919.4400     0.3202   9.363E+03    73     0    236
3s2_3p_10d_3Do           15.0     269980.5400     0.3184   9.417E+03    74     0    237
3s2_3p_10d_1Po            3.0     269994.5630     0.3179   9.429E+03    73     0    238
3s2_3p_10d_3Fo           21.0     270079.7030     0.3154   9.505E+03    74     0    239
3s2_3p_10d_3Po            9.0     270111.7560     0.3144   9.534E+03    74     0    240
3s_3p2(2De)3d_1Se         1.0     270178.8660     0.3124   9.596E+03    75     0    241
3s2_3p_11s_1Po            3.0     270250.9850     0.3103   9.663E+03    77     0    242
3s2_3p_11s_3Po            9.0     270297.0610     0.3089   9.706E+03    74     0    243
3s2_3p_10f_1Fe            7.0     270378.1940     0.3064   9.783E+03    75     0    244
3s2_3p_10d_1Fo            7.0     270424.2700     0.3051   9.827E+03    77     0    245
3s2_3p_10f_1De            5.0     270460.3290     0.3040   9.862E+03    75     0    246
3s2_3p_10f_1Ge            9.0     270559.4920     0.3010   9.960E+03    75     0    247
3s2_3p_10f_3Ge           27.0     270628.6060     0.2989   1.003E+04    76     0    248
3s2_3p_10g_1Go            9.0     270649.6400     0.2983   1.005E+04    77     0    249
3s2_3p_10g_3Go           27.0     270650.6420     0.2983   1.005E+04    78     0    250
3s2_3p_10g_3Ho           33.0     270699.7230     0.2968   1.010E+04    78     0    251
3s2_3p_10g_1Ho           11.0     270704.7310     0.2967   1.011E+04    77     0    252
3s2_3p_11p_1Pe            3.0     270706.7340     0.2966   1.011E+04    75     0    253
3s_3p2(4Pe)4d_5Fe        35.0     271614.2260     0.2694   1.113E+04    79     0    254
3s_3p2(4Pe)4d_5De        25.0     273463.2660     0.2140   1.401E+04    79     0    255
3s_3p2(4Pe)4d_5Pe        15.0     273901.9880     0.2008   1.493E+04    79     0    256
3s_3p2(4Pe)5s_5Pe        15.0     277874.5190     0.0817   3.669E+04    80     0    257
3s_3p2(4Pe)4f_5Do        25.0     283873.3820    -0.0981  -3.055E+04    81     0    258
3s_3p2(4Pe)4f_5Go        45.0     284580.5450    -0.1193  -2.512E+04    81     0    259
3s_3p2(4Pe)4f_5Fo        35.0     286739.0940    -0.1840  -1.629E+04    81     0    260
3s_3p2(4Pe)5p_3So         3.0     287196.8460    -0.1978  -1.516E+04    82     0    261
3s_3p2(4Pe)5p_5Do        25.0     287557.4390    -0.2086  -1.437E+04    83     0    262
3s_3p2(4Pe)5p_5Po        15.0     288186.4730    -0.2274  -1.318E+04    83     0    263
3s_3p2(4Pe)5p_5So         5.0     289260.2390    -0.2596  -1.155E+04    83     0    264
3p3_3d_1So                1.0     295200.0040    -0.4377  -6.849E+03    84     0    265
3s_3p2(4Pe)5d_5Fe        35.0     301978.1490    -0.6409  -4.678E+03    85     0    266
3s_3p2(4Pe)5d_5De        25.0     302731.3870    -0.6635  -4.518E+03    85     0    267
3s_3p2(4Pe)5d_5Pe        15.0     302904.6720    -0.6687  -4.483E+03    85     0    268
3s_3p2(2Pe)4p_1So         1.0     302945.7390    -0.6699  -4.475E+03    86     0    269
3s_3p2(4Pe)6s_5Pe        15.0     304714.6480    -0.7229  -4.147E+03    85     0    270
3s_3p2(4Pe)5f_5Do        25.0     305955.6880    -0.7601  -3.944E+03    87     0    271
3s_3p2(4Pe)5f_5Go        45.0     307167.6810    -0.7965  -3.764E+03    87     0    272
3s_3p2(4Pe)5f_5Fo        35.0     308631.0870    -0.8404  -3.567E+03    87     0    273
3s_3p2(4Pe)6p_3So         3.0     308649.1170    -0.8409  -3.565E+03    88     0    274
3s_3p2(4Pe)5g_5Fe        35.0     308796.3590    -0.8453  -3.547E+03    89     0    275
3s_3p2(4Pe)5g_5He        55.0     308840.4310    -0.8466  -3.541E+03    89     0    276
3s_3p2(4Pe)5g_3He        33.0     308862.4670    -0.8473  -3.538E+03    90     0    277
3s_3p2(4Pe)5g_5Ge        45.0     309099.8580    -0.8544  -3.509E+03    89     0    278
3s_3p2(4Pe)6p_5Do        25.0     309556.6090    -0.8681  -3.453E+03    91     0    279
3s_3p2(4Pe)6p_5Po        15.0     309907.1850    -0.8786  -3.412E+03    91     0    280
3s_3p2(4Pe)6p_5So         5.0     310363.9360    -0.8923  -3.360E+03    91     0    281
3s_3p2(2Pe)4p_3So         3.0     312907.1170    -0.9685  -3.095E+03    92     0    282
3p3_3d_5Do               25.0     313730.4710    -0.9932  -3.018E+03    93     0    283
3s_3p2(4Pe)6d_5Fe        35.0     317178.1400    -1.0966  -2.734E+03    94     0    284
3s_3p_3d2_5Go            45.0     317555.7600    -1.1079  -2.706E+03    95     0    285
3s_3p2(4Pe)6d_5De        25.0     317570.7850    -1.1084  -2.705E+03    94     0    286
3s_3p2(4Pe)6d_5Pe        15.0     317633.8890    -1.1102  -2.700E+03    94     0    287
3s_3p2(4Pe)7s_5Pe        15.0     318665.5850    -1.1412  -2.627E+03    94     0    288
3s_3p2(4Pe)6f_5Fo        35.0     320755.0200    -1.2038  -2.490E+03    96     0    289
3s_3p2(4Pe)6g_5Fe        35.0     320913.2810    -1.2086  -2.481E+03    97     0    290
3s_3p2(4Pe)6g_5He        55.0     320944.3320    -1.2095  -2.479E+03    97     0    291
3s_3p2(4Pe)6g_3He        33.0     320965.3660    -1.2101  -2.477E+03    98     0    292
3s_3p2(4Pe)6f_5Do        25.0     320989.4060    -1.2108  -2.476E+03    96     0    293
3s_3p2(4Pe)6g_5Ge        45.0     321140.6540    -1.2154  -2.467E+03    97     0    294
3s_3p2(4Pe)7p_3So         3.0     321491.2310    -1.2259  -2.446E+03    99     0    295
3s_3p2(4Pe)7p_5Do        25.0     321502.2490    -1.2262  -2.445E+03    96     0    296
3s_3p2(4Pe)7p_5Po        15.0     321645.4840    -1.2305  -2.436E+03    96     0    297
3s_3p2(4Pe)6f_5Go        45.0     321805.7480    -1.2353  -2.427E+03    96     0    298
3s_3p2(4Pe)7p_5So         5.0     321881.8730    -1.2376  -2.422E+03    96     0    299
3s_3p2(4Pe)7d_5Fe        35.0     325952.5660    -1.3596  -2.205E+03   100     0    300
3s_3p2(4Pe)7d_5De        25.0     326186.9510    -1.3667  -2.194E+03   100     0    301
3s_3p2(4Pe)7d_5Pe        15.0     326208.9870    -1.3673  -2.193E+03   100     0    302
3s_3p2(4Pe)8s_5Pe        15.0     326859.0560    -1.3868  -2.162E+03   100     0    303
3s_3p2(4Pe)7f_5Do        25.0     327959.8660    -1.4198  -2.111E+03   101     0    304
3s_3p2(4Pe)7f_5Fo        35.0     328107.1080    -1.4242  -2.105E+03   101     0    305
3s_3p2(4Pe)7f_5Go        45.0     328183.2330    -1.4265  -2.102E+03   101     0    306
3s_3p2(4Pe)7g_5Fe        35.0     328233.3160    -1.4280  -2.099E+03   100     0    307
3s_3p2(4Pe)7g_5He        55.0     328254.3500    -1.4286  -2.098E+03   100     0    308
3s_3p2(4Pe)7g_3He        33.0     328270.3770    -1.4291  -2.098E+03   102     0    309
3s_3p2(4Pe)7g_5Ge        45.0     328389.5730    -1.4327  -2.093E+03   100     0    310
3s_3p2(4Pe)8p_3So         3.0     328520.7880    -1.4366  -2.087E+03   103     0    311
3s_3p2(4Pe)8p_5Do        25.0     328614.9430    -1.4395  -2.083E+03   101     0    312
3s_3p2(4Pe)8p_5Po        15.0     328725.1240    -1.4428  -2.078E+03   101     0    313
3s_3p2(4Pe)8p_5So         5.0     328864.3530    -1.4469  -2.072E+03   101     0    314
3s_3p2(4Pe)8d_5Fe        35.0     331487.6660    -1.5256  -1.965E+03   104     0    315
3s_3p2(4Pe)8d_5De        25.0     331639.9170    -1.5301  -1.959E+03   104     0    316
3s_3p2(4Pe)8d_5Pe        15.0     331647.9300    -1.5304  -1.959E+03   104     0    317
3s_3p2(4Pe)9s_5Pe        15.0     332082.6450    -1.5434  -1.942E+03   104     0    318
3s_3p2(2Pe)5p_3So         3.0     332601.4980    -1.5590  -1.923E+03   105     0    319
3s_3p2(4Pe)8f_5Do        25.0     332620.5290    -1.5595  -1.922E+03   106     0    320
3s_3p2(4Pe)8f_5Go        45.0     332875.9490    -1.5672  -1.913E+03   106     0    321
3s_3p2(4Pe)8f_5Fo        35.0     332886.9670    -1.5675  -1.913E+03   106     0    322
3s_3p2(4Pe)8g_5Fe        35.0     332986.1300    -1.5705  -1.909E+03   104     0    323
3s_3p2(4Pe)8g_5He        55.0     333000.1530    -1.5709  -1.908E+03   104     0    324
3s_3p2(4Pe)8g_3He        33.0     333012.1730    -1.5713  -1.908E+03   107     0    325
3s_3p2(4Pe)8g_5Ge        45.0     333094.3080    -1.5737  -1.905E+03   104     0    326
3s_3p2(4Pe)9p_5Do        25.0     333251.5660    -1.5785  -1.899E+03   106     0    327
3s_3p2(4Pe)9p_5Po        15.0     333327.6920    -1.5807  -1.897E+03   106     0    328
3s_3p2(4Pe)9p_5So         5.0     333416.8380    -1.5834  -1.893E+03   106     0    329
3s_3p2(4Pe)9p_3So         3.0     333601.1410    -1.5889  -1.887E+03   105     0    330
3s_3p2(2De)5g_1He        11.0     333767.4150    -1.5939  -1.881E+03   108     0    331
3s_3p2(2De)5g_3He        33.0     333774.4260    -1.5941  -1.881E+03   107     0    332
3s_3p2(2De)5g_3Ie        39.0     334062.9000    -1.6028  -1.870E+03   107     0    333
3s_3p2(2De)5g_1Ie        13.0     334091.9480    -1.6036  -1.869E+03   108     0    334
3s_3p2(4Pe)9d_5Fe        35.0     335205.7790    -1.6370  -1.831E+03   109     0    335
3s_3p2(4Pe)9d_5De        25.0     335310.9520    -1.6402  -1.828E+03   109     0    336
3s_3p2(4Pe)9d_5Pe        15.0     335311.9540    -1.6402  -1.828E+03   109     0    337
3s_3p2(4Pe)9f_5Do        25.0     335492.2500    -1.6456  -1.822E+03   106     0    338
3s_3p2(4Pe)10s_5Pe       15.0     335617.4560    -1.6494  -1.818E+03   109     0    339
3s_3p2(4Pe)9f_5Go        45.0     336145.3240    -1.6652  -1.800E+03   110     0    340
3s_3p2(4Pe)9f_5Fo        35.0     336162.3520    -1.6657  -1.800E+03   110     0    341
3s_3p2(4Pe)9g_5Fe        35.0     336243.4860    -1.6681  -1.797E+03   109     0    342
3s_3p2(4Pe)9g_5He        55.0     336253.5020    -1.6685  -1.797E+03   109     0    343
3s_3p2(4Pe)9g_3He        33.0     336263.5190    -1.6688  -1.797E+03   111     0    344
3s_3p2(4Pe)9g_5Ge        45.0     336320.6120    -1.6705  -1.795E+03   109     0    345
3s_3p2(4Pe)10p_5Do       25.0     336431.7950    -1.6738  -1.791E+03   110     0    346
3s_3p2(4Pe)10p_3So        3.0     336466.8530    -1.6748  -1.790E+03   112     0    347
3s_3p2(4Pe)10p_5Po       15.0     336489.8910    -1.6755  -1.789E+03   110     0    348
3s_3p2(4Pe)10p_5So        5.0     336550.9910    -1.6774  -1.787E+03   110     0    349
3s_3p2(4Pe)10f_5Do       25.0     336776.3620    -1.6841  -1.780E+03   110     0    350
3s_3p2(4Pe)10d_5Fe       35.0     337825.0860    -1.7156  -1.747E+03   109     0    351
3s_3p2(4Pe)10d_5Pe       15.0     337899.2080    -1.7178  -1.745E+03   109     0    352
3s_3p2(4Pe)10d_5De       25.0     337900.2090    -1.7178  -1.745E+03   109     0    353
3s_3p2(4Pe)11s_5Pe       15.0     338121.5730    -1.7245  -1.738E+03   109     0    354
3s_3p2(4Pe)10f_5Go       45.0     338493.1840    -1.7356  -1.727E+03   110     0    355
3s_3p2(4Pe)10f_5Fo       35.0     338500.1960    -1.7358  -1.727E+03   110     0    356
3s_3p2(4Pe)10g_5Fe       35.0     338573.3160    -1.7380  -1.725E+03   113     0    357
3s_3p2(4Pe)10g_5He       55.0     338580.3280    -1.7382  -1.725E+03   113     0    358
3s_3p2(4Pe)10g_3He       33.0     338588.3410    -1.7384  -1.724E+03   111     0    359
3s_3p2(4Pe)11p_5Do       25.0     338595.3520    -1.7387  -1.724E+03   110     0    360
3s_3p2(2De)6g_1He        11.0     345897.3580    -1.9576  -1.531E+03   114     0    361
3s_3p2(2De)6g_3Ie        39.0     346118.7220    -1.9642  -1.526E+03   115     0    362
3s_3p2(2De)6g_1Ie        13.0     346144.7650    -1.9650  -1.526E+03   114     0    363
3s_3p2(2De)7g_1He        11.0     353231.4160    -2.1774  -1.377E+03   116     0    364
3s_3p2(2De)7g_3Ie        39.0     353381.6630    -2.1819  -1.374E+03   117     0    365
3s_3p2(2De)7g_1Ie        13.0     353401.6960    -2.1825  -1.374E+03   116     0    366
3s_3p2(2Pe)5p_1So         1.0     354797.9920    -2.2244  -1.348E+03   118     0    367
3s_3p2(2De)8g_1He        11.0     357993.2450    -2.3202  -1.292E+03   119     0    368
3s_3p2(2De)8g_3Ie        39.0     358096.4150    -2.3233  -1.290E+03   120     0    369
3s_3p2(2De)8g_1Ie        13.0     358111.4400    -2.3237  -1.290E+03   119     0    370
3s_3p2(2De)9g_1He        11.0     361256.6110    -2.4180  -1.240E+03   121     0    371
3s_3p2(2De)9g_3Ie        39.0     361330.7320    -2.4202  -1.239E+03   122     0    372
3s_3p2(2De)9g_1Ie        13.0     361341.7510    -2.4206  -1.239E+03   121     0    373
3s_3p2(2De)10g_1He       11.0     363589.4460    -2.4880  -1.205E+03   121     0    374
3s_3p2(2Pe)6p_1So         1.0     377336.0470    -2.9001  -1.034E+03   123     0    375
3s_3p2(2Pe)7p_1So         1.0     389420.9170    -3.2624  -9.189E+02   124     0    376
3s_3p2(2Pe)8p_1So         1.0     396672.8400    -3.4798  -8.615E+02   125     0    377
3s_3p2(2Pe)9p_1So         1.0     401371.5650    -3.6206  -8.280E+02   126     0    378
3s_3p_3d2_1So             1.0     402499.4200    -3.6545  -8.203E+02   126     0    379
3s_3p2(2Pe)10p_1So        1.0     404590.8580    -3.7172  -8.065E+02   127     0    380
