****************************************************************************************

 Super level assignments for Ti III
 E%LS option with %E=5.0%

****************************************************************************************

22-Nov-2000                            !Date
649                                    !Number of energy levels
6                                      !Entry number of link to super level
  
3d2_3Fe[2]               5.0          0.0000     6.6475   4.510E+02     1     0      1
3d2_3Fe[3]               7.0        184.9000     6.6419   4.514E+02     1     0      2
3d2_3Fe[4]               9.0        420.4000     6.6349   4.518E+02     1     0      3
3d2_1De[2]               5.0       8473.5000     6.3934   4.689E+02     2     0      4
3d2_3Pe[0]               1.0      10538.4000     6.3315   4.735E+02     3     0      5
3d2_3Pe[1]               3.0      10603.6000     6.3296   4.736E+02     3     0      6
3d2_3Pe[2]               5.0      10721.2000     6.3261   4.739E+02     3     0      7
3d2_1Ge[4]               9.0      14397.6000     6.2158   4.823E+02     4     0      8
3d2_1Se[0]               1.0      32475.5000     5.6739   5.284E+02     5     0      9
3d4s_3De[1]              3.0      38064.3500     5.5063   5.445E+02     6     0     10
3d4s_3De[2]              5.0      38198.9500     5.5023   5.449E+02     6     0     11
3d4s_3De[3]              7.0      38425.9900     5.4955   5.455E+02     6     0     12
3d4s_1De[2]              5.0      41704.2700     5.3972   5.555E+02     7     0     13
3d4p_1Do[2]              5.0      75198.2100     4.3931   6.824E+02     8     0     14
3d4p_3Do[1]              3.0      77000.2300     4.3391   6.909E+02     9     0     15
3d4p_3Do[2]              5.0      77167.4300     4.3340   6.917E+02     9     0     16
3d4p_3Fo[2]              5.0      77421.8600     4.3264   6.929E+02     9     0     17
3d4p_3Do[3]              7.0      77424.4500     4.3263   6.929E+02     9     0     18
3d4p_3Fo[3]              7.0      77746.4400     4.3167   6.945E+02     9     0     19
3d4p_3Fo[4]              9.0      78158.6100     4.3043   6.965E+02     9     0     20
3d4p_3Po[1]              3.0      80939.1900     4.2210   7.102E+02    10     0     21
3d4p_3Po[0]              1.0      80944.8700     4.2208   7.103E+02    10     0     22
3d4p_3Po[2]              5.0      81024.4700     4.2184   7.107E+02    10     0     23
3d4p_1Fo[3]              7.0      83116.9300     4.1557   7.214E+02    11     0     24
3d4p_1Po[1]              3.0      83796.8600     4.1353   7.250E+02    11     0     25
4s2_1Se[0]               1.0     102665.1500     3.5696   8.398E+02    12     0     26
3d4d_1Fe[3]              7.0     127790.5700     2.8164   1.064E+03    13     0     27
3d4d_3De[1]              3.0     128433.4000     2.7971   1.072E+03    14     0     28
3d4d_3De[2]              5.0     128546.3800     2.7937   1.073E+03    14     0     29
3d4d_3De[3]              7.0     128689.6700     2.7894   1.075E+03    14     0     30
3d4d_3Ge[3]              7.0     129093.2800     2.7773   1.079E+03    14     0     31
3d4d_3Ge[4]              9.0     129252.7400     2.7726   1.081E+03    14     0     32
3d4d_1Pe[1]              3.0     129253.4100     2.7725   1.081E+03    13     0     33
3d4d_3Ge[5]             11.0     129469.3700     2.7661   1.084E+03    14     0     34
3d4d_3Se[1]              3.0     130739.8200     2.7280   1.099E+03    14     0     35
3d4d_3Fe[2]              5.0     133065.2400     2.6583   1.128E+03    14     0     36
3d4d_3Fe[3]              7.0     133207.1000     2.6540   1.130E+03    14     0     37
3d4d_3Fe[4]              9.0     133371.0700     2.6491   1.132E+03    14     0     38
3d5s_3De[1]              3.0     133898.5000     2.6333   1.138E+03    14     0     39
3d5s_3De[2]              5.0     133999.7900     2.6303   1.140E+03    14     0     40
3d5s_3De[3]              7.0     134275.1200     2.6220   1.143E+03    14     0     41
3d5s_1De[2]              5.0     134557.8400     2.6135   1.147E+03    15     0     42
3d4d_1De[2]              5.0     135405.2700     2.5881   1.158E+03    15     0     43
3d4d_3Pe[0]              1.0     135541.4600     2.5840   1.160E+03    16     0     44
3d4d_3Pe[1]              3.0     135601.4700     2.5822   1.161E+03    16     0     45
3d4d_3Pe[2]              5.0     135721.5100     2.5786   1.163E+03    16     0     46
3d4d_1Ge[4]              9.0     136339.7400     2.5601   1.171E+03    15     0     47
4s4p_3Po[0]              1.0     137258.9000     2.5325   1.184E+03    17     0     48
4s4p_3Po[1]              3.0     137487.8000     2.5257   1.187E+03    17     0     49
4s4p_3Po[2]              5.0     137961.2000     2.5115   1.194E+03    17     0     50
3d4d_1Se[0]              1.0     140019.2400     2.4498   1.224E+03    15     0     51
3d5p_1Do[2]              5.0     147212.7700     2.2341   1.342E+03    18     0     52
3d5p_3Do[1]              3.0     147562.1400     2.2237   1.348E+03    19     0     53
3d5p_3Do[2]              5.0     147749.8900     2.2180   1.352E+03    19     0     54
3d5p_3Fo[2]              5.0     147931.4700     2.2126   1.355E+03    19     0     55
3d5p_3Do[3]              7.0     147939.4700     2.2124   1.355E+03    19     0     56
3d5p_3Fo[3]              7.0     148111.1000     2.2072   1.358E+03    19     0     57
3d5p_3Fo[4]              9.0     148410.2400     2.1982   1.364E+03    19     0     58
3d5p_3Po[1]              3.0     148978.7200     2.1812   1.374E+03    19     0     59
3d5p_3Po[0]              1.0     149019.7500     2.1800   1.375E+03    19     0     60
3d5p_3Po[2]              5.0     149267.9900     2.1725   1.380E+03    19     0     61
3d5p_1Po[1]              3.0     149403.5200     2.1685   1.383E+03    18     0     62
3d5p_1Fo[3]              7.0     149655.7700     2.1609   1.387E+03    18     0     63
4s4p_1Po[1]              3.0     157204.1600     1.9346   1.550E+03    20     0     64
3d4f_1Go[4]              9.0     158285.3400     1.9022   1.576E+03    20     0     65
3d4f_3Fo[2]              5.0     158536.6300     1.8947   1.582E+03    21     0     66
3d4f_3Fo[3]              7.0     158557.7600     1.8940   1.583E+03    21     0     67
3d4f_3Fo[4]              9.0     158690.8500     1.8900   1.586E+03    21     0     68
3d4f_3Go[3]              7.0     158740.9200     1.8885   1.587E+03    21     0     69
3d4f_3Go[4]              9.0     158865.0300     1.8848   1.591E+03    21     0     70
3d4f_3Go[5]             11.0     158903.5500     1.8837   1.592E+03    21     0     71
3d4f_3Ho[4]              9.0     159022.9300     1.8801   1.595E+03    21     0     72
3d4f_1Do[2]              5.0     159123.7800     1.8771   1.597E+03    20     0     73
3d4f_3Ho[5]             11.0     159128.9400     1.8769   1.597E+03    21     0     74
3d4f_1Fo[3]              7.0     159180.2400     1.8754   1.599E+03    20     0     75
3d4f_3Ho[6]             13.0     159269.5300     1.8727   1.601E+03    21     0     76
3d4f_3Do[1]              3.0     159394.8900     1.8689   1.604E+03    21     0     77
3d4f_3Do[2]              5.0     159403.9100     1.8687   1.604E+03    21     0     78
3d4f_3Do[3]              7.0     159481.9500     1.8663   1.606E+03    21     0     79
3d4f_3Po[2]              5.0     159991.5400     1.8510   1.620E+03    21     0     80
3d4f_1Ho[5]             11.0     160054.9000     1.8491   1.621E+03    20     0     81
3d4f_3Po[1]              3.0     160104.6100     1.8477   1.623E+03    21     0     82
3d4f_3Po[0]              1.0     160167.0600     1.8458   1.624E+03    21     0     83
3d4f_1Po[1]              3.0     161854.2400     1.7952   1.670E+03    20     0     84
3d5d_1Fe[3]              7.0     167724.0900     1.6192   1.851E+03    22     0     85
3d5d_3De[1]              3.0     167905.1900     1.6138   1.858E+03    23     0     86
3d5d_3De[2]              5.0     168030.1500     1.6100   1.862E+03    23     0     87
3d5d_3Ge[3]              7.0     168152.2000     1.6064   1.866E+03    23     0     88
3d5d_3De[3]              7.0     168206.7900     1.6048   1.868E+03    23     0     89
3d5d_3Ge[4]              9.0     168307.0600     1.6017   1.872E+03    23     0     90
3d5d_1Pe[1]              3.0     168343.6200     1.6007   1.873E+03    22     0     91
3d5d_3Ge[5]             11.0     168520.5200     1.5953   1.879E+03    23     0     92
3d5d_3Se[1]              3.0     168932.8300     1.5830   1.894E+03    23     0     93
3d5d_3Fe[2]              5.0     169615.1200     1.5625   1.919E+03    23     0     94
3d5d_3Fe[3]              7.0     169769.1300     1.5579   1.924E+03    23     0     95
3d6s_3De[1]              3.0     169875.5200     1.5547   1.928E+03    23     0     96
3d5d_3Fe[4]              9.0     169912.1100     1.5536   1.930E+03    23     0     97
3d6s_3De[2]              5.0     169930.8000     1.5531   1.930E+03    23     0     98
3d6s_3De[3]              7.0     170254.7500     1.5434   1.942E+03    23     0     99
3d6s_1De[2]              5.0     170270.0200     1.5429   1.943E+03    22     0    100
3d5d_3Pe[0]              1.0     170579.9600     1.5336   1.955E+03    23     0    101
3d5d_3Pe[1]              3.0     170659.7200     1.5312   1.958E+03    23     0    102
3d5d_3Pe[2]              5.0     170666.9400     1.5310   1.958E+03    23     0    103
3d5d_1De[2]              5.0     170840.8000     1.5258   1.965E+03    22     0    104
3d5d_1Ge[4]              9.0     171141.9300     1.5168   1.977E+03    22     0    105
3d5d_1Se[0]              1.0     172373.5200     1.4798   2.026E+03    22     0    106
3d6p_1Do[2]              5.0     176411.0780     1.3588   2.206E+03    24     0    107
3d6p_3Do[1]              3.0     176485.4690     1.3566   2.210E+03    25     0    108
3d6p_3Fo[2]              5.0     176607.8060     1.3529   2.216E+03    25     0    109
3d6p_3Fo[3]              7.0     176767.3820     1.3481   2.224E+03    25     0    110
3d6p_3Do[2]              5.0     176819.7960     1.3465   2.226E+03    25     0    111
3d6p_3Do[3]              7.0     176901.5300     1.3441   2.230E+03    25     0    112
3d6p_3Po[0]              1.0     177086.1920     1.3386   2.240E+03    25     0    113
3d6p_3Fo[4]              9.0     177105.0950     1.3380   2.241E+03    25     0    114
3d6p_3Po[1]              3.0     177132.5790     1.3372   2.242E+03    25     0    115
3d6p_3Po[2]              5.0     177416.0600     1.3287   2.256E+03    25     0    116
3d6p_1Fo[3]              7.0     177540.4390     1.3249   2.263E+03    24     0    117
3d6p_1Po[1]              3.0     177878.6330     1.3148   2.280E+03    24     0    118
3d5f_1Go[4]              9.0     181219.0600     1.2147   2.468E+03    24     0    119
3d5f_3Fo[2]              5.0     181339.2700     1.2111   2.475E+03    25     0    120
3d5f_3Fo[3]              7.0     181368.4500     1.2102   2.477E+03    25     0    121
3d5f_3Ho[4]              9.0     181439.6400     1.2080   2.482E+03    25     0    122
3d5f_3Go[3]              7.0     181507.9200     1.2060   2.486E+03    25     0    123
3d5f_3Ho[5]             11.0     181558.4400     1.2045   2.489E+03    25     0    124
3d5f_3Fo[4]              9.0     181611.7900     1.2029   2.492E+03    25     0    125
3d5f_1Do[2]              5.0     181700.7200     1.2002   2.498E+03    24     0    126
3d5f_3Go[4]              9.0     181758.3400     1.1985   2.501E+03    25     0    127
3d5f_3Go[5]             11.0     181821.8300     1.1966   2.505E+03    25     0    128
3d5f_3Ho[6]             13.0     181837.9800     1.1961   2.506E+03    25     0    129
3d5f_3Do[1]              3.0     181843.7890     1.1959   2.507E+03    25     0    130
3d5f_1Fo[3]              7.0     181860.5500     1.1954   2.508E+03    24     0    131
3d5f_3Do[2]              5.0     181908.1500     1.1940   2.511E+03    25     0    132
3d(D1)5g_2{4}e[5]       11.0     182013.3200     1.1908   2.517E+03    26     0    133
3d(D1)5g_2{4}e[4]        9.0     182014.9200     1.1908   2.518E+03    26     0    134
3d5f_3Do[3]              7.0     182025.8600     1.1905   2.518E+03    25     0    135
3d(D1)5g_2{3}e[3]        7.0     182067.4900     1.1892   2.521E+03    27     0    136
3d(D1)5g_2{3}e[4]        9.0     182068.8700     1.1892   2.521E+03    27     0    137
3d(D1)5g_2{5}e[5]       11.0     182166.9100     1.1862   2.527E+03    28     0    138
3d(D1)5g_2{5}e[6]       13.0     182170.7200     1.1861   2.527E+03    28     0    139
3d5f_3Po[2]              5.0     182207.3900     1.1850   2.530E+03    25     0    140
3d(D1)5g_2{2}e[3]        7.0     182224.7200     1.1845   2.531E+03    29     0    141
3d(D1)5g_2{2}e[2]        5.0     182225.0900     1.1845   2.531E+03    29     0    142
3d5f_3Po[1]              3.0     182276.7500     1.1829   2.534E+03    25     0    143
3d5f_3Po[0]              1.0     182333.9500     1.1812   2.538E+03    25     0    144
3d5f_1Ho[5]             11.0     182353.4500     1.1806   2.539E+03    24     0    145
3d(D2)5g_2{4}e[5]       11.0     182403.6400     1.1791   2.542E+03    26     0    146
3d(D2)5g_2{4}e[4]        9.0     182405.2500     1.1791   2.543E+03    26     0    147
3d(D2)5g_2{5}e[5]       11.0     182436.4600     1.1782   2.545E+03    28     0    148
3d(D2)5g_2{5}e[6]       13.0     182439.6200     1.1781   2.545E+03    28     0    149
3d(D2)5g_2{3}e[3]        7.0     182473.2100     1.1771   2.547E+03    27     0    150
3d(D2)5g_2{3}e[4]        9.0     182474.3800     1.1770   2.547E+03    27     0    151
3d5f_1Po[1]              3.0     182561.6100     1.1744   2.553E+03    24     0    152
3d(D2)5g_2{2}e[3]        7.0     182587.1200     1.1736   2.554E+03    29     0    153
3d(D2)5g_2{2}e[2]        5.0     182587.6200     1.1736   2.554E+03    29     0    154
3d(D2)5g_2{6}e[7]       15.0     182596.8700     1.1733   2.555E+03    30     0    155
3d(D2)5g_2{6}e[6]       13.0     182601.9600     1.1732   2.555E+03    30     0    156
3d(D2)5g_2{1}e[1]        3.0     182680.2700     1.1708   2.560E+03    31     0    157
3d(D2)5g_2{1}e[2]        5.0     182680.5300     1.1708   2.560E+03    31     0    158
4p2(1D)_1De[2]           5.0     185173.7500     1.0961   2.735E+03    31     0    159
4p2(3P)_3Pe[0]           1.0     185627.3860     1.0825   2.769E+03    27     0    160
4p2(3P)_3Pe[1]           3.0     185878.9910     1.0750   2.789E+03    27     0    161
4p2(3P)_3Pe[2]           5.0     186402.3760     1.0593   2.830E+03    27     0    162
3d6d_1Fe[3]              7.0     186788.7620     1.0477   2.861E+03    31     0    163
3d6d_3De[1]              3.0     186817.4760     1.0468   2.864E+03    27     0    164
3d6d_3Ge[3]              7.0     186961.8380     1.0425   2.876E+03    27     0    165
3d6d_3De[2]              5.0     186963.9960     1.0424   2.876E+03    27     0    166
3d6d_3Ge[4]              9.0     187078.6470     1.0390   2.885E+03    27     0    167
3d6d_3De[3]              7.0     187161.3830     1.0365   2.892E+03    27     0    168
3d6d_1Pe[1]              3.0     187172.6990     1.0362   2.893E+03    31     0    169
3d6d_3Ge[5]             11.0     187310.7210     1.0320   2.905E+03    27     0    170
3d6d_3Se[1]              3.0     187457.2900     1.0276   2.917E+03    27     0    171
3d7s_3De[1]              3.0     187576.9370     1.0241   2.928E+03    27     0    172
3d7s_3De[2]              5.0     187630.6390     1.0224   2.932E+03    27     0    173
3d7s_3De[3]              7.0     187984.5870     1.0118   2.963E+03    27     0    174
3d7s_1De[2]              5.0     188022.3520     1.0107   2.966E+03    31     0    175
3d6d_3Fe[2]              5.0     188128.2000     1.0075   2.976E+03    27     0    176
3d6d_3Fe[3]              7.0     188259.2080     1.0036   2.987E+03    27     0    177
3d6d_3Fe[4]              9.0     188396.8550     0.9995   3.000E+03    27     0    178
3d6d_1De[2]              5.0     189027.4820     0.9806   3.057E+03    31     0    179
3d6d_3Pe[0]              1.0     189058.2230     0.9796   3.060E+03    27     0    180
3d6d_1Ge[4]              9.0     189103.8910     0.9783   3.065E+03    31     0    181
3d6d_3Pe[1]              3.0     189168.3860     0.9763   3.071E+03    27     0    182
3d6d_3Pe[2]              5.0     189338.0270     0.9713   3.087E+03    27     0    183
3d6d_1Se[0]              1.0     189964.3240     0.9525   3.147E+03    31     0    184
3d7p_1Do[2]              5.0     191105.7080     0.9183   3.265E+03    32     0    185
3d7p_3Do[1]              3.0     191141.8950     0.9172   3.269E+03    33     0    186
3d7p_3Fo[2]              5.0     191204.1820     0.9153   3.275E+03    33     0    187
3d7p_3Fo[3]              7.0     191315.9490     0.9120   3.287E+03    33     0    188
3d7p_3Po[0]              1.0     191457.7980     0.9077   3.303E+03    33     0    189
3d7p_3Po[1]              3.0     191493.7020     0.9066   3.307E+03    33     0    190
3d7p_1Dbo[2]             5.0     191498.4150     0.9065   3.307E+03    32     0    191
3d7p_3Do[3]              7.0     191545.5400     0.9051   3.312E+03    33     0    192
3d7p_3Fo[4]              9.0     191658.0300     0.9017   3.325E+03    33     0    193
3d7p_3Po[2]              5.0     191817.9810     0.8969   3.343E+03    33     0    194
3d7p_1Fo[3]              7.0     191866.5760     0.8955   3.348E+03    32     0    195
3d7p_1Po[1]              3.0     192045.9460     0.8901   3.368E+03    32     0    196
3d6f_1Go[4]              9.0     193685.2160     0.8409   3.565E+03    32     0    197
3d6f_3Fo[2]              5.0     193752.5650     0.8389   3.574E+03    33     0    198
3d6f_3Ho[4]              9.0     193771.4260     0.8383   3.576E+03    33     0    199
3d6f_3Fo[3]              7.0     193784.3190     0.8380   3.578E+03    33     0    200
3d6f_3Ho[5]             11.0     193870.4510     0.8354   3.589E+03    33     0    201
3d6f_3Go[3]              7.0     193888.0640     0.8348   3.591E+03    33     0    202
3d6f_1Do[2]              5.0     193999.2670     0.8315   3.605E+03    32     0    203
3d6f_3Fo[4]              9.0     194075.8450     0.8292   3.615E+03    33     0    204
3d6f_3Do[1]              3.0     194087.8110     0.8289   3.617E+03    33     0    205
3d6f_3Ho[6]             13.0     194167.6530     0.8265   3.627E+03    33     0    206
3d(D1)6g_2{4}e[5]       11.0     194168.2500     0.8264   3.627E+03    34     0    207
3d(D1)6g_2{4}e[4]        9.0     194169.8100     0.8264   3.628E+03    34     0    208
3d6f_3Go[4]              9.0     194191.4500     0.8258   3.631E+03    33     0    209
3d(D1)6g_2{3}e[3]        7.0     194200.4600     0.8255   3.632E+03    35     0    210
3d(D1)6g_2{3}e[4]        9.0     194201.5700     0.8254   3.632E+03    35     0    211
3d6f_3Go[5]             11.0     194236.4470     0.8244   3.636E+03    33     0    212
3d6f_3Fbo[3]             7.0     194239.0670     0.8243   3.637E+03    33     0    213
3d6f_1Dbo[2]             5.0     194241.2730     0.8243   3.637E+03    32     0    214
3d(D1)6h_2{5}o[5]       11.0     194246.5000     0.8241   3.638E+03    36     0    215
3d(D1)6h_2{5}o[6]       13.0     194246.5000     0.8241   3.638E+03    36     0    216
3d(D1)6g_2{5}e[5]       11.0     194261.0000     0.8237   3.640E+03    37     0    217
3d(D1)6h_2{4}o[4]        9.0     194261.8000     0.8236   3.640E+03    38     0    218
3d(D1)6h_2{4}o[5]       11.0     194261.8000     0.8236   3.640E+03    38     0    219
3d(D1)6g_2{5}e[6]       13.0     194264.8200     0.8236   3.640E+03    37     0    220
3d6g_3De[3]              7.0     194291.3160     0.8228   3.644E+03    35     0    221
3d6g_3Fe[2]              5.0     194292.6880     0.8227   3.644E+03    35     0    222
3d(D1)6h_2{6}o[6]       13.0     194301.6000     0.8225   3.645E+03    39     0    223
3d(D1)6h_2{6}o[7]       15.0     194301.6000     0.8225   3.645E+03    39     0    224
3d(D1)6h_2{3}o[3]        7.0     194317.2000     0.8220   3.647E+03    33     0    225
3d(D1)6h_2{3}o[4]        9.0     194317.2000     0.8220   3.647E+03    33     0    226
3d6f_3Do[3]              7.0     194355.6140     0.8208   3.652E+03    33     0    227
3d6f_3Po[2]              5.0     194428.7260     0.8186   3.662E+03    33     0    228
3d6f_3Po[1]              3.0     194474.4450     0.8173   3.668E+03    33     0    229
3d6f_3Po[0]              1.0     194513.2840     0.8161   3.673E+03    33     0    230
3d6f_1Ho[5]             11.0     194555.2290     0.8148   3.679E+03    32     0    231
3d(D2)6g_2{4}e[4]        9.0     194556.6700     0.8148   3.679E+03    34     0    232
3d(D2)6g_2{5}e[5]       11.0     194567.0800     0.8145   3.681E+03    37     0    233
3d6g_1He[5]             11.0     194568.8330     0.8144   3.681E+03    40     0    234
3d(D2)6g_2{5}e[6]       13.0     194569.8000     0.8144   3.681E+03    37     0    235
3d(D2)6g_2{3}e[3]        7.0     194592.0700     0.8137   3.684E+03    35     0    236
3d(D2)6g_2{3}e[4]        9.0     194592.9800     0.8137   3.684E+03    35     0    237
3d(D2)6h_2{5}o[6]       13.0     194628.2000     0.8127   3.689E+03    36     0    238
3d(D2)6h_2{5}o[5]       11.0     194628.2000     0.8127   3.689E+03    36     0    239
3d(D2)6h_2{6}o[6]       13.0     194639.2000     0.8123   3.691E+03    39     0    240
3d(D2)6h_2{6}o[7]       15.0     194639.2000     0.8123   3.691E+03    39     0    241
3d(D2)6h_2{4}o[4]        9.0     194646.3000     0.8121   3.691E+03    38     0    242
3d(D2)6h_2{4}o[5]       11.0     194646.3000     0.8121   3.691E+03    38     0    243
3d6g_3Fbe[2]             5.0     194656.0340     0.8118   3.693E+03    35     0    244
3d(D2)6g_2{2}e[3]        7.0     194656.1800     0.8118   3.693E+03    41     0    245
3d(D2)6g_2{6}e[7]       15.0     194664.0800     0.8116   3.694E+03    42     0    246
3d(D2)6g_2{6}e[6]       13.0     194669.1000     0.8114   3.695E+03    42     0    247
3d(D2)6h_2{3}o[3]        7.0     194680.2000     0.8111   3.696E+03    33     0    248
3d(D2)6h_2{3}o[4]        9.0     194680.2000     0.8111   3.696E+03    33     0    249
3d6f_1Po[1]              3.0     194683.4550     0.8110   3.697E+03    32     0    250
3d(D2)6h_2{7}o[7]       15.0     194694.6000     0.8107   3.698E+03    43     0    251
3d(D2)6h_2{7}o[8]       17.0     194694.6000     0.8107   3.698E+03    43     0    252
3d6g_3De[1]              3.0     194710.1390     0.8102   3.700E+03    35     0    253
3d6g_3De[2]              5.0     194711.6360     0.8102   3.700E+03    35     0    254
3d(D2)6h_2{2}o[3]        7.0     194717.4000     0.8100   3.701E+03    44     0    255
3d(D2)6h_2{2}o[2]        5.0     194717.4000     0.8100   3.701E+03    44     0    256
3d7d_3Ge[3]              7.0     197069.5940     0.7395   4.054E+03    35     0    257
3d7d_3De[1]              3.0     197073.7690     0.7393   4.055E+03    35     0    258
3d7d_3Gbe[3]             7.0     197194.3940     0.7357   4.075E+03    35     0    259
3d7d_3De[2]              5.0     197212.0520     0.7352   4.078E+03    35     0    260
3d7d_3Ge[4]              9.0     197280.8000     0.7331   4.089E+03    35     0    261
3d7d_1Pe[1]              3.0     197346.2390     0.7312   4.100E+03    40     0    262
3d7d_3De[3]              7.0     197441.3410     0.7283   4.116E+03    35     0    263
3d8s_3De[1]              3.0     197451.7470     0.7280   4.118E+03    35     0    264
3d8s_3De[2]              5.0     197486.6880     0.7270   4.124E+03    35     0    265
3d7d_3Ge[5]             11.0     197525.9390     0.7258   4.131E+03    35     0    266
3d7d_3Se[1]              3.0     197585.4800     0.7240   4.141E+03    35     0    267
3d7d_3Fe[2]              5.0     197797.4040     0.7176   4.177E+03    35     0    268
3d8s_3De[3]              7.0     197858.0300     0.7158   4.188E+03    35     0    269
3d8s_1De[2]              5.0     197918.3180     0.7140   4.199E+03    40     0    270
3d7d_3Fe[3]              7.0     198010.6950     0.7113   4.215E+03    35     0    271
3d7d_3Fe[4]              9.0     198126.8930     0.7078   4.236E+03    35     0    272
3d7d_3Pe[0]              1.0     198304.1220     0.7025   4.268E+03    35     0    273
3d7d_1De[2]              5.0     198381.1920     0.7001   4.282E+03    40     0    274
3d7d_3Pe[1]              3.0     198447.0770     0.6982   4.294E+03    35     0    275
3d7d_1Ge[4]              9.0     198555.4060     0.6949   4.314E+03    40     0    276
3d7d_3Pe[2]              5.0     198586.0420     0.6940   4.320E+03    35     0    277
3d7d_1Se[0]              1.0     198929.5410     0.6837   4.385E+03    40     0    278
3d8p_1Do[2]              5.0     199635.5590     0.6625   4.525E+03    32     0    279
3d8p_3Do[1]              3.0     199657.1530     0.6619   4.529E+03    33     0    280
3d8p_3Fo[2]              5.0     199691.0960     0.6609   4.536E+03    33     0    281
3d8p_3Fo[3]              7.0     199769.3740     0.6585   4.552E+03    33     0    282
3d8p_3Po[0]              1.0     199843.0060     0.6563   4.568E+03    33     0    283
3d8p_3Po[1]              3.0     199870.2850     0.6555   4.573E+03    33     0    284
3d8p_1Dbo[2]             5.0     200030.3950     0.6507   4.607E+03    32     0    285
3d8p_3Do[3]              7.0     200059.2290     0.6498   4.613E+03    33     0    286
3d8p_3Fo[4]              9.0     200126.7580     0.6478   4.628E+03    33     0    287
3d8p_3Po[2]              5.0     200220.2480     0.6450   4.648E+03    33     0    288
3d8p_1Fo[3]              7.0     200242.4690     0.6443   4.653E+03    32     0    289
3d8p_1Po[1]              3.0     200353.5200     0.6410   4.677E+03    32     0    290
3d7f_1Go[4]              9.0     201199.1770     0.6157   4.869E+03    45     0    291
3d7f_3Fo[2]              5.0     201242.4680     0.6144   4.880E+03    46     0    292
3d7f_3Ho[4]              9.0     201249.1150     0.6142   4.881E+03    46     0    293
3d7f_3Fo[3]              7.0     201267.1940     0.6136   4.886E+03    46     0    294
3d7f_3Ho[5]             11.0     201328.6460     0.6118   4.900E+03    46     0    295
3d7f_3Go[3]              7.0     201336.5780     0.6115   4.902E+03    46     0    296
3d7f_3Po[2]              5.0     201406.3260     0.6095   4.919E+03    46     0    297
3d7f_3Do[1]              3.0     201470.3590     0.6075   4.935E+03    46     0    298
3d7g_3He[5]             11.0     201475.0680     0.6074   4.936E+03    35     0    299
3d7g_3He[4]              9.0     201476.6400     0.6073   4.936E+03    35     0    300
3d7g_3Ge[3]              7.0     201494.1170     0.6068   4.940E+03    35     0    301
3d7g_3Fe[4]              9.0     201495.6390     0.6068   4.941E+03    35     0    302
3d7g_3Ie[5]             11.0     201527.4100     0.6058   4.948E+03    35     0    303
3d7g_3Ie[6]             13.0     201531.1740     0.6057   4.949E+03    35     0    304
3d7g_3De[3]              7.0     201537.0360     0.6055   4.951E+03    35     0    305
3d7g_3Fe[2]              5.0     201541.6660     0.6054   4.952E+03    35     0    306
3d(D1)7h_2{5}o[5]       11.0     201543.5000     0.6053   4.952E+03    36     0    307
3d(D1)7h_2{5}o[6]       13.0     201543.5000     0.6053   4.952E+03    36     0    308
3d(D1)7h_2{4}o[4]        9.0     201553.5000     0.6050   4.955E+03    38     0    309
3d(D1)7h_2{4}o[5]       11.0     201553.5000     0.6050   4.955E+03    38     0    310
3d(D1)7h_2{6}o[7]       15.0     201578.7000     0.6043   4.961E+03    39     0    311
3d(D1)7h_2{6}o[6]       13.0     201578.7000     0.6043   4.961E+03    39     0    312
3d(D1)7h_2{3}o[3]        7.0     201588.7000     0.6040   4.964E+03    46     0    313
3d(D1)7h_2{3}o[4]        9.0     201588.7000     0.6040   4.964E+03    46     0    314
3d7i_3Ke[6]             13.0     201589.0170     0.6040   4.964E+03    35     0    315
3d7i_3Ke[7]             15.0     201589.0170     0.6040   4.964E+03    35     0    316
3d7f_3Fo[4]              9.0     201591.3950     0.6039   4.964E+03    46     0    317
3d7i_3Ie[5]             11.0     201593.4010     0.6038   4.965E+03    35     0    318
3d7i_3He[6]             13.0     201593.4010     0.6038   4.965E+03    35     0    319
3d7i_3Le[7]             15.0     201607.5800     0.6034   4.968E+03    35     0    320
3d7i_3Le[8]             17.0     201607.5800     0.6034   4.968E+03    35     0    321
3d7i_3Ge[5]             11.0     201611.9730     0.6033   4.969E+03    35     0    322
3d7i_1Ge[4]              9.0     201611.9730     0.6033   4.969E+03    40     0    323
3d7f_3Ho[6]             13.0     201644.6740     0.6023   4.977E+03    46     0    324
3d7f_3Go[4]              9.0     201668.6680     0.6016   4.983E+03    46     0    325
3d7f_1Do[2]              5.0     201691.8050     0.6009   4.989E+03    45     0    326
3d7f_3Fbo[3]             7.0     201694.8230     0.6008   4.990E+03    46     0    327
3d7f_3Go[5]             11.0     201700.4630     0.6006   4.991E+03    46     0    328
3d7f_1Fo[3]              7.0     201778.8660     0.5983   5.011E+03    45     0    329
3d7f_3Pbo[2]             5.0     201816.4360     0.5972   5.020E+03    46     0    330
3d7f_3Po[1]              3.0     201846.8030     0.5963   5.028E+03    46     0    331
3d7f_3Po[0]              1.0     201873.5780     0.5954   5.035E+03    46     0    332
3d7g_3Ge[5]             11.0     201888.5490     0.5950   5.039E+03    35     0    333
3d7g_1Ge[4]              9.0     201890.6590     0.5949   5.039E+03    40     0    334
3d7g_3Hbe[5]            11.0     201893.0320     0.5949   5.040E+03    35     0    335
3d7g_3He[6]             13.0     201894.9170     0.5948   5.040E+03    35     0    336
3d7f_1Ho[5]             11.0     201901.7460     0.5946   5.042E+03    45     0    337
3d7g_3Gbe[3]             7.0     201908.7120     0.5944   5.044E+03    35     0    338
3d7g_3Fbe[4]             9.0     201910.0980     0.5944   5.044E+03    35     0    339
3d(D2)7h_2{5}o[5]       11.0     201926.0000     0.5939   5.048E+03    36     0    340
3d(D2)7h_2{5}o[6]       13.0     201926.0000     0.5939   5.048E+03    36     0    341
3d(D2)7h_2{6}o[7]       15.0     201932.7000     0.5937   5.050E+03    39     0    342
3d(D2)7h_2{6}o[6]       13.0     201932.7000     0.5937   5.050E+03    39     0    343
3d7g_3Dbe[3]             7.0     201935.0960     0.5936   5.050E+03    35     0    344
3d(D2)7h_2{4}o[5]       11.0     201937.4000     0.5935   5.051E+03    38     0    345
3d(D2)7h_2{4}o[4]        9.0     201937.4000     0.5935   5.051E+03    38     0    346
3d7g_3Fbe[2]             5.0     201937.8730     0.5935   5.051E+03    35     0    347
3d7g_3Ie[7]             15.0     201947.5770     0.5932   5.054E+03    35     0    348
3d7g_1Ie[6]             13.0     201952.6920     0.5931   5.055E+03    40     0    349
3d7g_3De[1]              3.0     201956.9010     0.5930   5.056E+03    35     0    350
3d(D2)7h_2{3}o[3]        7.0     201958.3000     0.5929   5.056E+03    46     0    351
3d(D2)7h_2{3}o[4]        9.0     201958.3000     0.5929   5.056E+03    46     0    352
3d7g_1De[2]              5.0     201964.5750     0.5927   5.058E+03    40     0    353
3d(D2)7h_2{7}o[7]       15.0     201967.5000     0.5926   5.059E+03    43     0    354
3d(D2)7h_2{7}o[8]       17.0     201967.5000     0.5926   5.059E+03    43     0    355
3d7f_1Po[1]              3.0     201978.6850     0.5923   5.062E+03    45     0    356
3d(D2)7h_2{2}o[3]        7.0     201981.7000     0.5922   5.062E+03    44     0    357
3d(D2)7h_2{2}o[2]        5.0     201981.7000     0.5922   5.062E+03    44     0    358
3d7i_3Ie[7]             15.0     201998.7770     0.5917   5.067E+03    35     0    359
3d7i_1Ie[6]             13.0     201998.7770     0.5917   5.067E+03    40     0    360
3d7i_1Ke[7]             15.0     202003.0610     0.5916   5.068E+03    40     0    361
3d7i_3Ke[8]             17.0     202003.0610     0.5916   5.068E+03    35     0    362
3d7i_3Hbe[6]            13.0     202003.7910     0.5915   5.068E+03    35     0    363
3d7i_3Ibe[5]            11.0     202003.7910     0.5915   5.068E+03    35     0    364
3d7i_3He[5]             11.0     202014.4290     0.5912   5.071E+03    35     0    365
3d7i_3He[4]              9.0     202014.4290     0.5912   5.071E+03    35     0    366
3d7i_1Le[8]             17.0     202021.2080     0.5910   5.072E+03    40     0    367
3d7i_3Le[9]             19.0     202021.2080     0.5910   5.072E+03    35     0    368
3d7i_3Ge[3]              7.0     202027.5710     0.5908   5.074E+03    35     0    369
3d7i_3Ge[4]              9.0     202027.5710     0.5908   5.074E+03    35     0    370
3d8d_3De[1]              3.0     203379.4620     0.5503   5.448E+03    35     0    371
3d8d_3Ge[3]              7.0     203381.1550     0.5503   5.448E+03    35     0    372
3d8d_3Gbe[3]             7.0     203484.7440     0.5471   5.479E+03    35     0    373
3d9s_3De[1]              3.0     203489.7870     0.5470   5.481E+03    35     0    374
3d8d_3De[2]              5.0     203506.6050     0.5465   5.486E+03    35     0    375
3d9s_3De[2]              5.0     203541.3110     0.5455   5.496E+03    35     0    376
3d8d_3Ge[4]              9.0     203553.2960     0.5451   5.500E+03    35     0    377
3d8d_3Se[1]              3.0     203596.8200     0.5438   5.513E+03    35     0    378
3d8d_3De[3]              7.0     203760.5800     0.5389   5.563E+03    35     0    379
3d8d_3Ge[5]             11.0     203814.7600     0.5373   5.580E+03    35     0    380
3d8d_1Pe[1]              3.0     203843.1480     0.5364   5.589E+03    40     0    381
3d8d_3Fe[2]              5.0     203846.1420     0.5363   5.590E+03    47     0    382
3d9s_3De[3]              7.0     203866.5550     0.5357   5.596E+03    35     0    383
3d9s_1De[2]              5.0     204004.5900     0.5316   5.640E+03    40     0    384
3d8d_1Se[0]              1.0     204031.2810     0.5308   5.648E+03    40     0    385
3d8d_3Fe[3]              7.0     204086.9530     0.5291   5.666E+03    47     0    386
3d8d_3Fe[4]              9.0     204180.6900     0.5263   5.696E+03    47     0    387
3d8d_1De[2]              5.0     204317.4510     0.5222   5.741E+03    48     0    388
3d8d_3Pe[1]              3.0     204369.9470     0.5206   5.758E+03    47     0    389
3d8d_3Pe[0]              1.0     204395.7900     0.5198   5.767E+03    47     0    390
3d8d_1Ge[4]              9.0     204468.0130     0.5177   5.791E+03    48     0    391
3d8d_3Pe[2]              5.0     204498.1320     0.5168   5.801E+03    47     0    392
3d9p_1Do[2]              5.0     205035.3840     0.5007   5.988E+03    45     0    393
3d9p_3Do[1]              3.0     205049.7600     0.5002   5.993E+03    46     0    394
3d9p_3Fo[2]              5.0     205069.3540     0.4996   6.000E+03    46     0    395
3d9p_3Fo[3]              7.0     205125.2240     0.4980   6.020E+03    46     0    396
3d9p_3Po[0]              1.0     205168.1390     0.4967   6.036E+03    46     0    397
3d9p_3Po[1]              3.0     205189.5550     0.4960   6.044E+03    46     0    398
3d9p_1Dbo[2]             5.0     205433.9490     0.4887   6.134E+03    45     0    399
3d9p_3Do[3]              7.0     205452.4330     0.4882   6.141E+03    46     0    400
4s(2S)4d_3De[1]          3.0     205463.7800     0.4878   6.146E+03    47     0    401
4s(2S)4d_3De[2]          5.0     205495.5870     0.4869   6.158E+03    47     0    402
3d9p_3Fo[4]              9.0     205495.6550     0.4869   6.158E+03    46     0    403
4s(2S)4d_3De[3]          7.0     205540.0040     0.4855   6.175E+03    47     0    404
3d9p_3Po[2]              5.0     205555.6920     0.4851   6.181E+03    46     0    405
3d9p_1Fo[3]              7.0     205568.0590     0.4847   6.185E+03    45     0    406
3d9p_1Po[1]              3.0     205643.1790     0.4824   6.214E+03    45     0    407
3d8f_1Go[4]              9.0     206056.6420     0.4700   6.378E+03    45     0    408
3d8f_3Fo[2]              5.0     206086.3120     0.4692   6.390E+03    46     0    409
3d8f_3Ho[4]              9.0     206089.1250     0.4691   6.391E+03    46     0    410
3d8f_3Fo[3]              7.0     206105.0480     0.4686   6.398E+03    46     0    411
3d8f_3Ho[5]             11.0     206152.7110     0.4672   6.417E+03    46     0    412
3d8f_3Go[3]              7.0     206153.1560     0.4671   6.417E+03    46     0    413
3d8f_3Po[2]              5.0     206199.1410     0.4658   6.436E+03    46     0    414
3d8g_3He[5]             11.0     206238.6310     0.4646   6.453E+03    47     0    415
3d8g_3He[4]              9.0     206239.8460     0.4646   6.453E+03    47     0    416
3d8f_3Do[1]              3.0     206248.3450     0.4643   6.457E+03    46     0    417
3d8g_3Ge[3]              7.0     206251.4520     0.4642   6.458E+03    47     0    418
3d8g_3Fe[4]              9.0     206252.6360     0.4642   6.459E+03    47     0    419
3d8g_3Ie[5]             11.0     206273.7220     0.4635   6.468E+03    47     0    420
3d8g_3Ie[6]             13.0     206276.7020     0.4634   6.469E+03    47     0    421
3d8h_3Io[6]             13.0     206297.2180     0.4628   6.477E+03    46     0    422
3d8h_3Io[5]             11.0     206297.2430     0.4628   6.477E+03    46     0    423
3d8g_1De[2]              5.0     206301.2860     0.4627   6.479E+03    48     0    424
3d8h_3Ho[4]              9.0     206303.0330     0.4627   6.480E+03    46     0    425
3d8h_3Go[5]             11.0     206303.0510     0.4627   6.480E+03    46     0    426
3d8i_3Ke[6]             13.0     206316.2310     0.4623   6.485E+03    47     0    427
3d8i_3Ke[7]             15.0     206316.2310     0.4623   6.485E+03    47     0    428
3d8h_3Ko[6]             13.0     206317.7160     0.4622   6.486E+03    46     0    429
3d8h_3Ko[7]             15.0     206317.7750     0.4622   6.486E+03    46     0    430
3d8i_3Ie[5]             11.0     206319.1840     0.4622   6.487E+03    47     0    431
3d8i_3He[6]             13.0     206319.1840     0.4622   6.487E+03    47     0    432
3d8k_3Lo[7]             15.0     206321.2600     0.4621   6.487E+03    46     0    433
3d8k_3Lo[8]             17.0     206321.2600     0.4621   6.487E+03    46     0    434
3d8k_3Ko[6]             13.0     206322.9140     0.4621   6.488E+03    46     0    435
3d8k_3Io[7]             15.0     206322.9140     0.4621   6.488E+03    46     0    436
3d8h_3Fo[4]              9.0     206323.3600     0.4620   6.488E+03    46     0    437
3d8h_1Fo[3]              7.0     206323.3640     0.4620   6.488E+03    45     0    438
3d8i_3Le[8]             17.0     206328.7020     0.4619   6.491E+03    47     0    439
3d8i_3Le[7]             15.0     206328.7020     0.4619   6.491E+03    47     0    440
3d8k_3Mo[8]             17.0     206329.3740     0.4619   6.491E+03    46     0    441
3d8k_3Mo[9]             19.0     206329.3740     0.4619   6.491E+03    46     0    442
3d8g_3De[3]              7.0     206330.5030     0.4618   6.491E+03    47     0    443
3d8k_3Ho[6]             13.0     206331.0300     0.4618   6.492E+03    46     0    444
3d8k_1Ho[5]             11.0     206331.0300     0.4618   6.492E+03    45     0    445
3d8i_1Ge[4]              9.0     206331.6460     0.4618   6.492E+03    48     0    446
3d8i_3Ge[5]             11.0     206331.6470     0.4618   6.492E+03    47     0    447
3d8f_3Fo[4]              9.0     206453.3240     0.4582   6.544E+03    46     0    448
3d8f_3Ho[6]             13.0     206486.5970     0.4572   6.558E+03    46     0    449
3d8f_3Go[4]              9.0     206505.9820     0.4566   6.566E+03    46     0    450
3d8f_1Do[2]              5.0     206518.6690     0.4562   6.572E+03    45     0    451
3d8f_3Fbo[3]             7.0     206522.0490     0.4561   6.573E+03    46     0    452
3d8f_3Go[5]             11.0     206528.5940     0.4559   6.576E+03    46     0    453
3d8f_1Fo[3]              7.0     206583.5760     0.4542   6.600E+03    45     0    454
3d8f_3Pbo[2]             5.0     206604.9770     0.4536   6.609E+03    46     0    455
3d8f_3Po[1]              3.0     206626.1790     0.4530   6.618E+03    46     0    456
3d8f_3Po[0]              1.0     206644.9220     0.4524   6.627E+03    46     0    457
3d8g_3Ge[5]             11.0     206651.0300     0.4522   6.629E+03    47     0    458
3d8g_1Ge[4]              9.0     206652.6830     0.4522   6.630E+03    48     0    459
3d8g_3Hbe[5]            11.0     206653.6700     0.4521   6.630E+03    47     0    460
3d8g_3He[6]             13.0     206655.0600     0.4521   6.631E+03    47     0    461
3d8f_1Ho[5]             11.0     206663.8810     0.4518   6.635E+03    45     0    462
3d8g_3Gbe[3]             7.0     206664.3030     0.4518   6.635E+03    47     0    463
3d8g_3Fbe[4]             9.0     206665.3990     0.4518   6.636E+03    47     0    464
3d8g_3Fe[2]              5.0     206687.3070     0.4511   6.645E+03    47     0    465
3d8g_3Ie[7]             15.0     206690.2500     0.4510   6.647E+03    47     0    466
3d8g_1Ie[6]             13.0     206694.2430     0.4509   6.648E+03    48     0    467
3d8g_3Dbe[3]             7.0     206707.3560     0.4505   6.654E+03    47     0    468
3d8h_3Ho[6]             13.0     206707.6290     0.4505   6.654E+03    46     0    469
3d8h_1Ho[5]             11.0     206707.6580     0.4505   6.654E+03    45     0    470
3d8h_1Io[6]             13.0     206710.9980     0.4504   6.656E+03    45     0    471
3d8h_3Io[7]             15.0     206711.0220     0.4504   6.656E+03    46     0    472
3d8h_3Hbo[4]             9.0     206713.9160     0.4503   6.657E+03    46     0    473
3d8h_3Gbo[5]            11.0     206713.9400     0.4503   6.657E+03    46     0    474
3d8f_1Po[1]              3.0     206717.9260     0.4502   6.659E+03    45     0    475
3d8h_3Go[4]              9.0     206725.8280     0.4500   6.662E+03    46     0    476
3d8h_3Go[3]              7.0     206725.8340     0.4500   6.662E+03    46     0    477
3d8i_3Ie[7]             15.0     206726.1740     0.4500   6.662E+03    47     0    478
3d8i_1Ie[6]             13.0     206726.1740     0.4500   6.662E+03    48     0    479
3d8i_1Ke[7]             15.0     206728.9730     0.4499   6.664E+03    48     0    480
3d8i_3Ke[8]             17.0     206728.9730     0.4499   6.664E+03    47     0    481
3d8i_3Ibe[5]            11.0     206729.4950     0.4499   6.664E+03    47     0    482
3d8i_3Hbe[6]            13.0     206729.4950     0.4499   6.664E+03    47     0    483
3d8k_1Ko[7]             15.0     206731.1710     0.4498   6.665E+03    45     0    484
3d8k_3Ko[8]             17.0     206731.1710     0.4498   6.665E+03    46     0    485
3d8h_3Ko[8]             17.0     206731.6120     0.4498   6.665E+03    46     0    486
3d8h_1Ko[7]             15.0     206731.6890     0.4498   6.665E+03    45     0    487
3d8k_3Kbo[6]            13.0     206733.0590     0.4498   6.666E+03    46     0    488
3d8k_3Ibo[7]            15.0     206733.0590     0.4498   6.666E+03    46     0    489
3d8k_1Lo[8]             17.0     206733.2950     0.4498   6.666E+03    45     0    490
3d8k_3Lo[9]             19.0     206733.2950     0.4498   6.666E+03    46     0    491
3d8i_3He[5]             11.0     206736.5740     0.4497   6.667E+03    47     0    492
3d8i_3He[4]              9.0     206736.5740     0.4497   6.667E+03    47     0    493
3d8k_3Io[5]             11.0     206737.5610     0.4496   6.668E+03    46     0    494
3d8k_3Io[6]             13.0     206737.5610     0.4496   6.668E+03    46     0    495
3d8h_3Fo[2]              5.0     206739.9780     0.4496   6.669E+03    46     0    496
3d8h_3Fo[3]              7.0     206739.9810     0.4496   6.669E+03    46     0    497
3d8k_1Mo[9]             19.0     206741.0930     0.4495   6.669E+03    45     0    498
3d8k_3Mo[10]            21.0     206741.0930     0.4495   6.669E+03    46     0    499
3d8i_3Le[9]             19.0     206741.1840     0.4495   6.669E+03    47     0    500
3d8i_1Le[8]             17.0     206741.1840     0.4495   6.669E+03    48     0    501
3d8g_3De[2]              5.0     206743.0540     0.4495   6.670E+03    47     0    502
3d8k_3Ho[4]              9.0     206743.4720     0.4495   6.670E+03    46     0    503
3d8k_3Ho[5]             11.0     206743.4720     0.4495   6.670E+03    46     0    504
3d8i_3Ge[3]              7.0     206745.4560     0.4494   6.671E+03    47     0    505
3d8i_3Ge[4]              9.0     206745.4560     0.4494   6.671E+03    47     0    506
3d8g_3De[1]              3.0     206757.1480     0.4490   6.676E+03    47     0    507
3d9d_1Se[0]              1.0     207200.4170     0.4358   6.880E+03    48     0    508
3d9d_3Ge[3]              7.0     207545.3690     0.4254   7.047E+03    47     0    509
3d9d_3De[1]              3.0     207547.2400     0.4254   7.048E+03    47     0    510
3d9d_1Fe[3]              7.0     207632.0650     0.4228   7.090E+03    48     0    511
3d9d_3De[2]              5.0     207660.5280     0.4220   7.105E+03    47     0    512
3d9d_3Ge[4]              9.0     207690.3890     0.4211   7.120E+03    47     0    513
3d9d_3Se[1]              3.0     207719.0860     0.4202   7.134E+03    47     0    514
3d9d_3Fe[2]              5.0     207874.0870     0.4156   7.214E+03    47     0    515
3d9d_3De[3]              7.0     207938.9750     0.4136   7.248E+03    47     0    516
3d9d_3Ge[5]             11.0     207968.7110     0.4127   7.264E+03    47     0    517
3d9d_1Pe[1]              3.0     207984.4150     0.4123   7.272E+03    48     0    518
3d9d_3Fe[3]              7.0     208133.7660     0.4078   7.352E+03    47     0    519
3d9d_3Fe[4]              9.0     208206.5860     0.4056   7.392E+03    47     0    520
3d9d_3Pe[0]              1.0     208242.0300     0.4045   7.411E+03    47     0    521
3d9d_1De[2]              5.0     208276.0390     0.4035   7.430E+03    48     0    522
3d9d_3Pe[1]              3.0     208344.5380     0.4015   7.468E+03    47     0    523
3d9d_1Ge[4]              9.0     208434.2010     0.3988   7.518E+03    48     0    524
3d9d_3Pe[2]              5.0     208446.3050     0.3984   7.525E+03    47     0    525
4s(2S)5s_3Se[1]          3.0     208780.4400     0.3884   7.719E+03    47     0    526
3d9f_3Ho[4]              9.0     209376.1720     0.3705   8.091E+03    46     0    527
3d9f_3Fo[2]              5.0     209397.1530     0.3699   8.105E+03    46     0    528
3d9f_3Hbo[4]             9.0     209398.6140     0.3699   8.106E+03    46     0    529
3d9f_3Fo[3]              7.0     209411.1710     0.3695   8.114E+03    46     0    530
3d9f_3Go[3]              7.0     209444.1220     0.3685   8.136E+03    46     0    531
3d9f_3Ho[5]             11.0     209450.1040     0.3683   8.140E+03    46     0    532
3d9f_3Po[2]              5.0     209477.5760     0.3675   8.158E+03    46     0    533
3d9g_3He[5]             11.0     209502.4840     0.3667   8.175E+03    47     0    534
3d9g_3He[4]              9.0     209503.4250     0.3667   8.175E+03    47     0    535
3d9g_3Ge[3]              7.0     209511.4760     0.3665   8.181E+03    47     0    536
3d9g_3Fe[4]              9.0     209512.4280     0.3664   8.181E+03    47     0    537
3d9f_3Do[1]              3.0     209514.2950     0.3664   8.182E+03    46     0    538
3d9g_3Ie[5]             11.0     209527.1050     0.3660   8.191E+03    47     0    539
3d9g_3Ie[6]             13.0     209529.4430     0.3659   8.193E+03    47     0    540
3d9g_1De[2]              5.0     209536.9000     0.3657   8.198E+03    48     0    541
3d9h_3Io[6]             13.0     209543.8400     0.3655   8.202E+03    46     0    542
3d9h_3Io[5]             11.0     209543.8590     0.3655   8.202E+03    46     0    543
3d9g_3De[3]              7.0     209545.1980     0.3655   8.203E+03    47     0    544
3d9h_3Ho[4]              9.0     209547.9310     0.3654   8.205E+03    46     0    545
3d9h_3Go[5]             11.0     209547.9410     0.3654   8.205E+03    46     0    546
3d9i_3Ke[6]             13.0     209557.9790     0.3651   8.212E+03    47     0    547
3d9i_3Ke[7]             15.0     209557.9790     0.3651   8.212E+03    47     0    548
3d9h_3Ko[6]             13.0     209558.2680     0.3651   8.212E+03    46     0    549
3d9h_3Ko[7]             15.0     209558.3120     0.3651   8.212E+03    46     0    550
3d9l_3Me[9]             19.0     209558.7540     0.3651   8.212E+03    47     0    551
3d9l_3Me[8]             17.0     209558.7540     0.3651   8.212E+03    47     0    552
3d9i_3He[6]             13.0     209560.0610     0.3650   8.213E+03    47     0    553
3d9i_3Ie[5]             11.0     209560.0610     0.3650   8.213E+03    47     0    554
3d9l_3Le[7]             15.0     209560.3050     0.3650   8.213E+03    47     0    555
3d9l_3Ke[8]             17.0     209560.3050     0.3650   8.213E+03    47     0    556
3d9k_3Lo[8]             17.0     209561.0850     0.3650   8.214E+03    46     0    557
3d9k_3Lo[7]             15.0     209561.0850     0.3650   8.214E+03    46     0    558
3d9h_3Fo[4]              9.0     209562.2170     0.3649   8.215E+03    46     0    559
3d9h_1Fo[3]              7.0     209562.2200     0.3649   8.215E+03    45     0    560
3d9k_3Ko[6]             13.0     209562.2500     0.3649   8.215E+03    46     0    561
3d9k_3Io[7]             15.0     209562.2500     0.3649   8.215E+03    46     0    562
3d9i_3Le[7]             15.0     209566.7600     0.3648   8.218E+03    47     0    563
3d9i_3Le[8]             17.0     209566.7600     0.3648   8.218E+03    47     0    564
3d9k_3Mo[9]             19.0     209566.7970     0.3648   8.218E+03    46     0    565
3d9k_3Mo[8]             17.0     209566.7970     0.3648   8.218E+03    46     0    566
3d9l_3Ne[10]            21.0     209567.5220     0.3648   8.218E+03    47     0    567
3d9l_3Ne[9]             19.0     209567.5220     0.3648   8.218E+03    47     0    568
3d9k_1Ho[5]             11.0     209567.9640     0.3648   8.219E+03    45     0    569
3d9k_3Ho[6]             13.0     209567.9640     0.3648   8.219E+03    46     0    570
3d9i_1Ge[4]              9.0     209568.8170     0.3648   8.219E+03    48     0    571
3d9i_3Ge[5]             11.0     209568.8170     0.3648   8.219E+03    47     0    572
3d9l_1Ie[6]             13.0     209569.0980     0.3647   8.219E+03    48     0    573
3d9l_3Ie[7]             15.0     209569.0980     0.3647   8.219E+03    47     0    574
3d9f_1Go[4]              9.0     209776.5730     0.3585   8.362E+03    45     0    575
3d9f_3Ho[6]             13.0     209798.2540     0.3579   8.377E+03    46     0    576
3d9f_3Go[4]              9.0     209813.2620     0.3574   8.388E+03    46     0    577
3d9f_1Do[2]              5.0     209820.9480     0.3572   8.393E+03    45     0    578
3d9f_3Fbo[3]             7.0     209823.5180     0.3571   8.395E+03    46     0    579
3d9f_3Go[5]             11.0     209829.5040     0.3569   8.399E+03    46     0    580
3d9f_1Fo[3]              7.0     209868.0370     0.3558   8.426E+03    45     0    581
3d9f_3Do[2]              5.0     209882.9530     0.3553   8.437E+03    46     0    582
3d9f_3Po[1]              3.0     209898.4500     0.3549   8.448E+03    46     0    583
3d9f_3Po[0]              1.0     209912.3870     0.3545   8.458E+03    46     0    584
3d9g_3Ge[5]             11.0     209914.2180     0.3544   8.459E+03    47     0    585
3d9g_3Ge[4]              9.0     209915.5410     0.3544   8.460E+03    47     0    586
3d9g_3Hbe[5]            11.0     209915.9590     0.3543   8.460E+03    47     0    587
3d9g_3He[6]             13.0     209916.9880     0.3543   8.461E+03    47     0    588
3d9g_3Gbe[3]             7.0     209923.4230     0.3541   8.466E+03    47     0    589
3d9g_3Fbe[4]             9.0     209924.3170     0.3541   8.466E+03    47     0    590
3d9f_1Ho[5]             11.0     209928.0610     0.3540   8.469E+03    45     0    591
3d9g_3Fe[2]              5.0     209937.2990     0.3537   8.476E+03    47     0    592
3d9g_3Ie[7]             15.0     209941.6160     0.3536   8.479E+03    47     0    593
3d9g_3Dbe[3]             7.0     209943.6380     0.3535   8.480E+03    47     0    594
3d9g_1Ie[6]             13.0     209944.7260     0.3535   8.481E+03    48     0    595
3d9h_3Ho[6]             13.0     209954.2300     0.3532   8.488E+03    46     0    596
3d9h_1Ho[5]             11.0     209954.2500     0.3532   8.488E+03    45     0    597
3d9h_1Io[6]             13.0     209956.5130     0.3531   8.490E+03    45     0    598
3d9h_3Io[7]             15.0     209956.5310     0.3531   8.490E+03    46     0    599
3d9h_3Hbo[4]             9.0     209958.5840     0.3531   8.491E+03    46     0    600
3d9h_3Gbo[5]            11.0     209958.6000     0.3531   8.491E+03    46     0    601
3d9g_3De[2]              5.0     209961.6440     0.3530   8.493E+03    47     0    602
3d9f_1Po[1]              3.0     209963.0770     0.3529   8.494E+03    45     0    603
3d9h_3Go[4]              9.0     209966.8840     0.3528   8.497E+03    46     0    604
3d9h_3Go[3]              7.0     209966.8870     0.3528   8.497E+03    46     0    605
3d9i_1Ie[6]             13.0     209968.0220     0.3528   8.498E+03    48     0    606
3d9i_3Ie[7]             15.0     209968.0220     0.3528   8.498E+03    47     0    607
3d9g_3De[1]              3.0     209968.3300     0.3528   8.498E+03    47     0    608
3d9l_3Le[9]             19.0     209968.6160     0.3528   8.498E+03    47     0    609
3d9l_1Le[8]             17.0     209968.6160     0.3528   8.498E+03    48     0    610
3d9i_3Ke[8]             17.0     209969.8040     0.3527   8.499E+03    47     0    611
3d9i_1Ke[7]             15.0     209969.8040     0.3527   8.499E+03    48     0    612
3d9i_3Hbe[6]            13.0     209970.3380     0.3527   8.500E+03    47     0    613
3d9i_3Ibe[5]            11.0     209970.3380     0.3527   8.500E+03    47     0    614
3d9l_3Lbe[7]            15.0     209970.5270     0.3527   8.500E+03    47     0    615
3d9l_3Kbe[8]            17.0     209970.5270     0.3527   8.500E+03    47     0    616
3d9l_3Me[10]            21.0     209971.0250     0.3527   8.500E+03    47     0    617
3d9l_1Me[9]             19.0     209971.0250     0.3527   8.500E+03    48     0    618
3d9h_3Ko[8]             17.0     209971.0370     0.3527   8.500E+03    46     0    619
3d9h_1Ko[7]             15.0     209971.0840     0.3527   8.500E+03    45     0    620
3d9k_3Ko[8]             17.0     209971.1040     0.3527   8.500E+03    46     0    621
3d9h_1Kbo[7]            15.0     209971.1140     0.3527   8.500E+03    45     0    622
3d9k_3Kbo[6]            13.0     209972.4220     0.3527   8.501E+03    46     0    623
3d9k_3Ibo[7]            15.0     209972.4220     0.3527   8.501E+03    46     0    624
3d9k_1Lo[8]             17.0     209972.5810     0.3526   8.501E+03    45     0    625
3d9k_3Lo[9]             19.0     209972.5810     0.3526   8.501E+03    46     0    626
3d9l_3Ke[6]             13.0     209975.0590     0.3526   8.503E+03    47     0    627
3d9l_3Ke[7]             15.0     209975.0590     0.3526   8.503E+03    47     0    628
3d9i_3He[5]             11.0     209975.2850     0.3526   8.503E+03    47     0    629
3d9i_3He[4]              9.0     209975.2850     0.3526   8.503E+03    47     0    630
3d9k_3Io[5]             11.0     209975.5780     0.3526   8.503E+03    46     0    631
3d9k_3Io[6]             13.0     209975.5780     0.3526   8.503E+03    46     0    632
3d9h_3Fo[2]              5.0     209976.9120     0.3525   8.504E+03    46     0    633
3d9h_3Fo[3]              7.0     209976.9150     0.3525   8.504E+03    46     0    634
3d9k_1Mo[9]             19.0     209978.0750     0.3525   8.505E+03    45     0    635
3d9k_3Mo[10]            21.0     209978.0750     0.3525   8.505E+03    46     0    636
3d9i_3Le[9]             19.0     209978.5560     0.3525   8.506E+03    47     0    637
3d9i_1Le[8]             17.0     209978.5560     0.3525   8.506E+03    48     0    638
3d9l_3Ne[11]            23.0     209979.4080     0.3524   8.506E+03    47     0    639
3d9l_1Ne[10]            21.0     209979.4080     0.3524   8.506E+03    48     0    640
3d9k_3Ho[5]             11.0     209979.7530     0.3524   8.506E+03    46     0    641
3d9k_3Ho[4]              9.0     209979.7530     0.3524   8.506E+03    46     0    642
3d9i_3Ge[3]              7.0     209981.5590     0.3524   8.508E+03    47     0    643
3d9i_3Ge[4]              9.0     209981.5590     0.3524   8.508E+03    47     0    644
3d9l_3Ie[5]             11.0     209981.6950     0.3524   8.508E+03    47     0    645
3d9l_3Ie[6]             13.0     209981.6950     0.3524   8.508E+03    47     0    646
3d9d_1Sbe[0]             1.0     210890.0750     0.3251   9.220E+03    48     0    647
4s(2S)5s_1Se[0]          1.0     214537.3110     0.2158   1.389E+04    49     0    648
4s(2S)4d_1De[2]          5.0     217377.9370     0.1306   2.295E+04    49     0    649
