Level              Type       Np          X1          X2          X2
3d2_3Fe               1       3   1.8556E+00   1.0000E+00   2.0000E+00
3d2_1De               1       3   1.8911E+00   1.0000E+00   2.0000E+00
3d2_3Pe               1       3   1.9009E+00   1.0000E+00   2.0000E+00
3d2_1Ge               1       3   1.9180E+00   1.0000E+00   2.0000E+00
3d2_1Se               1       3   2.0075E+00   1.0000E+00   2.0000E+00
3d4s_3De              1       3   2.0390E+00   1.0000E+00   2.0000E+00
3d4s_1De              1       3   2.0583E+00   1.0000E+00   2.0000E+00
3d4p_1Do              1       3   2.2814E+00   1.0000E+00   2.0000E+00
3d4p_3Do              1       3   2.2976E+00   1.0000E+00   2.0000E+00
3d4p_3Fo              1       3   2.3023E+00   1.0000E+00   2.0000E+00
3d4p_3Po              1       3   2.3279E+00   1.0000E+00   2.0000E+00
3d4p_1Fo              1       3   2.3457E+00   1.0000E+00   2.0000E+00
3d4p_1Po              1       3   2.3514E+00   1.0000E+00   2.0000E+00
4s2_1Se               1       3   2.5309E+00   1.0000E+00   2.0000E+00
3d4d_1Fe              1       3   2.8493E+00   1.0000E+00   2.0000E+00
3d4d_3De              1       3   2.8615E+00   1.0000E+00   2.0000E+00
3d4d_3Ge              1       3   2.8725E+00   1.0000E+00   2.0000E+00
3d4d_1Pe              1       3   2.8718E+00   1.0000E+00   2.0000E+00
3d4d_3Se              1       3   2.8951E+00   1.0000E+00   2.0000E+00
3d4d_3Fe              1       3   2.9358E+00   1.0000E+00   2.0000E+00
3d5s_3De              1       3   2.9502E+00   1.0000E+00   2.0000E+00
3d5s_1De              1       3   2.9578E+00   1.0000E+00   2.0000E+00
3d4d_1De              1       3   2.9723E+00   1.0000E+00   2.0000E+00
3d4d_3Pe              1       3   2.9767E+00   1.0000E+00   2.0000E+00
3d4d_1Ge              1       3   2.9885E+00   1.0000E+00   2.0000E+00
4s4p_3Po              1       3   3.0131E+00   1.0000E+00   2.0000E+00
3d4d_1Se              1       3   3.0551E+00   1.0000E+00   2.0000E+00
3d5p_1Do              1       3   3.1991E+00   1.0000E+00   2.0000E+00
3d5p_3Do              1       3   3.2118E+00   1.0000E+00   2.0000E+00
3d5p_3Fo              1       3   3.2205E+00   1.0000E+00   2.0000E+00
3d5p_3Po              1       3   3.2414E+00   1.0000E+00   2.0000E+00
3d5p_1Po              1       3   3.2472E+00   1.0000E+00   2.0000E+00
3d5p_1Fo              1       3   3.2529E+00   1.0000E+00   2.0000E+00
4s4p_1Po              1       3   3.4379E+00   1.0000E+00   2.0000E+00
3d4f_1Go              1       3   3.4671E+00   1.0000E+00   2.0000E+00
3d4f_3Fo              1       3   3.4759E+00   1.0000E+00   2.0000E+00
3d4f_3Go              1       3   3.4825E+00   1.0000E+00   2.0000E+00
3d4f_3Ho              1       3   3.4911E+00   1.0000E+00   2.0000E+00
3d4f_1Do              1       3   3.4902E+00   1.0000E+00   2.0000E+00
3d4f_1Fo              1       3   3.4918E+00   1.0000E+00   2.0000E+00
3d4f_3Do              1       3   3.4990E+00   1.0000E+00   2.0000E+00
3d4f_3Po              1       3   3.5163E+00   1.0000E+00   2.0000E+00
3d4f_1Ho              1       3   3.5164E+00   1.0000E+00   2.0000E+00
3d4f_1Po              1       3   3.5689E+00   1.0000E+00   2.0000E+00
3d5d_1Fe              1       3   3.7578E+00   1.0000E+00   2.0000E+00
3d5d_3De              1       3   3.7705E+00   1.0000E+00   2.0000E+00
3d5d_3Ge              1       3   3.7799E+00   1.0000E+00   2.0000E+00
3d5d_1Pe              1       3   3.7795E+00   1.0000E+00   2.0000E+00
3d5d_3Se              1       3   3.8006E+00   1.0000E+00   2.0000E+00
3d5d_3Fe              1       3   3.8319E+00   1.0000E+00   2.0000E+00
3d6s_3De              1       3   3.8422E+00   1.0000E+00   2.0000E+00
3d6s_1De              1       3   3.8496E+00   1.0000E+00   2.0000E+00
3d5d_3Pe              1       3   3.8641E+00   1.0000E+00   2.0000E+00
3d5d_1De              1       3   3.8712E+00   1.0000E+00   2.0000E+00
3d5d_1Ge              1       3   3.8827E+00   1.0000E+00   2.0000E+00
3d5d_1Se              1       3   3.9308E+00   1.0000E+00   2.0000E+00
3d6p_1Do              1       3   4.1021E+00   1.0000E+00   2.0000E+00
3d6p_3Do              1       3   4.1194E+00   1.0000E+00   2.0000E+00
3d6p_3Fo              1       3   4.1233E+00   1.0000E+00   2.0000E+00
3d6p_3Po              1       3   4.1423E+00   1.0000E+00   2.0000E+00
3d6p_1Fo              1       3   4.1542E+00   1.0000E+00   2.0000E+00
3d6p_1Po              1       3   4.1702E+00   1.0000E+00   2.0000E+00
3d5f_1Go              1       3   4.3387E+00   1.0000E+00   2.0000E+00
3d5f_3Fo              1       3   4.3520E+00   1.0000E+00   2.0000E+00
3d5f_3Ho              1       3   4.3612E+00   1.0000E+00   2.0000E+00
3d5f_3Go              1       3   4.3657E+00   1.0000E+00   2.0000E+00
3d5f_1Do              1       3   4.3647E+00   1.0000E+00   2.0000E+00
3d5f_3Do              1       3   4.3784E+00   1.0000E+00   2.0000E+00
3d5f_1Fo              1       3   4.3735E+00   1.0000E+00   2.0000E+00
3d(D1)5g_2{4}e        1       3   4.3819E+00   1.0000E+00   2.0000E+00
3d(D1)5g_2{3}e        1       3   4.3849E+00   1.0000E+00   2.0000E+00
3d(D1)5g_2{5}e        1       3   4.3905E+00   1.0000E+00   2.0000E+00
3d5f_3Po              1       3   4.3947E+00   1.0000E+00   2.0000E+00
3d(D1)5g_2{2}e        1       3   4.3936E+00   1.0000E+00   2.0000E+00
3d5f_1Ho              1       3   4.4008E+00   1.0000E+00   2.0000E+00
3d(D2)5g_2{4}e        1       3   4.4036E+00   1.0000E+00   2.0000E+00
3d(D2)5g_2{5}e        1       3   4.4055E+00   1.0000E+00   2.0000E+00
3d(D2)5g_2{3}e        1       3   4.4075E+00   1.0000E+00   2.0000E+00
3d5f_1Po              1       3   4.4124E+00   1.0000E+00   2.0000E+00
3d(D2)5g_2{2}e        1       3   4.4139E+00   1.0000E+00   2.0000E+00
3d(D2)5g_2{6}e        1       3   4.4146E+00   1.0000E+00   2.0000E+00
3d(D2)5g_2{1}e        1       3   4.4191E+00   1.0000E+00   2.0000E+00
4p2(1D)_1De           1       3   4.5673E+00   1.0000E+00   2.0000E+00
4p2(3P)_3Pe           1       3   4.6290E+00   1.0000E+00   2.0000E+00
3d6d_1Fe              1       3   4.6717E+00   1.0000E+00   2.0000E+00
3d6d_3De              1       3   4.6877E+00   1.0000E+00   2.0000E+00
3d6d_3Ge              1       3   4.6955E+00   1.0000E+00   2.0000E+00
3d6d_1Pe              1       3   4.6976E+00   1.0000E+00   2.0000E+00
3d6d_3Se              1       3   4.7170E+00   1.0000E+00   2.0000E+00
3d7s_3De              1       3   4.7397E+00   1.0000E+00   2.0000E+00
3d7s_1De              1       3   4.7564E+00   1.0000E+00   2.0000E+00
3d6d_3Fe              1       3   4.7752E+00   1.0000E+00   2.0000E+00
3d6d_1De              1       3   4.8289E+00   1.0000E+00   2.0000E+00
3d6d_3Pe              1       3   4.8454E+00   1.0000E+00   2.0000E+00
3d6d_1Ge              1       3   4.8346E+00   1.0000E+00   2.0000E+00
3d6d_1Se              1       3   4.8996E+00   1.0000E+00   2.0000E+00
3d7p_1Do              1       3   4.9900E+00   1.0000E+00   2.0000E+00
3d7p_3Do              1       3   5.0162E+00   1.0000E+00   2.0000E+00
3d7p_3Fo              1       3   5.0172E+00   1.0000E+00   2.0000E+00
3d7p_3Po              1       3   5.0366E+00   1.0000E+00   2.0000E+00
3d7p_1Dbo             1       3   5.0223E+00   1.0000E+00   2.0000E+00
3d7p_1Fo              1       3   5.0532E+00   1.0000E+00   2.0000E+00
3d7p_1Po              1       3   5.0684E+00   1.0000E+00   2.0000E+00
3d6f_1Go              1       3   5.2144E+00   1.0000E+00   2.0000E+00
3d6f_3Fo              1       3   5.2347E+00   1.0000E+00   2.0000E+00
3d6f_3Ho              1       3   5.2402E+00   1.0000E+00   2.0000E+00
3d6f_3Go              1       3   5.2564E+00   1.0000E+00   2.0000E+00
3d6f_1Do              1       3   5.2439E+00   1.0000E+00   2.0000E+00
3d6f_3Do              1       3   5.2702E+00   1.0000E+00   2.0000E+00
3d(D1)6g_2{4}e        1       3   5.2600E+00   1.0000E+00   2.0000E+00
3d(D1)6g_2{3}e        1       3   5.2631E+00   1.0000E+00   2.0000E+00
3d6f_3Fbo             1       3   5.2667E+00   1.0000E+00   2.0000E+00
3d6f_1Dbo             1       3   5.2669E+00   1.0000E+00   2.0000E+00
3d(D1)6h_2{5}o        1       3   5.2674E+00   1.0000E+00   2.0000E+00
3d(D1)6g_2{5}e        1       3   5.2690E+00   1.0000E+00   2.0000E+00
3d(D1)6h_2{4}o        1       3   5.2689E+00   1.0000E+00   2.0000E+00
3d6g_3De              1       3   5.2933E+00   1.0000E+00   2.0000E+00
3d6g_3Fe              1       3   5.2718E+00   1.0000E+00   2.0000E+00
3d(D1)6h_2{6}o        1       3   5.2727E+00   1.0000E+00   2.0000E+00
3d(D1)6h_2{3}o        1       3   5.2742E+00   1.0000E+00   2.0000E+00
3d6f_3Po              1       3   5.2873E+00   1.0000E+00   2.0000E+00
3d6f_1Ho              1       3   5.2972E+00   1.0000E+00   2.0000E+00
3d(D2)6g_2{4}e        1       3   5.2974E+00   1.0000E+00   2.0000E+00
3d(D2)6g_2{5}e        1       3   5.2985E+00   1.0000E+00   2.0000E+00
3d6g_1He              1       3   5.2986E+00   1.0000E+00   2.0000E+00
3d(D2)6g_2{3}e        1       3   5.3009E+00   1.0000E+00   2.0000E+00
3d(D2)6h_2{5}o        1       3   5.3044E+00   1.0000E+00   2.0000E+00
3d(D2)6h_2{6}o        1       3   5.3054E+00   1.0000E+00   2.0000E+00
3d(D2)6h_2{4}o        1       3   5.3061E+00   1.0000E+00   2.0000E+00
3d6g_3Fbe             1       3   5.3071E+00   1.0000E+00   2.0000E+00
3d(D2)6g_2{2}e        1       3   5.3071E+00   1.0000E+00   2.0000E+00
3d(D2)6g_2{6}e        1       3   5.3081E+00   1.0000E+00   2.0000E+00
3d(D2)6h_2{3}o        1       3   5.3095E+00   1.0000E+00   2.0000E+00
3d6f_1Po              1       3   5.3098E+00   1.0000E+00   2.0000E+00
3d(D2)6h_2{7}o        1       3   5.3109E+00   1.0000E+00   2.0000E+00
3d(D2)6h_2{2}o        1       3   5.3131E+00   1.0000E+00   2.0000E+00
3d7d_3Ge              1       3   5.5898E+00   1.0000E+00   2.0000E+00
3d7d_3De              1       3   5.5858E+00   1.0000E+00   2.0000E+00
3d7d_3Gbe             1       3   5.5748E+00   1.0000E+00   2.0000E+00
3d7d_1Pe              1       3   5.5921E+00   1.0000E+00   2.0000E+00
3d8s_3De              1       3   5.6276E+00   1.0000E+00   2.0000E+00
3d7d_3Se              1       3   5.6198E+00   1.0000E+00   2.0000E+00
3d7d_3Fe              1       3   5.6698E+00   1.0000E+00   2.0000E+00
3d8s_1De              1       3   5.6589E+00   1.0000E+00   2.0000E+00
3d7d_3Pe              1       3   5.7303E+00   1.0000E+00   2.0000E+00
3d7d_1De              1       3   5.7147E+00   1.0000E+00   2.0000E+00
3d7d_1Ge              1       3   5.7361E+00   1.0000E+00   2.0000E+00
3d7d_1Se              1       3   5.7830E+00   1.0000E+00   2.0000E+00
3d8p_1Do              1       3   5.8746E+00   1.0000E+00   2.0000E+00
3d8p_3Do              1       3   5.9153E+00   1.0000E+00   2.0000E+00
3d8p_3Fo              1       3   5.9106E+00   1.0000E+00   2.0000E+00
3d8p_3Po              1       3   5.9321E+00   1.0000E+00   2.0000E+00
3d8p_1Dbo             1       3   5.9278E+00   1.0000E+00   2.0000E+00
3d8p_1Fo              1       3   5.9570E+00   1.0000E+00   2.0000E+00
3d8p_1Po              1       3   5.9724E+00   1.0000E+00   2.0000E+00
3d7f_1Go              1       3   6.0942E+00   1.0000E+00   2.0000E+00
3d7f_3Fo              1       3   6.1242E+00   1.0000E+00   2.0000E+00
3d7f_3Ho              1       3   6.1289E+00   1.0000E+00   2.0000E+00
3d7f_3Go              1       3   6.1538E+00   1.0000E+00   2.0000E+00
3d7f_3Po              1       3   6.1553E+00   1.0000E+00   2.0000E+00
3d7f_3Do              1       3   6.1348E+00   1.0000E+00   2.0000E+00
3d7g_3He              1       3   6.1608E+00   1.0000E+00   2.0000E+00
3d7g_3Ge              1       3   6.1753E+00   1.0000E+00   2.0000E+00
3d7g_3Fe              1       3   6.1411E+00   1.0000E+00   2.0000E+00
3d7g_3Ie              1       3   6.1684E+00   1.0000E+00   2.0000E+00
3d7g_3De              1       3   6.1642E+00   1.0000E+00   2.0000E+00
3d(D1)7h_2{5}o        1       3   6.1459E+00   1.0000E+00   2.0000E+00
3d(D1)7h_2{4}o        1       3   6.1474E+00   1.0000E+00   2.0000E+00
3d(D1)7h_2{6}o        1       3   6.1513E+00   1.0000E+00   2.0000E+00
3d(D1)7h_2{3}o        1       3   6.1528E+00   1.0000E+00   2.0000E+00
3d7i_3Ke              1       3   6.1769E+00   1.0000E+00   2.0000E+00
3d7i_3Ie              1       3   6.1896E+00   1.0000E+00   2.0000E+00
3d7i_3He              1       3   6.1929E+00   1.0000E+00   2.0000E+00
3d7i_3Le              1       3   6.1794E+00   1.0000E+00   2.0000E+00
3d7i_3Ge              1       3   6.1944E+00   1.0000E+00   2.0000E+00
3d7i_1Ge              1       3   6.1564E+00   1.0000E+00   2.0000E+00
3d7f_1Do              1       3   6.1686E+00   1.0000E+00   2.0000E+00
3d7f_3Fbo             1       3   6.1691E+00   1.0000E+00   2.0000E+00
3d7f_1Fo              1       3   6.1820E+00   1.0000E+00   2.0000E+00
3d7f_3Pbo             1       3   6.1879E+00   1.0000E+00   2.0000E+00
3d7g_1Ge              1       3   6.1994E+00   1.0000E+00   2.0000E+00
3d7g_3Hbe             1       3   6.1998E+00   1.0000E+00   2.0000E+00
3d7f_1Ho              1       3   6.2012E+00   1.0000E+00   2.0000E+00
3d7g_3Gbe             1       3   6.2023E+00   1.0000E+00   2.0000E+00
3d7g_3Fbe             1       3   6.2040E+00   1.0000E+00   2.0000E+00
3d(D2)7h_2{5}o        1       3   6.2050E+00   1.0000E+00   2.0000E+00
3d(D2)7h_2{6}o        1       3   6.2060E+00   1.0000E+00   2.0000E+00
3d7g_3Dbe             1       3   6.2064E+00   1.0000E+00   2.0000E+00
3d(D2)7h_2{4}o        1       3   6.2067E+00   1.0000E+00   2.0000E+00
3d7g_1Ie              1       3   6.2091E+00   1.0000E+00   2.0000E+00
3d(D2)7h_2{3}o        1       3   6.2100E+00   1.0000E+00   2.0000E+00
3d7g_1De              1       3   6.2110E+00   1.0000E+00   2.0000E+00
3d(D2)7h_2{7}o        1       3   6.2115E+00   1.0000E+00   2.0000E+00
3d7f_1Po              1       3   6.2132E+00   1.0000E+00   2.0000E+00
3d(D2)7h_2{2}o        1       3   6.2137E+00   1.0000E+00   2.0000E+00
3d7i_1Ie              1       3   6.2164E+00   1.0000E+00   2.0000E+00
3d7i_1Ke              1       3   6.2171E+00   1.0000E+00   2.0000E+00
3d7i_3Hbe             1       3   6.2172E+00   1.0000E+00   2.0000E+00
3d7i_3Ibe             1       3   6.2172E+00   1.0000E+00   2.0000E+00
3d7i_1Le              1       3   6.2199E+00   1.0000E+00   2.0000E+00
3d8d_3De              1       3   6.4850E+00   1.0000E+00   2.0000E+00
3d8d_3Ge              1       3   6.4877E+00   1.0000E+00   2.0000E+00
3d8d_3Gbe             1       3   6.4645E+00   1.0000E+00   2.0000E+00
3d9s_3De              1       3   6.4999E+00   1.0000E+00   2.0000E+00
3d8d_3Se              1       3   6.4844E+00   1.0000E+00   2.0000E+00
3d8d_1Pe              1       3   6.5289E+00   1.0000E+00   2.0000E+00
3d8d_3Fe              1       3   6.5707E+00   1.0000E+00   2.0000E+00
3d9s_1De              1       3   6.5586E+00   1.0000E+00   2.0000E+00
3d8d_1Se              1       3   6.5635E+00   1.0000E+00   2.0000E+00
3d8d_1De              1       3   6.6172E+00   1.0000E+00   2.0000E+00
3d8d_3Pe              1       3   6.6414E+00   1.0000E+00   2.0000E+00
3d8d_1Ge              1       3   6.6460E+00   1.0000E+00   2.0000E+00
3d9p_1Do              1       3   6.7580E+00   1.0000E+00   2.0000E+00
3d9p_3Do              1       3   6.8187E+00   1.0000E+00   2.0000E+00
3d9p_3Fo              1       3   6.8061E+00   1.0000E+00   2.0000E+00
3d9p_3Po              1       3   6.8310E+00   1.0000E+00   2.0000E+00
3d9p_1Dbo             1       3   6.8401E+00   1.0000E+00   2.0000E+00
4s(2S)4d_3De          1       3   6.8561E+00   1.0000E+00   2.0000E+00
3d9p_1Fo              1       3   6.8684E+00   1.0000E+00   2.0000E+00
3d9p_1Po              1       3   6.8844E+00   1.0000E+00   2.0000E+00
3d8f_1Go              1       3   6.9746E+00   1.0000E+00   2.0000E+00
3d8f_3Fo              1       3   7.0180E+00   1.0000E+00   2.0000E+00
3d8f_3Ho              1       3   7.0218E+00   1.0000E+00   2.0000E+00
3d8f_3Go              1       3   7.0577E+00   1.0000E+00   2.0000E+00
3d8f_3Po              1       3   7.0502E+00   1.0000E+00   2.0000E+00
3d8g_3He              1       3   7.0529E+00   1.0000E+00   2.0000E+00
3d8f_3Do              1       3   7.0176E+00   1.0000E+00   2.0000E+00
3d8g_3Ge              1       3   7.0743E+00   1.0000E+00   2.0000E+00
3d8g_3Fe              1       3   7.0540E+00   1.0000E+00   2.0000E+00
3d8g_3Ie              1       3   7.0603E+00   1.0000E+00   2.0000E+00
3d8h_3Io              1       3   7.0652E+00   1.0000E+00   2.0000E+00
3d8g_1De              1       3   7.0296E+00   1.0000E+00   2.0000E+00
3d8h_3Ho              1       3   7.0851E+00   1.0000E+00   2.0000E+00
3d8h_3Go              1       3   7.0878E+00   1.0000E+00   2.0000E+00
3d8i_3Ke              1       3   7.0689E+00   1.0000E+00   2.0000E+00
3d8h_3Ko              1       3   7.0693E+00   1.0000E+00   2.0000E+00
3d8i_3Ie              1       3   7.0879E+00   1.0000E+00   2.0000E+00
3d8i_3He              1       3   7.0921E+00   1.0000E+00   2.0000E+00
3d8k_3Lo              1       3   7.0695E+00   1.0000E+00   2.0000E+00
3d8k_3Ko              1       3   7.0880E+00   1.0000E+00   2.0000E+00
3d8k_3Io              1       3   7.0935E+00   1.0000E+00   2.0000E+00
3d8h_3Fo              1       3   7.0896E+00   1.0000E+00   2.0000E+00
3d8h_1Fo              1       3   7.0347E+00   1.0000E+00   2.0000E+00
3d8i_3Le              1       3   7.0712E+00   1.0000E+00   2.0000E+00
3d8k_3Mo              1       3   7.0709E+00   1.0000E+00   2.0000E+00
3d8g_3De              1       3   7.0878E+00   1.0000E+00   2.0000E+00
3d8k_3Ho              1       3   7.0942E+00   1.0000E+00   2.0000E+00
3d8k_1Ho              1       3   7.0364E+00   1.0000E+00   2.0000E+00
3d8i_1Ge              1       3   7.0366E+00   1.0000E+00   2.0000E+00
3d8i_3Ge              1       3   7.0933E+00   1.0000E+00   2.0000E+00
3d8f_1Do              1       3   7.0797E+00   1.0000E+00   2.0000E+00
3d8f_3Fbo             1       3   7.0805E+00   1.0000E+00   2.0000E+00
3d8f_1Fo              1       3   7.0948E+00   1.0000E+00   2.0000E+00
3d8f_3Pbo             1       3   7.0998E+00   1.0000E+00   2.0000E+00
3d8g_1Ge              1       3   7.1111E+00   1.0000E+00   2.0000E+00
3d8g_3Hbe             1       3   7.1113E+00   1.0000E+00   2.0000E+00
3d8f_1Ho              1       3   7.1137E+00   1.0000E+00   2.0000E+00
3d8g_3Gbe             1       3   7.1138E+00   1.0000E+00   2.0000E+00
3d8g_3Fbe             1       3   7.1141E+00   1.0000E+00   2.0000E+00
3d8g_1Ie              1       3   7.1209E+00   1.0000E+00   2.0000E+00
3d8g_3Dbe             1       3   7.1240E+00   1.0000E+00   2.0000E+00
3d8h_1Ho              1       3   7.1241E+00   1.0000E+00   2.0000E+00
3d8h_1Io              1       3   7.1248E+00   1.0000E+00   2.0000E+00
3d8h_3Hbo             1       3   7.1255E+00   1.0000E+00   2.0000E+00
3d8h_3Gbo             1       3   7.1255E+00   1.0000E+00   2.0000E+00
3d8f_1Po              1       3   7.1265E+00   1.0000E+00   2.0000E+00
3d8i_1Ie              1       3   7.1284E+00   1.0000E+00   2.0000E+00
3d8i_1Ke              1       3   7.1291E+00   1.0000E+00   2.0000E+00
3d8i_3Ibe             1       3   7.1292E+00   1.0000E+00   2.0000E+00
3d8i_3Hbe             1       3   7.1292E+00   1.0000E+00   2.0000E+00
3d8k_1Ko              1       3   7.1296E+00   1.0000E+00   2.0000E+00
3d8h_1Ko              1       3   7.1298E+00   1.0000E+00   2.0000E+00
3d8k_3Kbo             1       3   7.1301E+00   1.0000E+00   2.0000E+00
3d8k_3Ibo             1       3   7.1301E+00   1.0000E+00   2.0000E+00
3d8k_1Lo              1       3   7.1301E+00   1.0000E+00   2.0000E+00
3d8k_1Mo              1       3   7.1320E+00   1.0000E+00   2.0000E+00
3d8i_1Le              1       3   7.1320E+00   1.0000E+00   2.0000E+00
3d9d_1Se              1       3   7.2438E+00   1.0000E+00   2.0000E+00
3d9d_3Ge              1       3   7.3890E+00   1.0000E+00   2.0000E+00
3d9d_3De              1       3   7.3895E+00   1.0000E+00   2.0000E+00
3d9d_1Fe              1       3   7.3538E+00   1.0000E+00   2.0000E+00
3d9d_3Se              1       3   7.3766E+00   1.0000E+00   2.0000E+00
3d9d_3Fe              1       3   7.4798E+00   1.0000E+00   2.0000E+00
3d9d_1Pe              1       3   7.4474E+00   1.0000E+00   2.0000E+00
3d9d_3Pe              1       3   7.5597E+00   1.0000E+00   2.0000E+00
3d9d_1De              1       3   7.5277E+00   1.0000E+00   2.0000E+00
3d9d_1Ge              1       3   7.5723E+00   1.0000E+00   2.0000E+00
4s(2S)5s_3Se          1       3   7.6728E+00   1.0000E+00   2.0000E+00
3d9f_3Ho              1       3   7.9170E+00   1.0000E+00   2.0000E+00
3d9f_3Fo              1       3   7.8649E+00   1.0000E+00   2.0000E+00
3d9f_3Hbo             1       3   7.8627E+00   1.0000E+00   2.0000E+00
3d9f_3Go              1       3   7.9686E+00   1.0000E+00   2.0000E+00
3d9f_3Po              1       3   7.9494E+00   1.0000E+00   2.0000E+00
3d9g_3He              1       3   7.9493E+00   1.0000E+00   2.0000E+00
3d9g_3Ge              1       3   7.9973E+00   1.0000E+00   2.0000E+00
3d9g_3Fe              1       3   7.9487E+00   1.0000E+00   2.0000E+00
3d9f_3Do              1       3   7.9754E+00   1.0000E+00   2.0000E+00
3d9g_3Ie              1       3   7.9564E+00   1.0000E+00   2.0000E+00
3d9g_1De              1       3   7.9072E+00   1.0000E+00   2.0000E+00
3d9h_3Io              1       3   7.9614E+00   1.0000E+00   2.0000E+00
3d9g_3De              1       3   7.9833E+00   1.0000E+00   2.0000E+00
3d9h_3Ho              1       3   7.9898E+00   1.0000E+00   2.0000E+00
3d9h_3Go              1       3   7.9926E+00   1.0000E+00   2.0000E+00
3d9i_3Ke              1       3   7.9650E+00   1.0000E+00   2.0000E+00
3d9h_3Ko              1       3   7.9653E+00   1.0000E+00   2.0000E+00
3d9l_3Me              1       3   7.9641E+00   1.0000E+00   2.0000E+00
3d9i_3He              1       3   7.9978E+00   1.0000E+00   2.0000E+00
3d9i_3Ie              1       3   7.9923E+00   1.0000E+00   2.0000E+00
3d9l_3Le              1       3   7.9900E+00   1.0000E+00   2.0000E+00
3d9l_3Ke              1       3   8.0000E+00   1.0000E+00   2.0000E+00
3d9k_3Lo              1       3   7.9653E+00   1.0000E+00   2.0000E+00
3d9h_3Fo              1       3   7.9936E+00   1.0000E+00   2.0000E+00
3d9h_1Fo              1       3   7.9154E+00   1.0000E+00   2.0000E+00
3d9k_3Ko              1       3   7.9918E+00   1.0000E+00   2.0000E+00
3d9k_3Io              1       3   7.9994E+00   1.0000E+00   2.0000E+00
3d9i_3Le              1       3   7.9672E+00   1.0000E+00   2.0000E+00
3d9k_3Mo              1       3   7.9666E+00   1.0000E+00   2.0000E+00
3d9l_3Ne              1       3   7.9665E+00   1.0000E+00   2.0000E+00
3d9k_1Ho              1       3   7.9172E+00   1.0000E+00   2.0000E+00
3d9k_3Ho              1       3   7.9997E+00   1.0000E+00   2.0000E+00
3d9i_1Ge              1       3   7.9175E+00   1.0000E+00   2.0000E+00
3d9i_3Ge              1       3   7.9983E+00   1.0000E+00   2.0000E+00
3d9l_1Ie              1       3   7.9176E+00   1.0000E+00   2.0000E+00
3d9l_3Ie              1       3   8.0015E+00   1.0000E+00   2.0000E+00
3d9f_1Go              1       3   7.9860E+00   1.0000E+00   2.0000E+00
3d9f_1Do              1       3   8.0009E+00   1.0000E+00   2.0000E+00
3d9f_3Fbo             1       3   8.0017E+00   1.0000E+00   2.0000E+00
3d9f_1Fo              1       3   8.0167E+00   1.0000E+00   2.0000E+00
3d9g_3Hbe             1       3   8.0329E+00   1.0000E+00   2.0000E+00
3d9g_3Gbe             1       3   8.0355E+00   1.0000E+00   2.0000E+00
3d9g_3Fbe             1       3   8.0358E+00   1.0000E+00   2.0000E+00
3d9f_1Ho              1       3   8.0371E+00   1.0000E+00   2.0000E+00
3d9g_3Dbe             1       3   8.0424E+00   1.0000E+00   2.0000E+00
3d9g_1Ie              1       3   8.0427E+00   1.0000E+00   2.0000E+00
3d9h_1Ho              1       3   8.0460E+00   1.0000E+00   2.0000E+00
3d9h_1Io              1       3   8.0468E+00   1.0000E+00   2.0000E+00
3d9h_3Hbo             1       3   8.0475E+00   1.0000E+00   2.0000E+00
3d9h_3Gbo             1       3   8.0475E+00   1.0000E+00   2.0000E+00
3d9f_1Po              1       3   8.0490E+00   1.0000E+00   2.0000E+00
3d9i_1Ie              1       3   8.0507E+00   1.0000E+00   2.0000E+00
3d9l_1Le              1       3   8.0509E+00   1.0000E+00   2.0000E+00
3d9i_1Ke              1       3   8.0513E+00   1.0000E+00   2.0000E+00
3d9i_3Hbe             1       3   8.0515E+00   1.0000E+00   2.0000E+00
3d9i_3Ibe             1       3   8.0515E+00   1.0000E+00   2.0000E+00
3d9l_3Lbe             1       3   8.0516E+00   1.0000E+00   2.0000E+00
3d9l_3Kbe             1       3   8.0516E+00   1.0000E+00   2.0000E+00
3d9l_1Me              1       3   8.0517E+00   1.0000E+00   2.0000E+00
3d9h_1Ko              1       3   8.0517E+00   1.0000E+00   2.0000E+00
3d9h_1Kbo             1       3   8.0518E+00   1.0000E+00   2.0000E+00
3d9k_3Kbo             1       3   8.0522E+00   1.0000E+00   2.0000E+00
3d9k_3Ibo             1       3   8.0522E+00   1.0000E+00   2.0000E+00
3d9k_1Lo              1       3   8.0523E+00   1.0000E+00   2.0000E+00
3d9k_1Mo              1       3   8.0541E+00   1.0000E+00   2.0000E+00
3d9i_1Le              1       3   8.0543E+00   1.0000E+00   2.0000E+00
3d9l_1Ne              1       3   8.0546E+00   1.0000E+00   2.0000E+00
3d9d_1Sbe             1       3   8.3859E+00   1.0000E+00   2.0000E+00
4s(2S)5s_1Se          1       3   1.0294E+01   1.0000E+00   2.0000E+00
4s(2S)4d_1De          1       3   1.3230E+01   1.0000E+00   2.0000E+00
