********************************************************************************
                                                                                
Super level aasignments for NaIX                 
                                                                                
                   g        E(cm^-1)    10^15 Hz     eV       Lam(A)       ID   
********************************************************************************
                                                                                
25-Oct-2002                            !Date
71                                     !Number of energy levels
6                                      !Entry number of link to super level
  
2s_2Se[1/2]        2.0          0.0000    72.5069   4.135E+01     1     0      1
2p_2Po[1/2]        2.0     144062.0000    68.1880   4.397E+01     2     0      2
2p_2Po[3/2]        4.0     146688.0000    68.1093   4.402E+01     2     0      3
3s_2Se[1/2]        2.0    1375950.0000    31.2570   9.591E+01     3     0      4
3p_2Po[1/2]        2.0    1415370.0000    30.0752   9.968E+01     4     0      5
3p_2Po[3/2]        4.0    1416130.0000    30.0524   9.976E+01     4     0      6
3d_2De[3/2]        4.0    1430000.0000    29.6366   1.012E+02     5     0      7
3d_2De[5/2]        6.0    1430200.0000    29.6306   1.012E+02     5     0      8
4s_2Se[1/2]        2.0    1840350.0000    17.3346   1.729E+02     6     0      9
4p_2Po[1/2]        2.0    1856440.0000    16.8522   1.779E+02     7     0     10
4p_2Po[3/2]        4.0    1856770.0000    16.8423   1.780E+02     7     0     11
4d_2De[3/2]        4.0    1862250.0000    16.6781   1.798E+02     8     0     12
4d_2De[5/2]        6.0    1862570.0000    16.6685   1.799E+02     8     0     13
4f_2Fo[5/2]        6.0    1862930.0000    16.6577   1.800E+02     9     0     14
4f_2Fo[7/2]        8.0    1862980.0000    16.6562   1.800E+02     9     0     15
5s_2Se[1/2]        2.0    2051520.0000    11.0039   2.724E+02    10     0     16
5p_2Po[1/2]        2.0    2059600.0000    10.7616   2.786E+02    11     0     17
5p_2Po[3/2]        4.0    2059600.0000    10.7616   2.786E+02    11     0     18
5d_2De[3/2]        4.0    2062860.0000    10.6639   2.811E+02    12     0     19
5d_2De[5/2]        6.0    2062910.0000    10.6624   2.812E+02    12     0     20
5z_2Z             18.0    2063029.5879    10.6588   2.813E+02    13     0     21
5f_2Fo            14.0    2063029.5879    10.6588   2.813E+02    14     0     22
6s_2Se             2.0    2165100.4500     7.5988   3.945E+02    10     0     23
6p_2Po[1/2]        2.0    2169670.0000     7.4618   4.018E+02    11     0     24
6p_2Po[3/2]        4.0    2169670.0000     7.4618   4.018E+02    11     0     25
6d_2De[3/2]        4.0    2171390.0000     7.4103   4.046E+02    12     0     26
6d_2De[5/2]        6.0    2171550.0000     7.4055   4.048E+02    12     0     27
6f_2Fo            14.0    2171666.9360     7.4020   4.050E+02    14     0     28
6z_2Z             40.0    2171666.9360     7.4020   4.050E+02    13     0     29
7s_2Se             2.0    2233044.9030     5.5619   5.390E+02    15     0     30
7p_2Po[1/2]        2.0    2235890.0000     5.4766   5.474E+02    16     0     31
7p_2Po[3/2]        4.0    2235890.0000     5.4766   5.474E+02    16     0     32
7d_2De[3/2]        4.0    2237160.0000     5.4385   5.512E+02    17     0     33
7d_2De[5/2]        6.0    2237170.0000     5.4382   5.513E+02    17     0     34
7f_2Fo            14.0    2237171.8305     5.4382   5.513E+02    18     0     35
7z_2Z             66.0    2237171.8305     5.4382   5.513E+02    19     0     36
8s_2Se             2.0    2276917.1500     4.2466   7.060E+02    15     0     37
8p_2Po             6.0    2278858.1350     4.1885   7.158E+02    16     0     38
8d_2De            10.0    2279568.4950     4.1672   7.194E+02    17     0     39
8f_2Fo            14.0    2279687.0265     4.1636   7.200E+02    18     0     40
8z_2Z             96.0    2279687.0265     4.1636   7.200E+02    19     0     41
9s_2Se             2.0    2306892.3500     3.3480   8.954E+02    20     0     42
9p_2Po             6.0    2308253.0400     3.3072   9.065E+02    21     0     43
9d_2De            10.0    2308743.2890     3.2925   9.105E+02    22     0     44
9z_2Z            130.0    2308835.3049     3.2898   9.113E+02    23     0     45
9f_2Fo            14.0    2308835.3049     3.2898   9.113E+02    24     0     46
10s_2Se            2.0    2328263.1870     2.7073   1.107E+03    20     0     47
10p_2Po            6.0    2329253.6890     2.6776   1.120E+03    21     0     48
10d_2De           10.0    2329613.8720     2.6668   1.124E+03    22     0     49
10z_2Z           168.0    2329684.8970     2.6647   1.125E+03    23     0     50
10f_2Fo           14.0    2329684.8970     2.6647   1.125E+03    24     0     51
11w_2W           242.0    2345111.2372     2.2022   1.361E+03    25     0     52
12w_2W           288.0    2356844.2340     1.8505   1.620E+03    25     0     53
13w_2W           338.0    2365975.2645     1.5768   1.901E+03    25     0     54
14w_2W           392.0    2373220.4576     1.3595   2.205E+03    25     0     55
15w_2W           450.0    2379065.5098     1.1843   2.531E+03    25     0     56
16w_2W           512.0    2383849.2566     1.0409   2.880E+03    26     0     57
17w_2W           578.0    2387813.9090     0.9220   3.251E+03    26     0     58
18w_2W           648.0    2391136.3262     0.8224   3.645E+03    26     0     59
19w_2W           722.0    2393948.0878     0.7381   4.061E+03    26     0     60
20w_2W           800.0    2396348.7242     0.6662   4.500E+03    26     0     61
21w_2W           882.0    2398414.6478     0.6042   4.961E+03    27     0     62
22w_2W           968.0    2400205.3093     0.5506   5.445E+03    27     0     63
23w_2W          1058.0    2401767.5231     0.5037   5.952E+03    27     0     64
24w_2W          1152.0    2403138.5585     0.4626   6.480E+03    27     0     65
25w_2W          1250.0    2404348.3835     0.4264   7.032E+03    27     0     66
26w_2W          1352.0    2405421.3161     0.3942   7.605E+03    27     0     67
27w_2W          1458.0    2406377.2561     0.3655   8.202E+03    27     0     68
28w_2W          1568.0    2407232.6144     0.3399   8.820E+03    27     0     69
29w_2W          1682.0    2408001.0222     0.3168   9.462E+03    27     0     70
30w_2W          1800.0    2408693.8774     0.2961   1.013E+04    27     0     71
