********************************************************************************
                                                                                
                 Super levels assignments for F2
                 E%LS wit /\E=1%
                                                                                
                             g        E(cm^-1)    10^15 Hz     eV       Lam(A)  
********************************************************************************
                                                                                
07-Oct-2001                            !Date
188                                    !Number of energy levels
6                                      !Entry number of link to super level
  
2s2_2p4_3Pe[2]               5.0          0.0000     8.4559   3.545E+02     1     0      1
2s2_2p4_3Pe[1]               3.0        341.0000     8.4457   3.550E+02     1     0      2
2s2_2p4_3Pe[0]               1.0        489.9000     8.4412   3.552E+02     1     0      3
2s2_2p4_1De[2]               5.0      20873.4000     7.8301   3.829E+02     2     0      4
2s2_2p4_1Se[0]               1.0      44918.1000     7.1093   4.217E+02     3     0      5
2s_2p5_3Po[2]                5.0     164797.8800     3.5154   8.528E+02     4     0      6
2s_2p5_3Po[1]                3.0     165106.6600     3.5061   8.551E+02     4     0      7
2s_2p5_3Po[0]                1.0     165279.1900     3.5010   8.563E+02     4     0      8
2s2_2p3(4So)3s_5So[2]        5.0     176493.9300     3.1647   9.473E+02     5     0      9
2s2_2p3(4So)3s_3So[1]        3.0     182864.4000     2.9738   1.008E+03     6     0     10
2s2_2p3(4So)3p_5Pe[1]        3.0     202449.3500     2.3866   1.256E+03     7     0     11
2s2_2p3(4So)3p_5Pe[2]        5.0     202460.6900     2.3863   1.256E+03     7     0     12
2s2_2p3(4So)3p_5Pe[3]        7.0     202480.2600     2.3857   1.257E+03     7     0     13
2s2_2p3(4So)3p_3Pe[1]        3.0     207699.0700     2.2292   1.345E+03     8     0     14
2s2_2p3(4So)3p_3Pe[0]        1.0     207702.0400     2.2292   1.345E+03     8     0     15
2s2_2p3(4So)3p_3Pe[2]        5.0     207703.7900     2.2291   1.345E+03     8     0     16
2s2_2p3(2Do)3s_3Do[3]        7.0     211866.1300     2.1043   1.425E+03     9     0     17
2s2_2p3(2Do)3s_3Do[2]        5.0     211887.1900     2.1037   1.425E+03     9     0     18
2s2_2p3(2Do)3s_3Do[1]        3.0     211900.2600     2.1033   1.425E+03     9     0     19
2s2_2p3(2Do)3s_1Do[2]        5.0     215069.5900     2.0083   1.493E+03    10     0     20
2s2_2p3(2Po)3s_1Po[1]        3.0     227228.4200     1.6438   1.824E+03    11     0     21
2s2_2p3(2Do)3p_1Pe           3.0     228173.3431     1.6154   1.856E+03    12     0     22
2s2_2p3(2Po)3s_3Po[2]        5.0     229550.1100     1.5742   1.904E+03    13     0     23
2s2_2p3(2Po)3s_3Po[1]        3.0     229551.7900     1.5741   1.905E+03    13     0     24
2s2_2p3(2Po)3s_3Po[0]        1.0     229554.4500     1.5740   1.905E+03    13     0     25
2s2_2p3(2Do)3p_1Fe           7.0     230347.9822     1.5502   1.934E+03    12     0     26
2s2_2p3(4So)3d_5Do[4]        9.0     230997.6600     1.5308   1.958E+03    14     0     27
2s2_2p3(4So)3d_5Do[3]        7.0     230998.6000     1.5307   1.958E+03    14     0     28
2s2_2p3(4So)3d_5Do[2]        5.0     230999.7800     1.5307   1.959E+03    14     0     29
2s2_2p3(4So)3d_5Do[1]        3.0     231000.7900     1.5307   1.959E+03    14     0     30
2s2_2p3(4So)3d_3Do[1]        3.0     232063.3400     1.4988   2.000E+03    15     0     31
2s2_2p3(4So)3d_3Do[2]        5.0     232064.1600     1.4988   2.000E+03    15     0     32
2s2_2p3(4So)3d_3Do[3]        7.0     232066.3200     1.4987   2.000E+03    15     0     33
2s2_2p3(2Do)3p_3De[1]        3.0     236169.9300     1.3757   2.179E+03    16     0     34
2s2_2p3(2Do)3p_3De[2]        5.0     236172.6100     1.3756   2.179E+03    16     0     35
2s2_2p3(2Do)3p_3De[3]        7.0     236195.1400     1.3750   2.180E+03    16     0     36
2s2_2p3(2Do)3p_1De           5.0     236549.2862     1.3643   2.197E+03    17     0     37
2s2_2p3(4So)4s_3So[1]        3.0     236960.8300     1.3520   2.217E+03    18     0     38
2s2_2p3(2Do)3p_3Fe[4]        9.0     237507.6500     1.3356   2.245E+03    16     0     39
2s2_2p3(2Do)3p_3Fe[3]        7.0     237508.2300     1.3356   2.245E+03    16     0     40
2s2_2p3(2Do)3p_3Fe[2]        5.0     237508.9200     1.3356   2.245E+03    16     0     41
2s_2p5_1Po[1]                3.0     239605.2900     1.2727   2.356E+03    19     0     42
2s2_2p3(2Po)3p_1Pe           3.0     239835.0516     1.2658   2.368E+03    20     0     43
2s2_2p3(2Do)3p_3Pe[2]        5.0     240092.5500     1.2581   2.383E+03    21     0     44
2s2_2p3(2Do)3p_3Pe[1]        3.0     240152.7100     1.2563   2.386E+03    21     0     45
2s2_2p3(2Do)3p_3Pe[0]        1.0     240179.2200     1.2555   2.388E+03    21     0     46
2s2_2p3(4So)4s_5So           5.0     240335.2138     1.2508   2.397E+03    22     0     47
2s2_2p3(2Po)3p_1De           5.0     242802.2080     1.1769   2.547E+03    23     0     48
2s2_2p3(4So)4p_5Pe          15.0     246226.8084     1.0742   2.791E+03    24     0     49
2s2_2p3(4So)4p_3Pe           9.0     248324.0200     1.0113   2.964E+03    25     0     50
2s2_2p3(2Po)3p_1Se           1.0     248647.5240     1.0016   2.993E+03    26     0     51
2s2_2p3(2Do)3d_1So           1.0     248659.0933     1.0013   2.994E+03    27     0     52
2s2_2p3(2Do)3d_1Go           9.0     249353.2693     0.9805   3.058E+03    27     0     53
2s2_2p3(4So)4d_5Do          25.0     253150.3218     0.8666   3.459E+03    28     0     54
2s2_2p3(2Po)3p_3Se[1]        3.0     253312.4800     0.8618   3.479E+03    29     0     55
2s2_2p3(4So)4d_3Do          15.0     254104.8133     0.8380   3.577E+03    30     0     56
2s2_2p3(4So)4f_5Fe          35.0     254540.0080     0.8250   3.634E+03    31     0     57
2s2_2p3(4So)4f_3Fe          21.0     254560.4773     0.8244   3.637E+03    29     0     58
2s2_2p3(2Po)3p_3De[3]        7.0     254701.6200     0.8201   3.655E+03    29     0     59
2s2_2p3(2Po)3p_3De[2]        5.0     254716.6800     0.8197   3.657E+03    29     0     60
2s2_2p3(2Po)3p_3De[1]        3.0     254723.2800     0.8195   3.658E+03    29     0     61
2s2_2p3(2Po)3p_3Pe[0]        1.0     257252.8400     0.7437   4.031E+03    32     0     62
2s2_2p3(2Po)3p_3Pe[1]        3.0     257267.3000     0.7432   4.034E+03    32     0     63
2s2_2p3(2Po)3p_3Pe[2]        5.0     257290.8400     0.7425   4.038E+03    32     0     64
2s2_2p3(4So)5s_5So           5.0     257702.0680     0.7302   4.106E+03    33     0     65
2s2_2p3(2Po)3d_3Po[2]        5.0     258058.6000     0.7195   4.167E+03    34     0     66
2s2_2p3(2Po)3d_3Po[0]        1.0     258058.6000     0.7195   4.167E+03    34     0     67
2s2_2p3(2Po)3d_3Po[1]        3.0     258058.6000     0.7195   4.167E+03    34     0     68
2s2_2p3(2Po)3d_1Do[2]        5.0     258147.4889     0.7168   4.182E+03    35     0     69
2s2_2p3(4So)5s_3So           3.0     258323.2662     0.7116   4.213E+03    34     0     70
2s2_2p3(2Po)3d_3Fo          21.0     258611.1711     0.7029   4.265E+03    34     0     71
2s2_2p3(2Do)4s_3Do          15.0     258626.7458     0.7025   4.268E+03    34     0     72
2s2_2p3(2Po)3d_1Po[1]        3.0     258680.8222     0.7008   4.278E+03    35     0     73
2s2_2p3(2Po)3d_3Do[3]        7.0     259036.3778     0.6902   4.344E+03    34     0     74
2s2_2p3(2Po)3d_3Do[2]        5.0     259036.3778     0.6902   4.344E+03    34     0     75
2s2_2p3(2Po)3d_3Do[1]        3.0     259036.3778     0.6902   4.344E+03    34     0     76
2s2_2p3(2Po)3d_1Fo[3]        7.0     259036.3778     0.6902   4.344E+03    35     0     77
2s2_2p3(2Do)4s_1Do           5.0     260044.9111     0.6600   4.543E+03    35     0     78
2s2_2p3(4So)5p_5Pe          15.0     260398.6738     0.6493   4.617E+03    36     0     79
2s2_2p3(4So)5p_3Pe           9.0     261083.9498     0.6288   4.768E+03    37     0     80
2s2_2p3(4So)5d_5Do          25.0     263708.0231     0.5501   5.449E+03    38     0     81
2s2_2p3(4So)5d_3Do          15.0     264197.9511     0.5354   5.599E+03    39     0     82
2s2_2p3(4So)5f_5Fe          35.0     264440.4676     0.5282   5.676E+03    40     0     83
2s2_2p3(2Do)4p_3Fe          21.0     264456.9320     0.5277   5.681E+03    41     0     84
2s2_2p3(4So)5f_3Fe          21.0     264456.9320     0.5277   5.681E+03    41     0     85
2s2_2p3(2Do)4p_3De          15.0     264614.0116     0.5230   5.732E+03    41     0     86
2s2_2p3(2Do)4p_1Pe           3.0     264655.8404     0.5217   5.746E+03    42     0     87
2s2_2p3(2Do)3d_3Fo[2]        5.0     264952.6900     0.5128   5.846E+03    39     0     88
2s2_2p3(2Do)3d_3Fo[3]        7.0     264958.2900     0.5127   5.848E+03    39     0     89
2s2_2p3(2Do)3d_3Fo[4]        9.0     264965.6800     0.5124   5.850E+03    39     0     90
2s2_2p3(2Do)4p_1Fe           7.0     265158.6729     0.5066   5.917E+03    42     0     91
2s2_2p3(2Do)3d_3Go[5]       11.0     265255.6400     0.5037   5.951E+03    39     0     92
2s2_2p3(2Do)3d_3Go[4]        9.0     265267.3700     0.5034   5.955E+03    39     0     93
2s2_2p3(2Do)3d_3Go[3]        7.0     265288.8700     0.5027   5.963E+03    39     0     94
2s2_2p3(2Do)3d_3Do[3]        7.0     265472.3100     0.4972   6.029E+03    39     0     95
2s2_2p3(2Do)3d_3Do[2]        5.0     265498.4100     0.4965   6.039E+03    39     0     96
2s2_2p3(2Do)3d_3Do[1]        3.0     265516.5700     0.4959   6.045E+03    39     0     97
2s2_2p3(2Do)4p_3Pe           9.0     265804.3453     0.4873   6.152E+03    41     0     98
2s2_2p3(4So)6s_5So           5.0     266103.8196     0.4783   6.268E+03    38     0     99
2s2_2p3(2Do)3d_1Do[2]        5.0     266270.1100     0.4733   6.334E+03    43     0    100
2s2_2p3(2Do)3d_3So[1]        3.0     266360.6000     0.4706   6.370E+03    39     0    101
2s2_2p3(4So)6s_3So           3.0     266432.2182     0.4685   6.399E+03    39     0    102
2s2_2p3(2Do)3d_3Po[2]        5.0     266453.8800     0.4678   6.408E+03    39     0    103
2s2_2p3(2Do)3d_3Po[1]        3.0     266498.7400     0.4665   6.427E+03    39     0    104
2s2_2p3(2Do)3d_3Po[0]        1.0     266516.4300     0.4659   6.434E+03    39     0    105
2s2_2p3(2Do)3d_1Fo[3]        7.0     266548.4800     0.4650   6.447E+03    43     0    106
2s2_2p3(2Do)3d_1Po[1]        3.0     267399.9400     0.4395   6.822E+03    43     0    107
2s2_2p3(4So)6p_5Pe          15.0     267538.0044     0.4353   6.887E+03    44     0    108
2s2_2p3(2Do)4p_1De           5.0     267585.1729     0.4339   6.909E+03    45     0    109
2s2_2p3(4So)6p_3Pe           9.0     268199.6964     0.4155   7.216E+03    46     0    110
2s2_2p3(2Po)4s_3Po           9.0     268455.5627     0.4078   7.351E+03    47     0    111
2p6_1Se                      1.0     269091.8902     0.3887   7.712E+03    45     0    112
2s2_2p3(2Po)4s_1Po           3.0     269161.3080     0.3867   7.754E+03    48     0    113
2s2_2p3(4So)6d_5Do          25.0     269396.2600     0.3796   7.897E+03    49     0    114
2s2_2p3(4So)6d_3Do          15.0     269641.8911     0.3722   8.054E+03    47     0    115
2s2_2p3(4So)6f_5Fe          35.0     269823.4449     0.3668   8.173E+03    44     0    116
2s2_2p3(4So)6f_3Fe          21.0     269835.9044     0.3664   8.182E+03    46     0    117
2s2_2p3(4So)7s_5So           5.0     270802.4107     0.3375   8.884E+03    49     0    118
2s2_2p3(4So)7s_3So           3.0     270997.3138     0.3316   9.041E+03    47     0    119
2s2_2p3(2Do)4d_1So           1.0     271470.3324     0.3174   9.444E+03    48     0    120
2s2_2p3(2Do)4d_3Fo          21.0     271566.4489     0.3145   9.531E+03    50     0    121
2s2_2p3(4So)7p_5Pe          15.0     271634.5316     0.3125   9.593E+03    51     0    122
2s2_2p3(2Do)4d_3Go          27.0     271709.2889     0.3103   9.662E+03    50     0    123
2s2_2p3(2Do)4d_1Go           9.0     271800.9560     0.3075   9.749E+03    48     0    124
2s2_2p3(2Do)4d_3Do          15.0     271805.8507     0.3074   9.753E+03    50     0    125
2s2_2p3(4So)7p_3Pe           9.0     271956.2556     0.3029   9.899E+03    52     0    126
2s2_2p3(2Do)4d_1Po           3.0     272340.2769     0.2913   1.029E+04    53     0    127
2s2_2p3(2Do)4d_3Po           9.0     272411.0298     0.2892   1.037E+04    50     0    128
2s2_2p3(2Do)4d_3So           3.0     272463.0929     0.2877   1.042E+04    50     0    129
2s2_2p3(2Do)4d_1Do           5.0     272593.0284     0.2838   1.056E+04    53     0    130
2s2_2p3(2Do)4d_1Fo           7.0     272728.7484     0.2797   1.072E+04    53     0    131
2s2_2p3(4So)7d_5Do          25.0     272800.3911     0.2776   1.080E+04    54     0    132
2s2_2p3(2Do)4f_3De          15.0     272888.4978     0.2749   1.091E+04    52     0    133
2s2_2p3(2Do)4f_1Pe           3.0     272890.7227     0.2748   1.091E+04    55     0    134
2s2_2p3(2Do)4f_3Ge          27.0     272896.5076     0.2747   1.091E+04    52     0    135
2s2_2p3(2Do)4f_1De           5.0     272898.2876     0.2746   1.092E+04    55     0    136
2s2_2p3(2Do)4f_3Fe          21.0     272899.6227     0.2746   1.092E+04    52     0    137
2s2_2p3(2Do)4f_3Pe           9.0     272903.6276     0.2745   1.092E+04    52     0    138
2s2_2p3(2Do)4f_3He          33.0     272909.8573     0.2743   1.093E+04    52     0    139
2s2_2p3(2Do)4f_1He          11.0     272910.7471     0.2742   1.093E+04    55     0    140
2s2_2p3(2Do)4f_1Fe           7.0     272919.2018     0.2740   1.094E+04    55     0    141
2s2_2p3(2Do)4f_1Ge           9.0     272920.9818     0.2739   1.094E+04    55     0    142
2s2_2p3(4So)7d_3Do          15.0     273014.4284     0.2711   1.106E+04    50     0    143
2s2_2p3(4So)7f_5Fe          35.0     273070.4964     0.2695   1.113E+04    51     0    144
2s2_2p3(4So)7f_3Fe          21.0     273079.3964     0.2692   1.114E+04    52     0    145
2s2_2p3(4So)8s_5So           5.0     273693.9200     0.2508   1.196E+04    54     0    146
2s2_2p3(4So)8s_3So           3.0     273818.9604     0.2470   1.214E+04    50     0    147
2s2_2p3(2Po)4p_3Se           3.0     273961.3556     0.2427   1.235E+04    52     0    148
2s2_2p3(4So)8p_5Pe          15.0     274186.5178     0.2360   1.270E+04    51     0    149
2s2_2p3(2Po)4p_3De          15.0     274284.4142     0.2331   1.286E+04    52     0    150
2s2_2p3(4So)8p_3Pe           9.0     274326.2427     0.2318   1.293E+04    52     0    151
2s2_2p3(2Po)4p_1Pe           3.0     274344.4871     0.2313   1.296E+04    55     0    152
2s2_2p3(2Po)4p_3Pe           9.0     274854.4396     0.2160   1.388E+04    56     0    153
2s2_2p3(4So)8d_5Do          25.0     274996.8342     0.2117   1.416E+04    54     0    154
2s2_2p3(4So)8d_3Do          15.0     275120.5400     0.2080   1.441E+04    57     0    155
2s2_2p3(4So)8f_5Fe          35.0     275177.9431     0.2063   1.453E+04    58     0    156
2s2_2p3(4So)8f_3Fe          21.0     275184.1729     0.2061   1.455E+04    56     0    157
2s2_2p3(2Po)4p_1De           5.0     275410.6698     0.1993   1.504E+04    55     0    158
2s2_2p3(4So)9s_5So           5.0     275598.8982     0.1937   1.548E+04    59     0    159
2s2_2p3(4So)9s_3So           3.0     275684.3356     0.1911   1.569E+04    57     0    160
2s2_2p3(4So)9p_5Pe          15.0     275810.7111     0.1873   1.601E+04    58     0    161
2s2_2p3(4So)9p_3Pe           9.0     276125.3151     0.1779   1.685E+04    56     0    162
2s2_2p3(2Do)5s_3Do          15.0     276207.6373     0.1754   1.709E+04    57     0    163
2s2_2p3(4So)9d_5Do          25.0     276495.5422     0.1668   1.798E+04    59     0    164
2s2_2p3(2Do)5s_1Do           5.0     276520.4613     0.1660   1.806E+04    60     0    165
2s2_2p3(4So)9d_3Do          15.0     276579.6440     0.1643   1.825E+04    57     0    166
2s_2p4(4Pe)3s_5Pe           15.0     276600.1133     0.1636   1.832E+04    58     0    167
2s2_2p3(4So)9f_5Fe          35.0     276622.8076     0.1630   1.840E+04    58     0    168
2s2_2p3(4So)9f_3Fe          21.0     276627.2573     0.1628   1.841E+04    56     0    169
2s2_2p3(4So)10s_5So          5.0     276920.5022     0.1540   1.946E+04    59     0    170
2s2_2p3(4So)10s_3So          3.0     276981.0200     0.1522   1.969E+04    57     0    171
2s2_2p3(4So)10p_3Pe          9.0     277279.6049     0.1433   2.092E+04    56     0    172
2s2_2p3(4So)10p_5Pe         15.0     277328.1080     0.1418   2.114E+04    58     0    173
2s2_2p3(4So)10d_5Do         25.0     277563.5049     0.1348   2.225E+04    59     0    174
2s2_2p3(4So)10d_3Do         15.0     277622.6876     0.1330   2.254E+04    57     0    175
2s2_2p3(4So)10f_5Fe         35.0     277656.0618     0.1320   2.271E+04    58     0    176
2s2_2p3(4So)10f_3Fe         21.0     277659.6213     0.1319   2.273E+04    61     0    177
2s2_2p3(2Po)4p_1Se           1.0     277839.8400     0.1265   2.370E+04    62     0    178
2s2_2p3(2Do)5p_3De          15.0     278801.4516     0.0976   3.070E+04    61     0    179
2s2_2p3(2Do)5p_1Pe           3.0     278885.1089     0.0951   3.151E+04    62     0    180
2s2_2p3(2Do)5p_1Fe           7.0     279052.4227     0.0901   3.326E+04    62     0    181
2s2_2p3(2Do)5p_1De           5.0     280260.5556     0.0539   5.562E+04    62     0    182
2s2_2p3(2Po)4d_3Fo          21.0     281023.7040     0.0310   9.663E+04    63     0    183
2s2_2p3(2Po)4d_1Do           5.0     281148.2996     0.0273   1.099E+05    64     0    184
2s2_2p3(2Po)4d_3Po           9.0     281250.2013     0.0242   1.237E+05    63     0    185
2s2_2p3(2Po)4d_1Fo           7.0     281750.3636     0.0092   3.244E+05    64     0    186
2s2_2p3(2Po)4d_1Po           3.0     282029.8138     0.0009   3.474E+06    64     0    187
2s2_2p3(2Do)5d_1So           1.0     282046.7236     0.0004   8.420E+06    64     0    188
