**************************************************************************************************************************
**************************************************************************************************************************

Collision strengths (Omega[i,k]) for OIV. The collisional excitation rate
is defined by

           C(i,k)=8.63D-08 OMEGA(i,k) EXP(-U0) / Gi /sqrt(T_4).

We also use the same definition for the ionization collision strength.
For ionization of low lying levels we expect OMEGA(i,i) to be propotional to T.
T is in units of 10^4 K.

  Reference: Zhang, H.L., Graziani, M., Pradhan, A. K., 1994,, A&A, 283, 319

 [Reference] O\,{\sc iv} collision rates are from \cite{ZCO94_B_like}.

 Altered: 6-Jun-2013. PProblen with 2 2p3_2Po transitions fixed (double --).

**************************************************************************************************************************
**************************************************************************************************************************

105                             !Number of transitions
32                              !Number of T values OMEGA tabulated at
1.0                             !Scaling factor for OMEGA (non-FILE values).
0.01                            !Value for OMEGA if f=0

       Transition\T                    0.09     0.18     0.27    0.36     0.45      0.54     0.72    0.90     1.35      1.80     2.25    2.700     3.15     3.6      4.5     5.40      6.30     7.2      8.2      9.00     10.8     12.6    14.4       16.2     18.0    20.7     23.4      27.0    31.0     36.0     40.5    45.0 
  2s2_2p_2Po[1/2]-2s2_2p_2Po[3/2]    1.61E+0  1.75E+0  1.80E+0  1.87E+0  1.96E+0  2.06E+0  2.24E+0  2.37E+0  2.51E+0  2.56E+0  2.59E+0  2.61E+0  2.64E+0  2.66E+0  2.69E+0  2.70E+0  2.69E+0  2.67E+0  2.64E+0  2.60E+0  2.51E+0  2.42E+0  2.32E+0  2.23E+0  2.15E+0  2.03E+0  1.92E+0  1.80E+0  1.66E+0  1.55E+0  1.45E+0  1.37E+0
  2s2_2p_2Po[1/2]-2s_2p2_4Pe[1/2]    1.24E-1  1.21E-1  1.19E-1  1.19E-1  1.20E-1  1.22E-1  1.26E-1  1.31E-1  1.40E-1  1.46E-1  1.50E-1  1.53E-1  1.54E-1  1.54E-1  1.53E-1  1.51E-1  1.48E-1  1.45E-1  1.42E-1  1.39E-1  1.34E-1  1.28E-1  1.24E-1  1.20E-1  1.16E-1  1.11E-1  1.06E-1  1.01E-1  9.60E-2  9.16E-2  8.78E-2  8.45E-2
  2s2_2p_2Po[1/2]-2s_2p2_4Pe[3/2]    1.84E-1  1.80E-1  1.77E-1  1.77E-1  1.78E-1  1.81E-1  1.89E-1  1.96E-1  2.12E-1  2.24E-1  2.32E-1  2.37E-1  2.39E-1  2.40E-1  2.39E-1  2.36E-1  2.31E-1  2.27E-1  2.22E-1  2.17E-1  2.07E-1  1.99E-1  1.91E-1  1.84E-1  1.78E-1  1.70E-1  1.63E-1  1.55E-1  1.46E-1  1.39E-1  1.33E-1  1.28E-1
  2s2_2p_2Po[1/2]-2s_2p2_4Pe[5/2]    1.16E-1  1.13E-1  1.11E-1  1.11E-1  1.13E-1  1.16E-1  1.24E-1  1.32E-1  1.51E-1  1.65E-1  1.75E-1  1.82E-1  1.86E-1  1.88E-1  1.89E-1  1.86E-1  1.83E-1  1.78E-1  1.74E-1  1.69E-1  1.61E-1  1.53E-1  1.46E-1  1.39E-1  1.34E-1  1.26E-1  1.20E-1  1.13E-1  1.05E-1  9.92E-2  9.42E-2  9.00E-2
  2s2_2p_2Po[1/2]-2s_2p2_2De[5/2]    1.76E-1  1.79E-1  2.00E-1  2.37E-1  2.84E-1  3.33E-1  4.23E-1  4.91E-1  5.89E-1  6.24E-1  6.30E-1  6.23E-1  6.10E-1  5.93E-1  5.59E-1  5.27E-1  4.97E-1  4.71E-1  4.48E-1  4.28E-1  3.93E-1  3.66E-1  3.42E-1  3.23E-1  3.06E-1  2.86E-1  2.68E-1  2.50E-1  2.31E-1  2.17E-1  2.05E-1  1.95E-1
  2s2_2p_2Po[1/2]-2s_2p2_2De[3/2]    1.56E+0  1.57E+0  1.59E+0  1.63E+0  1.66E+0  1.69E+0  1.74E+0  1.78E+0  1.80E+0  1.80E+0  1.78E+0  1.76E+0  1.74E+0  1.73E+0  1.70E+0  1.69E+0  1.67E+0  1.66E+0  1.66E+0  1.65E+0  1.65E+0  1.65E+0  1.66E+0  1.67E+0  1.68E+0  1.70E+0  1.72E+0  1.75E+0  1.79E+0  1.83E+0  1.87E+0  1.91E+0
  2s2_2p_2Po[1/2]-2s_2p2_2Se[1/2]    1.02E+0  9.68E-1  9.13E-1  8.70E-1  8.35E-1  8.05E-1  7.57E-1  7.21E-1  6.67E-1  6.39E-1  6.23E-1  6.14E-1  6.08E-1  6.04E-1  6.01E-1  6.00E-1  6.00E-1  6.02E-1  6.04E-1  6.07E-1  6.13E-1  6.21E-1  6.29E-1  6.37E-1  6.46E-1  6.59E-1  6.72E-1  6.89E-1  7.11E-1  7.32E-1  7.51E-1  7.70E-1
  2s2_2p_2Po[1/2]-2s_2p2_2Pe[1/2]    1.55E+0  1.56E+0  1.58E+0  1.59E+0  1.60E+0  1.60E+0  1.60E+0  1.61E+0  1.61E+0  1.61E+0  1.62E+0  1.63E+0  1.63E+0  1.64E+0  1.65E+0  1.66E+0  1.67E+0  1.68E+0  1.69E+0  1.70E+0  1.73E+0  1.76E+0  1.78E+0  1.81E+0  1.84E+0  1.88E+0  1.91E+0  1.96E+0  2.02E+0  2.08E+0  2.13E+0  2.17E+0
  2s2_2p_2Po[1/2]-2s_2p2_2Pe[3/2]    8.66E-1  8.70E-1  8.74E-1  8.78E-1  8.81E-1  8.83E-1  8.84E-1  8.84E-1  8.82E-1  8.81E-1  8.82E-1  8.83E-1  8.84E-1  8.85E-1  8.87E-1  8.90E-1  8.92E-1  8.95E-1  8.99E-1  9.02E-1  9.10E-1  9.19E-1  9.27E-1  9.36E-1  9.46E-1  9.60E-1  9.73E-1  9.92E-1  1.01E+0  1.04E+0  1.06E+0  1.07E+0
  2s2_2p_2Po[1/2]-2p3_4So[3/2]       5.29E-3  4.92E-3  4.57E-3  4.32E-3  4.17E-3  4.09E-3  4.03E-3  4.03E-3  4.07E-3  4.05E-3  4.00E-3  3.93E-3  3.85E-3  3.77E-3  3.62E-3  3.49E-3  3.37E-3  3.26E-3  3.17E-3  3.09E-3  2.95E-3  2.84E-3  2.75E-3  2.67E-3  2.61E-3  2.53E-3  2.46E-3  2.38E-3  2.31E-3  2.25E-3  2.21E-3  2.16E-3
  2s2_2p_2Po[1/2]-2p3_2Do[5/2]       5.03E-2  5.12E-2  5.22E-2  5.30E-2  5.36E-2  5.40E-2  5.44E-2  5.44E-2  5.37E-2  5.26E-2  5.16E-2  5.07E-2  5.00E-2  4.94E-2  4.85E-2  4.78E-2  4.72E-2  4.67E-2  4.63E-2  4.59E-2  4.53E-2  4.47E-2  4.43E-2  4.38E-2  4.34E-2  4.28E-2  4.23E-2  4.17E-2  4.10E-2  4.03E-2  3.97E-2  3.91E-2
  2s2_2p_2Po[1/2]-2p3_2Do[3/2]       7.15E-2  7.18E-2  7.20E-2  7.22E-2  7.23E-2  7.24E-2  7.23E-2  7.21E-2  7.09E-2  6.97E-2  6.86E-2  6.78E-2  6.72E-2  6.67E-2  6.60E-2  6.55E-2  6.51E-2  6.48E-2  6.45E-2  6.43E-2  6.39E-2  6.35E-2  6.31E-2  6.28E-2  6.25E-2  6.20E-2  6.15E-2  6.10E-2  6.03E-2  5.96E-2  5.89E-2  5.82E-2
  2s2_2p_2Po[1/2]-2p3_2Po[1/2]       5.64E-3  7.19E-3  9.46E-3  1.10E-2  1.21E-2  1.28E-2  1.38E-2  1.44E-2  1.53E-2  1.57E-2  1.59E-2  1.61E-2  1.62E-2  1.63E-2  1.64E-2  1.65E-2  1.65E-2  1.66E-2  1.66E-2  1.66E-2  1.66E-2  1.66E-2  1.66E-2  1.66E-2  1.66E-2  1.66E-2  1.66E-2  1.65E-2  1.65E-2  1.64E-2  1.63E-2  1.62E-2
  2s2_2p_2Po[1/2]-2p3_2Po[3/2]       1.74E-2  2.21E-2  2.90E-2  3.38E-2  3.71E-2  3.93E-2  4.23E-2  4.41E-2  4.65E-2  4.77E-2  4.83E-2  4.87E-2  4.90E-2  4.92E-2  4.93E-2  4.94E-2  4.93E-2  4.93E-2  4.92E-2  4.90E-2  4.88E-2  4.85E-2  4.82E-2  4.79E-2  4.76E-2  4.71E-2  4.67E-2  4.62E-2  4.56E-2  4.51E-2  4.45E-2  4.40E-2
  2s2_2p_2Po[3/2]-2s_2p2_4Pe[1/2]    8.81E-2  8.56E-2  8.43E-2  8.43E-2  8.55E-2  8.76E-2  9.30E-2  9.87E-2  1.12E-1  1.21E-1  1.28E-1  1.33E-1  1.35E-1  1.37E-1  1.37E-1  1.35E-1  1.33E-1  1.30E-1  1.27E-1  1.23E-1  1.17E-1  1.12E-1  1.07E-1  1.02E-1  9.80E-2  9.27E-2  8.82E-2  8.31E-2  7.78E-2  7.36E-2  7.00E-2  6.70E-2
  2s2_2p_2Po[3/2]-2s_2p2_4Pe[3/2]    2.40E-1  2.34E-1  2.30E-1  2.30E-1  2.33E-1  2.38E-1  2.50E-1  2.62E-1  2.91E-1  3.11E-1  3.26E-1  3.35E-1  3.40E-1  3.42E-1  3.42E-1  3.38E-1  3.31E-1  3.24E-1  3.17E-1  3.09E-1  2.95E-1  2.81E-1  2.70E-1  2.59E-1  2.50E-1  2.37E-1  2.26E-1  2.14E-1  2.01E-1  1.91E-1  1.82E-1  1.74E-1
  2s2_2p_2Po[3/2]-2s_2p2_4Pe[5/2]    5.20E-1  5.07E-1  5.00E-1  4.99E-1  5.04E-1  5.12E-1  5.34E-1  5.56E-1  6.04E-1  6.38E-1  6.61E-1  6.75E-1  6.83E-1  6.86E-1  6.83E-1  6.74E-1  6.61E-1  6.47E-1  6.33E-1  6.19E-1  5.92E-1  5.68E-1  5.46E-1  5.26E-1  5.08E-1  4.85E-1  4.64E-1  4.41E-1  4.16E-1  3.96E-1  3.79E-1  3.64E-1
  2s2_2p_2Po[3/2]-2s_2p2_2De[5/2]    2.95E+0  2.97E+0  3.03E+0  3.11E+0  3.22E+0  3.31E+0  3.48E+0  3.59E+0  3.72E+0  3.73E+0  3.71E+0  3.67E+0  3.63E+0  3.59E+0  3.51E+0  3.45E+0  3.40E+0  3.36E+0  3.32E+0  3.30E+0  3.26E+0  3.24E+0  3.22E+0  3.22E+0  3.22E+0  3.23E+0  3.25E+0  3.28E+0  3.32E+0  3.37E+0  3.43E+0  3.48E+0
  2s2_2p_2Po[3/2]-2s_2p2_2De[3/2]    5.24E-1  5.29E-1  5.58E-1  6.10E-1  6.73E-1  7.39E-1  8.56E-1  9.45E-1  1.07E+0  1.11E+0  1.11E+0  1.10E+0  1.08E+0  1.06E+0  1.01E+0  9.69E-1  9.31E-1  8.98E-1  8.70E-1  8.45E-1  8.03E-1  7.71E-1  7.45E-1  7.24E-1  7.07E-1  6.86E-1  6.71E-1  6.55E-1  6.41E-1  6.31E-1  6.24E-1  6.19E-1
  2s2_2p_2Po[3/2]-2s_2p2_2Se[1/2]    2.05E+0  1.94E+0  1.83E+0  1.74E+0  1.67E+0  1.61E+0  1.51E+0  1.44E+0  1.33E+0  1.28E+0  1.25E+0  1.23E+0  1.22E+0  1.21E+0  1.20E+0  1.20E+0  1.20E+0  1.20E+0  1.21E+0  1.21E+0  1.23E+0  1.24E+0  1.26E+0  1.28E+0  1.29E+0  1.32E+0  1.35E+0  1.38E+0  1.43E+0  1.47E+0  1.51E+0  1.54E+0
  2s2_2p_2Po[3/2]-2s_2p2_2Pe[1/2]    8.66E-1  8.70E-1  8.74E-1  8.78E-1  8.81E-1  8.83E-1  8.84E-1  8.84E-1  8.82E-1  8.81E-1  8.82E-1  8.83E-1  8.84E-1  8.85E-1  8.88E-1  8.91E-1  8.95E-1  8.99E-1  9.04E-1  9.09E-1  9.20E-1  9.32E-1  9.44E-1  9.56E-1  9.68E-1  9.87E-1  1.01E+0  1.03E+0  1.06E+0  1.09E+0  1.11E+0  1.14E+0
  2s2_2p_2Po[3/2]-2s_2p2_2Pe[3/2]    3.96E+0  4.00E+0  4.03E+0  4.06E+0  4.08E+0  4.09E+0  4.09E+0  4.10E+0  4.10E+0  4.11E+0  4.12E+0  4.13E+0  4.15E+0  4.16E+0  4.18E+0  4.20E+0  4.23E+0  4.25E+0  4.28E+0  4.31E+0  4.36E+0  4.42E+0  4.48E+0  4.54E+0  4.60E+0  4.69E+0  4.77E+0  4.89E+0  5.02E+0  5.15E+0  5.27E+0  5.38E+0
  2s2_2p_2Po[3/2]-2p3_4So[3/2]       1.06E-2  9.84E-3  9.13E-3  8.65E-3  8.34E-3  8.17E-3  8.05E-3  8.06E-3  8.13E-3  8.11E-3  8.00E-3  7.86E-3  7.71E-3  7.55E-3  7.24E-3  6.97E-3  6.73E-3  6.52E-3  6.34E-3  6.18E-3  5.91E-3  5.69E-3  5.50E-3  5.35E-3  5.22E-3  5.05E-3  4.92E-3  4.77E-3  4.62E-3  4.51E-3  4.41E-3  4.33E-3
  2s2_2p_2Po[3/2]-2p3_2Do[5/2]       1.69E-1  1.70E-1  1.71E-1  1.72E-1  1.73E-1  1.74E-1  1.74E-1  1.73E-1  1.71E-1  1.67E-1  1.65E-1  1.63E-1  1.61E-1  1.59E-1  1.57E-1  1.56E-1  1.55E-1  1.53E-1  1.53E-1  1.52E-1  1.50E-1  1.49E-1  1.48E-1  1.47E-1  1.46E-1  1.44E-1  1.43E-1  1.41E-1  1.39E-1  1.37E-1  1.35E-1  1.33E-1
  2s2_2p_2Po[3/2]-2p3_2Do[3/2]       7.46E-2  7.58E-2  7.70E-2  7.80E-2  7.88E-2  7.93E-2  7.98E-2  7.97E-2  7.86E-2  7.71E-2  7.57E-2  7.45E-2  7.36E-2  7.28E-2  7.16E-2  7.07E-2  7.00E-2  6.95E-2  6.90E-2  6.86E-2  6.78E-2  6.72E-2  6.67E-2  6.62E-2  6.58E-2  6.51E-2  6.46E-2  6.39E-2  6.31E-2  6.24E-2  6.17E-2  6.10E-2
  2s2_2p_2Po[3/2]-2p3_2Po[1/2]       1.74E-2  2.21E-2  2.90E-2  3.38E-2  3.71E-2  3.93E-2  4.23E-2  4.41E-2  4.65E-2  4.77E-2  4.83E-2  4.87E-2  4.90E-2  4.92E-2  4.93E-2  4.94E-2  4.93E-2  4.93E-2  4.92E-2  4.91E-2  4.88E-2  4.85E-2  4.82E-2  4.79E-2  4.76E-2  4.72E-2  4.69E-2  4.64E-2  4.58E-2  4.53E-2  4.48E-2  4.43E-2
  2s2_2p_2Po[3/2]-2p3_2Po[3/2]       2.87E-2  3.65E-2  4.80E-2  5.59E-2  6.13E-2  6.51E-2  7.01E-2  7.32E-2  7.74E-2  7.95E-2  8.08E-2  8.16E-2  8.22E-2  8.27E-2  8.33E-2  8.37E-2  8.39E-2  8.40E-2  8.41E-2  8.42E-2  8.41E-2  8.40E-2  8.38E-2  8.36E-2  8.34E-2  8.30E-2  8.26E-2  8.20E-2  8.13E-2  8.05E-2  7.97E-2  7.89E-2
  2s_2p2_4Pe[1/2]-2s_2p2_4Pe[3/2]    1.01E+0  1.04E+0  1.04E+0  1.04E+0  1.04E+0  1.04E+0  1.06E+0  1.08E+0  1.12E+0  1.15E+0  1.18E+0  1.20E+0  1.22E+0  1.22E+0  1.23E+0  1.23E+0  1.23E+0  1.22E+0  1.21E+0  1.20E+0  1.17E+0  1.14E+0  1.11E+0  1.08E+0  1.05E+0  1.01E+0  9.68E-1  9.21E-1  8.69E-1  8.24E-1  7.84E-1  7.49E-1
  2s_2p2_4Pe[1/2]-2s_2p2_4Pe[5/2]    8.26E-1  8.11E-1  7.77E-1  7.46E-1  7.23E-1  7.07E-1  6.90E-1  6.85E-1  6.97E-1  7.24E-1  7.52E-1  7.75E-1  7.94E-1  8.08E-1  8.26E-1  8.35E-1  8.36E-1  8.34E-1  8.29E-1  8.22E-1  8.04E-1  7.83E-1  7.62E-1  7.41E-1  7.21E-1  6.93E-1  6.67E-1  6.36E-1  6.03E-1  5.74E-1  5.49E-1  5.28E-1
  2s_2p2_4Pe[1/2]-2s_2p2_2De[5/2]    2.04E-1  2.07E-1  2.10E-1  2.15E-1  2.20E-1  2.24E-1  2.33E-1  2.40E-1  2.50E-1  2.54E-1  2.55E-1  2.55E-1  2.55E-1  2.54E-1  2.50E-1  2.47E-1  2.43E-1  2.39E-1  2.35E-1  2.31E-1  2.23E-1  2.15E-1  2.09E-1  2.02E-1  1.96E-1  1.88E-1  1.81E-1  1.73E-1  1.64E-1  1.56E-1  1.50E-1  1.44E-1
  2s_2p2_4Pe[1/2]-2s_2p2_2De[3/2]    3.58E-1  3.60E-1  3.64E-1  3.70E-1  3.78E-1  3.86E-1  4.00E-1  4.12E-1  4.27E-1  4.30E-1  4.29E-1  4.26E-1  4.21E-1  4.17E-1  4.07E-1  3.98E-1  3.90E-1  3.81E-1  3.74E-1  3.66E-1  3.53E-1  3.40E-1  3.29E-1  3.18E-1  3.09E-1  2.96E-1  2.84E-1  2.71E-1  2.56E-1  2.43E-1  2.32E-1  2.22E-1
  2s_2p2_4Pe[1/2]-2s_2p2_2Se[1/2]    8.02E-2  8.09E-2  8.15E-2  8.19E-2  8.22E-2  8.24E-2  8.24E-2  8.21E-2  8.11E-2  7.99E-2  7.88E-2  7.79E-2  7.70E-2  7.62E-2  7.48E-2  7.35E-2  7.22E-2  7.10E-2  6.98E-2  6.87E-2  6.66E-2  6.46E-2  6.27E-2  6.10E-2  5.93E-2  5.70E-2  5.50E-2  5.25E-2  4.99E-2  4.76E-2  4.56E-2  4.38E-2
  2s_2p2_4Pe[1/2]-2s_2p2_2Pe[1/2]    1.16E-1  1.02E-1  9.61E-2  9.48E-2  9.59E-2  9.78E-2  1.02E-1  1.05E-1  1.10E-1  1.13E-1  1.13E-1  1.13E-1  1.11E-1  1.09E-1  1.05E-1  1.00E-1  9.56E-2  9.12E-2  8.72E-2  8.35E-2  7.70E-2  7.15E-2  6.68E-2  6.28E-2  5.93E-2  5.49E-2  5.12E-2  4.72E-2  4.31E-2  3.98E-2  3.72E-2  3.49E-2
  2s_2p2_4Pe[1/2]-2s_2p2_2Pe[3/2]    1.05E-1  1.35E-1  1.46E-1  1.51E-1  1.53E-1  1.54E-1  1.56E-1  1.56E-1  1.54E-1  1.51E-1  1.47E-1  1.43E-1  1.40E-1  1.36E-1  1.29E-1  1.23E-1  1.18E-1  1.13E-1  1.09E-1  1.05E-1  9.78E-2  9.20E-2  8.70E-2  8.27E-2  7.90E-2  7.41E-2  7.01E-2  6.55E-2  6.09E-2  5.71E-2  5.40E-2  5.13E-2
  2s_2p2_4Pe[1/2]-2p3_4So[3/2]       1.15E+0  1.15E+0  1.15E+0  1.15E+0  1.15E+0  1.15E+0  1.15E+0  1.15E+0  1.15E+0  1.15E+0  1.15E+0  1.15E+0  1.16E+0  1.16E+0  1.17E+0  1.18E+0  1.19E+0  1.20E+0  1.21E+0  1.22E+0  1.24E+0  1.26E+0  1.28E+0  1.30E+0  1.32E+0  1.34E+0  1.37E+0  1.40E+0  1.44E+0  1.48E+0  1.51E+0  1.54E+0
  2s_2p2_4Pe[1/2]-2p3_2Do[5/2]       5.03E-2  4.47E-2  4.12E-2  3.89E-2  3.73E-2  3.62E-2  3.47E-2  3.37E-2  3.20E-2  3.08E-2  2.99E-2  2.91E-2  2.84E-2  2.78E-2  2.69E-2  2.61E-2  2.54E-2  2.48E-2  2.43E-2  2.38E-2  2.30E-2  2.22E-2  2.15E-2  2.09E-2  2.04E-2  1.97E-2  1.90E-2  1.83E-2  1.75E-2  1.69E-2  1.64E-2  1.59E-2
  2s_2p2_4Pe[1/2]-2p3_2Do[3/2]       1.41E-1  1.35E-1  1.31E-1  1.28E-1  1.27E-1  1.25E-1  1.24E-1  1.23E-1  1.21E-1  1.19E-1  1.18E-1  1.17E-1  1.16E-1  1.15E-1  1.13E-1  1.12E-1  1.10E-1  1.09E-1  1.08E-1  1.07E-1  1.05E-1  1.02E-1  1.01E-1  9.87E-2  9.70E-2  9.47E-2  9.25E-2  8.99E-2  8.71E-2  8.46E-2  8.23E-2  8.02E-2
  2s_2p2_4Pe[1/2]-2p3_2Po[1/2]       1.03E-2  1.31E-2  1.72E-2  2.00E-2  2.19E-2  2.32E-2  2.50E-2  2.60E-2  2.74E-2  2.80E-2  2.83E-2  2.84E-2  2.85E-2  2.85E-2  2.84E-2  2.82E-2  2.80E-2  2.77E-2  2.75E-2  2.72E-2  2.67E-2  2.62E-2  2.57E-2  2.53E-2  2.49E-2  2.43E-2  2.38E-2  2.31E-2  2.24E-2  2.18E-2  2.12E-2  2.07E-2
  2s_2p2_4Pe[1/2]-2p3_2Po[3/2]       7.45E-3  9.46E-3  1.24E-2  1.45E-2  1.58E-2  1.68E-2  1.81E-2  1.88E-2  1.98E-2  2.02E-2  2.04E-2  2.05E-2  2.06E-2  2.05E-2  2.05E-2  2.03E-2  2.01E-2  1.99E-2  1.98E-2  1.96E-2  1.92E-2  1.88E-2  1.84E-2  1.81E-2  1.77E-2  1.73E-2  1.68E-2  1.63E-2  1.58E-2  1.53E-2  1.49E-2  1.45E-2
  2s_2p2_4Pe[3/2]-2s_2p2_4Pe[5/2]    2.15E+0  2.16E+0  2.12E+0  2.08E+0  2.05E+0  2.03E+0  2.03E+0  2.04E+0  2.10E+0  2.17E+0  2.24E+0  2.29E+0  2.33E+0  2.36E+0  2.39E+0  2.40E+0  2.40E+0  2.39E+0  2.37E+0  2.35E+0  2.29E+0  2.23E+0  2.17E+0  2.11E+0  2.06E+0  1.97E+0  1.90E+0  1.81E+0  1.71E+0  1.62E+0  1.55E+0  1.48E+0
  2s_2p2_4Pe[3/2]-2s_2p2_2De[5/2]    5.68E-1  5.73E-1  5.82E-1  5.93E-1  6.06E-1  6.19E-1  6.43E-1  6.61E-1  6.87E-1  6.96E-1  6.97E-1  6.95E-1  6.91E-1  6.86E-1  6.74E-1  6.62E-1  6.49E-1  6.37E-1  6.26E-1  6.14E-1  5.92E-1  5.72E-1  5.54E-1  5.37E-1  5.21E-1  4.99E-1  4.80E-1  4.57E-1  4.32E-1  4.11E-1  3.92E-1  3.76E-1
  2s_2p2_4Pe[3/2]-2s_2p2_2De[3/2]    5.56E-1  5.59E-1  5.66E-1  5.77E-1  5.89E-1  6.01E-1  6.24E-1  6.42E-1  6.66E-1  6.73E-1  6.72E-1  6.68E-1  6.62E-1  6.55E-1  6.42E-1  6.28E-1  6.15E-1  6.03E-1  5.91E-1  5.79E-1  5.58E-1  5.39E-1  5.21E-1  5.05E-1  4.90E-1  4.69E-1  4.51E-1  4.29E-1  4.06E-1  3.86E-1  3.68E-1  3.53E-1
  2s_2p2_4Pe[3/2]-2s_2p2_2Se[1/2]    1.60E-1  1.62E-1  1.63E-1  1.64E-1  1.64E-1  1.65E-1  1.65E-1  1.64E-1  1.62E-1  1.60E-1  1.58E-1  1.56E-1  1.54E-1  1.52E-1  1.50E-1  1.47E-1  1.44E-1  1.42E-1  1.40E-1  1.37E-1  1.33E-1  1.29E-1  1.25E-1  1.22E-1  1.19E-1  1.14E-1  1.10E-1  1.05E-1  9.98E-2  9.52E-2  9.12E-2  8.77E-2
  2s_2p2_4Pe[3/2]-2s_2p2_2Pe[1/2]    1.81E-1  1.77E-1  1.74E-1  1.74E-1  1.76E-1  1.79E-1  1.84E-1  1.88E-1  1.94E-1  1.96E-1  1.95E-1  1.93E-1  1.90E-1  1.86E-1  1.78E-1  1.70E-1  1.62E-1  1.55E-1  1.48E-1  1.42E-1  1.32E-1  1.23E-1  1.15E-1  1.09E-1  1.03E-1  9.57E-2  8.96E-2  8.29E-2  7.61E-2  7.06E-2  6.61E-2  6.22E-2
  2s_2p2_4Pe[3/2]-2s_2p2_2Pe[3/2]    2.60E-1  2.98E-1  3.10E-1  3.17E-1  3.22E-1  3.25E-1  3.31E-1  3.33E-1  3.34E-1  3.31E-1  3.26E-1  3.20E-1  3.13E-1  3.06E-1  2.91E-1  2.78E-1  2.66E-1  2.54E-1  2.44E-1  2.35E-1  2.18E-1  2.05E-1  1.93E-1  1.83E-1  1.74E-1  1.63E-1  1.53E-1  1.43E-1  1.32E-1  1.23E-1  1.16E-1  1.10E-1
  2s_2p2_4Pe[3/2]-2p3_4So[3/2]       2.29E+0  2.31E+0  2.31E+0  2.31E+0  2.31E+0  2.31E+0  2.31E+0  2.30E+0  2.30E+0  2.30E+0  2.30E+0  2.31E+0  2.32E+0  2.32E+0  2.34E+0  2.36E+0  2.39E+0  2.41E+0  2.43E+0  2.45E+0  2.50E+0  2.54E+0  2.58E+0  2.62E+0  2.66E+0  2.72E+0  2.78E+0  2.85E+0  2.94E+0  3.01E+0  3.09E+0  3.15E+0
  2s_2p2_4Pe[3/2]-2p3_2Do[5/2]       1.78E-1  1.65E-1  1.57E-1  1.51E-1  1.48E-1  1.45E-1  1.42E-1  1.40E-1  1.36E-1  1.33E-1  1.30E-1  1.28E-1  1.27E-1  1.25E-1  1.22E-1  1.20E-1  1.18E-1  1.16E-1  1.15E-1  1.13E-1  1.10E-1  1.08E-1  1.05E-1  1.03E-1  1.01E-1  9.81E-2  9.55E-2  9.25E-2  8.93E-2  8.64E-2  8.39E-2  8.16E-2
  2s_2p2_4Pe[3/2]-2p3_2Do[3/2]       2.04E-1  1.94E-1  1.87E-1  1.83E-1  1.80E-1  1.78E-1  1.75E-1  1.73E-1  1.70E-1  1.67E-1  1.65E-1  1.64E-1  1.62E-1  1.61E-1  1.58E-1  1.56E-1  1.54E-1  1.52E-1  1.50E-1  1.48E-1  1.45E-1  1.42E-1  1.39E-1  1.36E-1  1.34E-1  1.31E-1  1.28E-1  1.24E-1  1.20E-1  1.16E-1  1.13E-1  1.10E-1
  2s_2p2_4Pe[3/2]-2p3_2Po[1/2]       1.53E-2  1.95E-2  2.56E-2  2.98E-2  3.26E-2  3.46E-2  3.72E-2  3.87E-2  4.07E-2  4.16E-2  4.21E-2  4.23E-2  4.24E-2  4.24E-2  4.22E-2  4.19E-2  4.16E-2  4.12E-2  4.09E-2  4.05E-2  3.97E-2  3.90E-2  3.83E-2  3.76E-2  3.69E-2  3.61E-2  3.52E-2  3.43E-2  3.32E-2  3.22E-2  3.14E-2  3.06E-2
  2s_2p2_4Pe[3/2]-2p3_2Po[3/2]      2.02E-2  2.56E-2  3.36E-2  3.91E-2  4.29E-2  4.55E-2  4.89E-2  5.09E-2  5.35E-2  5.47E-2  5.53E-2  5.56E-2  5.57E-2  5.56E-2  5.54E-2  5.50E-2  5.46E-2  5.41E-2  5.36E-2  5.31E-2  5.20E-2  5.10E-2  5.00E-2  4.91E-2  4.83E-2  4.71E-2  4.60E-2  4.46E-2  4.32E-2  4.19E-2  4.07E-2  3.97E-2
  2s_2p2_4Pe[5/2]-2s_2p2_2De[5/2]    1.25E+0  1.26E+0  1.27E+0  1.30E+0  1.32E+0  1.35E+0  1.40E+0  1.44E+0  1.50E+0  1.51E+0  1.51E+0  1.50E+0  1.49E+0  1.47E+0  1.44E+0  1.41E+0  1.38E+0  1.36E+0  1.33E+0  1.30E+0  1.26E+0  1.21E+0  1.17E+0  1.14E+0  1.10E+0  1.06E+0  1.01E+0  9.66E-1  9.13E-1  8.68E-1  8.29E-1  7.94E-1
  2s_2p2_4Pe[5/2]-2s_2p2_2De[3/2]    4.35E-1  4.40E-1  4.48E-1  4.57E-1  4.67E-1  4.77E-1  4.96E-1  5.10E-1  5.31E-1  5.40E-1  5.42E-1  5.42E-1  5.40E-1  5.37E-1  5.30E-1  5.22E-1  5.13E-1  5.04E-1  4.95E-1  4.87E-1  4.70E-1  4.54E-1  4.40E-1  4.27E-1  4.14E-1  3.97E-1  3.82E-1  3.64E-1  3.45E-1  3.29E-1  3.15E-1  3.03E-1
  2s_2p2_4Pe[5/2]-2s_2p2_2Se[1/2]    2.40E-1  2.43E-1  2.44E-1  2.46E-1  2.47E-1  2.47E-1  2.47E-1  2.46E-1  2.43E-1  2.40E-1  2.36E-1  2.34E-1  2.31E-1  2.29E-1  2.24E-1  2.20E-1  2.17E-1  2.13E-1  2.10E-1  2.06E-1  2.00E-1  1.94E-1  1.88E-1  1.83E-1  1.78E-1  1.71E-1  1.65E-1  1.58E-1  1.50E-1  1.43E-1  1.37E-1  1.32E-1
  2s_2p2_4Pe[5/2]-2s_2p2_2Pe[1/2]    1.44E-1  1.96E-1  2.14E-1  2.22E-1  2.26E-1  2.28E-1  2.29E-1  2.28E-1  2.24E-1  2.18E-1  2.13E-1  2.07E-1  2.01E-1  1.96E-1  1.86E-1  1.77E-1  1.70E-1  1.63E-1  1.56E-1  1.51E-1  1.41E-1  1.33E-1  1.26E-1  1.20E-1  1.14E-1  1.08E-1  1.02E-1  9.51E-2  8.84E-2  8.28E-2  7.81E-2  7.41E-2
  2s_2p2_4Pe[5/2]-2s_2p2_2Pe[3/2]    5.18E-1  5.16E-1  5.12E-1  5.14E-1  5.21E-1  5.29E-1  5.44E-1  5.54E-1  5.69E-1  5.72E-1  5.69E-1  5.62E-1  5.52E-1  5.41E-1  5.18E-1  4.94E-1  4.72E-1  4.51E-1  4.32E-1  4.15E-1  3.84E-1  3.58E-1  3.36E-1  3.17E-1  3.01E-1  2.80E-1  2.63E-1  2.43E-1  2.24E-1  2.08E-1  1.95E-1  1.84E-1
  2s_2p2_4Pe[5/2]-2p3_4So[3/2]       3.43E+0  3.46E+0  3.46E+0  3.46E+0  3.46E+0  3.46E+0  3.46E+0  3.45E+0  3.45E+0  3.45E+0  3.46E+0  3.46E+0  3.48E+0  3.49E+0  3.52E+0  3.55E+0  3.59E+0  3.62E+0  3.66E+0  3.70E+0  3.77E+0  3.84E+0  3.92E+0  3.98E+0  4.05E+0  4.15E+0  4.24E+0  4.36E+0  4.50E+0  4.63E+0  4.75E+0  4.85E+0
  2s_2p2_4Pe[5/2]-2p3_2Do[5/2]       4.60E-1  4.36E-1  4.21E-1  4.12E-1  4.05E-1  4.00E-1  3.94E-1  3.90E-1  3.82E-1  3.77E-1  3.72E-1  3.68E-1  3.64E-1  3.61E-1  3.55E-1  3.50E-1  3.46E-1  3.41E-1  3.37E-1  3.33E-1  3.26E-1  3.19E-1  3.13E-1  3.07E-1  3.01E-1  2.94E-1  2.87E-1  2.79E-1  2.70E-1  2.62E-1  2.55E-1  2.48E-1
  2s_2p2_4Pe[5/2]-2p3_2Do[3/2]       1.14E-1  1.02E-1  9.47E-2  9.00E-2  8.68E-2  8.45E-2  8.15E-2  7.94E-2  7.59E-2  7.35E-2  7.15E-2  6.99E-2  6.85E-2  6.72E-2  6.52E-2  6.35E-2  6.20E-2  6.08E-2  5.96E-2  5.85E-2  5.66E-2  5.49E-2  5.34E-2  5.21E-2  5.08E-2  4.92E-2  4.77E-2  4.60E-2  4.43E-2  4.29E-2  4.16E-2  4.05E-2
  2s_2p2_4Pe[5/2]-2p3_2Po[1/2]       9.86E-3  1.25E-2  1.65E-2  1.91E-2  2.10E-2  2.22E-2  2.39E-2  2.49E-2  2.62E-2  2.68E-2  2.70E-2  2.72E-2  2.72E-2  2.72E-2  2.71E-2  2.69E-2  2.66E-2  2.64E-2  2.61E-2  2.58E-2  2.53E-2  2.48E-2  2.43E-2  2.38E-2  2.34E-2  2.28E-2  2.22E-2  2.15E-2  2.08E-2  2.01E-2  1.95E-2  1.90E-2
  2s_2p2_4Pe[5/2]-2p3_2Po[3/2]      4.34E-2  5.51E-2  7.23E-2  8.42E-2  9.22E-2  9.78E-2  1.05E-1  1.10E-1  1.15E-1  1.18E-1  1.19E-1  1.20E-1  1.20E-1  1.20E-1  1.19E-1  1.19E-1  1.18E-1  1.17E-1  1.16E-1  1.14E-1  1.12E-1  1.10E-1  1.08E-1  1.06E-1  1.04E-1  1.02E-1  9.96E-2  9.68E-2  9.38E-2  9.10E-2  8.86E-2  8.63E-2
  2s_2p2_2De[5/2]-2s_2p2_2De[3/2]    3.39E+0  3.24E+0  3.05E+0  2.98E+0  3.02E+0  3.13E+0  3.41E+0  3.66E+0  4.01E+0  4.07E+0  4.00E+0  3.88E+0  3.75E+0  3.62E+0  3.37E+0  3.16E+0  2.97E+0  2.81E+0  2.67E+0  2.54E+0  2.32E+0  2.15E+0  2.00E+0  1.88E+0  1.77E+0  1.64E+0  1.53E+0  1.41E+0  1.29E+0  1.19E+0  1.11E+0  1.05E+0
  2s_2p2_2De[5/2]-2s_2p2_2Se[1/2]    1.01E+0  1.01E+0  1.04E+0  1.08E+0  1.11E+0  1.14E+0  1.16E+0  1.16E+0  1.12E+0  1.06E+0  1.00E+0  9.59E-1  9.22E-1  8.91E-1  8.42E-1  8.05E-1  7.76E-1  7.51E-1  7.31E-1  7.13E-1  6.83E-1  6.58E-1  6.38E-1  6.22E-1  6.07E-1  5.89E-1  5.74E-1  5.58E-1  5.42E-1  5.29E-1  5.19E-1  5.10E-1
  2s_2p2_2De[5/2]-2s_2p2_2Pe[1/2]    7.47E-1  6.80E-1  6.47E-1  6.40E-1  6.46E-1  6.57E-1  6.77E-1  6.91E-1  7.01E-1  6.96E-1  6.86E-1  6.75E-1  6.64E-1  6.54E-1  6.34E-1  6.15E-1  5.97E-1  5.81E-1  5.65E-1  5.51E-1  5.24E-1  5.01E-1  4.80E-1  4.61E-1  4.44E-1  4.22E-1  4.03E-1  3.80E-1  3.57E-1  3.38E-1  3.21E-1  3.07E-1
  2s_2p2_2De[5/2]-2s_2p2_2Pe[3/2]    2.40E+0  2.15E+0  2.10E+0  2.21E+0  2.39E+0  2.59E+0  2.93E+0  3.16E+0  3.40E+0  3.43E+0  3.39E+0  3.32E+0  3.24E+0  3.16E+0  2.99E+0  2.83E+0  2.69E+0  2.56E+0  2.44E+0  2.33E+0  2.14E+0  1.99E+0  1.86E+0  1.74E+0  1.64E+0  1.52E+0  1.42E+0  1.30E+0  1.19E+0  1.09E+0  1.02E+0  9.51E-1
  2s_2p2_2De[5/2]-2p3_4So[3/2]       8.37E-2  1.66E-1  1.93E-1  2.00E-1  2.01E-1  1.99E-1  1.94E-1  1.88E-1  1.72E-1  1.59E-1  1.47E-1  1.37E-1  1.28E-1  1.21E-1  1.09E-1  9.86E-2  9.06E-2  8.40E-2  7.84E-2  7.36E-2  6.58E-2  5.97E-2  5.48E-2  5.08E-2  4.74E-2  4.32E-2  3.98E-2  3.62E-2  3.26E-2  2.97E-2  2.74E-2  2.54E-2
  2s_2p2_2De[5/2]-2p3_2Do[5/2]       5.00E+0  5.04E+0  5.09E+0  5.12E+0  5.15E+0  5.17E+0  5.19E+0  5.20E+0  5.16E+0  5.12E+0  5.08E+0  5.06E+0  5.06E+0  5.06E+0  5.07E+0  5.10E+0  5.14E+0  5.18E+0  5.22E+0  5.27E+0  5.35E+0  5.44E+0  5.52E+0  5.61E+0  5.69E+0  5.81E+0  5.93E+0  6.08E+0  6.26E+0  6.44E+0  6.59E+0  6.74E+0
  2s_2p2_2De[5/2]-2p3_2Do[3/2]       6.54E-1  6.67E-1  6.89E-1  7.10E-1  7.27E-1  7.40E-1  7.55E-1  7.61E-1  7.59E-1  7.48E-1  7.36E-1  7.26E-1  7.17E-1  7.09E-1  6.98E-1  6.90E-1  6.85E-1  6.80E-1  6.77E-1  6.75E-1  6.72E-1  6.71E-1  6.71E-1  6.71E-1  6.72E-1  6.74E-1  6.77E-1  6.81E-1  6.87E-1  6.93E-1  6.99E-1  7.05E-1
  2s_2p2_2De[5/2]-2p3_2Po[1/2]       2.15E-2  2.74E-2  3.59E-2  4.18E-2  4.58E-2  4.86E-2  5.23E-2  5.45E-2  5.73E-2  5.87E-2  5.93E-2  5.97E-2  5.98E-2  5.99E-2  5.97E-2  5.94E-2  5.90E-2  5.85E-2  5.81E-2  5.76E-2  5.65E-2  5.55E-2  5.45E-2  5.35E-2  5.26E-2  5.13E-2  5.01E-2  4.87E-2  4.71E-2  4.56E-2  4.43E-2  4.31E-2
  2s_2p2_2De[5/2]-2p3_2Po[3/2]       8.18E-1  1.05E+0  1.38E+0  1.61E+0  1.76E+0  1.88E+0  2.02E+0  2.12E+0  2.25E+0  2.33E+0  2.38E+0  2.42E+0  2.45E+0  2.48E+0  2.53E+0  2.56E+0  2.60E+0  2.63E+0  2.66E+0  2.69E+0  2.75E+0  2.80E+0  2.86E+0  2.91E+0  2.95E+0  3.02E+0  3.09E+0  3.18E+0  3.28E+0  3.38E+0  3.46E+0  3.54E+0
  2s_2p2_2De[3/2]-2s_2p2_2Se[1/2]    6.73E-1  6.75E-1  6.95E-1  7.20E-1  7.42E-1  7.59E-1  7.76E-1  7.77E-1  7.46E-1  7.06E-1  6.70E-1  6.40E-1  6.15E-1  5.94E-1  5.62E-1  5.37E-1  5.17E-1  5.01E-1  4.87E-1  4.75E-1  4.55E-1  4.39E-1  4.26E-1  4.15E-1  4.05E-1  3.93E-1  3.83E-1  3.72E-1  3.62E-1  3.53E-1  3.47E-1  3.41E-1
  2s_2p2_2De[3/2]-2s_2p2_2Pe[1/2]    1.00E+0  8.92E-1  8.79E-1  9.43E-1  1.04E+0  1.15E+0  1.33E+0  1.45E+0  1.58E+0  1.60E+0  1.58E+0  1.54E+0  1.50E+0  1.46E+0  1.37E+0  1.29E+0  1.22E+0  1.16E+0  1.10E+0  1.05E+0  9.54E-1  8.78E-1  8.14E-1  7.60E-1  7.13E-1  6.54E-1  6.05E-1  5.52E-1  4.98E-1  4.56E-1  4.21E-1  3.92E-1
  2s_2p2_2De[3/2]-2s_2p2_2Pe[3/2]    1.10E+0  9.94E-1  9.53E-1  9.57E-1  9.84E-1  1.02E+0  1.08E+0  1.12E+0  1.16E+0  1.15E+0  1.14E+0  1.12E+0  1.10E+0  1.07E+0  1.03E+0  9.95E-1  9.60E-1  9.27E-1  8.97E-1  8.69E-1  8.19E-1  7.75E-1  7.38E-1  7.05E-1  6.75E-1  6.37E-1  6.04E-1  5.67E-1  5.28E-1  4.97E-1  4.70E-1  4.48E-1
  2s_2p2_2De[3/2]-2p3_4So[3/2]       5.58E-2  1.11E-1  1.29E-1  1.33E-1  1.34E-1  1.33E-1  1.29E-1  1.25E-1  1.15E-1  1.06E-1  9.80E-2  9.14E-2  8.56E-2  8.06E-2  7.23E-2  6.58E-2  6.04E-2  5.60E-2  5.23E-2  4.91E-2  4.39E-2  3.98E-2  3.66E-2  3.39E-2  3.16E-2  2.88E-2  2.66E-2  2.41E-2  2.17E-2  1.98E-2  1.83E-2  1.70E-2
  2s_2p2_2De[3/2]-2p3_2Do[5/2]       6.54E-1  6.67E-1  6.89E-1  7.10E-1  7.27E-1  7.40E-1  7.55E-1  7.61E-1  7.58E-1  7.47E-1  7.34E-1  7.23E-1  7.13E-1  7.05E-1  6.92E-1  6.82E-1  6.74E-1  6.68E-1  6.64E-1  6.60E-1  6.54E-1  6.50E-1  6.47E-1  6.44E-1  6.43E-1  6.42E-1  6.42E-1  6.42E-1  6.44E-1  6.47E-1  6.49E-1  6.52E-1
  2s_2p2_2De[3/2]-2p3_2Do[3/2]       3.12E+0  3.14E+0  3.16E+0  3.18E+0  3.19E+0  3.20E+0  3.21E+0  3.21E+0  3.19E+0  3.16E+0  3.15E+0  3.14E+0  3.14E+0  3.15E+0  3.17E+0  3.20E+0  3.23E+0  3.26E+0  3.29E+0  3.33E+0  3.39E+0  3.46E+0  3.52E+0  3.58E+0  3.64E+0  3.73E+0  3.81E+0  3.92E+0  4.04E+0  4.16E+0  4.27E+0  4.37E+0
  2s_2p2_2De[3/2]-2p3_2Po[1/2]       4.45E-1  5.68E-1  7.48E-1  8.72E-1  9.57E-1  1.02E+0  1.10E+0  1.15E+0  1.22E+0  1.26E+0  1.28E+0  1.30E+0  1.32E+0  1.33E+0  1.35E+0  1.37E+0  1.38E+0  1.40E+0  1.41E+0  1.42E+0  1.45E+0  1.47E+0  1.49E+0  1.52E+0  1.54E+0  1.57E+0  1.60E+0  1.65E+0  1.70E+0  1.75E+0  1.80E+0  1.84E+0
  2s_2p2_2De[3/2]-2p3_2Po[3/2]       1.15E-1  1.46E-1  1.93E-1  2.25E-1  2.47E-1  2.62E-1  2.82E-1  2.95E-1  3.13E-1  3.22E-1  3.28E-1  3.33E-1  3.36E-1  3.39E-1  3.43E-1  3.46E-1  3.49E-1  3.52E-1  3.54E-1  3.56E-1  3.60E-1  3.64E-1  3.67E-1  3.71E-1  3.74E-1  3.79E-1  3.84E-1  3.91E-1  3.99E-1  4.06E-1  4.13E-1  4.20E-1
  2s_2p2_2Se[1/2]-2s_2p2_2Pe[1/2]    6.68E-1  5.75E-1  5.10E-1  4.62E-1  4.24E-1  3.94E-1  3.48E-1  3.15E-1  2.62E-1  2.32E-1  2.15E-1  2.04E-1  1.98E-1  1.94E-1  1.91E-1  1.89E-1  1.87E-1  1.86E-1  1.84E-1  1.81E-1  1.76E-1  1.71E-1  1.65E-1  1.60E-1  1.55E-1  1.48E-1  1.41E-1  1.34E-1  1.26E-1  1.19E-1  1.14E-1  1.09E-1
  2s_2p2_2Se[1/2]-2s_2p2_2Pe[3/2]    1.34E+0  1.15E+0  1.02E+0  9.23E-1  8.48E-1  7.87E-1  6.96E-1  6.29E-1  5.24E-1  4.65E-1  4.30E-1  4.09E-1  3.96E-1  3.89E-1  3.81E-1  3.78E-1  3.75E-1  3.71E-1  3.67E-1  3.63E-1  3.52E-1  3.41E-1  3.30E-1  3.20E-1  3.09E-1  2.95E-1  2.83E-1  2.68E-1  2.52E-1  2.39E-1  2.27E-1  2.18E-1
  2s_2p2_2Se[1/2]-2p3_4So[3/2]       1.0E-12  1.0E-12  1.0E-12  1.0E-12  1.0E-12  1.0E-12  1.0E-12  1.0E-12  1.0E-12  1.0E-12  1.0E-12  1.0E-12  9.83E-10 1.45E-9  2.58E-9  3.90E-9  5.34E-9  6.87E-9  8.46E-9  1.01E-8  1.34E-8  1.68E-8  2.03E-8  2.36E-8  2.70E-8  3.20E-8  3.68E-8  4.30E-8  5.04E-8  5.74E-8  6.39E-8  7.00E-8
  2s_2p2_2Se[1/2]-2p3_2Do[5/2]       6.02E-2  6.72E-2  7.73E-2  8.74E-2  9.57E-2  1.02E-1  1.09E-1  1.13E-1  1.12E-1  1.06E-1  9.89E-2  9.21E-2  8.59E-2  8.04E-2  7.11E-2  6.39E-2  5.80E-2  5.32E-2  4.93E-2  4.60E-2  4.07E-2  3.66E-2  3.35E-2  3.09E-2  2.88E-2  2.63E-2  2.43E-2  2.21E-2  2.01E-2  1.86E-2  1.73E-2  1.63E-2
  2s_2p2_2Se[1/2]-2p3_2Do[3/2]       4.01E-2  4.48E-2  5.15E-2  5.83E-2  6.38E-2  6.79E-2  7.29E-2  7.52E-2  7.46E-2  7.06E-2  6.59E-2  6.14E-2  5.73E-2  5.36E-2  4.74E-2  4.26E-2  3.87E-2  3.55E-2  3.29E-2  3.07E-2  2.71E-2  2.45E-2  2.24E-2  2.07E-2  1.93E-2  1.76E-2  1.63E-2  1.49E-2  1.35E-2  1.25E-2  1.17E-2  1.10E-2
  2s_2p2_2Se[1/2]-2p3_2Po[1/2]       2.08E-1  2.66E-1  3.50E-1  4.08E-1  4.47E-1  4.75E-1  5.12E-1  5.36E-1  5.69E-1  5.87E-1  5.98E-1  6.07E-1  6.13E-1  6.19E-1  6.28E-1  6.35E-1  6.41E-1  6.47E-1  6.53E-1  6.58E-1  6.68E-1  6.77E-1  6.86E-1  6.95E-1  7.04E-1  7.17E-1  7.30E-1  7.46E-1  7.66E-1  7.84E-1  8.01E-1  8.17E-1
  2s_2p2_2Se[1/2]-2p3_2Po[3/2]       4.16E-1  5.31E-1  6.99E-1  8.15E-1  8.94E-1  9.50E-1  1.02E+0  1.07E+0  1.14E+0  1.17E+0  1.20E+0  1.21E+0  1.22E+0  1.24E+0  1.25E+0  1.27E+0  1.28E+0  1.29E+0  1.30E+0  1.31E+0  1.33E+0  1.35E+0  1.37E+0  1.38E+0  1.40E+0  1.43E+0  1.45E+0  1.48E+0  1.52E+0  1.56E+0  1.59E+0  1.62E+0
  2s_2p2_2Pe[1/2]-2s_2p2_2Pe[3/2]    2.34E+0  2.07E+0  1.91E+0  1.81E+0  1.74E+0  1.70E+0  1.63E+0  1.58E+0  1.50E+0  1.44E+0  1.39E+0  1.36E+0  1.33E+0  1.30E+0  1.25E+0  1.21E+0  1.18E+0  1.14E+0  1.11E+0  1.08E+0  1.03E+0  9.83E-1  9.43E-1  9.07E-1  8.75E-1  8.34E-1  7.98E-1  7.59E-1  7.19E-1  6.86E-1  6.59E-1  6.36E-1
  2s_2p2_2Pe[1/2]-2p3_4So[3/2]       3.51E-1  3.85E-1  3.72E-1  3.58E-1  3.47E-1  3.39E-1  3.29E-1  3.21E-1  3.04E-1  2.90E-1  2.77E-1  2.66E-1  2.56E-1  2.47E-1  2.32E-1  2.19E-1  2.08E-1  1.99E-1  1.91E-1  1.84E-1  1.73E-1  1.64E-1  1.56E-1  1.49E-1  1.43E-1  1.36E-1  1.29E-1  1.22E-1  1.15E-1  1.08E-1  1.03E-1  9.86E-2
  2s_2p2_2Pe[1/2]-2p3_2Do[5/2]       2.14E-1  2.01E-1  2.13E-1  2.31E-1  2.46E-1  2.57E-1  2.71E-1  2.77E-1  2.73E-1  2.60E-1  2.45E-1  2.31E-1  2.17E-1  2.06E-1  1.86E-1  1.70E-1  1.58E-1  1.47E-1  1.38E-1  1.31E-1  1.19E-1  1.09E-1  1.01E-1  9.52E-2  8.98E-2  8.32E-2  7.78E-2  7.20E-2  6.62E-2  6.16E-2  5.78E-2  5.47E-2
  2s_2p2_2Pe[1/2]-2p3_2Do[3/2]       3.29E+0  3.31E+0  3.32E+0  3.32E+0  3.33E+0  3.34E+0  3.34E+0  3.33E+0  3.28E+0  3.23E+0  3.20E+0  3.18E+0  3.18E+0  3.18E+0  3.21E+0  3.24E+0  3.28E+0  3.33E+0  3.37E+0  3.41E+0  3.50E+0  3.58E+0  3.66E+0  3.74E+0  3.82E+0  3.92E+0  4.03E+0  4.16E+0  4.32E+0  4.46E+0  4.59E+0  4.71E+0
  2s_2p2_2Pe[1/2]-2p3_2Po[1/2]       5.76E-1  7.36E-1  9.69E-1  1.13E+0  1.24E+0  1.32E+0  1.42E+0  1.49E+0  1.58E+0  1.63E+0  1.66E+0  1.69E+0  1.71E+0  1.72E+0  1.75E+0  1.77E+0  1.79E+0  1.81E+0  1.83E+0  1.85E+0  1.88E+0  1.91E+0  1.94E+0  1.97E+0  2.00E+0  2.04E+0  2.08E+0  2.14E+0  2.21E+0  2.27E+0  2.34E+0  2.39E+0
  2s_2p2_2Pe[1/2]-2p3_2Po[3/2]       2.95E-1  3.76E-1  4.96E-1  5.78E-1  6.34E-1  6.75E-1  7.28E-1  7.61E-1  8.09E-1  8.36E-1  8.54E-1  8.67E-1  8.78E-1  8.87E-1  9.02E-1  9.14E-1  9.25E-1  9.36E-1  9.45E-1  9.55E-1  9.72E-1  9.89E-1  1.01E+0  1.02E+0  1.04E+0  1.06E+0  1.08E+0  1.11E+0  1.15E+0  1.18E+0  1.21E+0  1.24E+0
  2s_2p2_2Pe[3/2]-2p3_4So[3/2]       7.03E-1  7.70E-1  7.44E-1  7.16E-1  6.95E-1  6.79E-1  6.57E-1  6.41E-1  6.08E-1  5.80E-1  5.55E-1  5.32E-1  5.12E-1  4.94E-1  4.63E-1  4.38E-1  4.17E-1  3.98E-1  3.83E-1  3.69E-1  3.46E-1  3.27E-1  3.12E-1  2.98E-1  2.86E-1  2.71E-1  2.59E-1  2.44E-1  2.29E-1  2.17E-1  2.06E-1  1.97E-1
  2s_2p2_2Pe[3/2]-2p3_2Do[5/2]       6.10E+0  6.12E+0  6.14E+0  6.17E+0  6.20E+0  6.22E+0  6.23E+0  6.22E+0  6.12E+0  6.01E+0  5.92E+0  5.86E+0  5.83E+0  5.81E+0  5.80E+0  5.82E+0  5.85E+0  5.90E+0  5.95E+0  6.00E+0  6.11E+0  6.23E+0  6.34E+0  6.46E+0  6.58E+0  6.75E+0  6.91E+0  7.13E+0  7.39E+0  7.63E+0  7.86E+0  8.06E+0
  2s_2p2_2Pe[3/2]-2p3_2Do[3/2]       9.16E-1  9.06E-1  9.27E-1  9.55E-1  9.79E-1  9.96E-1  1.02E+0  1.02E+0  1.01E+0  9.80E-1  9.53E-1  9.31E-1  9.14E-1  9.00E-1  8.80E-1  8.67E-1  8.60E-1  8.56E-1  8.54E-1  8.54E-1  8.57E-1  8.63E-1  8.70E-1  8.79E-1  8.88E-1  9.02E-1  9.17E-1  9.37E-1  9.61E-1  9.84E-1  1.01E+0  1.03E+0
  2s_2p2_2Pe[3/2]-2p3_2Po[1/2]       2.95E-1  3.77E-1  4.97E-1  5.79E-1  6.36E-1  6.76E-1  7.30E-1  7.64E-1  8.12E-1  8.40E-1  8.58E-1  8.73E-1  8.84E-1  8.94E-1  9.12E-1  9.27E-1  9.40E-1  9.53E-1  9.66E-1  9.78E-1  1.00E+0  1.02E+0  1.04E+0  1.06E+0  1.08E+0  1.11E+0  1.14E+0  1.18E+0  1.22E+0  1.26E+0  1.30E+0  1.33E+0
  2s_2p2_2Pe[3/2]-2p3_2Po[3/2]       1.45E+0  1.85E+0  2.44E+0  2.84E+0  3.12E+0  3.32E+0  3.58E+0  3.75E+0  3.98E+0  4.12E+0  4.21E+0  4.28E+0  4.33E+0  4.38E+0  4.46E+0  4.53E+0  4.59E+0  4.65E+0  4.71E+0  4.76E+0  4.86E+0  4.96E+0  5.06E+0  5.15E+0  5.24E+0  5.37E+0  5.50E+0  5.67E+0  5.87E+0  6.05E+0  6.22E+0  6.37E+0
  2p3_4So[3/2]-2p3_2Do[5/2]          1.05E+0  1.06E+0  1.06E+0  1.06E+0  1.06E+0  1.06E+0  1.06E+0  1.06E+0  1.05E+0  1.04E+0  1.04E+0  1.03E+0  1.02E+0  1.02E+0  1.01E+0  9.99E-1  9.90E-1  9.81E-1  9.71E-1  9.62E-1  9.42E-1  9.23E-1  9.04E-1  8.85E-1  8.67E-1  8.42E-1  8.18E-1  7.89E-1  7.57E-1  7.29E-1  7.04E-1  6.82E-1
  2p3_4So[3/2]-2p3_2Do[3/2]          7.01E-1  7.04E-1  7.07E-1  7.08E-1  7.08E-1  7.07E-1  7.06E-1  7.05E-1  7.00E-1  6.95E-1  6.90E-1  6.86E-1  6.82E-1  6.79E-1  6.72E-1  6.66E-1  6.60E-1  6.54E-1  6.47E-1  6.41E-1  6.28E-1  6.15E-1  6.03E-1  5.90E-1  5.78E-1  5.61E-1  5.45E-1  5.26E-1  5.05E-1  4.86E-1  4.70E-1  4.55E-1
  2p3_4So[3/2]-2p3_2Po[1/2]          5.88E-2  7.48E-2  9.83E-2  1.15E-1  1.26E-1  1.33E-1  1.43E-1  1.50E-1  1.58E-1  1.62E-1  1.64E-1  1.65E-1  1.66E-1  1.67E-1  1.67E-1  1.66E-1  1.65E-1  1.64E-1  1.63E-1  1.61E-1  1.58E-1  1.55E-1  1.51E-1  1.48E-1  1.45E-1  1.40E-1  1.36E-1  1.31E-1  1.25E-1  1.19E-1  1.15E-1  1.10E-1
  2p3_4So[3/2]-2p3_2Po[3/2]          1.18E-1  1.50E-1  1.97E-1  2.29E-1  2.51E-1  2.67E-1  2.87E-1  2.99E-1  3.16E-1  3.24E-1  3.28E-1  3.31E-1  3.32E-1  3.33E-1  3.33E-1  3.32E-1  3.30E-1  3.28E-1  3.25E-1  3.22E-1  3.16E-1  3.09E-1  3.03E-1  2.96E-1  2.90E-1  2.81E-1  2.72E-1  2.62E-1  2.50E-1  2.39E-1  2.29E-1  2.20E-1
  2p3_2Do[5/2]-2p3_2Do[3/2]          1.41E+0  1.43E+0  1.43E+0  1.44E+0  1.44E+0  1.44E+0  1.44E+0  1.43E+0  1.42E+0  1.40E+0  1.39E+0  1.37E+0  1.36E+0  1.35E+0  1.33E+0  1.32E+0  1.30E+0  1.29E+0  1.27E+0  1.26E+0  1.23E+0  1.21E+0  1.18E+0  1.16E+0  1.14E+0  1.10E+0  1.07E+0  1.04E+0  9.97E-1  9.62E-1  9.31E-1  9.04E-1
  2p3_2Do[5/2]-2p3_2Po[1/2]          1.30E-1  1.66E-1  2.18E-1  2.54E-1  2.78E-1  2.96E-1  3.18E-1  3.32E-1  3.51E-1  3.60E-1  3.66E-1  3.69E-1  3.71E-1  3.73E-1  3.75E-1  3.75E-1  3.75E-1  3.74E-1  3.73E-1  3.72E-1  3.70E-1  3.67E-1  3.64E-1  3.61E-1  3.58E-1  3.53E-1  3.49E-1  3.45E-1  3.39E-1  3.34E-1  3.30E-1  3.26E-1
  2p3_2Do[5/2]-2p3_2Po[3/2]          3.20E-1  4.07E-1  5.35E-1  6.23E-1  6.83E-1  7.26E-1  7.81E-1  8.16E-1  8.62E-1  8.86E-1  9.00E-1  9.09E-1  9.15E-1  9.20E-1  9.25E-1  9.28E-1  9.30E-1  9.30E-1  9.30E-1  9.29E-1  9.27E-1  9.25E-1  9.22E-1  9.18E-1  9.15E-1  9.11E-1  9.06E-1  9.01E-1  8.95E-1  8.89E-1  8.84E-1  8.79E-1
  2p3_2Do[3/2]-2p3_2Po[1/2]          1.20E-1  1.52E-1  2.00E-1  2.34E-1  2.56E-1  2.72E-1  2.93E-1  3.06E-1  3.23E-1  3.32E-1  3.38E-1  3.41E-1  3.44E-1  3.45E-1  3.48E-1  3.49E-1  3.50E-1  3.51E-1  3.51E-1  3.52E-1  3.52E-1  3.52E-1  3.51E-1  3.51E-1  3.51E-1  3.50E-1  3.50E-1  3.49E-1  3.48E-1  3.47E-1  3.47E-1  3.46E-1
  2p3_2Do[3/2]-2p3_2Po[3/2]          1.80E-1  2.29E-1  3.01E-1  3.51E-1  3.85E-1  4.09E-1  4.40E-1  4.59E-1  4.85E-1  4.98E-1  5.06E-1  5.10E-1  5.13E-1  5.16E-1  5.18E-1  5.19E-1  5.19E-1  5.18E-1  5.17E-1  5.16E-1  5.12E-1  5.09E-1  5.05E-1  5.01E-1  4.98E-1  4.93E-1  4.88E-1  4.82E-1  4.75E-1  4.70E-1  4.64E-1  4.59E-1
  2p3_2Po[1/2]-2p3_2Po[3/2]          1.62E-1  2.06E-1  2.71E-1  3.16E-1  3.46E-1  3.68E-1  3.96E-1  4.14E-1  4.38E-1  4.50E-1  4.57E-1  4.61E-1  4.64E-1  4.66E-1  4.68E-1  4.68E-1  4.67E-1  4.65E-1  4.63E-1  4.61E-1  4.55E-1  4.48E-1  4.41E-1  4.33E-1  4.26E-1  4.15E-1  4.05E-1  3.91E-1  3.76E-1  3.62E-1  3.49E-1  3.36E-1
