********************************************************************************
                                                                                
                 Super level assignements for HeI
                 Interpolation column is non-zero
                 Slightly different links from f_to_s_131
                                                                                
                  g        E(cm^-1)    10^15 Hz     eV       Lam(A)       ID    
********************************************************************************
                                                                                
17-Oct-2000                                      !Format date                   
26-Aug-2015                            !Date
237                                    !Number of energy levels
6                                      !Entry number of link to super level
  
1s2_1Se           1.0          0.0036     5.9452   5.043E+02     1     0      1
1s_2s_3Se         3.0     159855.9779     1.1528   2.600E+03     2     0      2
1s_2s_1Se         1.0     166277.4437     0.9603   3.122E+03     3     0      3
1s_2p_3Po         9.0     169086.9138     0.8761   3.422E+03     4     0      4
1s_2p_1Po         3.0     171134.9005     0.8147   3.680E+03     5     0      5
1s_3s_3Se         3.0     183236.7953     0.4519   6.634E+03     6     0      6
1s_3s_1Se         1.0     184864.8329     0.4031   7.437E+03     7     0      7
1s_3p_3Po         9.0     185564.6053     0.3821   7.846E+03     8     0      8
1s_3d_3De        15.0     186101.5600     0.3660   8.191E+03     9     0      9
1s_3d_1De         5.0     186104.9703     0.3659   8.193E+03    10     0     10
1s_3p_1Po         3.0     186209.3685     0.3628   8.264E+03    11     0     11
1s_4s_3Se         3.0     190298.1169     0.2402   1.248E+04    12     0     12
1s_4s_1Se         1.0     190940.2300     0.2210   1.357E+04    13     0     13
1s_4p_3Po         9.0     191217.0609     0.2127   1.410E+04    14     0     14
1s_4d_3De        15.0     191444.4889     0.2058   1.456E+04    15     0     15
1s_4d_1De         5.0     191446.4593     0.2058   1.457E+04    16     0     16
1s_4f_3Fo        21.0     191451.8843     0.2056   1.458E+04    17     0     17
1s_4f_1Fo         7.0     191451.9011     0.2056   1.458E+04    18     0     18
1s_4p_1Po         3.0     191492.7155     0.2044   1.467E+04    19     0     19
1s_5s_3Se         3.0     193346.9949     0.1488   2.015E+04    20     0     20
1s_5s_1Se         1.0     193663.5157     0.1393   2.152E+04    21     0     21
1s_5p_3Po         9.0     193800.7194     0.1352   2.217E+04    22     0     22
1s_5d_3De        15.0     193917.1571     0.1317   2.276E+04    23     0     23
1s_5d_1De         5.0     193918.2935     0.1317   2.277E+04    24     0     24
1s_5f_3Fo        21.0     193921.1250     0.1316   2.278E+04    25     0     25
1s_5f_1Fo         7.0     193921.1345     0.1316   2.278E+04    26     0     26
1s_5g_3Ge        27.0     193921.6210     0.1316   2.278E+04    27     0     27
1s_5g_1Ge         9.0     193921.6255     0.1316   2.278E+04    28     0     28
1s_5p_1Po         3.0     193942.4659     0.1310   2.289E+04    29     0     29
1s_6s_3Se         3.0     194936.1233     0.1012   2.963E+04    30     0     30
1s_6s_1Se         1.0     195114.8723     0.0958   3.129E+04    31     0     31
1s_6p_3Po         9.0     195192.7513     0.0935   3.207E+04    32     0     32
1s_6d_3De        15.0     195260.0763     0.0915   3.278E+04    33     0     33
1s_6d_1De         5.0     195260.7741     0.0914   3.279E+04    34     0     34
1s_6f_3Fo        21.0     195262.4295     0.0914   3.281E+04    35     0     35
1s_6f_1Fo         7.0     195262.4354     0.0914   3.281E+04    36     0     36
1s_6g_3Ge        27.0     195262.7281     0.0914   3.281E+04    37     0     37
1s_6g_1Ge         9.0     195262.7307     0.0914   3.281E+04    38     0     38
1s_6h_3Ho        33.0     195262.7976     0.0914   3.281E+04    39     0     39
1s_6h_1Ho        11.0     195262.7994     0.0914   3.281E+04    40     0     40
1s_6p_1Po         3.0     195274.9121     0.0910   3.294E+04    41     0     41
1s_7s_3Se         3.0     195868.2406     0.0732   4.094E+04    42     0     42
1s_7s_1Se         1.0     195978.8988     0.0699   4.289E+04    43     0     43
1s_7p_3Po         9.0     196027.3215     0.0685   4.380E+04    44     0     44
1s_7d_3De        15.0     196069.6772     0.0672   4.462E+04    45     0     45
1s_7d_1De         5.0     196070.1320     0.0672   4.463E+04    46     0     46
1s_7f_3Fo        21.0     196071.1808     0.0671   4.465E+04    47     0     47
1s_7f_1Fo         7.0     196071.1847     0.0671   4.465E+04    48     0     48
1s_7g_3Ge        27.0     196071.3732     0.0671   4.466E+04    49     0     49
1s_7g_1Ge         9.0     196071.3749     0.0671   4.466E+04    50     0     50
1s_7h_3Ho        33.0     196071.4187     0.0671   4.466E+04    51     0     51
1s_7h_1Ho        11.0     196071.4198     0.0671   4.466E+04    52     0     52
1s_7z_3Z         39.0     196071.4337     0.0671   4.466E+04    53     0     53
1s_7z_1Z         13.0     196071.4401     0.0671   4.466E+04    54     0     54
1s_7p_1Po         3.0     196079.0912     0.0669   4.481E+04    55     0     55
1s_8s_3Se         3.0     196461.3654     0.0554   5.407E+04    56     0     56
1s_8s_1Se         1.0     196534.5678     0.0532   5.630E+04    57     0     57
1s_8p_3Po         9.0     196566.7174     0.0523   5.734E+04    58     0     58
1s_8d_3De        15.0     196595.0664     0.0514   5.829E+04    59     0     59
1s_8d_1De         5.0     196595.3777     0.0514   5.830E+04    60     0     60
1s_8f_3Fo        21.0     196596.0830     0.0514   5.832E+04    61     0     61
1s_8f_1Fo         7.0     196596.0857     0.0514   5.832E+04    62     0     62
1s_8g_3Ge        27.0     196596.2139     0.0514   5.833E+04    63     0     63
1s_8g_1Ge         9.0     196596.2150     0.0514   5.833E+04    64     0     64
1s_8h_3Ho        33.0     196596.2451     0.0514   5.833E+04    65     0     65
1s_8h_1Ho        11.0     196596.2458     0.0514   5.833E+04    66     0     66
1s_8z_3Z         84.0     196596.2553     0.0514   5.833E+04    67     0     67
1s_8z_1Z         28.0     196596.2596     0.0514   5.833E+04    68     0     68
1s_8p_1Po         3.0     196601.4038     0.0512   5.850E+04    69     0     69
1s_9s_3Se         3.0     196861.9909     0.0434   6.903E+04    70     0     70
1s_9s_1Se         1.0     196912.9063     0.0419   7.154E+04    71     0     71
1s_9p_3Po         9.0     196935.3364     0.0412   7.271E+04    72     0     72
1s_9d_3De        15.0     196955.2305     0.0406   7.378E+04    73     0     73
1s_9d_1De         5.0     196955.4524     0.0406   7.379E+04    74     0     74
1s_9f_3Fo        21.0     196955.9491     0.0406   7.382E+04    75     0     75
1s_9f_1Fo         7.0     196955.9510     0.0406   7.382E+04    76     0     76
1s_9g_3Ge        27.0     196956.0419     0.0406   7.382E+04    77     0     77
1s_9g_1Ge         9.0     196956.0427     0.0406   7.382E+04    78     0     78
1s_9h_3Ho        33.0     196956.0642     0.0406   7.382E+04    79     0     79
1s_9h_1Ho        11.0     196956.0647     0.0406   7.382E+04    80     0     80
1s_9z_3Z        135.0     196956.0711     0.0406   7.382E+04    81     0     81
1s_9z_1Z         45.0     196956.0741     0.0406   7.382E+04    82     0     82
1s_9p_1Po         3.0     196959.6964     0.0405   7.402E+04    83     0     83
1s_10s_3Se        3.0     197145.2369     0.0349   8.581E+04    84    84     84
1s_10s_1Se        1.0     197182.0691     0.0338   8.861E+04    85    85     85
1s_10p_3Po        9.0     197198.3373     0.0333   8.990E+04    86    86     86
1s_10d_3De       15.0     197212.8297     0.0329   9.109E+04    87    87     87
1s_10d_1De        5.0     197212.9931     0.0329   9.110E+04    88    88     88
1s_10f_3Fo       21.0     197213.3559     0.0329   9.113E+04    89    89     89
1s_10f_1Fo        7.0     197213.3573     0.0329   9.113E+04    90    90     90
1s_10g_3Ge       27.0     197213.4241     0.0329   9.114E+04    91    91     91
1s_10g_1Ge        9.0     197213.4246     0.0329   9.114E+04    92    92     92
1s_10h_3Ho       33.0     197213.4405     0.0329   9.114E+04    93    93     93
1s_10h_1Ho       11.0     197213.4409     0.0329   9.114E+04    94    94     94
1s_10z_3Z       192.0     197213.4451     0.0329   9.114E+04    95    95     95
1s_10z_1Z        64.0     197213.4473     0.0329   9.114E+04    96    96     96
1s_10p_1Po        3.0     197216.0932     0.0328   9.136E+04    97    97     97
1s_11s_3Se        3.0     197352.8384     0.0287   1.044E+05    98    84     98
1s_11s_1Se        1.0     197380.3425     0.0279   1.075E+05    99    85     99
1s_11p_3Po        9.0     197392.5299     0.0275   1.089E+05   100    86    100
1s_11d_3De       15.0     197403.4077     0.0272   1.102E+05   101    87    101
1s_11d_1De        5.0     197403.5304     0.0272   1.102E+05   102    88    102
1s_11f_3Fo       21.0     197403.8030     0.0272   1.103E+05   103    89    103
1s_11f_1Fo        7.0     197403.8041     0.0272   1.103E+05   104    90    104
1s_11g_3Ge       27.0     197403.8542     0.0272   1.103E+05   105    91    105
1s_11g_1Ge        9.0     197403.8546     0.0272   1.103E+05   106    92    106
1s_11h_3Ho       33.0     197403.8666     0.0272   1.103E+05   107    93    107
1s_11h_1Ho       11.0     197403.8669     0.0272   1.103E+05   108    94    108
1s_11z_1Z        85.0     197403.8744     0.0272   1.103E+05   111    96    109
1s_11z_3Z       255.0     197403.8744     0.0272   1.103E+05   109    95    110
1s_11p_1Po        3.0     197405.8700     0.0271   1.105E+05   110    97    111
1s_12s_3Se        3.0     197509.5357     0.0240   1.248E+05    98    84    112
1s_12s_1Se        1.0     197530.6134     0.0234   1.282E+05    99    85    113
1s_12p_3Po        9.0     197539.9785     0.0231   1.298E+05   100    86    114
1s_12d_3De       15.0     197548.3503     0.0229   1.312E+05   101    87    115
1s_12d_1De        5.0     197548.4449     0.0229   1.312E+05   102    88    116
1s_12f_3Fo       21.0     197548.6548     0.0228   1.312E+05   103    89    117
1s_12f_1Fo        7.0     197548.6556     0.0228   1.312E+05   104    90    118
1s_12g_3Ge       27.0     197548.6943     0.0228   1.312E+05   105    91    119
1s_12g_1Ge        9.0     197548.6946     0.0228   1.312E+05   106    92    120
1s_12h_3Ho       33.0     197548.7038     0.0228   1.312E+05   107    93    121
1s_12h_1Ho       11.0     197548.7040     0.0228   1.312E+05   108    94    122
1s_12z_1Z       108.0     197548.7098     0.0228   1.312E+05   109    95    123
1s_12z_3Z       324.0     197548.7098     0.0228   1.312E+05   111    96    124
1s_12p_1Po        3.0     197550.2400     0.0228   1.315E+05   110    97    125
1s_13s_3Se        3.0     197630.7047     0.0204   1.471E+05    98    84    126
1s_13s_1Se        1.0     197647.2119     0.0199   1.507E+05    99    85    127
1s_13p_3Po        9.0     197654.5629     0.0197   1.524E+05   100    86    128
1s_13d_3De       15.0     197661.1431     0.0195   1.540E+05   101    87    129
1s_13d_1De        5.0     197661.2174     0.0195   1.540E+05   102    88    130
1s_13f_3Fo       21.0     197661.3826     0.0195   1.540E+05   103    89    131
1s_13f_1Fo        7.0     197661.3832     0.0195   1.540E+05   104    90    132
1s_13g_3Ge       27.0     197661.4136     0.0195   1.540E+05   105    91    133
1s_13g_1Ge        9.0     197661.4138     0.0195   1.540E+05   106    92    134
1s_13h_3Ho       33.0     197661.4211     0.0195   1.540E+05   107    93    135
1s_13h_1Ho       11.0     197661.4213     0.0195   1.540E+05   108    94    136
1s_13z_1Z       133.0     197661.4258     0.0195   1.540E+05   109    95    137
1s_13z_3Z       399.0     197661.4258     0.0195   1.540E+05   111    96    138
1s_13p_1Po        3.0     197662.6300     0.0194   1.543E+05   110    97    139
1s_14s_3Se        3.0     197726.3272     0.0175   1.711E+05    98    84    140
1s_14s_1Se        1.0     197739.4954     0.0171   1.751E+05    99    85    141
1s_14p_3Po        9.0     197745.3708     0.0169   1.769E+05   100    86    142
1s_14d_3De       15.0     197750.6362     0.0168   1.786E+05   101    87    143
1s_14d_1De        5.0     197750.6957     0.0168   1.786E+05   102    88    144
1s_14f_3Fo       21.0     197750.8279     0.0168   1.786E+05   103    89    145
1s_14f_1Fo        7.0     197750.8284     0.0168   1.786E+05   104    90    146
1s_14g_3Ge       27.0     197750.8527     0.0168   1.786E+05   105    91    147
1s_14g_1Ge        9.0     197750.8529     0.0168   1.786E+05   106    92    148
1s_14h_3Ho       33.0     197750.8587     0.0168   1.786E+05   107    93    149
1s_14h_1Ho       11.0     197750.8589     0.0168   1.786E+05   108    94    150
1s_14z_1Z       160.0     197750.8625     0.0168   1.786E+05   109    95    151
1s_14z_3Z       480.0     197750.8625     0.0168   1.786E+05   111    96    152
1s_14p_1Po        3.0     197751.8200     0.0168   1.789E+05   110    97    153
1s_15s_3Se        3.0     197803.1107     0.0152   1.970E+05    98    84    154
1s_15s_1Se        1.0     197813.7829     0.0149   2.013E+05    99    85    155
1s_15p_3Po        9.0     197818.5527     0.0148   2.032E+05   100    86    156
1s_15d_3De       15.0     197822.8314     0.0146   2.050E+05   101    87    157
1s_15d_1De        5.0     197822.8798     0.0146   2.050E+05   102    88    158
1s_15f_3Fo       21.0     197822.9873     0.0146   2.051E+05   103    89    159
1s_15f_1Fo        7.0     197822.9877     0.0146   2.051E+05   104    90    160
1s_15g_3Ge       27.0     197823.0075     0.0146   2.051E+05   105    91    161
1s_15g_1Ge        9.0     197823.0077     0.0146   2.051E+05   106    92    162
1s_15h_3Ho       33.0     197823.0124     0.0146   2.051E+05   107    93    163
1s_15h_1Ho       11.0     197823.0125     0.0146   2.051E+05   108    94    164
1s_15z_1Z       189.0     197823.0155     0.0146   2.051E+05   109    95    165
1s_15z_3Z       567.0     197823.0155     0.0146   2.051E+05   111    96    166
1s_15p_1Po        3.0     197823.7900     0.0146   2.054E+05   110    97    167
1s_16s_3Se        3.0     197865.6975     0.0133   2.247E+05   115    84    168
1s_16s_1Se        1.0     197874.4667     0.0131   2.293E+05   116    85    169
1s_16p_3Po        9.0     197878.3918     0.0130   2.313E+05   117    86    170
1s_16d_3De       15.0     197881.9158     0.0129   2.332E+05   118    87    171
1s_16d_1De        5.0     197881.9556     0.0129   2.333E+05   119    88    172
1s_16f_3Fo       21.0     197882.0442     0.0128   2.333E+05   120    89    173
1s_16f_1Fo        7.0     197882.0445     0.0128   2.333E+05   121    90    174
1s_16g_3Ge       27.0     197882.0608     0.0128   2.333E+05   122    91    175
1s_16g_1Ge        9.0     197882.0610     0.0128   2.333E+05   123    92    176
1s_16h_3Ho       33.0     197882.0649     0.0128   2.333E+05   124    93    177
1s_16h_1Ho       11.0     197882.0649     0.0128   2.333E+05   125    94    178
1s_16z_1Z       220.0     197882.0674     0.0128   2.333E+05   129    96    179
1s_16z_3Z       660.0     197882.0674     0.0128   2.333E+05   128    95    180
1s_16p_1Po        3.0     197882.7129     0.0128   2.337E+05   127    97    181
1s_17s_3Se        3.0     197917.3833     0.0118   2.543E+05   115    84    182
1s_17s_1Se        1.0     197924.6764     0.0116   2.591E+05   116    85    183
1s_17p_3Po        9.0     197927.9449     0.0115   2.613E+05   117    86    184
1s_17d_3De       15.0     197930.8818     0.0114   2.633E+05   118    87    185
1s_17d_1De        5.0     197930.9150     0.0114   2.633E+05   119    88    186
1s_17f_3Fo       21.0     197930.9888     0.0114   2.634E+05   120    89    187
1s_17f_1Fo        7.0     197930.9891     0.0114   2.634E+05   121    90    188
1s_17g_3Ge       27.0     197931.0027     0.0114   2.634E+05   122    91    189
1s_17g_1Ge        9.0     197931.0028     0.0114   2.634E+05   123    92    190
1s_17h_3Ho       33.0     197931.0061     0.0114   2.634E+05   124    93    191
1s_17h_1Ho       11.0     197931.0061     0.0114   2.634E+05   125    94    192
1s_17z_1Z       253.0     197931.0082     0.0114   2.634E+05   129    96    193
1s_17z_3Z       759.0     197931.0082     0.0114   2.634E+05   128    95    194
1s_17p_1Po        3.0     197931.5464     0.0114   2.638E+05   127    97    195
1s_18s_3Se        3.0     197960.5602     0.0105   2.856E+05   115    84    196
1s_18s_1Se        1.0     197966.6907     0.0103   2.907E+05   116    85    197
1s_18p_3Po        9.0     197969.4414     0.0102   2.931E+05   117    86    198
1s_18d_3De       15.0     197971.9145     0.0102   2.952E+05   118    87    199
1s_18d_1De        5.0     197971.9425     0.0102   2.952E+05   119    88    200
1s_18f_3Fo       21.0     197972.0047     0.0102   2.953E+05   120    89    201
1s_18f_1Fo        7.0     197972.0050     0.0102   2.953E+05   121    90    202
1s_18g_3Ge       27.0     197972.0164     0.0102   2.953E+05   122    91    203
1s_18g_1Ge        9.0     197972.0165     0.0102   2.953E+05   123    92    204
1s_18h_3Ho       33.0     197972.0192     0.0102   2.953E+05   124    93    205
1s_18h_1Ho       11.0     197972.0193     0.0102   2.953E+05   125    94    206
1s_18z_1Z       288.0     197972.0210     0.0102   2.953E+05   129    96    207
1s_18z_3Z       864.0     197972.0210     0.0102   2.953E+05   128    95    208
1s_18p_1Po        3.0     197972.4745     0.0101   2.957E+05   127    97    209
1s_19s_3Se        3.0     197996.9983     0.0094   3.188E+05   115    84    210
1s_19s_1Se        1.0     198002.2008     0.0092   3.242E+05   116    85    211
1s_19p_3Po        9.0     198004.5374     0.0092   3.267E+05   117    86    212
1s_19d_3De       15.0     198006.6396     0.0091   3.289E+05   118    87    213
1s_19d_1De        5.0     198006.6635     0.0091   3.289E+05   119    88    214
1s_19f_3Fo       21.0     198006.7163     0.0091   3.290E+05   120    89    215
1s_19f_1Fo        7.0     198006.7166     0.0091   3.290E+05   121    90    216
1s_19g_3Ge       27.0     198006.7263     0.0091   3.290E+05   122    91    217
1s_19g_1Ge        9.0     198006.7264     0.0091   3.290E+05   123    92    218
1s_19h_3Ho       33.0     198006.7287     0.0091   3.290E+05   124    93    219
1s_19h_1Ho       11.0     198006.7287     0.0091   3.290E+05   125    94    220
1s_19z_1Z       325.0     198006.7302     0.0091   3.290E+05   129    96    221
1s_19z_3Z       975.0     198006.7302     0.0091   3.290E+05   128    95    222
1s_19p_1Po        3.0     198007.1158     0.0091   3.294E+05   127    97    223
1s_20s_3Se        3.0     198028.0304     0.0085   3.538E+05   115    84    224
1s_20s_1Se        1.0     198032.4831     0.0083   3.595E+05   116    85    225
1s_20p_3Po        9.0     198034.4848     0.0083   3.621E+05   117    86    226
1s_20d_3De       15.0     198036.2867     0.0082   3.645E+05   118    87    227
1s_20d_1De        5.0     198036.3071     0.0082   3.645E+05   119    88    228
1s_20f_3Fo       21.0     198036.3525     0.0082   3.645E+05   120    89    229
1s_20f_1Fo        7.0     198036.3526     0.0082   3.645E+05   121    90    230
1s_20g_3Ge       27.0     198036.3610     0.0082   3.646E+05   122    91    231
1s_20g_1Ge        9.0     198036.3610     0.0082   3.646E+05   123    92    232
1s_20h_3Ho       33.0     198036.3630     0.0082   3.646E+05   124    93    233
1s_20h_1Ho       11.0     198036.3631     0.0082   3.646E+05   125    94    234
1s_20z_1Z       364.0     198036.3643     0.0082   3.646E+05   129    96    235
1s_20z_3Z      1092.0     198036.3643     0.0082   3.646E+05   128    95    236
1s_20p_1Po        3.0     198036.6949     0.0082   3.650E+05   127    97    237
