********************************************************************************
                                                                               
                  Super level assignments for MgIII
                  E%LS option with /\E%LS=1.0%
                                                                                
                               g        E(cm^-1)    10^15 Hz     eV       Lam(A)
********************************************************************************

26-Jun-2001                            !Date
201                                    !Number of energy levels
6                                      !Entry number of link to super level
  
2p6_1Se[0]           1.0          0.0000    19.3786   1.547E+02     1     0      1
2p5_3s_3Po[2]        5.0     425640.3000     6.6183   4.530E+02     2     0      2
2p5_3s_3Po[1]        3.0     426868.1000     6.5815   4.555E+02     2     0      3
2p5_3s_3Po[0]        1.0     427852.1000     6.5520   4.576E+02     2     0      4
2p5_3s_1Po[1]        3.0     431530.0000     6.4417   4.654E+02     3     0      5
2p5_3p_3Se[1]        3.0     467378.5000     5.3670   5.586E+02     4     0      6
2p5_3p_3De[3]        7.0     474053.2000     5.1669   5.802E+02     5     0      7
2p5_3p_3De[2]        5.0     474655.0000     5.1488   5.823E+02     5     0      8
2p5_3p_3De[1]        3.0     475502.9000     5.1234   5.851E+02     5     0      9
2p5_3p_1De[2]        5.0     477435.7000     5.0655   5.918E+02     6     0     10
2p5_3p_1Pe[1]        3.0     478374.5000     5.0373   5.951E+02     6     0     11
2p5_3p_3Pe[2]        5.0     478846.1000     5.0232   5.968E+02     7     0     12
2p5_3p_3Pe[0]        1.0     479265.3000     5.0106   5.983E+02     7     0     13
2p5_3p_3Pe[1]        3.0     479456.0000     5.0049   5.990E+02     7     0     14
2p5_3p_1Se[0]        1.0     496012.1000     4.5086   6.649E+02     8     0     15
2p5_3d_3Po[0]        1.0     530178.2000     3.4843   8.604E+02     9     0     16
2p5_3d_3Po[1]        3.0     530420.6000     3.4770   8.622E+02     9     0     17
2p5_3d_3Po[2]        5.0     530962.9000     3.4608   8.663E+02     9     0     18
2p5_3d_3Fo[4]        9.0     531563.0000     3.4428   8.708E+02     9     0     19
2p5_3d_3Fo[3]        7.0     531833.1000     3.4347   8.728E+02     9     0     20
2p5_3d_3Fo[2]        5.0     532725.7000     3.4079   8.797E+02     9     0     21
2p5_3d_1Fo[3]        7.0     532971.2000     3.4006   8.816E+02    10     0     22
2p5_3d_3Do[1]        3.0     534197.7000     3.3638   8.912E+02     9     0     23
2p5_3d_1Do[2]        5.0     534776.9000     3.3464   8.959E+02    10     0     24
2p5_3d_3Do[3]        7.0     534923.6000     3.3420   8.970E+02     9     0     25
2p5_3d_3Do[2]        5.0     535179.6000     3.3344   8.991E+02     9     0     26
2p5_3d_1Po[1]        3.0     536152.0000     3.3052   9.070E+02    10     0     27
2p5_4s_3Po           9.0     548155.9120     2.9453   1.018E+03    11     0     28
2p5_4s_1Po           3.0     549556.7490     2.9033   1.033E+03    12     0     29
2p5_4p_3Se           3.0     561633.9110     2.5413   1.180E+03    13     0     30
2p5_4p_3De          15.0     563639.0500     2.4812   1.208E+03    13     0     31
2p5_4p_1De           5.0     564578.5270     2.4530   1.222E+03    14     0     32
2p5_4p_1Pe           3.0     564688.9380     2.4497   1.224E+03    14     0     33
2p5_4p_3Pe           9.0     564741.1860     2.4481   1.225E+03    13     0     34
2p5_4p_1Se           1.0     571585.6670     2.2429   1.337E+03    15     0     35
2p5_4d_3Po           9.0     582978.6770     1.9014   1.577E+03    16     0     36
2p5_4d_3Fo          21.0     583542.5610     1.8845   1.591E+03    16     0     37
2p5_4d_1Fo           7.0     583951.6720     1.8722   1.601E+03    17     0     38
2p5_4d_1Do           5.0     584387.4000     1.8592   1.613E+03    17     0     39
2p5_4d_3Do          15.0     584401.2020     1.8587   1.613E+03    16     0     40
2p5_4d_1Po           3.0     585217.4530     1.8343   1.634E+03    17     0     41
2p5_4f_3De          15.0     585446.1610     1.8274   1.641E+03    18     0     42
2p5_4f_1De           5.0     585470.8060     1.8267   1.641E+03    19     0     43
2p5_4f_3Ge          27.0     585493.4800     1.8260   1.642E+03    18     0     44
2p5_4f_1Ge           9.0     585500.3800     1.8258   1.642E+03    19     0     45
2p5_4f_3Fe          21.0     585617.6920     1.8223   1.645E+03    18     0     46
2p5_4f_1Fe           7.0     585617.6920     1.8223   1.645E+03    19     0     47
2p5_5s_3Po           9.0     589966.1010     1.6919   1.772E+03    20     0     48
2p5_5s_1Po           3.0     590567.4460     1.6739   1.791E+03    21     0     49
2p5_5p_3Se           3.0     596051.5090     1.5095   1.986E+03    22     0     50
2p5_5p_3De          15.0     596961.4120     1.4822   2.023E+03    22     0     51
2p5_5p_1De           5.0     597393.1970     1.4692   2.040E+03    23     0     52
2p5_5p_1Pe           3.0     597427.7000     1.4682   2.042E+03    23     0     53
2p5_5p_3Pe           9.0     597452.3450     1.4675   2.043E+03    22     0     54
2p5_5p_1Se           1.0     600690.7320     1.3704   2.188E+03    23     0     55
2p5_5d_3Po           9.0     606065.3700     1.2093   2.479E+03    24     0     56
2p5_5d_3Fo          21.0     606348.2980     1.2008   2.497E+03    24     0     57
2p5_5d_1Fo           7.0     606573.0630     1.1940   2.511E+03    25     0     58
2p5_5d_1Do           5.0     606774.1680     1.1880   2.523E+03    25     0     59
2p5_5d_3Do          15.0     606782.0550     1.1878   2.524E+03    24     0     60
2p5_5d_1Po           3.0     607286.7890     1.1726   2.557E+03    25     0     61
2p5_5f_3De          15.0     607380.4410     1.1698   2.563E+03    26     0     62
2p5_5f_1De           5.0     607400.1580     1.1692   2.564E+03    27     0     63
2p5_5f_3Ge          27.0     607414.9450     1.1688   2.565E+03    26     0     64
2p5_5f_1Ge           9.0     607419.8740     1.1687   2.565E+03    27     0     65
2p5_5g_3Fo          21.0     607456.3490     1.1676   2.568E+03    24     0     66
2p5_5g_1Fo           7.0     607456.3490     1.1676   2.568E+03    25     0     67
2p5_5g_1Go           9.0     607461.2780     1.1674   2.568E+03    25     0     68
2p5_5g_3Go          27.0     607461.2780     1.1674   2.568E+03    24     0     69
2p5_5f_1Fe           7.0     607500.7100     1.1662   2.571E+03    27     0     70
2p5_5f_3Fe          21.0     607501.6960     1.1662   2.571E+03    26     0     71
2p5_6s_3Po           9.0     609778.9180     1.0979   2.731E+03    24     0     72
2p5_6s_1Po           3.0     610092.4060     1.0885   2.754E+03    25     0     73
2p5_6p_3Se           3.0     613025.1920     1.0006   2.996E+03    26     0     74
2p5_6p_3De          15.0     613518.0970     0.9858   3.041E+03    28     0     75
2p5_6p_1De           5.0     613751.7340     0.9788   3.063E+03    29     0     76
2p5_6p_1Pe           3.0     613767.5070     0.9784   3.064E+03    29     0     77
2p5_6p_3Pe           9.0     613781.3080     0.9779   3.066E+03    28     0     78
2p5_6p_1Se           1.0     615559.7100     0.9246   3.242E+03    29     0     79
2p5_6d_3Po           9.0     618530.9430     0.8356   3.588E+03    30     0     80
2p5_6d_3Fo          21.0     618692.6150     0.8307   3.609E+03    30     0     81
2p5_6d_1Fo           7.0     618826.6860     0.8267   3.626E+03    31     0     82
2p5_6d_1Do           5.0     618936.1110     0.8234   3.641E+03    31     0     83
2p5_6d_3Do          15.0     618941.0400     0.8233   3.642E+03    30     0     84
2p5_6d_1Po           3.0     619257.4850     0.8138   3.684E+03    31     0     85
2p5_6f_3De          15.0     619305.7890     0.8123   3.691E+03    28     0     86
2p5_6f_1De           5.0     619319.5910     0.8119   3.692E+03    29     0     87
2p5_6f_3Ge          27.0     619328.4630     0.8116   3.694E+03    28     0     88
2p5_6f_1Ge           9.0     619332.4060     0.8115   3.694E+03    29     0     89
2p5_6g_3Fo          21.0     619355.0800     0.8108   3.697E+03    30     0     90
2p5_6g_1Fo           7.0     619355.0800     0.8108   3.697E+03    31     0     91
2p5_6h_3Ge          27.0     619358.0370     0.8108   3.698E+03    28     0     92
2p5_6h_1Ge           9.0     619358.0370     0.8108   3.698E+03    29     0     93
2p5_6g_1Go           9.0     619360.0090     0.8107   3.698E+03    31     0     94
2p5_6g_3Go          27.0     619360.0090     0.8107   3.698E+03    30     0     95
2p5_6f_1Fe           7.0     619384.6540     0.8100   3.701E+03    29     0     96
2p5_6f_3Fe          21.0     619384.6540     0.8100   3.701E+03    28     0     97
2p5_7s_3Po           9.0     620722.3990     0.7699   3.894E+03    30     0     98
2p5_7s_1Po           3.0     620905.7600     0.7644   3.922E+03    31     0     99
2p5_7p_3Se           3.0     622653.6010     0.7120   4.211E+03    32     0    100
2p5_7p_3De          15.0     622950.3300     0.7031   4.264E+03    32     0    101
2p5_7p_1De           5.0     623091.3010     0.6988   4.290E+03    33     0    102
2p5_7p_1Pe           3.0     623100.1740     0.6986   4.292E+03    33     0    103
2p5_7p_3Pe           9.0     623108.0600     0.6983   4.293E+03    32     0    104
2p5_7p_1Se           1.0     624188.5080     0.6659   4.502E+03    33     0    105
2p5_7d_3Po           9.0     626004.3710     0.6115   4.903E+03    34     0    106
2p5_7d_3Fo          21.0     626105.9090     0.6085   4.927E+03    34     0    107
2p5_7d_1Fo           7.0     626191.6750     0.6059   4.948E+03    35     0    108
2p5_7d_1Do           5.0     626258.7100     0.6039   4.964E+03    35     0    109
2p5_7d_3Do          15.0     626260.6820     0.6038   4.965E+03    34     0    110
2p5_7d_1Po           3.0     626469.6730     0.5976   5.017E+03    35     0    111
2p5_7f_3De          15.0     626497.2760     0.5967   5.024E+03    32     0    112
2p5_7f_1De           5.0     626507.1340     0.5964   5.026E+03    33     0    113
2p5_7f_3Ge          27.0     626512.0630     0.5963   5.028E+03    32     0    114
2p5_7f_1Ge           9.0     626515.0210     0.5962   5.028E+03    33     0    115
2p5_7g_3Fo          21.0     626530.7940     0.5957   5.032E+03    34     0    116
2p5_7g_1Fo           7.0     626530.7940     0.5957   5.032E+03    35     0    117
2p5_7h_3Ge          27.0     626532.7650     0.5957   5.033E+03    32     0    118
2p5_7h_1Ge           9.0     626532.7650     0.5957   5.033E+03    33     0    119
2p5_7g_3Go          27.0     626534.7370     0.5956   5.033E+03    34     0    120
2p5_7g_1Go           9.0     626534.7370     0.5956   5.033E+03    35     0    121
2p5_7f_1Fe           7.0     626550.5100     0.5951   5.037E+03    33     0    122
2p5_7f_3Fe          21.0     626550.5100     0.5951   5.037E+03    32     0    123
2p5_8s_3Po           9.0     627401.2640     0.5696   5.263E+03    34     0    124
2p5_8s_1Po           3.0     627517.5900     0.5661   5.295E+03    35     0    125
2p5_8p_3Se           3.0     628641.4140     0.5324   5.630E+03    32     0    126
2p5_8p_3De          15.0     628834.6330     0.5267   5.692E+03    32     0    127
2p5_8p_1De           5.0     628925.3270     0.5239   5.722E+03    33     0    128
2p5_8p_1Pe           3.0     628931.2420     0.5238   5.724E+03    33     0    129
2p5_8p_3Pe           9.0     628936.1710     0.5236   5.725E+03    36     0    130
2p5_8p_1Se           1.0     629641.0250     0.5025   5.966E+03    37     0    131
2p5_8d_3Po           9.0     630832.8700     0.4668   6.423E+03    34     0    132
2p5_8d_3Fo          21.0     630899.9050     0.4647   6.451E+03    34     0    133
2p5_8d_1Fo           7.0     630958.0680     0.4630   6.475E+03    35     0    134
2p5_8d_1Do           5.0     631001.4440     0.4617   6.493E+03    35     0    135
2p5_8d_3Do          15.0     631003.4150     0.4616   6.494E+03    34     0    136
2p5_8d_1Po           3.0     631147.3440     0.4573   6.555E+03    35     0    137
2p5_8f_3De          15.0     631165.0880     0.4568   6.563E+03    36     0    138
2p5_8f_1De           5.0     631171.9890     0.4566   6.566E+03    37     0    139
2p5_8f_3Ge          27.0     631174.9460     0.4565   6.567E+03    36     0    140
2p5_8f_1Ge           9.0     631176.9180     0.4564   6.568E+03    37     0    141
2p5_8g_3Fo          21.0     631187.7620     0.4561   6.573E+03    34     0    142
2p5_8g_1Fo           7.0     631187.7620     0.4561   6.573E+03    35     0    143
2p5_8h_3Ge          27.0     631189.7330     0.4561   6.574E+03    36     0    144
2p5_8h_1Ge           9.0     631189.7330     0.4561   6.574E+03    37     0    145
2p5_8g_1Go           9.0     631191.7050     0.4560   6.574E+03    35     0    146
2p5_8g_3Go          27.0     631191.7050     0.4560   6.574E+03    34     0    147
2p5_8f_1Fe           7.0     631201.5630     0.4557   6.579E+03    37     0    148
2p5_8f_3Fe          21.0     631201.5630     0.4557   6.579E+03    36     0    149
2p5_9s_3Po           9.0     631775.3050     0.4385   6.837E+03    34     0    150
2p5_9s_1Po           3.0     631854.1700     0.4361   6.874E+03    35     0    151
2p5_9p_3Se           3.0     632619.1590     0.4132   7.255E+03    36     0    152
2p5_9p_3De          15.0     632751.2570     0.4092   7.326E+03    36     0    153
2p5_9p_1De           5.0     632814.3490     0.4073   7.360E+03    37     0    154
2p5_9p_1Pe           3.0     632817.3060     0.4073   7.361E+03    37     0    155
2p5_9p_3Pe           9.0     632821.2500     0.4071   7.363E+03    36     0    156
2p5_9p_1Se           1.0     633306.2680     0.3926   7.636E+03    37     0    157
2p5_9d_3Po           9.0     634130.4060     0.3679   8.149E+03    38     0    158
2p5_9d_3Fo          21.0     634177.7250     0.3665   8.180E+03    38     0    159
2p5_9d_1Fo           7.0     634218.1430     0.3653   8.208E+03    39     0    160
2p5_9d_1Do           5.0     634248.7030     0.3643   8.228E+03    39     0    161
2p5_9d_3Do          15.0     634249.6890     0.3643   8.229E+03    38     0    162
2p5_9d_1Po           3.0     634352.2130     0.3612   8.299E+03    39     0    163
2p5_9f_3De          15.0     634364.0430     0.3609   8.307E+03    36     0    164
2p5_9f_1De           5.0     634369.9580     0.3607   8.311E+03    37     0    165
2p5_9f_3Ge          27.0     634371.9290     0.3607   8.313E+03    36     0    166
2p5_9f_1Ge           9.0     634372.9150     0.3606   8.313E+03    37     0    167
2p5_9g_3Fo          21.0     634380.8020     0.3604   8.319E+03    38     0    168
2p5_9g_1Fo           7.0     634380.8020     0.3604   8.319E+03    39     0    169
2p5_9h_3Ge          27.0     634382.7730     0.3603   8.320E+03    36     0    170
2p5_9h_1Ge           9.0     634382.7730     0.3603   8.320E+03    37     0    171
2p5_9g_1Go           9.0     634383.7590     0.3603   8.321E+03    39     0    172
2p5_9g_3Go          27.0     634383.7590     0.3603   8.321E+03    38     0    173
2p5_9f_1Fe           7.0     634390.6600     0.3601   8.325E+03    37     0    174
2p5_9f_3Fe          21.0     634390.6600     0.3601   8.325E+03    36     0    175
2p5_10s_3Po          9.0     634795.8280     0.3479   8.616E+03    38     0    176
2p5_10s_1Po          3.0     634852.0190     0.3463   8.658E+03    39     0    177
2p5_10p_3Se          3.0     635395.2010     0.3300   9.085E+03    40     0    178
2p5_10p_3De         15.0     635489.8380     0.3271   9.164E+03    40     0    179
2p5_10p_1De          5.0     635535.1860     0.3258   9.202E+03    37     0    180
2p5_10p_1Pe          3.0     635537.1570     0.3257   9.204E+03    37     0    181
2p5_10p_3Pe          9.0     635540.1150     0.3256   9.207E+03    40     0    182
2p5_10p_1Se          1.0     635887.1200     0.3152   9.510E+03    37     0    183
2p5_10d_3Po          9.0     636481.5640     0.2974   1.008E+04    38     0    184
2p5_10d_3Fo         21.0     636516.0670     0.2964   1.012E+04    38     0    185
2p5_10d_1Fo          7.0     636545.6410     0.2955   1.015E+04    39     0    186
2p5_10d_1Do          5.0     636567.3290     0.2948   1.017E+04    39     0    187
2p5_10d_3Do         15.0     636568.3150     0.2948   1.017E+04    38     0    188
2p5_10d_1Po          3.0     636644.2220     0.2925   1.025E+04    39     0    189
2p5_10f_3De         15.0     636653.0950     0.2923   1.026E+04    40     0    190
2p5_10f_1De          5.0     636657.0380     0.2921   1.026E+04    41     0    191
2p5_10f_3Ge         27.0     636658.0240     0.2921   1.026E+04    40     0    192
2p5_10f_1Ge          9.0     636659.0090     0.2921   1.026E+04    41     0    193
2p5_10g_3Fo         21.0     636664.9240     0.2919   1.027E+04    38     0    194
2p5_10g_1Fo          7.0     636664.9240     0.2919   1.027E+04    39     0    195
2p5_10h_3Ge         27.0     636665.9100     0.2919   1.027E+04    40     0    196
2p5_10h_1Ge          9.0     636665.9100     0.2919   1.027E+04    41     0    197
2p5_10g_1Go          9.0     636666.8960     0.2919   1.027E+04    39     0    198
2p5_10g_3Go         27.0     636666.8960     0.2919   1.027E+04    38     0    199
2p5_10f_1Fe          7.0     636671.8250     0.2917   1.028E+04    41     0    200
2p5_10f_3Fe         21.0     636672.8110     0.2917   1.028E+04    40     0    201
