********************************************************************************
                                                                                
                 Super level assignments for NkIV
                 E%LS option with /\E=10.0%
                 FOr model construction                 
                                                                                
                             g        E(cm^-1)    10^15 Hz    Lam(A)  
********************************************************************************
                                                                                
17-Oct-2001                            !Date
1000                                   !Number of energy levels
6                                      !Entry number of link to super level
  
3d7_4Fe[9/2]                10.0          0.0000    13.2808   2.257E+02     1     0      1
3d7_4Fe[7/2]                 8.0       1189.7000    13.2451   2.263E+02     1     0      2
3d7_4Fe[5/2]                 6.0       2042.5000    13.2196   2.268E+02     1     0      3
3d7_4Fe[3/2]                 4.0       2621.1000    13.2022   2.271E+02     1     0      4
3d7_4Pe[5/2]                 6.0      18118.6000    12.7376   2.354E+02     2     0      5
3d7_4Pe[3/2]                 4.0      18366.8000    12.7302   2.355E+02     2     0      6
3d7_4Pe[1/2]                 2.0      18958.4000    12.7124   2.358E+02     2     0      7
3d7_2Ge[9/2]                10.0      19829.6000    12.6863   2.363E+02     3     0      8
3d7_2Ge[7/2]                 8.0      20947.6000    12.6528   2.369E+02     3     0      9
3d7_2Pe[3/2]                 4.0      23648.9000    12.5718   2.385E+02     4     0     10
3d7_2Pe[1/2]                 2.0      24651.4000    12.5418   2.390E+02     4     0     11
3d7_2He[11/2]               12.0      26649.1000    12.4819   2.402E+02     5     0     12
3d7_2D2e[5/2]                6.0      27096.5000    12.4685   2.404E+02     5     0     13
3d7_2He[9/2]                10.0      27677.6000    12.4511   2.408E+02     5     0     14
3d7_2D2e[3/2]                4.0      28777.7000    12.4181   2.414E+02     5     0     15
3d7_2Fe[5/2]                 6.0      43437.5000    11.9786   2.503E+02     6     0     16
3d7_2Fe[7/2]                 8.0      43858.6000    11.9660   2.505E+02     6     0     17
3d7_2D1e[3/2]                4.0      67360.0000    11.2614   2.662E+02     7     0     18
3d7_2D1e[5/2]                6.0      67989.8000    11.2425   2.667E+02     7     0     19
3d6(5D)4s_6De[9/2]          10.0     110410.6000     9.9708   3.007E+02     8     0     20
3d6(5D)4s_6De[7/2]           8.0     111195.8000     9.9472   3.014E+02     8     0     21
3d6(5D)4s_6De[5/2]           6.0     111763.3000     9.9302   3.019E+02     8     0     22
3d6(5D)4s_6De[3/2]           4.0     112151.9000     9.9186   3.023E+02     8     0     23
3d6(5D)4s_6De[1/2]           2.0     112379.3000     9.9118   3.025E+02     8     0     24
3d6(5D)4s_4De[7/2]           8.0     120909.5000     9.6560   3.105E+02     9     0     25
3d6(5D)4s_4De[5/2]           6.0     121807.7000     9.6291   3.113E+02     9     0     26
3d6(5D)4s_4De[3/2]           4.0     122386.1000     9.6118   3.119E+02     9     0     27
3d6(5D)4s_4De[1/2]           2.0     122717.4000     9.6018   3.122E+02     9     0     28
3d6(3P2)4s_4Pe[5/2]          6.0     138446.2000     9.1303   3.283E+02    10     0     29
3d6(3H)4s_4He[13/2]         14.0     139289.4000     9.1050   3.293E+02    10     0     30
3d6(3H)4s_4He[11/2]         12.0     139619.2000     9.0951   3.296E+02    10     0     31
3d6(3H)4s_4He[9/2]          10.0     139886.7000     9.0871   3.299E+02    10     0     32
3d6(3H)4s_4He[7/2]           8.0     140140.9000     9.0795   3.302E+02    10     0     33
3d6(3P2)4s_4Pe[3/2]          4.0     140343.0000     9.0734   3.304E+02    10     0     34
3d6(3F2)4s_4Fe[9/2]         10.0     141220.3000     9.0471   3.314E+02    10     0     35
3d6(3P2)4s_4Pe[1/2]          2.0     141561.2000     9.0369   3.317E+02    10     0     36
3d6(3F2)4s_4Fe[7/2]          8.0     141577.2000     9.0364   3.318E+02    10     0     37
3d6(3F2)4s_4Fe[5/2]          6.0     141832.0000     9.0288   3.320E+02    10     0     38
3d6(3F2)4s_4Fe[3/2]          4.0     142023.5000     9.0230   3.323E+02    10     0     39
3d6(3G)4s_4Ge[11/2]         12.0     144815.1000     8.9394   3.354E+02    10     0     40
3d6(3P2)4s_2Pe[3/2]          4.0     145192.1000     8.9281   3.358E+02    11     0     41
3d6(3G)4s_4Ge[9/2]          10.0     145702.2000     8.9128   3.364E+02    10     0     42
3d6(3H)4s_2He[11/2]         12.0     145962.5000     8.9050   3.367E+02    11     0     43
3d6(3G)4s_4Ge[7/2]           8.0     146061.5000     8.9020   3.368E+02    10     0     44
3d6(3G)4s_4Ge[5/2]           6.0     146153.8000     8.8992   3.369E+02    10     0     45
3d6(3H)4s_2He[9/2]          10.0     146194.3000     8.8980   3.369E+02    11     0     46
3d6(3F2)4s_2Fe[7/2]          8.0     147635.9000     8.8548   3.386E+02    11     0     47
3d6(3P)4s_2Pe[1/2]           2.0     147939.1380     8.8457   3.389E+02    12     0     48
3d6(3F2)4s_2Fe[5/2]          6.0     148358.2000     8.8331   3.394E+02    11     0     49
3d6(3G)4s_2Ge[9/2]          10.0     151574.7000     8.7367   3.431E+02    11     0     50
3d6(3G)4s_2Ge[7/2]           8.0     152343.7000     8.7137   3.440E+02    11     0     51
3d6(3D)4s_4De[3/2]           4.0     153313.8000     8.6846   3.452E+02    13     0     52
3d6(3D)4s_4De[5/2]           6.0     153338.8000     8.6838   3.452E+02    13     0     53
3d6(3D)4s_4De[1/2]           2.0     153349.4000     8.6835   3.452E+02    13     0     54
3d6(3D)4s_4De[7/2]           8.0     153533.6000     8.6780   3.455E+02    13     0     55
3d6(1I)4s_2Ie[13/2]         14.0     155253.7000     8.6264   3.475E+02    11     0     56
3d6(1I)4s_2Ie[11/2]         12.0     155308.7000     8.6248   3.476E+02    11     0     57
3d6(1G2)4s_2Ge[9/2]         10.0     156294.0000     8.5952   3.488E+02    11     0     58
3d6(1G2)4s_2Ge[7/2]          8.0     156351.2000     8.5935   3.489E+02    11     0     59
3d6(3D)4s_2De[3/2]           4.0     159498.5000     8.4992   3.527E+02    12     0     60
3d6(3D)4s_2De[5/2]           6.0     159818.4000     8.4896   3.531E+02    12     0     61
3d6(1S)4s_2Se[1/2]           2.0     159830.6120     8.4892   3.531E+02    12     0     62
3d6(1D)4s_2De[5/2]           6.0     163738.5030     8.3720   3.581E+02    12     0     63
3d6(1D)4s_2De[3/2]           4.0     163796.4930     8.3703   3.582E+02    12     0     64
3d6(1F)4s_2Fe[7/2]           8.0     171406.0000     8.1422   3.682E+02    14     0     65
3d6(1F)4s_2Fe[5/2]           6.0     171408.0000     8.1421   3.682E+02    14     0     66
3d6(5D)4p_6Do[9/2]          10.0     175569.5000     8.0174   3.739E+02    15     0     67
3d6(5D)4p_6Do[7/2]           8.0     175869.1000     8.0084   3.743E+02    15     0     68
3d6(5D)4p_6Do[5/2]           6.0     176247.1000     7.9971   3.749E+02    15     0     69
3d6(5D)4p_6Do[3/2]           4.0     176554.4000     7.9878   3.753E+02    15     0     70
3d6(5D)4p_6Do[1/2]           2.0     176749.0000     7.9820   3.756E+02    15     0     71
3d6(3P)4s_4Pe[1/2]           2.0     178012.0800     7.9441   3.774E+02    16     0     72
3d6(3P)4s_4Pe[3/2]           4.0     178861.8030     7.9187   3.786E+02    16     0     73
3d6(3F1)4s_4Fe[3/2]          4.0     179583.0000     7.8970   3.796E+02    16     0     74
3d6(3F1)4s_4Fe[9/2]         10.0     179655.0000     7.8949   3.797E+02    16     0     75
3d6(3F1)4s_4Fe[5/2]          6.0     179724.0000     7.8928   3.798E+02    16     0     76
3d6(3F1)4s_4Fe[7/2]          8.0     179792.0000     7.8908   3.799E+02    16     0     77
3d6(3P)4s_4Pe[5/2]           6.0     180450.7370     7.8710   3.809E+02    16     0     78
3d6(5D)4p_6Fo[11/2]         12.0     181931.5000     7.8266   3.830E+02    15     0     79
3d6(5D)4p_6Fo[9/2]          10.0     182044.9000     7.8232   3.832E+02    15     0     80
3d6(5D)4p_6Fo[7/2]           8.0     182125.6000     7.8208   3.833E+02    15     0     81
3d6(5D)4p_6Fo[5/2]           6.0     182206.8000     7.8184   3.834E+02    15     0     82
3d6(5D)4p_6Fo[3/2]           4.0     182259.9000     7.8168   3.835E+02    15     0     83
3d6(5D)4p_6Fo[1/2]           2.0     182288.4000     7.8159   3.836E+02    15     0     84
3d6(5D)4p_6Po[7/2]           8.0     184099.1000     7.7617   3.862E+02    15     0     85
3d6(3P)4s_2Pbe[1/2]          2.0     184666.6030     7.7446   3.871E+02    14     0     86
3d6(5D)4p_6Po[5/2]           6.0     185505.3000     7.7195   3.884E+02    15     0     87
3d6(5D)4p_4Do[7/2]           8.0     185890.0000     7.7080   3.889E+02    17     0     88
3d6(3F1)4s_2Fe[7/2]          8.0     185967.0000     7.7057   3.891E+02    14     0     89
3d6(3F1)4s_2Fe[5/2]          6.0     185997.0000     7.7048   3.891E+02    14     0     90
3d6(5D)4p_6Po[3/2]           4.0     186441.4000     7.6914   3.898E+02    15     0     91
3d6(5D)4p_4Fo[9/2]          10.0     186470.1000     7.6906   3.898E+02    17     0     92
3d6(3P)4s_2Pe[3/2]           4.0     186510.9020     7.6893   3.899E+02    12     0     93
3d6(5D)4p_4Do[5/2]           6.0     186516.1000     7.6892   3.899E+02    17     0     94
3d6(5D)4p_4Do[3/2]           4.0     186957.2000     7.6760   3.906E+02    17     0     95
3d6(5D)4p_4Do[1/2]           2.0     187225.7000     7.6679   3.910E+02    17     0     96
3d6(5D)4p_4Fo[7/2]           8.0     187570.3000     7.6576   3.915E+02    17     0     97
3d6(5D)4p_4Fo[5/2]           6.0     188320.1000     7.6351   3.926E+02    17     0     98
3d6(5D)4p_4Fo[3/2]           4.0     188824.2000     7.6200   3.934E+02    17     0     99
3d6(5D)4p_4Po[5/2]           6.0     190830.3000     7.5599   3.966E+02    17     0    100
3d6(1G1)4s_2Ge[9/2]         10.0     190864.7000     7.5588   3.966E+02    18     0    101
3d6(1G1)4s_2Ge[7/2]          8.0     190932.8000     7.5568   3.967E+02    18     0    102
3d6(5D)4p_4Po[3/2]           4.0     191618.2000     7.5362   3.978E+02    17     0    103
3d6(5D)4p_4Po[1/2]           2.0     192033.5000     7.5238   3.985E+02    17     0    104
3d6(3P2)4p_4So[3/2]          4.0     205114.1000     7.1316   4.204E+02    19     0    105
3d6(3H)4p_4Go[11/2]         12.0     206005.3000     7.1049   4.220E+02    19     0    106
3d6(3H)4p_4Go[9/2]          10.0     206340.9000     7.0949   4.225E+02    19     0    107
3d6(3P2)4po[5/2]             6.0     206523.2000     7.0894   4.229E+02    19     0    108
3d6(3H)4p_4Go[7/2]           8.0     206645.7000     7.0857   4.231E+02    19     0    109
3d6(3H)4p_4Io[11/2]         12.0     206740.7000     7.0829   4.233E+02    19     0    110
3d6(3H)4p_4Io[13/2]         14.0     206754.5000     7.0825   4.233E+02    19     0    111
3d6(3H)4p_4Go[5/2]           6.0     206847.0000     7.0797   4.235E+02    19     0    112
3d6(3H)4po[9/2]             10.0     206865.5000     7.0791   4.235E+02    19     0    113
3d6(3H)4p_4Ho[7/2]           8.0     207136.0000     7.0710   4.240E+02    19     0    114
3d6(3P2)4p_4Po[1/2]          2.0     207846.2000     7.0497   4.253E+02    19     0    115
3d6(3P2)4pbo[5/2]            6.0     208009.1000     7.0448   4.255E+02    20     0    116
3d6(3H)4p_4Io[9/2]          10.0     208046.8000     7.0437   4.256E+02    19     0    117
3d6(3H)4p_4Io[15/2]         16.0     208149.5000     7.0406   4.258E+02    19     0    118
3d6(3P2)4po[7/2]             8.0     208330.7000     7.0352   4.261E+02    19     0    119
3d6(3P2)4po[3/2]             4.0     208461.0000     7.0313   4.264E+02    19     0    120
3d6(3H)4p_4Ho[11/2]         12.0     208595.3000     7.0273   4.266E+02    19     0    121
3d6(3F2)4p_4Fo[5/2]          6.0     208605.7000     7.0270   4.266E+02    19     0    122
3d6(3H)4p_4Ho[13/2]         14.0     208631.3000     7.0262   4.267E+02    19     0    123
3d6(3F2)4p_4Fo[3/2]          4.0     208766.9000     7.0221   4.269E+02    19     0    124
3d6(3P2)4p_4Do[7/2]          8.0     208912.1000     7.0178   4.272E+02    19     0    125
3d6(3F2)4p_4Fo[9/2]         10.0     208933.6000     7.0171   4.272E+02    19     0    126
3d6(3H)4pbo[9/2]            10.0     209131.9000     7.0112   4.276E+02    20     0    127
3d6(3H)4po[7/2]              8.0     209391.4000     7.0034   4.281E+02    19     0    128
3d6(3P2)4pbo[3/2]            4.0     209985.1000     6.9856   4.292E+02    20     0    129
3d6(3F2)4p_4Do[7/2]          8.0     210121.8000     6.9815   4.294E+02    19     0    130
3d6(3H)4p_2Io[13/2]         14.0     210177.0000     6.9799   4.295E+02    21     0    131
3d6(3P2)4p_4Do[1/2]          2.0     210313.3000     6.9758   4.298E+02    19     0    132
3d6(3F2)4po[5/2]             6.0     210590.6000     6.9675   4.303E+02    19     0    133
3d6(3F2)4p_4Do[5/2]          6.0     210943.6000     6.9569   4.309E+02    19     0    134
3d6(3H)4p_2Io[11/2]         12.0     210987.5000     6.9556   4.310E+02    21     0    135
3d6(3P2)4pco[3/2]            4.0     211027.6000     6.9544   4.311E+02    20     0    136
3d6(3F2)4p_4Do[3/2]          4.0     211246.8000     6.9478   4.315E+02    19     0    137
3d6(3F2)4p_4Do[1/2]          2.0     211351.7000     6.9446   4.317E+02    19     0    138
3d6(3F2)4p_4Go[9/2]         10.0     212150.9000     6.9207   4.332E+02    19     0    139
3d6(3F2)4p_4Go[11/2]        12.0     212207.0000     6.9190   4.333E+02    19     0    140
3d6(3F2)4pbo[5/2]            6.0     212275.9000     6.9169   4.334E+02    20     0    141
3d6(3F2)4po[7/2]             8.0     212281.8000     6.9168   4.334E+02    19     0    142
3d6(3F2)4pbo[7/2]            8.0     213131.1000     6.8913   4.350E+02    20     0    143
3d6(3G)4p_4Fo[9/2]          10.0     213408.6000     6.8830   4.356E+02    19     0    144
3d6(3H)4po[5/2]              6.0     213412.1000     6.8829   4.356E+02    19     0    145
3d6(3G)4po[11/2]            12.0     213606.9000     6.8770   4.359E+02    19     0    146
3d6(3P2)4po[1/2]             2.0     213640.2000     6.8760   4.360E+02    19     0    147
3d6(3F2)4po[9/2]            10.0     213739.7000     6.8731   4.362E+02    19     0    148
3d6(3P2)4p_2Po[3/2]          4.0     214055.8000     6.8636   4.368E+02    21     0    149
3d6(3G)4p_4Fo[7/2]           8.0     214101.0000     6.8622   4.369E+02    19     0    150
3d6(3G)4p_4Go[11/2]         12.0     214316.8000     6.8557   4.373E+02    19     0    151
3d6(3F2)4pbo[9/2]           10.0     214587.4000     6.8476   4.378E+02    20     0    152
3d6(3F2)4p_2Go[7/2]          8.0     214622.8000     6.8466   4.379E+02    21     0    153
3d6(3G)4p_4Go[5/2]           6.0     214718.1000     6.8437   4.381E+02    19     0    154
3d6(3G)4p_4Go[9/2]          10.0     214910.5000     6.8380   4.384E+02    19     0    155
3d6(3G)4p_4Go[7/2]           8.0     215292.9000     6.8265   4.392E+02    19     0    156
3d6(3G)4p_4Ho[13/2]         14.0     215506.6000     6.8201   4.396E+02    19     0    157
3d6(3G)4p_4Fo[5/2]           6.0     215516.8000     6.8198   4.396E+02    19     0    158
3d6(3P2)4p_2So[1/2]          2.0     215531.0000     6.8193   4.396E+02    21     0    159
3d6(3G)4p_4Fo[3/2]           4.0     215541.3000     6.8190   4.396E+02    19     0    160
3d6(3G)4p_4Ho[11/2]         12.0     215684.5000     6.8147   4.399E+02    19     0    161
3d6(3G)4p_4Ho[7/2]           8.0     215724.5000     6.8135   4.400E+02    19     0    162
3d6(3G)4p_4Ho[9/2]          10.0     215736.1000     6.8132   4.400E+02    19     0    163
3d6(1D)4s_2Dbe[5/2]          6.0     216382.2280     6.7938   4.413E+02    22     0    164
3d6(1D)4s_2Dbe[3/2]          4.0     216384.4530     6.7938   4.413E+02    22     0    165
3d6(3F2)4p_2Do[5/2]          6.0     217414.3000     6.7629   4.433E+02    21     0    166
3d6(3F2)4p_2Do[3/2]          4.0     217939.7000     6.7471   4.443E+02    21     0    167
3d6(3H)4p_2Ho[11/2]         12.0     218860.6000     6.7195   4.462E+02    21     0    168
3d6(3G)4p_2Fo[5/2]           6.0     219553.4000     6.6988   4.475E+02    21     0    169
3d6(3G)4p_2Ho[9/2]          10.0     219765.0000     6.6924   4.480E+02    21     0    170
3d6(3G)4p_2Fo[7/2]           8.0     219896.0000     6.6885   4.482E+02    21     0    171
3d6(1I)4p_2Ko[13/2]         14.0     220762.6000     6.6625   4.500E+02    21     0    172
3d6(3G)4p_2Go[9/2]          10.0     221991.0000     6.6257   4.525E+02    21     0    173
3d6(3G)4p_2Go[7/2]           8.0     222029.3000     6.6245   4.525E+02    21     0    174
3d6(1I)4p_2Ko[15/2]         16.0     222202.8000     6.6193   4.529E+02    21     0    175
3d6(3D)4p_4Po[5/2]           6.0     222333.3000     6.6154   4.532E+02    19     0    176
3d6(3D)4p_4Po[3/2]           4.0     222662.9000     6.6055   4.539E+02    19     0    177
3d6(1G2)4p_2Ho[9/2]         10.0     222705.5000     6.6043   4.539E+02    21     0    178
3d6(1I)4p_2Ho[11/2]         12.0     222993.3000     6.5956   4.545E+02    21     0    179
3d6(3D)4p_4Po[1/2]           2.0     223225.4000     6.5887   4.550E+02    19     0    180
3d6(3D)4p_4Fo[3/2]           4.0     223365.5610     6.5845   4.553E+02    19     0    181
3d6(3D)4po[1/2]              2.0     223785.4000     6.5719   4.562E+02    19     0    182
3d6(3D)4p_4Fo[5/2]           6.0     224021.3000     6.5648   4.567E+02    19     0    183
3d6(3D)4po[7/2]              8.0     224075.3000     6.5632   4.568E+02    19     0    184
3d6(3D)4po[3/2]              4.0     224174.0000     6.5602   4.570E+02    19     0    185
3d6(1G2)4p_2Go[7/2]          8.0     224463.6000     6.5516   4.576E+02    21     0    186
3d6(3D)4p_4Do[5/2]           6.0     224645.7000     6.5461   4.580E+02    19     0    187
3d6(1G2)4p_2Go[9/2]         10.0     224761.5000     6.5426   4.582E+02    21     0    188
3d6(3D)4p_4Fo[7/2]           8.0     224824.9000     6.5407   4.583E+02    19     0    189
3d6(3D)4p_2Po[3/2]           4.0     224936.9000     6.5374   4.586E+02    21     0    190
3d6(3D)4p_2Po[1/2]           2.0     224996.5000     6.5356   4.587E+02    21     0    191
3d6(3D)4p_4Fo[9/2]          10.0     225096.4000     6.5326   4.589E+02    19     0    192
3d6(3D)4p_4Do[7/2]           8.0     225136.9000     6.5314   4.590E+02    19     0    193
3d6(1G2)4po[5/2]             6.0     225431.6000     6.5225   4.596E+02    19     0    194
3d6(1G2)4p_2Ho[11/2]        12.0     225758.5000     6.5127   4.603E+02    21     0    195
3d6(1I)4p_2Ho[9/2]          10.0     225903.7000     6.5084   4.606E+02    21     0    196
3d6(1I)4p_2Io[13/2]         14.0     226685.0000     6.4850   4.623E+02    21     0    197
3d6(1I)4p_2Io[11/2]         12.0     226702.5000     6.4844   4.623E+02    21     0    198
3d6(3D)4p_2Do[3/2]           4.0     227181.1000     6.4701   4.634E+02    21     0    199
3d6(3D)4p_2Do[5/2]           6.0     227549.4000     6.4590   4.641E+02    21     0    200
3d6(1D2)4p_2Po[3/2]          4.0     228214.2000     6.4391   4.656E+02    23     0    201
3d6(3D)4p_2Fo[7/2]           8.0     228518.5000     6.4300   4.662E+02    21     0    202
3d6(3D)4p_2Fo[5/2]           6.0     229269.5000     6.4075   4.679E+02    21     0    203
3d6(1S2)4po[1/2]             2.0     229297.5000     6.4066   4.679E+02    24     0    204
3d6(1D2)4po[5/2]             6.0     231091.8000     6.3528   4.719E+02    24     0    205
3d6(1D2)4p_2Do[3/2]          4.0     231742.0000     6.3334   4.734E+02    23     0    206
3d6(1D2)4pbo[5/2]            6.0     232272.7000     6.3174   4.745E+02    25     0    207
3d6(1D2)4p_2Fo[7/2]          8.0     232539.5000     6.3094   4.751E+02    23     0    208
3d6(1D2)4p_2Po[1/2]          2.0     232897.0000     6.2987   4.760E+02    23     0    209
3d6(1S2)4po[3/2]             4.0     234019.5000     6.2651   4.785E+02    24     0    210
3d6(1F)4p_2Go[7/2]           8.0     237480.3000     6.1613   4.866E+02    23     0    211
3d6(1F)4p_2Go[9/2]          10.0     238957.8000     6.1170   4.901E+02    23     0    212
3d6(1F)4p_2Do[5/2]           6.0     239009.7000     6.1155   4.902E+02    23     0    213
3d6(1F)4p_2Do[3/2]           4.0     240094.2000     6.0830   4.928E+02    23     0    214
3d6(3P1)4p_4Do[1/2]          2.0     241172.4000     6.0506   4.955E+02    24     0    215
3d6(3F1)4p_4Do[3/2]          4.0     241540.0000     6.0396   4.964E+02    24     0    216
3d6(3F1)4p_4Do[5/2]          6.0     241817.9000     6.0313   4.971E+02    24     0    217
3d6(3F1)4p_4Do[7/2]          8.0     241939.0000     6.0277   4.974E+02    24     0    218
3d6(1F)4p_2Fo[5/2]           6.0     243520.1000     5.9803   5.013E+02    23     0    219
3d6(1F)4p_2Fo[7/2]           8.0     243542.0000     5.9796   5.014E+02    23     0    220
3d6(1S)4s_2Sbe[1/2]          2.0     245193.8200     5.9301   5.055E+02    26     0    221
3d6(3P)4p_2So[1/2]           2.0     246484.8670     5.8914   5.089E+02    23     0    222
3d6(3F)4p_4Go[5/2]           6.0     247230.0070     5.8690   5.108E+02    24     0    223
3d6(3F1)4p_4Go[7/2]          8.0     247731.7000     5.8540   5.121E+02    24     0    224
3d6(3F1)4p_4Go[9/2]         10.0     248218.0000     5.8394   5.134E+02    24     0    225
3d6(3F1)4p_4Go[11/2]        12.0     248855.4000     5.8203   5.151E+02    24     0    226
3d6(3P1)4p_4So[3/2]          4.0     249130.0000     5.8121   5.158E+02    24     0    227
3d6(3F1)4p_2Do[3/2]          4.0     250951.0000     5.7575   5.207E+02    27     0    228
3d6(3P)4p_4Po[1/2]           2.0     251217.1380     5.7495   5.214E+02    24     0    229
3d6(3P)4p_4Po[3/2]           4.0     251619.9030     5.7374   5.225E+02    24     0    230
3d6(3F1)4p_2Do[5/2]          6.0     251694.3000     5.7352   5.227E+02    27     0    231
3d6(3F1)4p_2Go[9/2]         10.0     251773.6000     5.7328   5.229E+02    27     0    232
3d6(3P1)4p_4Po[5/2]          6.0     252354.0000     5.7154   5.245E+02    24     0    233
3d6(3F1)4p_2Go[7/2]          8.0     252523.0000     5.7104   5.250E+02    27     0    234
3d6(3F)4p_4Do[1/2]           2.0     252658.6350     5.7063   5.254E+02    28     0    235
3d6(3F1)4po[3/2]             4.0     252975.4000     5.6968   5.262E+02    28     0    236
3d6(3F1)4po[5/2]             6.0     253326.2000     5.6863   5.272E+02    28     0    237
3d6(3F1)4p_4Fo[3/2]          4.0     253579.3000     5.6787   5.279E+02    28     0    238
3d6(3F1)4p_4Fo[7/2]          8.0     253639.1000     5.6769   5.281E+02    28     0    239
3d6(3F1)4p_4Fo[5/2]          6.0     254123.7000     5.6624   5.294E+02    28     0    240
3d6(3F1)4p_4Fo[9/2]         10.0     254300.0000     5.6571   5.299E+02    28     0    241
3d6(3F1)4po[7/2]             8.0     254663.4000     5.6462   5.310E+02    28     0    242
3d6(3F1)4pbo[3/2]            4.0     255064.0000     5.6342   5.321E+02    25     0    243
3d6(3P)4p_2Po[1/2]           2.0     256226.2750     5.5993   5.354E+02    27     0    244
3d6(3P)4p_2Do[5/2]           6.0     256470.0310     5.5920   5.361E+02    27     0    245
3d6(3F1)4p_2Fo[7/2]          8.0     257018.0000     5.5756   5.377E+02    27     0    246
3d6(3P)4p_2Po[3/2]           4.0     257347.5050     5.5657   5.386E+02    27     0    247
3d6(3F1)4p_2Fo[5/2]          6.0     257406.4000     5.5640   5.388E+02    27     0    248
3d6(1G1)4p_2Ho[9/2]         10.0     258672.8000     5.5260   5.425E+02    27     0    249
3d6(1G1)4p_2Ho[11/2]        12.0     260065.1000     5.4843   5.466E+02    27     0    250
3d6(1G1)4po[7/2]             8.0     260355.5000     5.4755   5.475E+02    28     0    251
3d6(1G1)4p_2Fo[5/2]          6.0     261226.3000     5.4494   5.501E+02    27     0    252
3d6(1G1)4p_2Go[9/2]         10.0     262275.5000     5.4180   5.533E+02    27     0    253
3d6(1G1)4p_2Go[7/2]          8.0     262538.7000     5.4101   5.541E+02    27     0    254
3d5(6S)4s2_6Se[5/2]          6.0     263690.8230     5.3756   5.577E+02    29     0    255
3d6(5D)4d_6Fe[11/2]         12.0     269893.0410     5.1896   5.777E+02    29     0    256
3d6(5D)4d_6Fe[9/2]          10.0     270158.0460     5.1817   5.786E+02    29     0    257
3d6(5D)4d_6Fe[7/2]           8.0     270497.2060     5.1715   5.797E+02    29     0    258
3d6(5D)4d_6Fe[5/2]           6.0     270847.8170     5.1610   5.809E+02    29     0    259
3d6(5D)4d_6Fe[3/2]           4.0     271139.6940     5.1522   5.819E+02    29     0    260
3d6(5D)4d_6Fe[1/2]           2.0     271326.6640     5.1466   5.825E+02    29     0    261
3d6(5D)4d_6De[7/2]           8.0     272256.3580     5.1188   5.857E+02    29     0    262
3d6(5D)4d_6De[9/2]          10.0     272263.7110     5.1185   5.857E+02    29     0    263
3d6(5D)4d_6De[5/2]           6.0     272491.8980     5.1117   5.865E+02    29     0    264
3d6(5D)4d_6De[3/2]           4.0     272831.6170     5.1015   5.877E+02    29     0    265
3d6(5D)4d_6Ge[13/2]         14.0     273049.0560     5.0950   5.884E+02    29     0    266
3d6(5D)4d_6De[1/2]           2.0     273094.3850     5.0936   5.886E+02    29     0    267
3d6(5D)4d_6Ge[11/2]         12.0     273599.9300     5.0785   5.903E+02    29     0    268
3d6(5D)4d_6Pe[7/2]           8.0     273722.8140     5.0748   5.907E+02    29     0    269
3d6(5D)4d_6Pe[5/2]           6.0     273873.0660     5.0703   5.913E+02    29     0    270
3d6(5D)4d_6Pe[3/2]           4.0     274032.0490     5.0655   5.918E+02    29     0    271
3d6(5D)4d_6Ge[9/2]          10.0     274061.5240     5.0646   5.919E+02    29     0    272
3d6(5D)4d_6Ge[7/2]           8.0     274419.2580     5.0539   5.932E+02    29     0    273
3d6(5D)4d_6Ge[5/2]           6.0     274683.8830     5.0460   5.941E+02    29     0    274
3d6(5D)4d_6Ge[3/2]           4.0     274866.5640     5.0405   5.948E+02    29     0    275
3d6(5D)4d_4De[7/2]           8.0     275259.3720     5.0287   5.962E+02    30     0    276
3d6(5D)4d_4Ge[11/2]         12.0     275667.3200     5.0165   5.976E+02    30     0    277
3d6(5D)4d_4De[5/2]           6.0     275694.5440     5.0157   5.977E+02    30     0    278
3d6(5D)4d_4De[3/2]           4.0     276092.3600     5.0038   5.991E+02    30     0    279
3d6(5D)4d_4De[1/2]           2.0     276361.7660     4.9957   6.001E+02    30     0    280
3d6(5D)4d_4Ge[9/2]          10.0     276373.0880     4.9953   6.001E+02    30     0    281
3d6(5D)4d_4Ge[7/2]           8.0     276993.3710     4.9768   6.024E+02    30     0    282
3d6(5D)4d_4Ge[5/2]           6.0     277473.8960     4.9623   6.041E+02    30     0    283
3d6(5D)4d_4Se[3/2]           4.0     277920.2840     4.9490   6.058E+02    30     0    284
3d6(5D)4d_4Fe[9/2]          10.0     278157.3970     4.9419   6.066E+02    30     0    285
3d6(5D)4d_4Fe[7/2]           8.0     278731.1300     4.9247   6.088E+02    30     0    286
3d6(5D)4d_6Se[5/2]           6.0     278864.0690     4.9207   6.093E+02    29     0    287
3d6(5D)4d_4Fe[5/2]           6.0     279098.4890     4.9136   6.101E+02    30     0    288
3d6(5D)4d_4Fe[3/2]           4.0     279317.5120     4.9071   6.109E+02    30     0    289
3d6(1D1)4p_2Do[3/2]          4.0     282179.5000     4.8213   6.218E+02    31     0    290
3d6(1D1)4p_2Do[5/2]          6.0     282645.2000     4.8073   6.236E+02    31     0    291
3d6(5D)4d_4Pe[5/2]           6.0     283845.7200     4.7713   6.283E+02    30     0    292
3d6(5D)4d_4Pe[3/2]           4.0     284106.7740     4.7635   6.294E+02    30     0    293
3d6(5D)4d_4Pe[1/2]           2.0     284109.6590     4.7634   6.294E+02    30     0    294
3d6(5D)5s_6De[9/2]          10.0     286723.3400     4.6851   6.399E+02    29     0    295
3d6(1D)4p_2Fo[5/2]           6.0     286999.7100     4.6768   6.410E+02    31     0    296
3d6(5D)5s_6De[7/2]           8.0     287525.9030     4.6610   6.432E+02    29     0    297
3d6(5D)5s_6De[5/2]           6.0     288154.5530     4.6421   6.458E+02    29     0    298
3d6(1D)4p_2Fo[7/2]           8.0     288195.3430     4.6409   6.460E+02    31     0    299
3d6(1D)4p_2Po[3/2]           4.0     288493.3800     4.6320   6.472E+02    31     0    300
3d6(5D)5s_6De[3/2]           4.0     288587.9410     4.6292   6.476E+02    29     0    301
3d6(5D)5s_6De[1/2]           2.0     288842.8750     4.6215   6.487E+02    29     0    302
3d6(1D)4p_2Po[1/2]           2.0     289011.2890     4.6165   6.494E+02    31     0    303
3d6(5D)5s_4De[7/2]           8.0     289054.5860     4.6152   6.496E+02    30     0    304
3d6(5D)5s_4De[5/2]           6.0     290017.7880     4.5863   6.537E+02    30     0    305
3d6(5D)5s_4De[3/2]           4.0     290633.0800     4.5678   6.563E+02    30     0    306
3d6(5D)5s_4De[1/2]           2.0     290985.0960     4.5573   6.578E+02    30     0    307
3d6(3P)4d_4Pe[1/2]           2.0     298340.6070     4.3368   6.913E+02    32     0    308
3d6(3P)4d_4Pe[3/2]           4.0     298408.5640     4.3347   6.916E+02    32     0    309
3d6(3H)4d_2Fe[7/2]           8.0     298416.6940     4.3345   6.916E+02    33     0    310
3d6(3P)4d_4De[5/2]           6.0     298659.1350     4.3272   6.928E+02    34     0    311
3d6(3P)4d_4Fe[9/2]          10.0     298876.9330     4.3207   6.939E+02    35     0    312
3d6(3H)4d_4Ge[11/2]         12.0     298977.5800     4.3177   6.943E+02    30     0    313
3d6(3P)4d_4De[7/2]           8.0     299054.6910     4.3154   6.947E+02    34     0    314
3d6(3H)4d_4Ge[9/2]          10.0     299338.0470     4.3069   6.961E+02    30     0    315
3d6(3H)4d_4Ke[17/2]         18.0     299352.7660     4.3064   6.961E+02    30     0    316
3d6(3H)4d_4Ke[15/2]         16.0     299369.6740     4.3059   6.962E+02    30     0    317
3d6(3H)4d_4Ke[13/2]         14.0     299447.3640     4.3036   6.966E+02    30     0    318
3d6(3H)4d_4Ge[7/2]           8.0     299532.1690     4.3011   6.970E+02    30     0    319
3d6(3H)4d_4Ge[5/2]           6.0     299548.2030     4.3006   6.971E+02    30     0    320
3d6(3H)4d_4He[13/2]         14.0     299577.2640     4.2997   6.972E+02    30     0    321
3d6(3H)4d_4Ke[11/2]         12.0     299631.1240     4.2981   6.975E+02    30     0    322
3d6(3H)4d_4He[11/2]         12.0     299734.2550     4.2950   6.980E+02    30     0    323
3d6(3H)4d_4He[9/2]          10.0     299884.4310     4.2905   6.987E+02    30     0    324
3d6(3H)4d_4Gbe[5/2]          6.0     300012.5920     4.2867   6.994E+02    30     0    325
3d6(3H)4d_4He[7/2]           8.0     300050.5460     4.2855   6.995E+02    30     0    326
3d6(3H)4d_4Ie[15/2]         16.0     300140.8500     4.2828   7.000E+02    30     0    327
3d6(3H)4d_4Ie[9/2]          10.0     300224.0360     4.2803   7.004E+02    30     0    328
3d6(3H)4d_2Fe[5/2]           6.0     300353.3050     4.2764   7.010E+02    33     0    329
3d6(3H)4d_4Ie[13/2]         14.0     300365.9700     4.2761   7.011E+02    30     0    330
3d6(3P)4d_4Dbe[7/2]          8.0     300373.3360     4.2758   7.011E+02    36     0    331
3d6(3H)4d_4Ie[11/2]         12.0     300375.1920     4.2758   7.011E+02    30     0    332
3d6(3P)4d_4Fe[3/2]           4.0     300422.3400     4.2744   7.014E+02    35     0    333
3d6(3P)4d_4De[1/2]           2.0     300624.4490     4.2683   7.024E+02    34     0    334
3d6(3H)4d_2Ke[15/2]         16.0     300795.4600     4.2632   7.032E+02    33     0    335
3d6(3F)4d_4Ge[11/2]         12.0     301035.7030     4.2560   7.044E+02    30     0    336
3d6(3H)4d_2Ke[13/2]         14.0     301043.3200     4.2558   7.044E+02    33     0    337
3d6(3F)4d_4De[7/2]           8.0     301079.8660     4.2547   7.046E+02    30     0    338
3d6(3H)4d_4Fe[3/2]           4.0     301267.9770     4.2490   7.056E+02    30     0    339
3d6(3F)4d_4Ge[9/2]          10.0     301321.2740     4.2474   7.058E+02    30     0    340
3d6(3F)4d_4Fe[5/2]           6.0     301336.5680     4.2470   7.059E+02    32     0    341
3d6(3F)4d_4Ge[7/2]           8.0     301499.6270     4.2421   7.067E+02    30     0    342
3d6(3F)4d_4Ge[5/2]           6.0     301595.0880     4.2392   7.072E+02    30     0    343
3d6(3F)4d_4Fe[9/2]          10.0     301846.3120     4.2317   7.084E+02    32     0    344
3d6(3F)4d_4De[5/2]           6.0     301917.7830     4.2295   7.088E+02    30     0    345
3d6(3F)4d_4Dbe[7/2]          8.0     301958.7950     4.2283   7.090E+02    37     0    346
3d6(3F)4d_4Dbe[5/2]          6.0     302033.3980     4.2261   7.094E+02    37     0    347
3d6(3H)4d_2Ie[13/2]         14.0     302077.5620     4.2247   7.096E+02    33     0    348
3d6(3H)4d_2Ie[11/2]         12.0     302232.4980     4.2201   7.104E+02    33     0    349
3d6(3F)4d_4De[3/2]           4.0     302243.3500     4.2198   7.104E+02    30     0    350
3d6(3H)4d_2Ibe[13/2]        14.0     302381.8290     4.2156   7.111E+02    33     0    351
3d6(3F)4d_4De[1/2]           2.0     302474.6520     4.2128   7.116E+02    30     0    352
3d6(3F)4d_4He[7/2]           8.0     302491.7280     4.2123   7.117E+02    38     0    353
3d6(3H)4d_2Ibe[11/2]        12.0     302512.3970     4.2117   7.118E+02    33     0    354
3d6(3H)4d_2Ge[9/2]          10.0     302514.0220     4.2117   7.118E+02    33     0    355
3d6(3F)4d_4He[9/2]          10.0     302534.1550     4.2111   7.119E+02    38     0    356
3d6(3P)4d_2Pe[3/2]           4.0     302559.0580     4.2103   7.120E+02    33     0    357
3d6(3P)4d_2Pe[1/2]           2.0     302634.7570     4.2080   7.124E+02    33     0    358
3d6(3F)4d_4Fe[7/2]           8.0     302640.3650     4.2079   7.125E+02    32     0    359
3d6(3F)4d_4Fbe[5/2]          6.0     303017.8360     4.1966   7.144E+02    39     0    360
3d6(3H)4d_2Ge[7/2]           8.0     303108.4020     4.1938   7.148E+02    33     0    361
3d6(3F)4d_4Fe[3/2]           4.0     303166.0300     4.1921   7.151E+02    32     0    362
3d6(3F)4d_2Fe[5/2]           6.0     303401.2990     4.1851   7.163E+02    33     0    363
3d6(3F)4d_2De[3/2]           4.0     303564.4940     4.1802   7.172E+02    33     0    364
3d6(3F)4d_2Fe[7/2]           8.0     303656.0450     4.1774   7.176E+02    33     0    365
3d6(3F)4d_4Pe[5/2]           6.0     303727.1680     4.1753   7.180E+02    32     0    366
3d6(3F)4d_2He[11/2]         12.0     303737.1170     4.1750   7.181E+02    33     0    367
3d6(3F)4d_2He[9/2]          10.0     303745.2240     4.1748   7.181E+02    33     0    368
3d6(3H)4d_2He[11/2]         12.0     303984.0850     4.1676   7.193E+02    33     0    369
3d6(3F)4d_4Pe[3/2]           4.0     304213.3480     4.1607   7.205E+02    32     0    370
3d6(3F)4d_2Hbe[9/2]         10.0     304347.9150     4.1567   7.212E+02    40     0    371
3d6(3F)4d_4Pe[1/2]           2.0     304585.1160     4.1496   7.225E+02    32     0    372
3d6(3G)4d_4Ge[9/2]          10.0     304647.7410     4.1477   7.228E+02    32     0    373
3d6(3G)4d_4Fe[7/2]           8.0     304670.9800     4.1470   7.229E+02    32     0    374
3d6(3G)4d_4Ge[11/2]         12.0     304673.7370     4.1469   7.229E+02    32     0    375
3d6(3F)4d_2Fbe[5/2]          6.0     304731.3390     4.1452   7.232E+02    41     0    376
3d6(3F)4d_2Ge[7/2]           8.0     304886.9060     4.1405   7.240E+02    33     0    377
3d6(3G)4d_4Fe[5/2]           6.0     304934.3850     4.1391   7.243E+02    32     0    378
3d6(3G)4d_4Fe[3/2]           4.0     305092.5380     4.1344   7.251E+02    32     0    379
3d6(3G)4d_4Fe[9/2]          10.0     305214.7780     4.1307   7.258E+02    32     0    380
3d5(4G)4s2_4Ge[5/2]          6.0     305564.1660     4.1202   7.276E+02    32     0    381
3d6(3G)4d_4He[13/2]         14.0     305633.7900     4.1181   7.280E+02    32     0    382
3d6(3F)4d_2Gbe[7/2]          8.0     305643.8390     4.1178   7.280E+02    42     0    383
3d6(3G)4d_4Ie[15/2]         16.0     306177.8800     4.1018   7.309E+02    32     0    384
3d6(3G)4d_4He[11/2]         12.0     306245.9860     4.0998   7.312E+02    32     0    385
3d6(3F)4d_2Ge[9/2]          10.0     306264.3190     4.0992   7.313E+02    33     0    386
3d6(3G)4d_4Ie[13/2]         14.0     306566.1160     4.0902   7.330E+02    32     0    387
3d6(3G)4d_4He[9/2]          10.0     306633.0700     4.0882   7.333E+02    32     0    388
3d6(3G)4d_4De[7/2]           8.0     306634.8930     4.0881   7.333E+02    32     0    389
3d6(3G)4d_4He[7/2]           8.0     306931.5290     4.0792   7.349E+02    32     0    390
3d6(3G)4d_4De[1/2]           2.0     306943.0010     4.0789   7.350E+02    32     0    391
3d6(3G)4d_4De[5/2]           6.0     307050.7390     4.0757   7.356E+02    32     0    392
3d6(3G)4d_4De[3/2]           4.0     307080.0000     4.0748   7.357E+02    32     0    393
3d6(3G)4d_4Ie[11/2]         12.0     307119.2060     4.0736   7.359E+02    32     0    394
3d6(3G)4d_4Ie[9/2]          10.0     307414.9210     4.0647   7.375E+02    32     0    395
3d6(3F)4d_2Dbe[3/2]          4.0     307449.8830     4.0637   7.377E+02    33     0    396
3d5(6S)4s4p_8Po[5/2]         6.0     307724.1790     4.0555   7.392E+02    43     0    397
3d6(3G)4d_4Ge[5/2]           6.0     307787.7730     4.0536   7.396E+02    32     0    398
3d5(4G)4s2_4Ge[11/2]        12.0     307812.8950     4.0528   7.397E+02    32     0    399
3d6(3F)4d_2De[5/2]           6.0     307876.9570     4.0509   7.401E+02    33     0    400
3d6(3G)4d_4Ge[7/2]           8.0     307926.1850     4.0494   7.403E+02    32     0    401
3d6(3G)4d_4Gbe[9/2]         10.0     307962.8060     4.0483   7.405E+02    32     0    402
3d6(3G)4d_2Ie[13/2]         14.0     308052.8900     4.0456   7.410E+02    33     0    403
3d5(6S)4s4p_8Po[7/2]         8.0     308476.6500     4.0329   7.434E+02    43     0    404
3d6(3G)4d_2Ge[9/2]          10.0     308891.1860     4.0205   7.457E+02    33     0    405
3d6(3G)4d_2Ie[11/2]         12.0     308915.8700     4.0197   7.458E+02    33     0    406
3d6(3F)4d_2Pe[1/2]           2.0     308931.4770     4.0193   7.459E+02    33     0    407
3d6(3G)4d_2Ge[7/2]           8.0     309232.1380     4.0103   7.476E+02    33     0    408
3d6(3G)4d_2He[11/2]         12.0     309484.9960     4.0027   7.490E+02    33     0    409
3d6(3G)4d_2He[9/2]          10.0     309541.0720     4.0010   7.493E+02    33     0    410
3d5(6S)4s4p_8Po[9/2]        10.0     309549.6680     4.0007   7.493E+02    43     0    411
3d5(4P)4s2_4Pe[5/2]          6.0     309557.0450     4.0005   7.494E+02    32     0    412
3d5(4P)4s2_4Pe[3/2]          4.0     309688.4210     3.9966   7.501E+02    32     0    413
3d5(4P)4s2_4Pe[1/2]          2.0     309875.5910     3.9910   7.512E+02    32     0    414
3d6(5D)5p_6Do[9/2]          10.0     310116.2490     3.9838   7.525E+02    44     0    415
3d6(3G)4d_2De[5/2]           6.0     310185.7570     3.9817   7.529E+02    33     0    416
3d6(5D)5p_6Do[7/2]           8.0     310461.7590     3.9734   7.545E+02    44     0    417
3d6(3F)4d_2Pe[3/2]           4.0     310600.9070     3.9692   7.553E+02    33     0    418
3d6(5D)5p_6Do[5/2]           6.0     310999.6690     3.9573   7.576E+02    44     0    419
3d6(3G)4d_2De[3/2]           4.0     311029.2270     3.9564   7.577E+02    33     0    420
3d6(5D)5p_6Do[3/2]           4.0     311427.7060     3.9444   7.600E+02    44     0    421
3d6(5D)5p_6Do[1/2]           2.0     311699.9500     3.9363   7.616E+02    44     0    422
3d6(3G)4d_2Fe[5/2]           6.0     311801.8460     3.9332   7.622E+02    33     0    423
3d6(5D)5p_6Fo[11/2]         12.0     311803.9980     3.9332   7.622E+02    44     0    424
3d6(3G)4d_2Fe[7/2]           8.0     311862.0630     3.9314   7.626E+02    33     0    425
3d6(5D)5p_6Fo[9/2]          10.0     312191.9790     3.9215   7.645E+02    44     0    426
3d6(5D)5p_6Fo[7/2]           8.0     312477.3800     3.9130   7.662E+02    44     0    427
3d5(4D)4s2_4De[7/2]          8.0     312642.3260     3.9080   7.671E+02    32     0    428
3d6(5D)5p_6Po[7/2]           8.0     312794.3340     3.9035   7.680E+02    44     0    429
3d5(4D)4s2_4De[1/2]          2.0     312883.1000     3.9008   7.685E+02    32     0    430
3d6(5D)5p_6Fo[5/2]           6.0     312884.9150     3.9008   7.686E+02    44     0    431
3d6(3D)4d_4De[3/2]           4.0     312985.0060     3.8978   7.691E+02    32     0    432
3d6(3D)4d_4De[5/2]           6.0     313009.6560     3.8970   7.693E+02    32     0    433
3d6(5D)5p_6Fo[3/2]           4.0     313091.3020     3.8946   7.698E+02    44     0    434
3d6(1I)4d_2Le[15/2]         16.0     313133.9690     3.8933   7.700E+02    33     0    435
3d6(5D)5p_6Fo[1/2]           2.0     313198.0860     3.8914   7.704E+02    44     0    436
3d6(5D)5p_4Do[7/2]           8.0     313221.5170     3.8907   7.705E+02    45     0    437
3d6(1I)4d_2Le[17/2]         18.0     313309.3580     3.8880   7.711E+02    33     0    438
3d6(5D)5p_4Fo[9/2]          10.0     313421.1960     3.8847   7.717E+02    45     0    439
3d6(3D)4d_4Fe[3/2]           4.0     313569.6270     3.8802   7.726E+02    32     0    440
3d6(3D)4d_4Fe[5/2]           6.0     313632.2110     3.8783   7.730E+02    32     0    441
3d6(5D)5p_6Po[5/2]           6.0     313685.0230     3.8768   7.733E+02    44     0    442
3d6(3D)4d_4Se[3/2]           4.0     313719.7310     3.8757   7.735E+02    32     0    443
3d6(3D)4d_4Fe[7/2]           8.0     313726.2070     3.8755   7.736E+02    32     0    444
3d6(3P)5s_4Pe[5/2]           6.0     313769.7480     3.8742   7.738E+02    32     0    445
3d6(1G)4d_2He[9/2]          10.0     313775.4230     3.8741   7.738E+02    33     0    446
3d6(3D)4d_4Fe[9/2]          10.0     313821.5530     3.8727   7.741E+02    32     0    447
3d6(5D)5p_4Do[5/2]           6.0     313916.1310     3.8698   7.747E+02    45     0    448
3d6(1G)4d_2He[11/2]         12.0     313922.0270     3.8697   7.747E+02    33     0    449
3d6(1I)4d_2Ge[7/2]           8.0     314294.6020     3.8585   7.770E+02    33     0    450
3d6(5D)5p_6Po[3/2]           4.0     314319.6350     3.8577   7.771E+02    44     0    451
3d6(1I)4d_2Ge[9/2]          10.0     314333.6730     3.8573   7.772E+02    33     0    452
3d6(5D)5p_4Fo[7/2]           8.0     314346.0980     3.8569   7.773E+02    45     0    453
3d6(1G)4d_2Ie[11/2]         12.0     314448.3990     3.8539   7.779E+02    46     0    454
3d6(3H)5s_4He[13/2]         14.0     314481.3270     3.8529   7.781E+02    32     0    455
3d6(5D)5p_4Do[3/2]           4.0     314497.3230     3.8524   7.782E+02    45     0    456
3d6(3D)4d_4Ge[5/2]           6.0     314524.2080     3.8516   7.784E+02    32     0    457
3d6(3D)4d_4Ge[7/2]           8.0     314584.0130     3.8498   7.787E+02    32     0    458
3d6(3H)5s_4Hbe[13/2]        14.0     314625.5540     3.8486   7.790E+02    32     0    459
3d6(3P)5s_2Pe[3/2]           4.0     314661.0070     3.8475   7.792E+02    33     0    460
3d6(3D)4d_4Ge[9/2]          10.0     314726.5200     3.8455   7.796E+02    32     0    461
3d6(3H)5s_4He[11/2]         12.0     314804.6070     3.8432   7.801E+02    32     0    462
3d6(1G)4d_2Fe[5/2]           6.0     314804.6630     3.8432   7.801E+02    33     0    463
3d6(5D)5p_4Po[5/2]           6.0     314817.9190     3.8428   7.801E+02    45     0    464
3d6(5D)5p_4Do[1/2]           2.0     314849.1310     3.8419   7.803E+02    45     0    465
3d6(3D)4d_2Pe[3/2]           4.0     314909.2790     3.8401   7.807E+02    33     0    466
3d6(1G)4d_2Fe[7/2]           8.0     314936.0330     3.8393   7.809E+02    33     0    467
3d6(5D)5p_4Fo[5/2]           6.0     314977.3840     3.8380   7.811E+02    45     0    468
3d6(3D)4d_4Ge[11/2]         12.0     314986.4940     3.8377   7.812E+02    32     0    469
3d6(3H)5s_4He[9/2]          10.0     315084.0920     3.8348   7.818E+02    32     0    470
3d6(3H)5s_4He[7/2]           8.0     315248.8400     3.8299   7.828E+02    32     0    471
3d6(1I)4d_2Ke[13/2]         14.0     315298.2420     3.8284   7.831E+02    33     0    472
3d6(5D)5p_4Fo[3/2]           4.0     315333.3930     3.8273   7.833E+02    45     0    473
3d6(1I)4d_2Ke[15/2]         16.0     315384.7730     3.8258   7.836E+02    33     0    474
3d6(1S)4p_2Po[1/2]           2.0     315466.8910     3.8233   7.841E+02    47     0    475
3d6(3D)4d_2Pe[1/2]           2.0     315610.3240     3.8190   7.850E+02    33     0    476
3d6(5D)5p_4Po[3/2]           4.0     315682.5650     3.8169   7.854E+02    45     0    477
3d6(1I)4d_2Ie[11/2]         12.0     315732.8580     3.8154   7.857E+02    33     0    478
3d6(1I)4d_2Ie[13/2]         14.0     315830.2210     3.8125   7.864E+02    33     0    479
3d6(3D)4d_2Ge[9/2]          10.0     315919.9850     3.8098   7.869E+02    33     0    480
3d6(3D)4d_2Ge[7/2]           8.0     315961.2950     3.8085   7.872E+02    33     0    481
3d6(5D)5p_4Po[1/2]           2.0     316128.6070     3.8035   7.882E+02    45     0    482
3d6(3H)5s_2He[11/2]         12.0     316232.9640     3.8004   7.888E+02    33     0    483
3d6(3D)4d_4De[7/2]           8.0     316270.1440     3.7993   7.891E+02    32     0    484
3d6(3D)4d_4Dbe[5/2]          6.0     316307.9210     3.7981   7.893E+02    32     0    485
3d6(3H)5s_2He[9/2]          10.0     316331.5450     3.7974   7.895E+02    33     0    486
3d6(3D)4d_4Dbe[3/2]          4.0     316362.7350     3.7965   7.897E+02    32     0    487
3d6(3D)4d_2De[5/2]           6.0     316445.9220     3.7940   7.902E+02    33     0    488
3d6(3D)4d_4De[1/2]           2.0     316477.2130     3.7931   7.904E+02    32     0    489
3d6(3D)4d_2Se[1/2]           2.0     316771.6690     3.7842   7.922E+02    33     0    490
3d6(3P)5s_4Pe[3/2]           4.0     316896.0490     3.7805   7.930E+02    32     0    491
3d6(3F)5s_4Fe[7/2]           8.0     316926.3150     3.7796   7.932E+02    48     0    492
3d6(3H)5s_2Hbe[9/2]         10.0     316971.2160     3.7782   7.935E+02    33     0    493
3d6(3D)4d_2De[3/2]           4.0     316992.5400     3.7776   7.936E+02    33     0    494
3d6(3P)5s_4Pe[1/2]           2.0     317049.9420     3.7759   7.940E+02    32     0    495
3d6(1S)4p_2Po[3/2]           4.0     317072.3050     3.7752   7.941E+02    47     0    496
3d6(3F)5s_4Fe[5/2]           6.0     317225.0530     3.7706   7.951E+02    48     0    497
3d6(3F)5s_4Fe[3/2]           4.0     317460.3130     3.7636   7.966E+02    48     0    498
3d6(1S)4d_2De[3/2]           4.0     317743.3810     3.7551   7.984E+02    33     0    499
3d6(3F)5s_2Fe[7/2]           8.0     317982.0810     3.7479   7.999E+02    33     0    500
3d6(1S)4d_2De[5/2]           6.0     318101.6690     3.7444   8.007E+02    33     0    501
3d6(3P)5s_2Pe[1/2]           2.0     318374.6780     3.7362   8.024E+02    33     0    502
3d6(3F)5s_2Fe[5/2]           6.0     318532.8030     3.7314   8.034E+02    33     0    503
3d6(3G)4d_4Fbe[9/2]         10.0     320062.6300     3.6856   8.134E+02    32     0    504
3d6(3D)4d_2Fe[7/2]           8.0     320145.4280     3.6831   8.140E+02    33     0    505
3d6(3D)4d_2Fe[5/2]           6.0     320406.4560     3.6753   8.157E+02    33     0    506
3d6(3G)5s_4Ge[11/2]         12.0     320535.0130     3.6714   8.166E+02    32     0    507
3d5(6S)4s4p_6Po[3/2]         4.0     320663.7160     3.6675   8.174E+02    44     0    508
3d5(6S)4s4p_6Po[5/2]         6.0     320894.4100     3.6606   8.190E+02    44     0    509
3d6(3G)4d_4Fbe[7/2]          8.0     320964.1650     3.6585   8.194E+02    32     0    510
3d6(3D)4d_4Pe[1/2]           2.0     320972.0110     3.6583   8.195E+02    32     0    511
3d6(3G)5s_4Ge[9/2]          10.0     321023.8540     3.6568   8.198E+02    32     0    512
3d6(3D)4d_4Pe[3/2]           4.0     321218.3340     3.6509   8.211E+02    32     0    513
3d5(6S)4s4p_6Po[7/2]         8.0     321302.2600     3.6484   8.217E+02    44     0    514
3d6(3D)4d_4Pe[5/2]           6.0     321414.0590     3.6451   8.225E+02    32     0    515
3d6(3G)5s_4Ge[7/2]           8.0     321521.0360     3.6418   8.232E+02    32     0    516
3d6(3G)4d_4Fbe[5/2]          6.0     321582.4730     3.6400   8.236E+02    32     0    517
3d6(1D)4d_2Ge[7/2]           8.0     321702.4500     3.6364   8.244E+02    33     0    518
3d6(3G)5s_4Ge[5/2]           6.0     321747.6990     3.6351   8.247E+02    32     0    519
3d6(1D)4d_2Ge[9/2]          10.0     321824.6690     3.6327   8.253E+02    33     0    520
3d6(3G)4d_4Fbe[3/2]          4.0     321925.2130     3.6297   8.259E+02    32     0    521
3d6(1D)4d_2Se[1/2]           2.0     322078.7350     3.6251   8.270E+02    33     0    522
3d6(3G)5s_2Ge[9/2]          10.0     322675.2170     3.6072   8.311E+02    33     0    523
3d6(3G)5s_2Ge[7/2]           8.0     323122.2470     3.5938   8.342E+02    33     0    524
3d6(1D)4d_2De[3/2]           4.0     323167.0900     3.5925   8.345E+02    33     0    525
3d6(1D)4d_2De[5/2]           6.0     323437.1990     3.5844   8.364E+02    33     0    526
3d5(2I)4s2_2Ie[11/2]        12.0     324730.7930     3.5456   8.455E+02    33     0    527
3d5(2I)4s2_2Ie[13/2]        14.0     325009.1820     3.5373   8.475E+02    33     0    528
3d6(1D)4d_2Fe[5/2]           6.0     325237.1090     3.5304   8.492E+02    33     0    529
3d6(1I)4d_2He[11/2]         12.0     325502.8620     3.5225   8.511E+02    33     0    530
3d6(1I)4d_2He[9/2]          10.0     325966.2720     3.5086   8.545E+02    33     0    531
3d6(1D)4d_2Fe[7/2]           8.0     325987.2980     3.5080   8.546E+02    33     0    532
3d5(2D)4s2_2De[5/2]          6.0     326812.3590     3.4832   8.607E+02    40     0    533
3d6(1F)4d_2De[3/2]           4.0     326866.8880     3.4816   8.611E+02    46     0    534
3d6(1F)4d_2Pe[3/2]           4.0     327940.3420     3.4494   8.691E+02    40     0    535
3d6(1F)4d_2Pe[1/2]           2.0     328363.6720     3.4367   8.723E+02    40     0    536
3d5(2F)4s2_2Fe[5/2]          6.0     328615.1000     3.4292   8.742E+02    40     0    537
3d6(3D)5s_4De[3/2]           4.0     328639.3210     3.4284   8.744E+02    32     0    538
3d6(3D)5s_4De[1/2]           2.0     328669.6960     3.4275   8.747E+02    32     0    539
3d6(3D)5s_4De[5/2]           6.0     328687.5240     3.4270   8.748E+02    32     0    540
3d6(3D)5s_4De[7/2]           8.0     328926.7020     3.4198   8.766E+02    32     0    541
3d6(1I)5s_2Ie[13/2]         14.0     329099.4570     3.4147   8.780E+02    40     0    542
3d6(1I)5s_2Ie[11/2]         12.0     329107.5620     3.4144   8.780E+02    40     0    543
3d6(1G)5s_2Ge[7/2]           8.0     329200.9740     3.4116   8.787E+02    40     0    544
3d6(1G)5s_2Ge[9/2]          10.0     329201.9560     3.4116   8.787E+02    40     0    545
3d5(2D)4s2_2De[3/2]          4.0     329491.0090     3.4029   8.810E+02    40     0    546
3d5(6S)4s4p_4Po[5/2]         6.0     329565.6890     3.4007   8.816E+02    45     0    547
3d6(3D)5s_2De[3/2]           4.0     330039.5360     3.3865   8.853E+02    40     0    548
3d5(6S)4s4p_4Po[3/2]         4.0     330175.2660     3.3824   8.863E+02    45     0    549
3d6(3D)5s_2De[5/2]           6.0     330270.2250     3.3796   8.871E+02    40     0    550
3d5(2F)4s2_2Fe[7/2]          8.0     330339.5850     3.3775   8.876E+02    40     0    551
3d5(6S)4s4p_4Po[1/2]         2.0     330522.2510     3.3720   8.891E+02    45     0    552
3d5(4F)4s2_4Fe[9/2]         10.0     331009.3420     3.3574   8.929E+02    36     0    553
3d5(4F)4s2_4Fe[5/2]          6.0     331167.2470     3.3527   8.942E+02    36     0    554
3d5(4F)4s2_4Fe[7/2]          8.0     331336.8950     3.3476   8.956E+02    36     0    555
3d6(1F)4d_2He[9/2]          10.0     331891.7900     3.3309   9.000E+02    40     0    556
3d5(4F)4s2_4Fe[3/2]          4.0     331892.5450     3.3309   9.000E+02    36     0    557
3d6(5D)4f_6Go[13/2]         14.0     332138.0290     3.3236   9.020E+02    44     0    558
3d6(5D)4f_6Go[11/2]         12.0     332154.0100     3.3231   9.022E+02    44     0    559
3d6(5D)4f_6Fo[9/2]          10.0     332259.0310     3.3199   9.030E+02    44     0    560
3d6(5D)4f_6Fo[7/2]           8.0     332423.7210     3.3150   9.044E+02    44     0    561
3d5(2F)4s2_2Fbe[5/2]         6.0     332582.6920     3.3102   9.057E+02    46     0    562
3d6(5D)4f_6Fo[5/2]           6.0     332641.7820     3.3085   9.061E+02    44     0    563
3d6(1F)4d_2He[11/2]         12.0     332719.7150     3.3061   9.068E+02    40     0    564
3d6(5D)4f_4Fo[9/2]          10.0     332811.1220     3.3034   9.075E+02    45     0    565
3d6(5D)4f_6Do[3/2]           4.0     332914.3640     3.3003   9.084E+02    44     0    566
3d6(5D)4f_4Fo[7/2]           8.0     332920.2540     3.3001   9.084E+02    45     0    567
3d6(5D)4f_4Go[11/2]         12.0     332922.7300     3.3000   9.085E+02    45     0    568
3d6(5D)4f_6Ho[15/2]         16.0     332983.3580     3.2982   9.090E+02    44     0    569
3d6(5D)4f_4Fo[5/2]           6.0     333116.7050     3.2942   9.101E+02    45     0    570
3d6(1F)4d_2Ge[7/2]           8.0     333133.2600     3.2937   9.102E+02    40     0    571
3d6(5D)4f_4Ho[13/2]         14.0     333149.2080     3.2932   9.103E+02    45     0    572
3d6(5D)4f_6Do[1/2]           2.0     333303.0690     3.2886   9.116E+02    44     0    573
3d6(5D)4f_6Go[3/2]           4.0     333320.0770     3.2881   9.117E+02    44     0    574
3d6(5D)4f_6Go[9/2]          10.0     333334.0140     3.2877   9.119E+02    44     0    575
3d6(1F)4d_2Ge[9/2]          10.0     333356.2410     3.2870   9.120E+02    40     0    576
3d6(5D)4f_6Go[7/2]           8.0     333398.0150     3.2858   9.124E+02    44     0    577
3d6(5D)4f_6Fo[11/2]         12.0     333401.9770     3.2857   9.124E+02    44     0    578
3d6(5D)4f_6Go[5/2]           6.0     333550.4500     3.2812   9.137E+02    44     0    579
3d6(5D)4f_6Gbo[3/2]          4.0     333724.0870     3.2760   9.151E+02    44     0    580
3d6(5D)4f_6Fo[1/2]           2.0     333727.8680     3.2759   9.151E+02    44     0    581
3d6(5D)4f_6Ho[13/2]         14.0     333762.6540     3.2749   9.154E+02    44     0    582
3d6(5D)4f_6Do[9/2]          10.0     333798.6010     3.2738   9.157E+02    44     0    583
3d6(1S)5s_2Se[1/2]           2.0     333833.2940     3.2727   9.160E+02    40     0    584
3d6(5D)4f_6Fbo[5/2]          6.0     333833.6990     3.2727   9.160E+02    44     0    585
3d6(5D)4f_4Fo[3/2]           4.0     333835.1790     3.2727   9.160E+02    45     0    586
3d6(5D)4f_6Fbo[7/2]          8.0     333872.9210     3.2715   9.164E+02    44     0    587
3d6(5D)4f_6Ho[11/2]         12.0     333930.2860     3.2698   9.168E+02    44     0    588
3d6(5D)4f_6Dbo[3/2]          4.0     334143.9090     3.2634   9.186E+02    44     0    589
3d6(5D)4f_6Dbo[9/2]         10.0     334178.4660     3.2624   9.189E+02    44     0    590
3d6(5D)4f_4Go[7/2]           8.0     334324.6320     3.2580   9.202E+02    45     0    591
3d6(5D)4f_4Do[1/2]           2.0     334325.9460     3.2580   9.202E+02    45     0    592
3d6(5D)4f_4Ho[11/2]         12.0     334377.7520     3.2564   9.206E+02    45     0    593
3d6(5D)4f_4Do[5/2]           6.0     334407.9460     3.2555   9.209E+02    45     0    594
3d6(5D)4f_6Ho[9/2]          10.0     334415.5120     3.2553   9.209E+02    44     0    595
3d6(5D)4f_4Fbo[3/2]          4.0     334496.3540     3.2529   9.216E+02    45     0    596
3d6(5D)4f_6Po[5/2]           6.0     334560.6170     3.2509   9.222E+02    44     0    597
3d6(5D)4f_6Ho[7/2]           8.0     334637.6520     3.2486   9.228E+02    44     0    598
3d6(5D)4f_6Ho[5/2]           6.0     334796.5650     3.2439   9.242E+02    44     0    599
3d6(5D)4f_6Hbo[7/2]          8.0     334803.5970     3.2436   9.242E+02    44     0    600
3d6(5D)4f_4Ho[9/2]          10.0     334830.1850     3.2428   9.245E+02    45     0    601
3d6(1F)4d_2Fe[7/2]           8.0     334841.6330     3.2425   9.246E+02    40     0    602
3d6(5D)4f_6Hbo[5/2]          6.0     334944.4160     3.2394   9.254E+02    44     0    603
3d6(5D)4f_4Po[1/2]           2.0     334963.8570     3.2388   9.256E+02    45     0    604
3d6(5D)4f_4Ho[7/2]           8.0     335060.2730     3.2360   9.264E+02    45     0    605
3d6(5D)4f_4Hbo[7/2]          8.0     335149.4140     3.2333   9.272E+02    45     0    606
3d6(1F)4d_2Fe[5/2]           6.0     335271.3670     3.2296   9.283E+02    40     0    607
3d6(1I)4d_2Gbe[9/2]         10.0     335288.5740     3.2291   9.284E+02    40     0    608
3d6(5D)4f_4Po[3/2]           4.0     335437.1440     3.2247   9.297E+02    45     0    609
3d6(5D)4f_4Po[5/2]           6.0     335931.8610     3.2098   9.340E+02    45     0    610
3d6(1I)4d_2Gbe[7/2]          8.0     336255.7300     3.2001   9.368E+02    40     0    611
3d5(2H)4s2_2He[9/2]         10.0     336322.2630     3.1981   9.374E+02    41     0    612
3d5(2H)4s2_2He[11/2]        12.0     337118.3590     3.1743   9.445E+02    41     0    613
3d6(3P)5p_4So[3/2]           4.0     337271.0440     3.1697   9.458E+02    45     0    614
3d6(3P)5p_4Po[5/2]           6.0     337613.5270     3.1594   9.489E+02    45     0    615
3d6(1D)5s_2De[3/2]           4.0     337657.7600     3.1581   9.493E+02    42     0    616
3d6(1D)5s_2De[5/2]           6.0     337741.1710     3.1556   9.500E+02    42     0    617
3d6(1D)5s_2Dbe[3/2]          4.0     337963.0430     3.1489   9.520E+02    42     0    618
3d5(2G)4s2_2Ge[7/2]          8.0     337986.8410     3.1482   9.523E+02    46     0    619
3d6(3P)5p_4Do[7/2]           8.0     338198.6620     3.1419   9.542E+02    45     0    620
3d6(3P)5p_2Do[5/2]           6.0     338357.1470     3.1371   9.556E+02    47     0    621
3d6(3F)4d_4Dbe[1/2]          2.0     338449.9100     3.1343   9.565E+02    37     0    622
3d6(3H)5p_4Io[13/2]         14.0     338479.5080     3.1334   9.568E+02    45     0    623
3d6(3H)5p_4Go[11/2]         12.0     338550.1830     3.1313   9.574E+02    45     0    624
3d6(3F)4d_4Dce[5/2]          6.0     338672.4000     3.1277   9.585E+02    48     0    625
3d6(3H)5p_4Io[11/2]         12.0     338682.1900     3.1274   9.586E+02    45     0    626
3d5(2G)4s2_2Ge[9/2]         10.0     338683.1900     3.1273   9.586E+02    46     0    627
3d6(3P)4d_4Fbe[3/2]          4.0     338696.0950     3.1270   9.587E+02    48     0    628
3d6(3H)5p_4Io[9/2]          10.0     338801.5990     3.1238   9.597E+02    45     0    629
3d6(3H)5p_4Io[15/2]         16.0     338905.5620     3.1207   9.607E+02    45     0    630
3d6(3H)5p_4Go[9/2]          10.0     338980.8390     3.1184   9.614E+02    45     0    631
3d6(3P)5p_2Po[3/2]           4.0     339025.1480     3.1171   9.618E+02    47     0    632
3d6(3F)4d_4Dbe[3/2]          4.0     339060.0270     3.1160   9.621E+02    37     0    633
3d6(3H)5p_4Ho[7/2]           8.0     339099.1120     3.1149   9.625E+02    45     0    634
3d6(3F)4d_4Dce[7/2]          8.0     339105.2380     3.1147   9.625E+02    48     0    635
3d6(3P)5p_4Po[1/2]           2.0     339105.4610     3.1147   9.625E+02    45     0    636
3d6(3H)5p_4Ho[13/2]         14.0     339280.1590     3.1094   9.641E+02    45     0    637
3d6(3P)4d_2Pbe[1/2]          2.0     339313.0190     3.1085   9.644E+02    46     0    638
3d6(3H)5p_4Go[7/2]           8.0     339371.7700     3.1067   9.650E+02    45     0    639
3d6(3P)4d_4Fe[5/2]           6.0     339371.8330     3.1067   9.650E+02    35     0    640
3d6(3H)5p_4Ho[9/2]          10.0     339376.6240     3.1066   9.650E+02    45     0    641
3d6(3H)5p_4Ho[11/2]         12.0     339479.9400     3.1035   9.660E+02    45     0    642
3d6(3H)5p_4Go[5/2]           6.0     339639.9560     3.0987   9.675E+02    45     0    643
3d6(3H)5p_2Io[13/2]         14.0     339702.9630     3.0968   9.681E+02    47     0    644
3d6(3F)4d_2Pbe[1/2]          2.0     339724.7960     3.0961   9.683E+02    46     0    645
3d6(3H)5p_2Go[9/2]          10.0     339869.2600     3.0918   9.696E+02    47     0    646
3d6(3P)4d_4Fe[7/2]           8.0     339869.6550     3.0918   9.696E+02    35     0    647
3d6(3H)5p_2Io[11/2]         12.0     340095.2660     3.0850   9.718E+02    47     0    648
3d6(3F)4d_2Pbe[3/2]          4.0     340097.0790     3.0850   9.718E+02    46     0    649
3d6(1F)4d_2De[5/2]           6.0     340123.9600     3.0841   9.720E+02    46     0    650
3d6(3H)5p_4Hbo[7/2]          8.0     340141.4200     3.0836   9.722E+02    45     0    651
3d6(3F)4d_4Hbe[7/2]          8.0     340247.6160     3.0804   9.732E+02    48     0    652
3d6(3F)4d_4He[13/2]         14.0     340350.2120     3.0774   9.742E+02    38     0    653
3d6(3F)4d_4Hbe[9/2]         10.0     340392.4240     3.0761   9.746E+02    48     0    654
3d6(3F)5p_4Fo[9/2]          10.0     340428.1540     3.0750   9.749E+02    45     0    655
3d6(3H)5p_2Go[7/2]           8.0     340447.2910     3.0745   9.751E+02    47     0    656
3d6(3F)4d_4He[11/2]         12.0     340477.3840     3.0736   9.754E+02    38     0    657
3d6(3P)4d_4Fbe[9/2]         10.0     340497.5730     3.0729   9.756E+02    48     0    658
3d6(3F)5p_4Fo[5/2]           6.0     340544.4360     3.0715   9.760E+02    45     0    659
3d6(3P)5p_2So[1/2]           2.0     340703.5670     3.0668   9.776E+02    47     0    660
3d6(3P)5p_4Do[3/2]           4.0     340767.9720     3.0648   9.782E+02    45     0    661
3d6(3P)5p_2Do[3/2]           4.0     340815.8530     3.0634   9.786E+02    47     0    662
3d6(3P)5p_4Do[5/2]           6.0     340825.2590     3.0631   9.787E+02    45     0    663
3d6(3F)4d_4Pbe[3/2]          4.0     340857.2740     3.0622   9.790E+02    48     0    664
3d6(3P)4d_4Pe[5/2]           6.0     340898.0650     3.0609   9.794E+02    32     0    665
3d6(3P)5p_4Do[1/2]           2.0     340961.9430     3.0590   9.800E+02    45     0    666
3d6(3F)5p_4Fo[3/2]           4.0     341004.8660     3.0577   9.804E+02    45     0    667
3d6(3F)5p_4Go[9/2]          10.0     341027.7950     3.0570   9.807E+02    45     0    668
3d6(3F)5p_4Go[11/2]         12.0     341051.1050     3.0564   9.809E+02    45     0    669
3d6(3F)5p_4Do[7/2]           8.0     341090.0270     3.0552   9.813E+02    45     0    670
3d6(3F)5p_4Go[7/2]           8.0     341285.4290     3.0493   9.831E+02    45     0    671
3d6(3F)4d_4Pbe[1/2]          2.0     341332.2490     3.0479   9.836E+02    48     0    672
3d6(3H)5p_2Ho[11/2]         12.0     341383.5670     3.0464   9.841E+02    47     0    673
3d6(3F)5p_4Go[5/2]           6.0     341407.4450     3.0457   9.843E+02    45     0    674
3d6(3F)5p_4Do[5/2]           6.0     341487.4660     3.0433   9.851E+02    45     0    675
3d6(1F)4d_2Dbe[3/2]          4.0     341514.5980     3.0425   9.854E+02    46     0    676
3d6(3H)5p_2Ho[9/2]          10.0     341703.7470     3.0368   9.872E+02    47     0    677
3d6(3F)5p_4Do[3/2]           4.0     341754.5670     3.0353   9.877E+02    45     0    678
3d6(3F)5p_4Do[1/2]           2.0     341905.8370     3.0307   9.892E+02    45     0    679
3d6(3F)5p_2Do[3/2]           4.0     341951.8200     3.0293   9.896E+02    47     0    680
3d5(2F)4s2_2Fce[5/2]         6.0     341977.2320     3.0286   9.899E+02    46     0    681
3d6(3F)5p_2Fo[7/2]           8.0     342004.2520     3.0278   9.901E+02    47     0    682
3d6(3F)5p_2Go[9/2]          10.0     342074.8420     3.0257   9.908E+02    47     0    683
3d5(2F)4s2_2Fbe[7/2]         8.0     342152.7000     3.0233   9.916E+02    46     0    684
3d6(3F)5p_2Fo[5/2]           6.0     342499.1870     3.0129   9.950E+02    47     0    685
3d6(3F)5p_2Go[7/2]           8.0     342530.5930     3.0120   9.953E+02    47     0    686
3d6(3P)5p_2Po[1/2]           2.0     342536.7350     3.0118   9.954E+02    47     0    687
3d6(3F)5p_2Do[5/2]           6.0     342758.3970     3.0052   9.976E+02    47     0    688
3d6(3F)4d_4Gbe[5/2]          6.0     343160.5420     2.9931   1.002E+03    48     0    689
3d6(3F)4d_4Gbe[7/2]          8.0     343298.6120     2.9890   1.003E+03    48     0    690
3d6(3F)5p_2Dbo[3/2]          4.0     343329.3290     2.9881   1.003E+03    47     0    691
3d6(3F)4d_4Gbe[11/2]        12.0     343330.4720     2.9880   1.003E+03    48     0    692
3d6(3F)4d_4Gbe[9/2]         10.0     343368.9580     2.9869   1.004E+03    48     0    693
3d6(3P)4d_4Dbe[1/2]          2.0     343812.7500     2.9736   1.008E+03    36     0    694
3d6(3P)4d_4De[3/2]           4.0     343939.1080     2.9698   1.009E+03    34     0    695
3d6(3P)4d_4Dbe[5/2]          6.0     344209.0580     2.9617   1.012E+03    36     0    696
3d6(3F)4d_2Fce[5/2]          6.0     344425.5830     2.9552   1.014E+03    46     0    697
3d6(3G)5p_4Fo[9/2]          10.0     344470.8520     2.9538   1.015E+03    49     0    698
3d6(3G)5p_4Go[11/2]         12.0     344471.2600     2.9538   1.015E+03    49     0    699
3d6(3P)4d_4Dce[7/2]          8.0     344535.0170     2.9519   1.016E+03    48     0    700
3d6(3G)5p_4Ho[13/2]         14.0     344904.0360     2.9408   1.019E+03    49     0    701
3d6(3F)4d_2Fbe[7/2]          8.0     344983.7750     2.9385   1.020E+03    41     0    702
3d6(3P)4d_2Pbe[3/2]          4.0     345049.4570     2.9365   1.021E+03    46     0    703
3d6(3G)5p_4Go[7/2]           8.0     345074.4670     2.9357   1.021E+03    49     0    704
3d6(3G)5p_4Ho[11/2]         12.0     345085.5880     2.9354   1.021E+03    49     0    705
3d6(3G)5p_4Ho[9/2]          10.0     345217.5300     2.9314   1.023E+03    49     0    706
3d6(3G)5p_4Go[5/2]           6.0     345489.6030     2.9233   1.026E+03    49     0    707
3d6(3G)5p_4Hbo[9/2]         10.0     345521.4420     2.9223   1.026E+03    49     0    708
3d6(3G)5p_4Ho[7/2]           8.0     345521.4730     2.9223   1.026E+03    49     0    709
3d6(5D)5d_4Pe[5/2]           6.0     345598.3900     2.9200   1.027E+03    50     0    710
3d6(3F)4d_2Gbe[9/2]         10.0     345730.5410     2.9161   1.028E+03    42     0    711
3d6(3F)4d_4Fce[5/2]          6.0     345734.2460     2.9160   1.028E+03    48     0    712
3d6(5D)5d_6Fe[11/2]         12.0     345792.4040     2.9142   1.029E+03    51     0    713
3d6(3F)4d_2Gce[7/2]          8.0     345842.9060     2.9127   1.029E+03    46     0    714
3d6(3G)5p_4Fo[7/2]           8.0     345877.6390     2.9117   1.030E+03    49     0    715
3d6(5D)5d_6Fe[9/2]          10.0     345933.5590     2.9100   1.030E+03    51     0    716
3d6(5D)5d_4Pe[1/2]           2.0     346001.9970     2.9079   1.031E+03    50     0    717
3d6(3P)4d_2De[3/2]           4.0     346056.8920     2.9063   1.032E+03    46     0    718
3d6(3G)5p_4Fo[5/2]           6.0     346113.6440     2.9046   1.032E+03    49     0    719
3d6(3G)5p_2Ho[11/2]         12.0     346148.9420     2.9035   1.033E+03    47     0    720
3d6(5D)5d_6Fe[7/2]           8.0     346153.0780     2.9034   1.033E+03    51     0    721
3d6(3F)4d_4Fbe[3/2]          4.0     346183.5300     2.9025   1.033E+03    39     0    722
3d6(5D)5d_6Fbe[7/2]          8.0     346200.3740     2.9020   1.033E+03    51     0    723
3d6(1F)5s_2Fe[5/2]           6.0     346215.4780     2.9015   1.033E+03    46     0    724
3d6(3G)5p_4Fo[3/2]           4.0     346278.7560     2.8996   1.034E+03    49     0    725
3d6(1F)5s_2Fbe[5/2]          6.0     346350.3310     2.8975   1.035E+03    46     0    726
3d6(3F)4d_2Hbe[11/2]        12.0     346364.8810     2.8970   1.035E+03    40     0    727
3d6(1F)5s_2Fe[7/2]           8.0     346430.0280     2.8951   1.036E+03    46     0    728
3d6(3F)4d_4Fbe[9/2]         10.0     346509.8580     2.8927   1.036E+03    39     0    729
3d6(5D)5d_6Fe[5/2]           6.0     346562.0520     2.8911   1.037E+03    51     0    730
3d6(3G)5p_2Fo[7/2]           8.0     346634.8770     2.8890   1.038E+03    52     0    731
3d6(3G)5p_2Go[9/2]          10.0     346730.6230     2.8861   1.039E+03    52     0    732
3d6(3F)4d_2Hce[9/2]         10.0     346819.3660     2.8834   1.040E+03    46     0    733
3d6(5D)5d_6Ge[13/2]         14.0     346887.6510     2.8814   1.040E+03    51     0    734
3d6(3G)5p_2Ho[9/2]          10.0     346888.9110     2.8813   1.040E+03    47     0    735
3d6(3P)4d_2Pce[1/2]          2.0     346956.1300     2.8793   1.041E+03    46     0    736
3d6(5D)5d_6Fe[3/2]           4.0     346971.3270     2.8789   1.041E+03    51     0    737
3d6(5D)5d_6Pe[7/2]           8.0     347014.0180     2.8776   1.042E+03    51     0    738
3d6(3P)4d_2Fe[5/2]           6.0     347117.9230     2.8745   1.043E+03    46     0    739
3d6(5D)5d_6De[9/2]          10.0     347129.0570     2.8741   1.043E+03    51     0    740
3d6(5D)5d_6Fbe[3/2]          4.0     347137.1520     2.8739   1.043E+03    51     0    741
3d6(5D)5d_6Fbe[5/2]          6.0     347181.7050     2.8726   1.044E+03    51     0    742
3d6(3G)5p_2Fo[5/2]           6.0     347301.9690     2.8690   1.045E+03    52     0    743
3d6(3P)4d_2Fe[7/2]           8.0     347311.0210     2.8687   1.045E+03    46     0    744
3d6(5D)5d_6Fe[1/2]           2.0     347322.1000     2.8684   1.045E+03    51     0    745
3d6(5D)5d_6Ge[11/2]         12.0     347433.6740     2.8650   1.046E+03    51     0    746
3d6(3G)5p_2Go[7/2]           8.0     347557.4160     2.8613   1.048E+03    52     0    747
3d6(5D)5d_6Pe[3/2]           4.0     347584.9920     2.8605   1.048E+03    51     0    748
3d6(5D)5d_6De[7/2]           8.0     347931.0520     2.8501   1.052E+03    51     0    749
3d6(5D)5d_6De[1/2]           2.0     347932.6920     2.8500   1.052E+03    51     0    750
3d6(5D)5d_6Ge[9/2]          10.0     347980.5530     2.8486   1.052E+03    51     0    751
3d6(5D)5d_6De[5/2]           6.0     348110.6840     2.8447   1.054E+03    51     0    752
3d6(5D)5d_4Ge[11/2]         12.0     348211.9160     2.8417   1.055E+03    48     0    753
3d6(5D)5d_6Pbe[3/2]          4.0     348289.9290     2.8393   1.056E+03    51     0    754
3d6(5D)5d_6Ge[7/2]           8.0     348358.3270     2.8373   1.057E+03    51     0    755
3d6(5D)5d_6Gbe[7/2]          8.0     348405.7160     2.8359   1.057E+03    51     0    756
3d6(5D)5d_6Ge[5/2]           6.0     348652.6400     2.8285   1.060E+03    51     0    757
3d6(3F)4d_2Dce[3/2]          4.0     348665.4950     2.8281   1.060E+03    53     0    758
3d6(5D)5d_4De[5/2]           6.0     348671.2450     2.8279   1.060E+03    48     0    759
3d6(5D)5d_6Ge[3/2]           4.0     348836.0420     2.8230   1.062E+03    51     0    760
3d6(5D)5d_4Dbe[5/2]          6.0     348842.9730     2.8228   1.062E+03    48     0    761
3d6(5D)5d_4Ge[9/2]          10.0     348927.1590     2.8202   1.063E+03    48     0    762
3d6(5D)5d_4De[3/2]           4.0     349137.1570     2.8139   1.065E+03    48     0    763
3d6(5D)5d_4De[1/2]           2.0     349319.3910     2.8085   1.067E+03    48     0    764
3d5(2S)4s2_2Se[1/2]          2.0     349427.5370     2.8052   1.069E+03    53     0    765
3d6(5D)5d_4Se[3/2]           4.0     349462.9050     2.8042   1.069E+03    48     0    766
3d6(5D)5d_4Ge[7/2]           8.0     349495.3730     2.8032   1.069E+03    48     0    767
3d6(5D)5d_6Se[5/2]           6.0     349756.8890     2.7954   1.072E+03    51     0    768
3d6(5D)5d_4Ge[5/2]           6.0     349926.1870     2.7903   1.074E+03    48     0    769
3d5(6S)4s4p_6Pbo[3/2]        4.0     350121.7210     2.7844   1.077E+03    54     0    770
3d5(6S)4s4p_6Pbo[7/2]        8.0     350128.6050     2.7842   1.077E+03    54     0    771
3d5(6S)4s4p_6Pbo[5/2]        6.0     350141.7970     2.7838   1.077E+03    54     0    772
3d5(4G)4s4p_6Go[5/2]         6.0     350843.5800     2.7628   1.085E+03    54     0    773
3d5(4G)4s4p_6Go[7/2]         8.0     350851.1760     2.7626   1.085E+03    54     0    774
3d5(4G)4s4p_6Go[3/2]         4.0     350893.8440     2.7613   1.086E+03    54     0    775
3d5(4G)4s4p_6Go[9/2]        10.0     350919.3650     2.7605   1.086E+03    54     0    776
3d5(4G)4s4p_6Go[11/2]       12.0     351059.9050     2.7563   1.088E+03    54     0    777
3d6(1G)4d_2Ibe[11/2]        12.0     351252.2510     2.7505   1.090E+03    53     0    778
3d5(4G)4s4p_6Go[13/2]       14.0     351327.2440     2.7483   1.091E+03    54     0    779
3d6(1G)4d_2Ie[13/2]         14.0     351408.8630     2.7458   1.092E+03    46     0    780
3d6(5D)6s_6De[9/2]          10.0     351865.8000     2.7321   1.097E+03    51     0    781
3d5(4G)4s4p_6Ho[5/2]         6.0     352045.5020     2.7267   1.099E+03    54     0    782
3d6(3D)5p_4Fo[3/2]           4.0     352365.5380     2.7172   1.103E+03    49     0    783
3d6(1G)4d_2Ge[9/2]          10.0     352383.5560     2.7166   1.104E+03    53     0    784
3d5(4G)4s4p_6Ho[7/2]         8.0     352394.9490     2.7163   1.104E+03    54     0    785
3d6(1I)5p_2Ko[13/2]         14.0     352407.5470     2.7159   1.104E+03    52     0    786
3d6(1G)4d_2Ge[7/2]           8.0     352411.5570     2.7158   1.104E+03    53     0    787
3d6(3D)5p_4Fo[5/2]           6.0     352445.4430     2.7148   1.104E+03    49     0    788
3d6(1G)5p_2Ho[9/2]          10.0     352452.2450     2.7146   1.104E+03    52     0    789
3d6(5D)6s_6De[7/2]           8.0     352516.9870     2.7126   1.105E+03    51     0    790
3d6(3D)5p_4Po[3/2]           4.0     352577.6020     2.7108   1.106E+03    49     0    791
3d6(3D)5p_4Do[1/2]           2.0     352617.7470     2.7096   1.106E+03    49     0    792
3d6(3D)5p_4Po[5/2]           6.0     352663.3490     2.7082   1.107E+03    49     0    793
3d6(3D)5p_4Fo[7/2]           8.0     352696.0760     2.7072   1.107E+03    49     0    794
3d5(4G)4s4p_6Ho[9/2]        10.0     352759.6900     2.7053   1.108E+03    54     0    795
3d6(1I)5p_2Ho[11/2]         12.0     352769.2330     2.7051   1.108E+03    52     0    796
3d6(1G)5p_2Go[7/2]           8.0     352814.8210     2.7037   1.109E+03    52     0    797
3d6(5D)5d_4Fe[9/2]          10.0     352929.5510     2.7002   1.110E+03    50     0    798
3d6(1I)5p_2Ko[15/2]         16.0     352960.0330     2.6993   1.111E+03    52     0    799
3d6(3D)5p_4Pbo[3/2]          4.0     353001.1400     2.6981   1.111E+03    49     0    800
3d6(3D)5p_4Po[1/2]           2.0     353004.7810     2.6980   1.111E+03    49     0    801
3d6(3D)5p_4Do[5/2]           6.0     353069.8330     2.6960   1.112E+03    49     0    802
3d6(1G)5p_2Go[9/2]          10.0     353089.8820     2.6954   1.112E+03    52     0    803
3d6(5D)6s_4De[7/2]           8.0     353116.0610     2.6947   1.113E+03    50     0    804
3d5(4G)4s4p_6Ho[11/2]       12.0     353121.4060     2.6945   1.113E+03    54     0    805
3d6(3D)5p_4Do[7/2]           8.0     353150.2840     2.6936   1.113E+03    49     0    806
3d6(3D)5p_4Fo[9/2]          10.0     353219.9060     2.6915   1.114E+03    49     0    807
3d6(5D)6s_6De[5/2]           6.0     353235.2120     2.6911   1.114E+03    51     0    808
3d6(3D)5p_2Fo[5/2]           6.0     353361.9700     2.6873   1.116E+03    52     0    809
3d6(3D)5p_4Dbo[7/2]          8.0     353424.3160     2.6854   1.116E+03    49     0    810
3d6(5D)5d_4Fe[7/2]           8.0     353483.9560     2.6836   1.117E+03    50     0    811
3d5(4G)4s4p_6Ho[13/2]       14.0     353504.7370     2.6830   1.117E+03    54     0    812
3d6(1G)5p_2Ho[11/2]         12.0     353551.3220     2.6816   1.118E+03    52     0    813
3d6(5D)6s_6De[3/2]           4.0     353707.1170     2.6769   1.120E+03    51     0    814
3d5(4G)4s4p_6Ho[15/2]       16.0     353759.6510     2.6754   1.121E+03    54     0    815
3d6(1I)5p_2Ho[9/2]          10.0     353766.0420     2.6752   1.121E+03    52     0    816
3d6(3D)5p_2Po[1/2]           2.0     353786.6530     2.6745   1.121E+03    52     0    817
3d6(3D)5p_2Po[3/2]           4.0     353881.7590     2.6717   1.122E+03    52     0    818
3d6(5D)5d_4Fe[5/2]           6.0     353900.0910     2.6711   1.122E+03    50     0    819
3d5(4P)4s4p_6Do[1/2]         2.0     353952.5130     2.6696   1.123E+03    54     0    820
3d6(5D)6s_6De[1/2]           2.0     353981.2740     2.6687   1.123E+03    51     0    821
3d5(4P)4s4p_6Do[3/2]         4.0     353984.2180     2.6686   1.123E+03    54     0    822
3d6(5D)6s_4De[5/2]           6.0     353996.2980     2.6683   1.124E+03    50     0    823
3d5(4G)4s4p_6Fo[11/2]       12.0     354065.3660     2.6662   1.124E+03    54     0    824
3d5(4P)4s4p_6Do[5/2]         6.0     354096.3110     2.6653   1.125E+03    54     0    825
3d6(1I)5p_2Io[11/2]         12.0     354144.9540     2.6638   1.125E+03    52     0    826
3d6(1I)5p_2Io[13/2]         14.0     354148.0410     2.6637   1.125E+03    52     0    827
3d6(5D)5d_4Fe[3/2]           4.0     354177.5930     2.6628   1.126E+03    50     0    828
3d5(4G)4s4p_6Fo[7/2]         8.0     354315.1270     2.6587   1.128E+03    54     0    829
3d5(4G)4s4p_6Fo[9/2]        10.0     354351.3600     2.6576   1.128E+03    54     0    830
3d6(3D)5p_2Do[3/2]           4.0     354372.5680     2.6570   1.128E+03    52     0    831
3d6(3D)5p_2Fo[7/2]           8.0     354445.5970     2.6548   1.129E+03    52     0    832
3d6(3D)5p_2Do[5/2]           6.0     354488.2840     2.6535   1.130E+03    52     0    833
3d6(5D)6s_4De[3/2]           4.0     354576.3520     2.6509   1.131E+03    50     0    834
3d6(3D)5p_2Fbo[5/2]          6.0     354624.8830     2.6494   1.132E+03    52     0    835
3d6(3P)5s_4Pbe[1/2]          2.0     354639.6650     2.6490   1.132E+03    50     0    836
3d6(5D)6s_4De[1/2]           2.0     354910.8730     2.6408   1.135E+03    50     0    837
3d5(4P)4s4p_6So[5/2]         6.0     355129.5030     2.6343   1.138E+03    54     0    838
3d5(4G)4s4p_6Fo[1/2]         2.0     355158.3670     2.6334   1.138E+03    54     0    839
3d5(4G)4s4p_6Fo[3/2]         4.0     355192.1060     2.6324   1.139E+03    54     0    840
3d5(4P)4s4p_6Sbo[5/2]        6.0     355315.0960     2.6287   1.140E+03    54     0    841
3d5(4P)4s4p_6Do[7/2]         8.0     355383.8700     2.6267   1.141E+03    54     0    842
3d6(3P)5s_4Pbe[3/2]          4.0     355449.4600     2.6247   1.142E+03    50     0    843
3d6(1G)4d_2Hbe[11/2]        12.0     355690.6390     2.6175   1.145E+03    53     0    844
3d6(1G)4d_2Hbe[9/2]         10.0     356025.6530     2.6074   1.150E+03    53     0    845
3d6(3F)5s_4Fbe[3/2]          4.0     356244.2630     2.6009   1.153E+03    50     0    846
3d5(4P)4s4p_6Do[9/2]        10.0     356257.9980     2.6005   1.153E+03    54     0    847
3d6(3F)5s_4Fe[9/2]          10.0     356312.2900     2.5988   1.154E+03    48     0    848
3d6(3F)5s_4Fbe[5/2]          6.0     356369.1300     2.5971   1.154E+03    50     0    849
3d6(3F)5s_4Fbe[7/2]          8.0     356442.4760     2.5949   1.155E+03    50     0    850
3d6(3P)5s_2Pbe[1/2]          2.0     356586.0650     2.5906   1.157E+03    53     0    851
3d6(3P)5s_4Pbe[5/2]          6.0     357068.9270     2.5761   1.164E+03    50     0    852
3d6(1S)5p_2Po[1/2]           2.0     357211.3980     2.5719   1.166E+03    52     0    853
3d5(4P)4s4p_6Po[7/2]         8.0     357498.6590     2.5633   1.170E+03    54     0    854
3d6(1S)5p_2Po[3/2]           4.0     357626.4730     2.5594   1.171E+03    52     0    855
3d6(3F)5s_2Fbe[7/2]          8.0     357674.0940     2.5580   1.172E+03    53     0    856
3d6(3F)5s_2Fbe[5/2]          6.0     357687.6310     2.5576   1.172E+03    53     0    857
3d5(4P)4s4p_6Po[5/2]         6.0     357895.0960     2.5514   1.175E+03    54     0    858
3d5(4P)4s4p_6Po[3/2]         4.0     357910.6690     2.5509   1.175E+03    54     0    859
3d5(2D)4s2_2Dbe[3/2]         4.0     358364.3450     2.5373   1.182E+03    53     0    860
3d6(3P)5s_2Pbe[3/2]          4.0     358461.6380     2.5344   1.183E+03    53     0    861
3d5(2D)4s2_2Dbe[5/2]         6.0     358517.0550     2.5327   1.184E+03    53     0    862
3d6(3P)4f_4Do[1/2]           2.0     358755.4070     2.5256   1.187E+03    49     0    863
3d6(3P)4f_4Do[3/2]           4.0     358783.3910     2.5248   1.187E+03    49     0    864
3d6(3P)4f_4Do[5/2]           6.0     358836.6780     2.5232   1.188E+03    49     0    865
3d6(3P)4f_4Fo[7/2]           8.0     358912.5610     2.5209   1.189E+03    49     0    866
3d6(3P)4f_2Go[9/2]          10.0     358960.8390     2.5194   1.190E+03    52     0    867
3d6(3P)4f_4Go[9/2]          10.0     359014.5870     2.5178   1.191E+03    49     0    868
3d6(3P)4f_4Go[11/2]         12.0     359052.8690     2.5167   1.191E+03    49     0    869
3d6(3P)4f_2Fo[7/2]           8.0     359220.1350     2.5117   1.194E+03    52     0    870
3d6(5D)5d_4Pbe[5/2]          6.0     359336.5680     2.5082   1.195E+03    50     0    871
3d6(3P)4f_2Fo[5/2]           6.0     359415.4990     2.5058   1.196E+03    52     0    872
3d6(3P)4f_2Do[3/2]           4.0     359440.2970     2.5051   1.197E+03    52     0    873
3d6(5D)5d_4Pe[3/2]           4.0     359649.8860     2.4988   1.200E+03    50     0    874
3d6(1G)4d_2Fbe[5/2]          6.0     359744.3230     2.4959   1.201E+03    53     0    875
3d5(4D)4s4p_6Fo[1/2]         2.0     359746.1960     2.4959   1.201E+03    54     0    876
3d6(5D)5d_4Pbe[1/2]          2.0     359795.0360     2.4944   1.202E+03    50     0    877
3d6(3H)4f_4Lo[19/2]         20.0     359798.4290     2.4943   1.202E+03    49     0    878
3d6(3H)4f_4Fo[9/2]          10.0     359840.7300     2.4931   1.203E+03    49     0    879
3d6(3H)4f_4Go[11/2]         12.0     359855.7020     2.4926   1.203E+03    49     0    880
3d6(3H)4f_4Lo[17/2]         18.0     359864.2800     2.4923   1.203E+03    49     0    881
3d5(4G)4s4p_4Ho[7/2]         8.0     359865.8420     2.4923   1.203E+03    49     0    882
3d6(3H)4f_4Ho[13/2]         14.0     359931.8520     2.4903   1.204E+03    49     0    883
3d6(3H)4f_2Do[5/2]           6.0     359958.2110     2.4895   1.204E+03    52     0    884
3d5(4D)4s4p_6Fo[3/2]         4.0     359959.4630     2.4895   1.204E+03    54     0    885
3d6(3H)4f_4Fbo[9/2]         10.0     359959.6310     2.4895   1.204E+03    49     0    886
3d6(3H)4f_4Ko[17/2]         18.0     360001.1340     2.4882   1.205E+03    49     0    887
3d6(3H)4f_4Lo[15/2]         16.0     360011.9900     2.4879   1.205E+03    49     0    888
3d6(3H)4f_4Fo[7/2]           8.0     360037.1750     2.4872   1.205E+03    49     0    889
3d6(3H)4f_4Io[15/2]         16.0     360059.5690     2.4865   1.206E+03    49     0    890
3d6(1G)4d_2Fbe[7/2]          8.0     360106.8080     2.4851   1.206E+03    53     0    891
3d6(3H)4f_4Gbo[11/2]        12.0     360110.6540     2.4850   1.206E+03    49     0    892
3d6(3H)4f_2Fo[7/2]           8.0     360132.9630     2.4843   1.207E+03    52     0    893
3d6(3H)4f_4Io[13/2]         14.0     360191.9910     2.4825   1.208E+03    49     0    894
3d6(3H)4f_4Go[9/2]          10.0     360229.9930     2.4814   1.208E+03    49     0    895
3d5(4D)4s4p_6Fo[5/2]         6.0     360259.8300     2.4805   1.209E+03    54     0    896
3d6(3H)4f_4Lo[13/2]         14.0     360315.1760     2.4788   1.209E+03    49     0    897
3d6(3H)4f_4Go[7/2]           8.0     360325.6810     2.4785   1.210E+03    49     0    898
3d6(3H)4f_2Lo[15/2]         16.0     360330.8540     2.4784   1.210E+03    52     0    899
3d5(4D)4s4p_6Fbo[5/2]        6.0     360332.8630     2.4783   1.210E+03    54     0    900
3d6(3H)4f_4Io[11/2]         12.0     360368.6430     2.4772   1.210E+03    49     0    901
3d6(3H)4f_4Kbo[17/2]        18.0     360378.1890     2.4769   1.210E+03    49     0    902
3d6(3H)4f_4Ko[15/2]         16.0     360414.7660     2.4758   1.211E+03    49     0    903
3d6(3H)4f_4Go[5/2]           6.0     360446.3150     2.4749   1.211E+03    49     0    904
3d6(3H)4f_4Io[9/2]          10.0     360473.3040     2.4741   1.212E+03    49     0    905
3d6(3H)4f_4Gbo[7/2]          8.0     360481.4130     2.4738   1.212E+03    49     0    906
3d6(3H)4f_2Do[3/2]           4.0     360491.5560     2.4735   1.212E+03    52     0    907
3d6(3H)4f_4Fo[3/2]           4.0     360517.4980     2.4728   1.212E+03    49     0    908
3d6(3H)4f_2Ko[13/2]         14.0     360559.7270     2.4715   1.213E+03    52     0    909
3d6(3H)4f_4Ibo[11/2]        12.0     360567.5130     2.4713   1.213E+03    49     0    910
3d6(3H)4f_4Do[5/2]           6.0     360588.5280     2.4706   1.213E+03    49     0    911
3d6(3H)4f_4Ko[11/2]         12.0     360636.5710     2.4692   1.214E+03    49     0    912
3d6(3H)4f_2Kbo[13/2]        14.0     360641.8210     2.4690   1.214E+03    52     0    913
3d6(3H)4f_4Ho[9/2]          10.0     360666.4780     2.4683   1.215E+03    49     0    914
3d6(3H)4f_2Lbo[15/2]        16.0     360689.6060     2.4676   1.215E+03    52     0    915
3d6(3H)4f_2Fo[5/2]           6.0     360710.4540     2.4670   1.215E+03    52     0    916
3d5(4D)4s4p_6Fo[7/2]         8.0     360717.1990     2.4668   1.215E+03    54     0    917
3d6(3H)4f_4Ho[7/2]           8.0     360785.8950     2.4647   1.216E+03    49     0    918
3d6(3H)4f_4Do[3/2]           4.0     360803.3700     2.4642   1.217E+03    49     0    919
3d6(3H)4f_2Go[9/2]          10.0     360807.6360     2.4641   1.217E+03    52     0    920
3d6(3H)4f_4Do[1/2]           2.0     360829.8270     2.4634   1.217E+03    49     0    921
3d6(3H)4f_2Io[13/2]         14.0     360925.6690     2.4605   1.218E+03    52     0    922
3d6(3H)4f_2Ibo[13/2]        14.0     360974.1790     2.4591   1.219E+03    52     0    923
3d6(3H)4f_2Ho[11/2]         12.0     360990.9330     2.4586   1.219E+03    52     0    924
3d6(3H)4f_2Go[7/2]           8.0     361026.1010     2.4575   1.220E+03    52     0    925
3d6(1D)5p_2Fo[5/2]           6.0     361038.7450     2.4571   1.220E+03    52     0    926
3d5(4D)4s4p_6Fo[9/2]        10.0     361053.2300     2.4567   1.220E+03    54     0    927
3d6(1D)5p_2Po[3/2]           4.0     361139.9610     2.4541   1.222E+03    52     0    928
3d5(4D)4s4p_6Fbo[9/2]       10.0     361172.4840     2.4531   1.222E+03    54     0    929
3d6(3H)4f_2Io[11/2]         12.0     361219.9750     2.4517   1.223E+03    52     0    930
3d5(4G)4s4p_4Fo[7/2]         8.0     361250.8140     2.4508   1.223E+03    49     0    931
3d6(3H)4f_2Ho[9/2]          10.0     361278.8510     2.4499   1.224E+03    52     0    932
3d5(4G)4s4p_4Fo[5/2]         6.0     361392.4030     2.4465   1.225E+03    49     0    933
3d6(1D)5p_2Po[1/2]           2.0     361462.8590     2.4444   1.226E+03    52     0    934
3d6(3P)4f_4Do[7/2]           8.0     361478.4050     2.4440   1.227E+03    49     0    935
3d5(4D)4s4p_6Fo[11/2]       12.0     361513.3990     2.4429   1.227E+03    54     0    936
3d5(4G)4s4p_4Fo[3/2]         4.0     361519.5640     2.4427   1.227E+03    49     0    937
3d6(1D)5p_2Fo[7/2]           8.0     361539.0680     2.4421   1.228E+03    52     0    938
3d6(3P)4f_4Gbo[9/2]         10.0     361608.3110     2.4401   1.229E+03    49     0    939
3d6(3P)4f_4Fo[5/2]           6.0     361618.2210     2.4398   1.229E+03    49     0    940
3d6(3F)4f_4Po[3/2]           4.0     361653.2330     2.4387   1.229E+03    49     0    941
3d6(3P)4f_4Fo[3/2]           4.0     361675.9310     2.4380   1.230E+03    49     0    942
3d6(3F)4f_4Po[5/2]           6.0     361699.3410     2.4373   1.230E+03    49     0    943
3d6(3P)4f_4Go[7/2]           8.0     361704.1620     2.4372   1.230E+03    49     0    944
3d6(3F)4f_4Io[15/2]         16.0     361789.3570     2.4346   1.231E+03    49     0    945
3d6(3F)4f_4Ho[13/2]         14.0     361794.2920     2.4345   1.231E+03    49     0    946
3d6(3F)4f_4Go[5/2]           6.0     361828.8160     2.4335   1.232E+03    49     0    947
3d6(3F)4f_4Go[7/2]           8.0     361832.1480     2.4334   1.232E+03    49     0    948
3d6(3F)4f_4Po[1/2]           2.0     361846.1680     2.4329   1.232E+03    49     0    949
3d6(3F)4f_4Go[11/2]         12.0     361865.4810     2.4324   1.233E+03    49     0    950
3d6(3F)4f_4Fo[9/2]          10.0     361865.5220     2.4324   1.233E+03    49     0    951
3d6(3F)4f_2Io[13/2]         14.0     361869.3750     2.4322   1.233E+03    52     0    952
3d6(3F)4f_2Go[9/2]          10.0     361950.1470     2.4298   1.234E+03    52     0    953
3d6(3F)4f_4Ho[11/2]         12.0     361958.4770     2.4296   1.234E+03    49     0    954
3d6(1D)5p_2Do[3/2]           4.0     361965.3360     2.4294   1.234E+03    52     0    955
3d6(3F)4f_4Do[5/2]           6.0     361971.7770     2.4292   1.234E+03    49     0    956
3d6(3F)4f_4Do[7/2]           8.0     361972.7950     2.4291   1.234E+03    49     0    957
3d6(3F)4f_4Do[3/2]           4.0     362068.9640     2.4263   1.236E+03    49     0    958
3d6(3F)4f_4Gbo[5/2]          6.0     362074.5330     2.4261   1.236E+03    49     0    959
3d5(4D)4s4p_6Do[7/2]         8.0     362156.2000     2.4236   1.237E+03    54     0    960
3d6(1D)5p_2Do[5/2]           6.0     362160.2430     2.4235   1.237E+03    52     0    961
3d6(3F)4f_4Ho[9/2]          10.0     362171.9400     2.4232   1.237E+03    49     0    962
3d6(1G)4d_2De[3/2]           4.0     362172.7960     2.4231   1.237E+03    53     0    963
3d6(3F)4f_4So[3/2]           4.0     362176.6050     2.4230   1.237E+03    49     0    964
3d6(3F)4f_4Do[1/2]           2.0     362221.1040     2.4217   1.238E+03    49     0    965
3d6(3F)4f_2Io[11/2]         12.0     362247.6050     2.4209   1.238E+03    52     0    966
3d6(1D)5p_2Dbo[5/2]          6.0     362270.4670     2.4202   1.239E+03    52     0    967
3d5(4D)4s4p_6Do[9/2]        10.0     362278.8160     2.4200   1.239E+03    54     0    968
3d6(3F)4f_4Ho[7/2]           8.0     362293.1060     2.4195   1.239E+03    49     0    969
3d6(3F)4f_4Io[13/2]         14.0     362300.5790     2.4193   1.239E+03    49     0    970
3d5(4D)4s4p_6Dbo[9/2]       10.0     362308.0510     2.4191   1.239E+03    54     0    971
3d6(3F)4f_4Io[11/2]         12.0     362348.3140     2.4179   1.240E+03    49     0    972
3d6(3F)4f_2Fo[7/2]           8.0     362374.7260     2.4171   1.240E+03    52     0    973
3d6(3F)4f_4Fo[7/2]           8.0     362398.2210     2.4164   1.241E+03    49     0    974
3d6(3F)4f_2Fo[5/2]           6.0     362439.3720     2.4151   1.241E+03    52     0    975
3d6(3F)4f_4Fo[3/2]           4.0     362447.1630     2.4149   1.241E+03    49     0    976
3d6(3F)4f_4Pbo[1/2]          2.0     362521.3410     2.4127   1.243E+03    49     0    977
3d6(3F)4f_2Go[7/2]           8.0     362522.3760     2.4127   1.243E+03    52     0    978
3d6(3F)4f_4Io[9/2]          10.0     362528.2360     2.4125   1.243E+03    49     0    979
3d6(3F)4f_4Fo[5/2]           6.0     362565.3790     2.4114   1.243E+03    49     0    980
3d6(1G)4d_2De[5/2]           6.0     362566.2720     2.4113   1.243E+03    53     0    981
3d6(3F)4f_4Dbo[3/2]          4.0     362635.1440     2.4093   1.244E+03    49     0    982
3d6(3F)4f_2Po[1/2]           2.0     362659.5480     2.4085   1.245E+03    52     0    983
3d6(3F)4f_2Po[3/2]           4.0     362675.2810     2.4081   1.245E+03    52     0    984
3d6(3F)4f_2Ibo[11/2]        12.0     362683.0700     2.4078   1.245E+03    52     0    985
3d6(3F)4f_2Do[5/2]           6.0     362801.7220     2.4043   1.247E+03    52     0    986
3d6(3F)4f_2Ho[9/2]          10.0     362829.2220     2.4035   1.247E+03    52     0    987
3d6(3F)4f_2Fbo[5/2]          6.0     362926.9970     2.4005   1.249E+03    52     0    988
3d6(3F)4f_2Gbo[7/2]          8.0     362941.7070     2.4001   1.249E+03    52     0    989
3d6(3F)4f_2Do[3/2]           4.0     363019.8800     2.3977   1.250E+03    52     0    990
3d6(3F)4f_2So[1/2]           2.0     363064.7990     2.3964   1.251E+03    52     0    991
3d6(5D)6p_6Do[9/2]          10.0     363093.0930     2.3955   1.251E+03    54     0    992
3d6(3F)4f_4Gco[5/2]          6.0     363119.8530     2.3947   1.252E+03    49     0    993
3d5(4G)4s4p_4Go[7/2]         8.0     363199.1680     2.3924   1.253E+03    49     0    994
3d5(4G)4s4p_4Go[11/2]       12.0     363272.7270     2.3902   1.254E+03    49     0    995
3d5(4G)4s4p_4Go[9/2]        10.0     363313.0030     2.3890   1.255E+03    49     0    996
3d5(4P)4s4p_4Po[5/2]         6.0     363340.1020     2.3881   1.255E+03    49     0    997
3d6(5D)6p_6Do[7/2]           8.0     363361.3320     2.3875   1.256E+03    54     0    998
3d5(4D)4s4p_6Po[3/2]         4.0     363614.2070     2.3799   1.260E+03    54     0    999
3d6(5D)6p_6Fo[11/2]         12.0     363801.3450     2.3743   1.263E+03    54     0   1000
