Level              Type       Np          X1          X2          X2
3d2(3F)4s_a4Fe        1       3   3.9630E+00   1.0000E+00   2.0000E+00
3d3_b4Fe              1       3   3.9787E+00   1.0000E+00   2.0000E+00
3d2(3F)4s_a2Fe        1       3   4.0483E+00   1.0000E+00   2.0000E+00
3d2(1D)4s_a2De        1       3   4.1268E+00   1.0000E+00   2.0000E+00
3d3_a2Ge              1       3   4.1337E+00   1.0000E+00   2.0000E+00
3d3_a4Pe              1       3   4.1417E+00   1.0000E+00   2.0000E+00
3d3_a2Pe              1       3   4.1517E+00   1.0000E+00   2.0000E+00
3d2(3P)4s_b4Pe        1       3   4.1524E+00   1.0000E+00   2.0000E+00
3d3_b2De              1       3   4.2107E+00   1.0000E+00   2.0000E+00
3d3_a2He              1       3   4.2113E+00   1.0000E+00   2.0000E+00
3d2(1G)4s_b2Ge        1       3   4.2674E+00   1.0000E+00   2.0000E+00
3d2(3P)4s_b2Pe        1       3   4.2978E+00   1.0000E+00   2.0000E+00
3d3_b2Fe              1       3   4.4016E+00   1.0000E+00   2.0000E+00
3d4s2_c2De            1       3   4.5093E+00   1.0000E+00   2.0000E+00
3d2(3F)4p_z4Go        1       3   4.6444E+00   1.0000E+00   2.0000E+00
3d2(3F)4p_z4Fo        1       3   4.6789E+00   1.0000E+00   2.0000E+00
3d2(3F)4p_z2Fo        1       3   4.6868E+00   1.0000E+00   2.0000E+00
3d2(3F)4p_z2Do        1       3   4.7033E+00   1.0000E+00   2.0000E+00
3d2(1S)4s_a2Se        1       3   4.6994E+00   1.0000E+00   2.0000E+00
3d3_d2D1e             1       3   4.7152E+00   1.0000E+00   2.0000E+00
3d2(3F)4p_z4Do        1       3   4.7269E+00   1.0000E+00   2.0000E+00
3d2(3F)4p_z2Go        1       3   4.7886E+00   1.0000E+00   2.0000E+00
3d2(3P)4p_z2So        1       3   4.8799E+00   1.0000E+00   2.0000E+00
3d2(1D)4p_z2Po        1       3   4.9473E+00   1.0000E+00   2.0000E+00
3d2(1D)4p_y2Do        1       3   4.9525E+00   1.0000E+00   2.0000E+00
3d2(1D)4p_y2Fo        1       3   4.9697E+00   1.0000E+00   2.0000E+00
3d2(3P)4p_z4So        1       3   4.9703E+00   1.0000E+00   2.0000E+00
3d2(3P)4p_y4Do        1       3   4.9913E+00   1.0000E+00   2.0000E+00
3d2(3P)4p_z4Po        1       3   5.0471E+00   1.0000E+00   2.0000E+00
3d2(1G)4p_y2Go        1       3   5.1096E+00   1.0000E+00   2.0000E+00
3d2(3P)4p_x2Do        1       3   5.1546E+00   1.0000E+00   2.0000E+00
3d2(3P)4p_y2Po        1       3   5.1794E+00   1.0000E+00   2.0000E+00
3d2(1G)4p_z2Ho        1       3   5.1907E+00   1.0000E+00   2.0000E+00
3d2(1G)4p_x2Fo        1       3   5.2628E+00   1.0000E+00   2.0000E+00
3d2(2D)sp_4Fo         1       3   5.4989E+00   1.0000E+00   2.0000E+00
3d2(2D)sp_4Do         1       3   5.4947E+00   1.0000E+00   2.0000E+00
3d2(2D)sp_w2Do        1       3   5.5396E+00   1.0000E+00   2.0000E+00
3d2(2D)sp_y4Po        1       3   5.6789E+00   1.0000E+00   2.0000E+00
3d2(2D)sp_w2Fo        1       3   5.8533E+00   1.0000E+00   2.0000E+00
3d2(2D)sp_2Po         1       3   5.8533E+00   1.0000E+00   2.0000E+00
3d2(3F)5s_e4Fe        1       3   6.0374E+00   1.0000E+00   2.0000E+00
3d2(3F)5s_e2Fe        1       3   6.0968E+00   1.0000E+00   2.0000E+00
3d2(1S)4p_2Po         1       3   6.0978E+00   1.0000E+00   2.0000E+00
3d2(3F)4d_e4Ge        1       3   6.2163E+00   1.0000E+00   2.0000E+00
3d2(3F)4d_e4He        1       3   6.2394E+00   1.0000E+00   2.0000E+00
3d2(3F)4d_4De         1       3   6.2410E+00   1.0000E+00   2.0000E+00
3d2(3F)4d_f2Fe        1       3   6.2383E+00   1.0000E+00   2.0000E+00
3d2(3F)4d_2Pe         1       3   6.3327E+00   1.0000E+00   2.0000E+00
3d2(3F)4d_4Pe         1       3   6.3996E+00   1.0000E+00   2.0000E+00
3d2(3F)4d_e2Ge        1       3   6.4098E+00   1.0000E+00   2.0000E+00
3d2(3F)4d_e2He        1       3   6.4676E+00   1.0000E+00   2.0000E+00
3d2(3F)4d_2De         1       3   6.4649E+00   1.0000E+00   2.0000E+00
3d2(3F)4d_f4Fe        1       3   6.5059E+00   1.0000E+00   2.0000E+00
3d2(2D)sp_v2Do        1       3   6.5508E+00   1.0000E+00   2.0000E+00
3d2(3F)5p_v2Fo        1       3   6.6570E+00   1.0000E+00   2.0000E+00
3d2(1D)5s_2De         1       3   6.6701E+00   1.0000E+00   2.0000E+00
3d2(3F)5p_4Go         1       3   6.7411E+00   1.0000E+00   2.0000E+00
3d2(3F)5p_4Fo         1       3   6.7615E+00   1.0000E+00   2.0000E+00
3d2(3F)5p_4Do         1       3   6.8084E+00   1.0000E+00   2.0000E+00
3d2(3P)5s_4Pe         1       3   6.8328E+00   1.0000E+00   2.0000E+00
3d2(3F)5p_2Go         1       3   6.8595E+00   1.0000E+00   2.0000E+00
3d2(2D)sp_2Fo         1       3   6.9223E+00   1.0000E+00   2.0000E+00
3d2(3P)5s_2Pe         1       3   6.9165E+00   1.0000E+00   2.0000E+00
3d2(1D)4d_2Se         1       3   6.9098E+00   1.0000E+00   2.0000E+00
3d2(2D)sp_2Pbo        1       3   6.9379E+00   1.0000E+00   2.0000E+00
3d2(1D)4d_2Fe         1       3   6.9775E+00   1.0000E+00   2.0000E+00
3d2(1D)4d_2Pe         1       3   6.9957E+00   1.0000E+00   2.0000E+00
3d2(3F)5p_2Do         1       3   7.0066E+00   1.0000E+00   2.0000E+00
3d2(1D)4d_2Ge         1       3   7.0483E+00   1.0000E+00   2.0000E+00
3d2(1D)4d_2De         1       3   7.1372E+00   1.0000E+00   2.0000E+00
3d2(3P)4d_4Fe         1       3   7.2026E+00   1.0000E+00   2.0000E+00
3d2(3P)4d_4De         1       3   7.2066E+00   1.0000E+00   2.0000E+00
3d2(1G)5s_2Ge         1       3   7.2272E+00   1.0000E+00   2.0000E+00
3d2(3P)4d_2Fe         1       3   7.3155E+00   1.0000E+00   2.0000E+00
3d2(3P)4d_4Pe         1       3   7.3191E+00   1.0000E+00   2.0000E+00
3d2(3P)4d_2Pe         1       3   7.3470E+00   1.0000E+00   2.0000E+00
3d2(3P)4d_2De         1       3   7.4537E+00   1.0000E+00   2.0000E+00
3d2(1G)4d_2Ge         1       3   7.6143E+00   1.0000E+00   2.0000E+00
3d2(1D)5p_2Fo         1       3   7.6538E+00   1.0000E+00   2.0000E+00
3d2(1G)4d_2He         1       3   7.6727E+00   1.0000E+00   2.0000E+00
3d2(1G)4d_2Ie         1       3   7.6747E+00   1.0000E+00   2.0000E+00
3d2(1D)5p_2Po         1       3   7.6763E+00   1.0000E+00   2.0000E+00
3d2(1D)5p_2Do         1       3   7.7252E+00   1.0000E+00   2.0000E+00
3d2(3P)5p_2So         1       3   7.7694E+00   1.0000E+00   2.0000E+00
3d2(3P)5p_4So         1       3   7.8457E+00   1.0000E+00   2.0000E+00
3d2(3F)4f_4Ho         1       3   7.8739E+00   1.0000E+00   2.0000E+00
3d2(1G)4d_2Fe         1       3   7.8520E+00   1.0000E+00   2.0000E+00
3d2(3F)4f_2Go         1       3   7.8679E+00   1.0000E+00   2.0000E+00
3d2(3F)4f_4Go         1       3   7.8974E+00   1.0000E+00   2.0000E+00
3d2(3F)4f_4Io         1       3   7.8960E+00   1.0000E+00   2.0000E+00
3d2(3F)4f_4Fo         1       3   7.8935E+00   1.0000E+00   2.0000E+00
3d2(3F)4f_4Do         1       3   7.9245E+00   1.0000E+00   2.0000E+00
3d2(3F)4f_4Po         1       3   7.8949E+00   1.0000E+00   2.0000E+00
3d2(3P)5p_4Do         1       3   7.9021E+00   1.0000E+00   2.0000E+00
3d2(3F)4f_2Ho         1       3   7.9098E+00   1.0000E+00   2.0000E+00
3d2(3F)4f_2Fo         1       3   7.9093E+00   1.0000E+00   2.0000E+00
3d2(3F)4f_2Io         1       3   7.9225E+00   1.0000E+00   2.0000E+00
3d2(3F)4f_b4Do        1       3   7.9195E+00   1.0000E+00   2.0000E+00
3d2(3F)4f_2Do         1       3   7.9318E+00   1.0000E+00   2.0000E+00
3d2(3F)4f_4So         1       3   7.9445E+00   1.0000E+00   2.0000E+00
3d2(3F)4f_2Po         1       3   7.9512E+00   1.0000E+00   2.0000E+00
3d2(3P)5p_4Po         1       3   8.0121E+00   1.0000E+00   2.0000E+00
3d2(3F)6s_4Fe         1       3   8.0583E+00   1.0000E+00   2.0000E+00
3d2(3P)5p_2Do         1       3   8.0617E+00   1.0000E+00   2.0000E+00
3d2(1G)4d_2De         1       3   8.0746E+00   1.0000E+00   2.0000E+00
3d2(3F)6s_2Fe         1       3   8.1098E+00   1.0000E+00   2.0000E+00
3d2(3F)5d_4He         1       3   8.2811E+00   1.0000E+00   2.0000E+00
3d2(3F)5d_4Ge         1       3   8.2828E+00   1.0000E+00   2.0000E+00
3d2(3F)5d_4De         1       3   8.2928E+00   1.0000E+00   2.0000E+00
3d2(3P)5p_2Po         1       3   8.2711E+00   1.0000E+00   2.0000E+00
3d2(3F)5d_2Fe         1       3   8.4232E+00   1.0000E+00   2.0000E+00
3d2(1G)5p_2Go         1       3   8.4197E+00   1.0000E+00   2.0000E+00
3d2(3F)5d_2Pe         1       3   8.4983E+00   1.0000E+00   2.0000E+00
3d2(3F)5d_4Pe         1       3   8.6192E+00   1.0000E+00   2.0000E+00
3d2(1G)5p_2Ho         1       3   8.5935E+00   1.0000E+00   2.0000E+00
3d2(3F)5d_2De         1       3   8.6739E+00   1.0000E+00   2.0000E+00
3d2(3F)5d_2Ge         1       3   8.6768E+00   1.0000E+00   2.0000E+00
3d2(3F)5d_4Fe         1       3   8.7347E+00   1.0000E+00   2.0000E+00
3d2(1G)5p_2Fo         1       3   8.7560E+00   1.0000E+00   2.0000E+00
3d2(3F)6p_4Go         1       3   8.8185E+00   1.0000E+00   2.0000E+00
3d2(3F)6p_4Fo         1       3   8.8273E+00   1.0000E+00   2.0000E+00
3d2(3F)5d_2He         1       3   8.8052E+00   1.0000E+00   2.0000E+00
3d2(3F)6p_4Do         1       3   8.8689E+00   1.0000E+00   2.0000E+00
3d2(3F)6p_2Fo         1       3   8.9036E+00   1.0000E+00   2.0000E+00
3d2(3F)6p_2Go         1       3   8.9321E+00   1.0000E+00   2.0000E+00
3d2(3F)6p_2Do         1       3   8.9578E+00   1.0000E+00   2.0000E+00
3dp2(1D)_2Fe          1       3   9.4035E+00   1.0000E+00   2.0000E+00
3d2(1D)4f_2Po         1       3   9.3968E+00   1.0000E+00   2.0000E+00
3d2(1D)4f_2Ho         1       3   9.4095E+00   1.0000E+00   2.0000E+00
3d2(1D)4f_2Do         1       3   9.4276E+00   1.0000E+00   2.0000E+00
3d2(1D)4f_2Go         1       3   9.4442E+00   1.0000E+00   2.0000E+00
3d2(1D)4f_2Fo         1       3   9.4502E+00   1.0000E+00   2.0000E+00
3dp2(1D)_2De          1       3   9.5957E+00   1.0000E+00   2.0000E+00
3d2(1D)6s_2De         1       3   9.8112E+00   1.0000E+00   2.0000E+00
3d2(3F)5f_4Ho         1       3   9.8949E+00   1.0000E+00   2.0000E+00
3d2(3F)5g_4He         1       3   9.9065E+00   1.0000E+00   2.0000E+00
3d2(3F)5g_2He         1       3   9.8947E+00   1.0000E+00   2.0000E+00
3d2(3F)5g_4Ie         1       3   9.8943E+00   1.0000E+00   2.0000E+00
3d2(3F)5g_2Ie         1       3   9.8959E+00   1.0000E+00   2.0000E+00
3d2(3F)5f_4Go         1       3   9.8859E+00   1.0000E+00   2.0000E+00
3d2(3F)5f_4Io         1       3   9.8887E+00   1.0000E+00   2.0000E+00
3d2(3F)5g_4Fe         1       3   9.8844E+00   1.0000E+00   2.0000E+00
3d2(3F)5g_4Ge         1       3   9.8634E+00   1.0000E+00   2.0000E+00
3d2(3F)5g_4Ke         1       3   9.8993E+00   1.0000E+00   2.0000E+00
3d2(3F)5g_2Ke         1       3   9.9017E+00   1.0000E+00   2.0000E+00
3d2(3F)5g_2Pe         1       3   9.8774E+00   1.0000E+00   2.0000E+00
3d2(3F)5g_4Pe         1       3   9.8997E+00   1.0000E+00   2.0000E+00
3d2(3F)5f_4Ibo        1       3   9.8357E+00   1.0000E+00   2.0000E+00
3dp2(1D)_2Ge          1       3   9.8895E+00   1.0000E+00   2.0000E+00
3d2(3F)5f_4Fo         1       3   9.8778E+00   1.0000E+00   2.0000E+00
3d2(3F)5f_2Fo         1       3   9.9089E+00   1.0000E+00   2.0000E+00
3d2(3F)5f_4Do         1       3   9.9544E+00   1.0000E+00   2.0000E+00
3d2(3F)5f_4Po         1       3   9.8820E+00   1.0000E+00   2.0000E+00
3d2(3F)5f_2Go         1       3   9.8724E+00   1.0000E+00   2.0000E+00
3d2(3F)5g_4Ibe        1       3   9.8806E+00   1.0000E+00   2.0000E+00
3d2(3F)5g_4Hbe        1       3   9.8825E+00   1.0000E+00   2.0000E+00
3d2(3F)5g_4Gbe        1       3   9.9317E+00   1.0000E+00   2.0000E+00
3d2(3F)5g_4De         1       3   9.9253E+00   1.0000E+00   2.0000E+00
3d2(3F)5f_4Gbo        1       3   9.8856E+00   1.0000E+00   2.0000E+00
3d2(3F)5g_4Pbe        1       3   9.8888E+00   1.0000E+00   2.0000E+00
3d2(3F)5g_2De         1       3   9.8912E+00   1.0000E+00   2.0000E+00
3d2(3F)5f_2Fbo        1       3   9.8952E+00   1.0000E+00   2.0000E+00
3d2(3F)5f_2Ho         1       3   9.9418E+00   1.0000E+00   2.0000E+00
3d2(3F)5f_4Dbo        1       3   9.8983E+00   1.0000E+00   2.0000E+00
3d2(3F)5f_2Io         1       3   9.9518E+00   1.0000E+00   2.0000E+00
3d2(3F)5f_2Do         1       3   9.9653E+00   1.0000E+00   2.0000E+00
3d2(3P)4f_4Do         1       3   9.9460E+00   1.0000E+00   2.0000E+00
3d2(3P)4f_2Do         1       3   9.9370E+00   1.0000E+00   2.0000E+00
3d2(3F)5f_2Gbo        1       3   9.9390E+00   1.0000E+00   2.0000E+00
3d2(3P)4f_4Go         1       3   9.9663E+00   1.0000E+00   2.0000E+00
3d2(3F)5g_2Ge         1       3   9.9558E+00   1.0000E+00   2.0000E+00
3d2(3F)5g_2Fe         1       3   9.9583E+00   1.0000E+00   2.0000E+00
3d2(3F)5g_4Fbe        1       3   9.9597E+00   1.0000E+00   2.0000E+00
3d2(3P)4f_4Gbo        1       3   9.9715E+00   1.0000E+00   2.0000E+00
3dp2(3P)_2Pe          1       3   1.0003E+01   1.0000E+00   2.0000E+00
3d2(3P)4f_2Go         1       3   1.0008E+01   1.0000E+00   2.0000E+00
3d2(3F)5f_2Po         1       3   1.0002E+01   1.0000E+00   2.0000E+00
3d2(3F)5f_4Pbo        1       3   9.9958E+00   1.0000E+00   2.0000E+00
3d2(3F)7s_4Fe         1       3   1.0072E+01   1.0000E+00   2.0000E+00
3d2(3P)4f_4Fo         1       3   1.0065E+01   1.0000E+00   2.0000E+00
3d2(3F)7s_2Fe         1       3   1.0143E+01   1.0000E+00   2.0000E+00
3dp2(3P)_4Fe          1       3   1.0216E+01   1.0000E+00   2.0000E+00
3d2(1D)5d_2Se         1       3   1.0108E+01   1.0000E+00   2.0000E+00
3d2(3P)4f_2Fo         1       3   1.0116E+01   1.0000E+00   2.0000E+00
3d2(1D)5d_2Ge         1       3   1.0213E+01   1.0000E+00   2.0000E+00
3d2(3F)6d_2Pe         1       3   1.0225E+01   1.0000E+00   2.0000E+00
3d2(1D)5d_2De         1       3   1.0225E+01   1.0000E+00   2.0000E+00
3d2(3F)6d_4Ge         1       3   1.0317E+01   1.0000E+00   2.0000E+00
3d2(3F)6d_4He         1       3   1.0316E+01   1.0000E+00   2.0000E+00
3d2(3F)6d_4Pe         1       3   1.0256E+01   1.0000E+00   2.0000E+00
3d2(3F)6d_4Gbe        1       3   1.0252E+01   1.0000E+00   2.0000E+00
3d2(3F)6d_4De         1       3   1.0320E+01   1.0000E+00   2.0000E+00
3d2(1D)5d_2Fe         1       3   1.0297E+01   1.0000E+00   2.0000E+00
3d2(3P)6s_4Pe         1       3   1.0339E+01   1.0000E+00   2.0000E+00
3d2(3F)6d_4Dbe        1       3   1.0336E+01   1.0000E+00   2.0000E+00
3d2(3F)6d_2Fe         1       3   1.0364E+01   1.0000E+00   2.0000E+00
3d2(3P)6s_2Pe         1       3   1.0406E+01   1.0000E+00   2.0000E+00
3d2(3F)6d_2He         1       3   1.0653E+01   1.0000E+00   2.0000E+00
3d2(1S)5s_2Se         1       3   1.0616E+01   1.0000E+00   2.0000E+00
3d2(3P)6s_2Pbe        1       3   1.0642E+01   1.0000E+00   2.0000E+00
3d2(1D)5d_2Pe         1       3   1.0667E+01   1.0000E+00   2.0000E+00
3dp2(3P)_4Pe          1       3   1.0683E+01   1.0000E+00   2.0000E+00
3d2(1S)5s_2Sbe        1       3   1.0674E+01   1.0000E+00   2.0000E+00
3d2(3P)5d_4De         1       3   1.0745E+01   1.0000E+00   2.0000E+00
3d2(3F)6d_4Fe         1       3   1.0817E+01   1.0000E+00   2.0000E+00
3d2(3F)7p_4Go         1       3   1.0885E+01   1.0000E+00   2.0000E+00
3d2(3F)7p_4Fo         1       3   1.0890E+01   1.0000E+00   2.0000E+00
3d2(3F)6d_2Ge         1       3   1.0845E+01   1.0000E+00   2.0000E+00
3d2(3F)7p_4Do         1       3   1.0936E+01   1.0000E+00   2.0000E+00
3d2(3F)6d_2De         1       3   1.0914E+01   1.0000E+00   2.0000E+00
3d2(3F)7p_2Fo         1       3   1.0951E+01   1.0000E+00   2.0000E+00
3d2(3P)5d_4Fe         1       3   1.1091E+01   1.0000E+00   2.0000E+00
3d2(3F)7p_2Do         1       3   1.1001E+01   1.0000E+00   2.0000E+00
3d2(3F)7p_2Go         1       3   1.1003E+01   1.0000E+00   2.0000E+00
3d2(3P)5d_2Pe         1       3   1.1010E+01   1.0000E+00   2.0000E+00
3dp2(1D)_2Se          1       3   1.1082E+01   1.0000E+00   2.0000E+00
3d2(1D)6p_2Po         1       3   1.1162E+01   1.0000E+00   2.0000E+00
3d2(1G)4f_2Ho         1       3   1.1168E+01   1.0000E+00   2.0000E+00
3d2(1D)6p_2Fo         1       3   1.1181E+01   1.0000E+00   2.0000E+00
3d2(1G)4f_2Io         1       3   1.1200E+01   1.0000E+00   2.0000E+00
3d2(1G)4f_2Go         1       3   1.1215E+01   1.0000E+00   2.0000E+00
3d2(1D)6p_2Do         1       3   1.1249E+01   1.0000E+00   2.0000E+00
3d2(3P)5d_4Fbe        1       3   1.1261E+01   1.0000E+00   2.0000E+00
3d2(1G)4f_2Fo         1       3   1.1299E+01   1.0000E+00   2.0000E+00
3d2(1G)4f_2Ko         1       3   1.1351E+01   1.0000E+00   2.0000E+00
3d2(1G)4f_2Do         1       3   1.1398E+01   1.0000E+00   2.0000E+00
3d2(3P)5d_2Fe         1       3   1.1421E+01   1.0000E+00   2.0000E+00
3dp2(3P)_4De          1       3   1.1527E+01   1.0000E+00   2.0000E+00
3d2(1G)4f_2Po         1       3   1.1486E+01   1.0000E+00   2.0000E+00
3d2(3P)5d_2Pbe        1       3   1.1527E+01   1.0000E+00   2.0000E+00
3d2(3P)5d_2De         1       3   1.1565E+01   1.0000E+00   2.0000E+00
3d4s(3D)5s_4De        1       3   1.1676E+01   1.0000E+00   2.0000E+00
3d2(3P)5d_2Dbe        1       3   1.1620E+01   1.0000E+00   2.0000E+00
3d2(3P)5d_4Pe         1       3   1.1701E+01   1.0000E+00   2.0000E+00
3dp2(3P)_2Fe          1       3   1.1762E+01   1.0000E+00   2.0000E+00
3d2(3F)6g_4He         1       3   1.1911E+01   1.0000E+00   2.0000E+00
3d2(3F)6g_4Ge         1       3   1.1810E+01   1.0000E+00   2.0000E+00
3d2(3F)6g_4Ie         1       3   1.1888E+01   1.0000E+00   2.0000E+00
3d2(3F)6g_2Ie         1       3   1.1891E+01   1.0000E+00   2.0000E+00
3d2(3F)6g_4Fe         1       3   1.1832E+01   1.0000E+00   2.0000E+00
3d2(3F)6g_4Ke         1       3   1.1892E+01   1.0000E+00   2.0000E+00
3d2(3F)6g_2Ke         1       3   1.1896E+01   1.0000E+00   2.0000E+00
3d2(3F)6g_2Pe         1       3   1.1851E+01   1.0000E+00   2.0000E+00
3d2(3F)6g_4Pe         1       3   1.1847E+01   1.0000E+00   2.0000E+00
3d2(1G)6s_2Ge         1       3   1.1825E+01   1.0000E+00   2.0000E+00
3d2(3F)6f_4Ho         1       3   1.1957E+01   1.0000E+00   2.0000E+00
3d2(3F)6f_4Io         1       3   1.1944E+01   1.0000E+00   2.0000E+00
3d2(3F)6f_2Go         1       3   1.1973E+01   1.0000E+00   2.0000E+00
3d2(3F)6f_2Ho         1       3   1.1984E+01   1.0000E+00   2.0000E+00
3d2(3F)6f_4Go         1       3   1.1988E+01   1.0000E+00   2.0000E+00
3d2(3F)6f_4Do         1       3   1.1981E+01   1.0000E+00   2.0000E+00
3d2(3F)6g_4Ibe        1       3   1.1866E+01   1.0000E+00   2.0000E+00
3d2(3F)6g_4De         1       3   1.1934E+01   1.0000E+00   2.0000E+00
3d2(3F)6g_4Hbe        1       3   1.1868E+01   1.0000E+00   2.0000E+00
3d2(3F)6g_4Gbe        1       3   1.1967E+01   1.0000E+00   2.0000E+00
3d2(3F)6f_2Fo         1       3   1.1996E+01   1.0000E+00   2.0000E+00
3d2(3F)6g_4Pbe        1       3   1.1874E+01   1.0000E+00   2.0000E+00
3d2(3F)6f_2Do         1       3   1.2021E+01   1.0000E+00   2.0000E+00
3d2(3P)6p_2So         1       3   1.1913E+01   1.0000E+00   2.0000E+00
3d2(3F)6f_2Gbo        1       3   1.1944E+01   1.0000E+00   2.0000E+00
3d2(3F)6h_4Io         1       3   1.2096E+01   1.0000E+00   2.0000E+00
3d2(3F)6h_4Ho         1       3   1.1994E+01   1.0000E+00   2.0000E+00
3d2(3F)6h_4Ko         1       3   1.2074E+01   1.0000E+00   2.0000E+00
3d2(3F)6h_2Ko         1       3   1.2078E+01   1.0000E+00   2.0000E+00
3d2(3F)6h_4Go         1       3   1.2057E+01   1.0000E+00   2.0000E+00
3d2(3F)6h_2Lo         1       3   1.2081E+01   1.0000E+00   2.0000E+00
3d2(3F)6h_4Lo         1       3   1.2076E+01   1.0000E+00   2.0000E+00
3d2(3F)6h_2Do         1       3   1.1957E+01   1.0000E+00   2.0000E+00
3d2(3F)6h_4Do         1       3   1.2059E+01   1.0000E+00   2.0000E+00
3d2(3F)6f_2Hbo        1       3   1.1960E+01   1.0000E+00   2.0000E+00
3d2(3F)6f_4Dbo        1       3   1.1962E+01   1.0000E+00   2.0000E+00
3d2(3F)8s_4Fe         1       3   1.2084E+01   1.0000E+00   2.0000E+00
3d2(3F)6f_2Io         1       3   1.2043E+01   1.0000E+00   2.0000E+00
3d2(3F)6f_2Fbo        1       3   1.1967E+01   1.0000E+00   2.0000E+00
3d2(3F)6f_4Fo         1       3   1.2059E+01   1.0000E+00   2.0000E+00
3d2(3F)6f_2Po         1       3   1.1975E+01   1.0000E+00   2.0000E+00
3d2(3F)6f_4Po         1       3   1.1977E+01   1.0000E+00   2.0000E+00
3d2(3F)6g_2He         1       3   1.1995E+01   1.0000E+00   2.0000E+00
3d2(3F)6g_4Fbe        1       3   1.1997E+01   1.0000E+00   2.0000E+00
3d2(3F)6g_2Fe         1       3   1.1999E+01   1.0000E+00   2.0000E+00
3d2(3F)6g_2De         1       3   1.2004E+01   1.0000E+00   2.0000E+00
3d2(3P)6p_4So         1       3   1.2012E+01   1.0000E+00   2.0000E+00
3d2(3P)6p_4Do         1       3   1.2089E+01   1.0000E+00   2.0000E+00
3d2(3F)6h_4Kbo        1       3   1.2054E+01   1.0000E+00   2.0000E+00
3d2(3F)6h_4Ibo        1       3   1.2054E+01   1.0000E+00   2.0000E+00
3d2(3F)6h_4Fo         1       3   1.2125E+01   1.0000E+00   2.0000E+00
3d2(3F)6h_4Hbo        1       3   1.2140E+01   1.0000E+00   2.0000E+00
3d2(3F)6h_4Dbo        1       3   1.2116E+01   1.0000E+00   2.0000E+00
3d2(3F)6f_2So         1       3   1.2104E+01   1.0000E+00   2.0000E+00
3d2(3F)8s_2Fe         1       3   1.2189E+01   1.0000E+00   2.0000E+00
3d2(3F)6f_2Pbo        1       3   1.2111E+01   1.0000E+00   2.0000E+00
3d2(3F)6f_4So         1       3   1.2124E+01   1.0000E+00   2.0000E+00
3d2(3P)6p_4Po         1       3   1.2217E+01   1.0000E+00   2.0000E+00
3d2(3F)7d_2De         1       3   1.2185E+01   1.0000E+00   2.0000E+00
3d2(3F)6h_2Ho         1       3   1.2189E+01   1.0000E+00   2.0000E+00
3d2(3F)6h_2Io         1       3   1.2189E+01   1.0000E+00   2.0000E+00
3d2(3F)6h_2Go         1       3   1.2191E+01   1.0000E+00   2.0000E+00
3d2(3F)6h_4Gbo        1       3   1.2192E+01   1.0000E+00   2.0000E+00
3d2(3F)6h_4Fbo        1       3   1.2196E+01   1.0000E+00   2.0000E+00
3d2(3F)7d_4Ge         1       3   1.2350E+01   1.0000E+00   2.0000E+00
3d2(3F)7d_4He         1       3   1.2343E+01   1.0000E+00   2.0000E+00
3d2(3F)7d_4Gbe        1       3   1.2235E+01   1.0000E+00   2.0000E+00
3d2(3F)7d_4De         1       3   1.2358E+01   1.0000E+00   2.0000E+00
3d2(3P)6p_2Do         1       3   1.2294E+01   1.0000E+00   2.0000E+00
3d2(3F)7d_2Fe         1       3   1.2340E+01   1.0000E+00   2.0000E+00
3d2(3F)7d_2He         1       3   1.2421E+01   1.0000E+00   2.0000E+00
3d2(3F)7d_2Fbe        1       3   1.2479E+01   1.0000E+00   2.0000E+00
3d2(3F)7d_2Ge         1       3   1.2480E+01   1.0000E+00   2.0000E+00
3d2(3P)6p_2Po         1       3   1.2527E+01   1.0000E+00   2.0000E+00
3d2(3F)7d_2Pe         1       3   1.2651E+01   1.0000E+00   2.0000E+00
3d4s(3D)4d_4De        1       3   1.2726E+01   1.0000E+00   2.0000E+00
3d2(1G)5d_2Ie         1       3   1.2748E+01   1.0000E+00   2.0000E+00
3d2(3F)8p_4Go         1       3   1.2975E+01   1.0000E+00   2.0000E+00
3d2(3F)8p_4Fo         1       3   1.2982E+01   1.0000E+00   2.0000E+00
3d2(3F)7d_4Fe         1       3   1.2974E+01   1.0000E+00   2.0000E+00
3d4s(3D)4d_4Ge        1       3   1.3006E+01   1.0000E+00   2.0000E+00
3d2(3F)8p_4Do         1       3   1.3042E+01   1.0000E+00   2.0000E+00
3d2(3F)7d_2Dbe        1       3   1.2902E+01   1.0000E+00   2.0000E+00
3d2(3F)7d_4Fbe        1       3   1.2925E+01   1.0000E+00   2.0000E+00
3d2(3F)7d_4Pe         1       3   1.3034E+01   1.0000E+00   2.0000E+00
3d2(3F)8p_2Fo         1       3   1.3080E+01   1.0000E+00   2.0000E+00
3d2(3F)8p_2Go         1       3   1.3121E+01   1.0000E+00   2.0000E+00
3d2(3F)8p_2Do         1       3   1.3158E+01   1.0000E+00   2.0000E+00
3d4s(3D)5s_2De        1       3   1.3102E+01   1.0000E+00   2.0000E+00
3d2(3F)7d_4Pbe        1       3   1.3121E+01   1.0000E+00   2.0000E+00
3d2(1G)5d_2Ge         1       3   1.3276E+01   1.0000E+00   2.0000E+00
3dp2(3P)_2De          1       3   1.3391E+01   1.0000E+00   2.0000E+00
3d2(1D)5f_2Po         1       3   1.3567E+01   1.0000E+00   2.0000E+00
3d2(1D)5f_2Ho         1       3   1.3586E+01   1.0000E+00   2.0000E+00
3d2(1D)5f_2Do         1       3   1.3629E+01   1.0000E+00   2.0000E+00
3d2(1D)5f_2Go         1       3   1.3637E+01   1.0000E+00   2.0000E+00
3d2(1G)5d_2He         1       3   1.3712E+01   1.0000E+00   2.0000E+00
3d2(1D)5f_2Fo         1       3   1.3660E+01   1.0000E+00   2.0000E+00
3d2(3F)7g_4He         1       3   1.3861E+01   1.0000E+00   2.0000E+00
3d2(3F)7g_4Ie         1       3   1.3895E+01   1.0000E+00   2.0000E+00
3d2(3F)7g_2Ie         1       3   1.3900E+01   1.0000E+00   2.0000E+00
3d2(3F)7g_4Ge         1       3   1.3903E+01   1.0000E+00   2.0000E+00
3d2(3F)7g_4Fe         1       3   1.3762E+01   1.0000E+00   2.0000E+00
3d2(3F)7g_4Ke         1       3   1.3898E+01   1.0000E+00   2.0000E+00
3d2(3F)7g_2Ke         1       3   1.3904E+01   1.0000E+00   2.0000E+00
3d2(3F)7g_2Pe         1       3   1.3716E+01   1.0000E+00   2.0000E+00
3d2(3F)7g_4Pe         1       3   1.3828E+01   1.0000E+00   2.0000E+00
3d4s(3D)4d_4Se        1       3   1.3728E+01   1.0000E+00   2.0000E+00
3d2(3F)7i_4Ke         1       3   1.3954E+01   1.0000E+00   2.0000E+00
3d2(3F)7i_4Ie         1       3   1.3869E+01   1.0000E+00   2.0000E+00
3d2(3F)7i_4Le         1       3   1.3923E+01   1.0000E+00   2.0000E+00
3d2(3F)7i_2Le         1       3   1.3929E+01   1.0000E+00   2.0000E+00
3d2(3F)7i_4He         1       3   1.3899E+01   1.0000E+00   2.0000E+00
3d2(3F)7i_4Me         1       3   1.3923E+01   1.0000E+00   2.0000E+00
3d2(3F)7i_2Me         1       3   1.3930E+01   1.0000E+00   2.0000E+00
3d2(3F)7i_4Fe         1       3   1.3863E+01   1.0000E+00   2.0000E+00
3d2(3F)7i_2Fe         1       3   1.3895E+01   1.0000E+00   2.0000E+00
3d2(1G)5d_2Fe         1       3   1.3770E+01   1.0000E+00   2.0000E+00
3d2(1D)5g_2De         1       3   1.3852E+01   1.0000E+00   2.0000E+00
3d2(1D)5g_2Ie         1       3   1.3859E+01   1.0000E+00   2.0000E+00
3d2(3F)7g_4Hbe        1       3   1.3861E+01   1.0000E+00   2.0000E+00
3d2(3F)7f_4Ho         1       3   1.4063E+01   1.0000E+00   2.0000E+00
3d2(1D)5g_2Fe         1       3   1.3863E+01   1.0000E+00   2.0000E+00
3d2(3F)7g_2He         1       3   1.3973E+01   1.0000E+00   2.0000E+00
3d2(3F)7g_4Pbe        1       3   1.3952E+01   1.0000E+00   2.0000E+00
3d2(3F)7f_4Io         1       3   1.4034E+01   1.0000E+00   2.0000E+00
3d2(3F)7g_4Gbe        1       3   1.4003E+01   1.0000E+00   2.0000E+00
3d2(3F)7g_4De         1       3   1.3949E+01   1.0000E+00   2.0000E+00
3d2(3F)7f_2Go         1       3   1.4080E+01   1.0000E+00   2.0000E+00
3d2(1D)5g_2Ge         1       3   1.3886E+01   1.0000E+00   2.0000E+00
3d2(3F)7f_2Ho         1       3   1.4095E+01   1.0000E+00   2.0000E+00
3d2(1D)5g_2He         1       3   1.3888E+01   1.0000E+00   2.0000E+00
3d2(3F)7f_4Go         1       3   1.4103E+01   1.0000E+00   2.0000E+00
3d2(3F)7i_4Lbe        1       3   1.3894E+01   1.0000E+00   2.0000E+00
3d2(3F)7i_4Kbe        1       3   1.3894E+01   1.0000E+00   2.0000E+00
3d2(3F)7i_4Ibe        1       3   1.4022E+01   1.0000E+00   2.0000E+00
3d2(3F)7i_4Ge         1       3   1.3970E+01   1.0000E+00   2.0000E+00
3d2(3F)7i_4Fbe        1       3   1.3989E+01   1.0000E+00   2.0000E+00
3d2(3F)7f_4Do         1       3   1.4156E+01   1.0000E+00   2.0000E+00
3d2(3F)7f_2Fo         1       3   1.4105E+01   1.0000E+00   2.0000E+00
3d2(3F)9s_4Fe         1       3   1.4094E+01   1.0000E+00   2.0000E+00
3d2(3F)7f_2Do         1       3   1.4139E+01   1.0000E+00   2.0000E+00
3d2(3F)7h_4Io         1       3   1.4216E+01   1.0000E+00   2.0000E+00
3d2(3F)7h_4Ho         1       3   1.4050E+01   1.0000E+00   2.0000E+00
3d2(3F)7h_4Ko         1       3   1.4179E+01   1.0000E+00   2.0000E+00
3d2(3F)7h_2Ko         1       3   1.4185E+01   1.0000E+00   2.0000E+00
3d2(3F)7h_4Go         1       3   1.4150E+01   1.0000E+00   2.0000E+00
3d2(3F)7h_4Lo         1       3   1.4180E+01   1.0000E+00   2.0000E+00
3d2(3F)7h_2Lo         1       3   1.4187E+01   1.0000E+00   2.0000E+00
3d2(3F)7h_2Do         1       3   1.3988E+01   1.0000E+00   2.0000E+00
3d2(3F)7h_4Do         1       3   1.4151E+01   1.0000E+00   2.0000E+00
3d2(3F)7f_2Gbo        1       3   1.4035E+01   1.0000E+00   2.0000E+00
3d2(3F)7f_4Dbo        1       3   1.4054E+01   1.0000E+00   2.0000E+00
3d2(3F)7f_2Hbo        1       3   1.4055E+01   1.0000E+00   2.0000E+00
3d2(3F)7f_2Io         1       3   1.4180E+01   1.0000E+00   2.0000E+00
3d2(3F)7f_2Fbo        1       3   1.4059E+01   1.0000E+00   2.0000E+00
3d2(3F)7f_4Fo         1       3   1.4162E+01   1.0000E+00   2.0000E+00
3d2(3F)7g_2Ge         1       3   1.4068E+01   1.0000E+00   2.0000E+00
3d2(3F)7g_2Fe         1       3   1.4070E+01   1.0000E+00   2.0000E+00
3d2(3F)7g_2De         1       3   1.4073E+01   1.0000E+00   2.0000E+00
3d2(3F)7f_4Po         1       3   1.4215E+01   1.0000E+00   2.0000E+00
3d2(3F)7f_2Dbo        1       3   1.4079E+01   1.0000E+00   2.0000E+00
3d2(3F)7g_4Dbe        1       3   1.4082E+01   1.0000E+00   2.0000E+00
3d2(3F)9s_4Fbe        1       3   1.4091E+01   1.0000E+00   2.0000E+00
3d2(3F)7i_2Ie         1       3   1.4103E+01   1.0000E+00   2.0000E+00
3d2(3F)7i_2Ke         1       3   1.4104E+01   1.0000E+00   2.0000E+00
3d2(3F)7i_4Hbe        1       3   1.4105E+01   1.0000E+00   2.0000E+00
3d2(3F)7i_4Gbe        1       3   1.4107E+01   1.0000E+00   2.0000E+00
3d2(3F)9s_2Fe         1       3   1.4238E+01   1.0000E+00   2.0000E+00
3d2(1D)7s_2De         1       3   1.4144E+01   1.0000E+00   2.0000E+00
3d2(3F)7h_4Kbo        1       3   1.4147E+01   1.0000E+00   2.0000E+00
3d2(3F)7h_4Ibo        1       3   1.4147E+01   1.0000E+00   2.0000E+00
3d2(3F)7h_4Fo         1       3   1.4260E+01   1.0000E+00   2.0000E+00
3d2(3F)7h_4Hbo        1       3   1.4287E+01   1.0000E+00   2.0000E+00
3d2(3F)7h_4Dbo        1       3   1.4245E+01   1.0000E+00   2.0000E+00
3d2(3F)8d_4He         1       3   1.4407E+01   1.0000E+00   2.0000E+00
3d2(3F)8d_4Ge         1       3   1.4415E+01   1.0000E+00   2.0000E+00
3d2(3F)8d_4De         1       3   1.4385E+01   1.0000E+00   2.0000E+00
3d2(3F)7f_2So         1       3   1.4284E+01   1.0000E+00   2.0000E+00
3d2(3F)7f_2Po         1       3   1.4302E+01   1.0000E+00   2.0000E+00
3d2(3F)8d_2Pe         1       3   1.4485E+01   1.0000E+00   2.0000E+00
3d2(3F)7h_2Ho         1       3   1.4368E+01   1.0000E+00   2.0000E+00
3d2(3F)7h_2Io         1       3   1.4368E+01   1.0000E+00   2.0000E+00
3d2(3F)7h_2Go         1       3   1.4369E+01   1.0000E+00   2.0000E+00
3d2(3F)7h_4Gbo        1       3   1.4370E+01   1.0000E+00   2.0000E+00
3d2(3F)7h_4Fbo        1       3   1.4374E+01   1.0000E+00   2.0000E+00
3d2(3F)8d_2De         1       3   1.4484E+01   1.0000E+00   2.0000E+00
3d2(3F)8d_4Dbe        1       3   1.4417E+01   1.0000E+00   2.0000E+00
3d2(3F)8d_2Fe         1       3   1.4435E+01   1.0000E+00   2.0000E+00
3d2(1G)6p_2Go         1       3   1.4447E+01   1.0000E+00   2.0000E+00
3d2(3F)8d_2Fbe        1       3   1.4629E+01   1.0000E+00   2.0000E+00
3d2(3F)8d_4Pe         1       3   1.4833E+01   1.0000E+00   2.0000E+00
3d2(3F)8d_2Ge         1       3   1.4667E+01   1.0000E+00   2.0000E+00
3d2(1G)6p_2Ho         1       3   1.4781E+01   1.0000E+00   2.0000E+00
3d2(3F)8d_4Fe         1       3   1.4938E+01   1.0000E+00   2.0000E+00
3d2(1D)6d_2Se         1       3   1.4832E+01   1.0000E+00   2.0000E+00
3d2(3F)9p_4Go         1       3   1.4901E+01   1.0000E+00   2.0000E+00
3d2(3F)9p_4Fo         1       3   1.4980E+01   1.0000E+00   2.0000E+00
3d2(3F)9p_4Do         1       3   1.4934E+01   1.0000E+00   2.0000E+00
3d2(1G)6p_2Fo         1       3   1.5012E+01   1.0000E+00   2.0000E+00
