Level / Temperature (10^4 K)        0.50       1.00       2.00       5.00      10.00
3d2(3F)4s_a4Fe                 9.690E-14  6.842E-14  4.836E-14  3.059E-14  2.163E-14
3d3_b4Fe                       9.575E-14  6.762E-14  4.779E-14  3.022E-14  2.137E-14
3d2(3F)4s_a2Fe                 4.544E-14  3.209E-14  2.269E-14  1.435E-14  1.014E-14
3d2(1D)4s_a2De                 3.064E-14  2.164E-14  1.530E-14  9.673E-15  6.840E-15
3d3_a2Ge                       5.487E-14  3.875E-14  2.740E-14  1.732E-14  1.225E-14
3d3_a4Pe                       3.637E-14  2.569E-14  1.816E-14  1.148E-14  8.120E-15
3d3_a2Pe                       1.805E-14  1.275E-14  9.013E-15  5.700E-15  4.031E-15
3d2(3P)4s_b4Pe                 3.609E-14  2.549E-14  1.802E-14  1.139E-14  8.057E-15
3d3_b2De                       2.884E-14  2.037E-14  1.440E-14  9.106E-15  6.439E-15
3d3_a2He                       6.342E-14  4.480E-14  3.167E-14  2.003E-14  1.416E-14
3d2(1G)4s_b2Ge                 4.986E-14  3.522E-14  2.490E-14  1.575E-14  1.113E-14
3d2(3P)4s_b2Pe                 1.627E-14  1.149E-14  8.125E-15  5.138E-15  3.633E-15
3d3_b2Fe                       3.534E-14  2.497E-14  1.765E-14  1.116E-14  7.892E-15
3d4s2_c2De                     2.347E-14  1.658E-14  1.172E-14  7.414E-15  5.243E-15
3d2(3F)4p_z4Go                 7.733E-14  5.464E-14  3.863E-14  2.443E-14  1.727E-14
3d2(3F)4p_z4Fo                 5.882E-14  4.156E-14  2.938E-14  1.858E-14  1.314E-14
3d2(3F)4p_z2Fo                 2.926E-14  2.068E-14  1.462E-14  9.245E-15  6.537E-15
3d2(3F)4p_z2Do                 2.068E-14  1.461E-14  1.033E-14  6.534E-15  4.620E-15
3d2(1S)4s_a2Se                 4.147E-15  2.930E-15  2.072E-15  1.310E-15  9.264E-16
3d3_d2D1e                      2.053E-14  1.450E-14  1.025E-14  6.485E-15  4.585E-15
3d2(3F)4p_z4Do                 4.075E-14  2.879E-14  2.036E-14  1.287E-14  9.103E-15
3d2(3F)4p_z2Go                 3.527E-14  2.492E-14  1.762E-14  1.114E-14  7.880E-15
3d2(3P)4p_z2So                 3.703E-15  2.617E-15  1.850E-15  1.170E-15  8.273E-16
3d2(1D)4p_z2Po                 1.066E-14  7.534E-15  5.327E-15  3.369E-15  2.382E-15
3d2(1D)4p_y2Do                 1.771E-14  1.252E-14  8.850E-15  5.597E-15  3.958E-15
3d2(1D)4p_y2Fo                 2.454E-14  1.734E-14  1.226E-14  7.754E-15  5.483E-15
3d2(3P)4p_z4So                 7.009E-15  4.953E-15  3.502E-15  2.215E-15  1.566E-15
3d2(3P)4p_y4Do                 3.460E-14  2.445E-14  1.729E-14  1.093E-14  7.732E-15
3d2(3P)4p_z4Po                 2.008E-14  1.419E-14  1.003E-14  6.345E-15  4.487E-15
3d2(1G)4p_y2Go                 2.903E-14  2.052E-14  1.451E-14  9.173E-15  6.487E-15
3d2(3P)4p_x2Do                 1.571E-14  1.110E-14  7.849E-15  4.964E-15  3.510E-15
3d2(3P)4p_y2Po                 9.290E-15  6.566E-15  4.642E-15  2.936E-15  2.076E-15
3d2(1G)4p_z2Ho                 3.384E-14  2.392E-14  1.691E-14  1.069E-14  7.562E-15
3d2(1G)4p_x2Fo                 2.066E-14  1.460E-14  1.032E-14  6.530E-15  4.617E-15
3d2(2D)sp_4Fo                  3.622E-14  2.560E-14  1.810E-14  1.145E-14  8.095E-15
3d2(2D)sp_4Do                  2.593E-14  1.833E-14  1.296E-14  8.196E-15  5.796E-15
3d2(2D)sp_w2Do                 1.265E-14  8.944E-15  6.324E-15  3.999E-15  2.828E-15
3d2(2D)sp_y4Po                 1.409E-14  9.961E-15  7.043E-15  4.454E-15  3.150E-15
3d2(2D)sp_w2Fo                 1.501E-14  1.061E-14  7.504E-15  4.746E-15  3.356E-15
3d2(2D)sp_2Po                  6.435E-15  4.549E-15  3.216E-15  2.034E-15  1.438E-15
3d2(3F)5s_e4Fe                 2.736E-14  1.934E-14  1.368E-14  8.650E-15  6.116E-15
3d2(3F)5s_e2Fe                 1.329E-14  9.392E-15  6.640E-15  4.200E-15  2.970E-15
3d2(1S)4p_2Po                  5.691E-15  4.023E-15  2.845E-15  1.799E-15  1.272E-15
3d2(3F)4d_e4Ge                 3.223E-14  2.278E-14  1.611E-14  1.019E-14  7.205E-15
3d2(3F)4d_e4He                 3.895E-14  2.754E-14  1.947E-14  1.231E-14  8.708E-15
3d2(3F)4d_4De                  1.769E-14  1.251E-14  8.844E-15  5.593E-15  3.955E-15
3d2(3F)4d_f2Fe                 1.240E-14  8.767E-15  6.199E-15  3.920E-15  2.772E-15
3d2(3F)4d_2Pe                  5.080E-15  3.592E-15  2.540E-15  1.606E-15  1.136E-15
3d2(3F)4d_4Pe                  9.846E-15  6.961E-15  4.922E-15  3.113E-15  2.201E-15
3d2(3F)4d_e2Ge                 1.470E-14  1.039E-14  7.347E-15  4.647E-15  3.286E-15
3d2(3F)4d_e2He                 1.749E-14  1.236E-14  8.741E-15  5.528E-15  3.909E-15
3d2(3F)4d_2De                  7.958E-15  5.626E-15  3.978E-15  2.516E-15  1.779E-15
3d2(3F)4d_f4Fe                 2.187E-14  1.546E-14  1.093E-14  6.912E-15  4.888E-15
3d2(2D)sp_v2Do                 7.649E-15  5.408E-15  3.824E-15  2.418E-15  1.710E-15
3d2(3F)5p_v2Fo                 1.020E-14  7.214E-15  5.101E-15  3.226E-15  2.281E-15
3d2(1D)5s_2De                  7.246E-15  5.123E-15  3.622E-15  2.291E-15  1.620E-15
3d2(3F)5p_4Go                  2.527E-14  1.787E-14  1.263E-14  7.989E-15  5.649E-15
3d2(3F)5p_4Fo                  1.948E-14  1.377E-14  9.737E-15  6.158E-15  4.354E-15
3d2(3F)5p_4Do                  1.363E-14  9.634E-15  6.812E-15  4.308E-15  3.046E-15
3d2(3P)5s_4Pe                  8.089E-15  5.719E-15  4.044E-15  2.557E-15  1.808E-15
3d2(3F)5p_2Go                  1.199E-14  8.478E-15  5.995E-15  3.791E-15  2.681E-15
3d2(2D)sp_2Fo                  9.076E-15  6.416E-15  4.537E-15  2.869E-15  2.029E-15
3d2(3P)5s_2Pe                  3.899E-15  2.757E-15  1.949E-15  1.233E-15  8.717E-16
3d2(1D)4d_2Se                  1.304E-15  9.216E-16  6.517E-16  4.121E-16  2.914E-16
3d2(2D)sp_2Pbo                 3.863E-15  2.731E-15  1.931E-15  1.221E-15  8.637E-16
3d2(1D)4d_2Fe                  8.862E-15  6.265E-15  4.430E-15  2.802E-15  1.981E-15
3d2(1D)4d_2Pe                  3.768E-15  2.664E-15  1.884E-15  1.191E-15  8.424E-16
3d2(3F)5p_2Do                  6.251E-15  4.420E-15  3.125E-15  1.976E-15  1.397E-15
3d2(1D)4d_2Ge                  1.105E-14  7.815E-15  5.526E-15  3.495E-15  2.471E-15
3d2(1D)4d_2De                  5.914E-15  4.181E-15  2.957E-15  1.870E-15  1.322E-15
3d2(3P)4d_4Fe                  1.611E-14  1.139E-14  8.055E-15  5.094E-15  3.602E-15
3d2(3P)4d_4De                  1.149E-14  8.124E-15  5.744E-15  3.633E-15  2.569E-15
3d2(1G)5s_2Ge                  1.025E-14  7.249E-15  5.126E-15  3.242E-15  2.292E-15
3d2(3P)4d_2Fe                  7.689E-15  5.436E-15  3.844E-15  2.431E-15  1.719E-15
3d2(3P)4d_4Pe                  6.581E-15  4.653E-15  3.290E-15  2.081E-15  1.471E-15
3d2(3P)4d_2Pe                  3.253E-15  2.300E-15  1.626E-15  1.029E-15  7.273E-16
3d2(3P)4d_2De                  5.192E-15  3.671E-15  2.596E-15  1.642E-15  1.161E-15
3d2(1G)4d_2Ge                  8.767E-15  6.199E-15  4.383E-15  2.772E-15  1.960E-15
3d2(1D)5p_2Fo                  6.714E-15  4.747E-15  3.356E-15  2.123E-15  1.501E-15
3d2(1G)4d_2He                  1.047E-14  7.404E-15  5.235E-15  3.311E-15  2.341E-15
3d2(1G)4d_2Ie                  1.237E-14  8.743E-15  6.182E-15  3.910E-15  2.765E-15
3d2(1D)5p_2Po                  2.852E-15  2.016E-15  1.426E-15  9.018E-16  6.376E-16
3d2(1D)5p_2Do                  4.664E-15  3.297E-15  2.332E-15  1.475E-15  1.043E-15
3d2(3P)5p_2So                  9.169E-16  6.483E-16  4.584E-16  2.899E-16  2.050E-16
3d2(3P)5p_4So                  1.781E-15  1.259E-15  8.903E-16  5.631E-16  3.981E-16
3d2(3F)4f_4Ho                  1.938E-14  1.370E-14  9.688E-15  6.127E-15  4.333E-15
3d2(1G)4d_2Fe                  6.218E-15  4.396E-15  3.109E-15  1.966E-15  1.390E-15
3d2(3F)4f_2Go                  7.946E-15  5.618E-15  3.972E-15  2.512E-15  1.777E-15
3d2(3F)4f_4Go                  1.571E-14  1.111E-14  7.856E-15  4.969E-15  3.513E-15
3d2(3F)4f_4Io                  2.271E-14  1.606E-14  1.135E-14  7.181E-15  5.078E-15
3d2(3F)4f_4Fo                  1.224E-14  8.655E-15  6.120E-15  3.870E-15  2.737E-15
3d2(3F)4f_4Do                  4.321E-15  3.055E-15  2.160E-15  1.366E-15  9.660E-16
3d2(3F)4f_4Po                  5.243E-15  3.707E-15  2.621E-15  1.658E-15  1.172E-15
3d2(3P)5p_4Do                  5.229E-15  3.697E-15  2.614E-15  1.653E-15  1.169E-15
3d2(3F)4f_2Ho                  9.558E-15  6.758E-15  4.779E-15  3.022E-15  2.137E-15
3d2(3F)4f_2Fo                  6.084E-15  4.301E-15  3.041E-15  1.924E-15  1.360E-15
3d2(3F)4f_2Io                  1.124E-14  7.948E-15  5.620E-15  3.554E-15  2.513E-15
3d2(3F)4f_b4Do                 8.657E-15  6.121E-15  4.328E-15  2.737E-15  1.936E-15
3d2(3F)4f_2Do                  4.309E-15  3.046E-15  2.154E-15  1.362E-15  9.633E-16
3d2(3F)4f_4So                  1.715E-15  1.213E-15  8.575E-16  5.423E-16  3.835E-16
3d2(3F)4f_2Po                  2.566E-15  1.814E-15  1.283E-15  8.114E-16  5.738E-16
3d2(3P)5p_4Po                  5.017E-15  3.547E-15  2.508E-15  1.586E-15  1.122E-15
3d2(3F)6s_4Fe                  1.150E-14  8.134E-15  5.752E-15  3.638E-15  2.572E-15
3d2(3P)5p_2Do                  4.104E-15  2.902E-15  2.052E-15  1.298E-15  9.175E-16
3d2(1G)4d_2De                  4.084E-15  2.888E-15  2.042E-15  1.291E-15  9.131E-16
3d2(3F)6s_2Fe                  5.643E-15  3.990E-15  2.821E-15  1.784E-15  1.262E-15
3d2(3F)5d_4He                  1.666E-14  1.178E-14  8.329E-15  5.267E-15  3.725E-15
3d2(3F)5d_4Ge                  1.362E-14  9.631E-15  6.810E-15  4.307E-15  3.045E-15
3d2(3F)5d_4De                  7.540E-15  5.331E-15  3.770E-15  2.384E-15  1.686E-15
3d2(3P)5p_2Po                  2.280E-15  1.612E-15  1.140E-15  7.209E-16  5.097E-16
3d2(3F)5d_2Fe                  5.037E-15  3.561E-15  2.518E-15  1.593E-15  1.126E-15
3d2(1G)5p_2Go                  6.484E-15  4.584E-15  3.242E-15  2.050E-15  1.450E-15
3d2(3F)5d_2Pe                  2.102E-15  1.486E-15  1.051E-15  6.646E-16  4.699E-16
3d2(3F)5d_4Pe                  4.029E-15  2.849E-15  2.014E-15  1.274E-15  9.009E-16
3d2(1G)5p_2Ho                  7.453E-15  5.270E-15  3.726E-15  2.357E-15  1.666E-15
3d2(3F)5d_2De                  3.294E-15  2.329E-15  1.647E-15  1.042E-15  7.366E-16
3d2(3F)5d_2Ge                  5.924E-15  4.189E-15  2.962E-15  1.873E-15  1.325E-15
3d2(3F)5d_4Fe                  9.034E-15  6.387E-15  4.516E-15  2.856E-15  2.020E-15
3d2(1G)5p_2Fo                  4.484E-15  3.170E-15  2.242E-15  1.418E-15  1.003E-15
3d2(3F)6p_4Go                  1.129E-14  7.980E-15  5.643E-15  3.569E-15  2.523E-15
3d2(3F)6p_4Fo                  8.752E-15  6.188E-15  4.376E-15  2.767E-15  1.957E-15
3d2(3F)5d_2He                  6.928E-15  4.899E-15  3.464E-15  2.191E-15  1.549E-15
3d2(3F)6p_4Do                  6.164E-15  4.358E-15  3.082E-15  1.949E-15  1.378E-15
3d2(3F)6p_2Fo                  4.264E-15  3.015E-15  2.132E-15  1.348E-15  9.535E-16
3d2(3F)6p_2Go                  5.431E-15  3.840E-15  2.715E-15  1.717E-15  1.214E-15
3d2(3F)6p_2Do                  2.991E-15  2.115E-15  1.495E-15  9.458E-16  6.688E-16
3dp2(1D)_2Fe                   3.620E-15  2.559E-15  1.810E-15  1.145E-15  8.094E-16
3d2(1D)4f_2Po                  1.555E-15  1.099E-15  7.773E-16  4.916E-16  3.476E-16
3d2(1D)4f_2Ho                  5.678E-15  4.014E-15  2.839E-15  1.795E-15  1.269E-15
3d2(1D)4f_2Do                  2.566E-15  1.814E-15  1.283E-15  8.113E-16  5.737E-16
3d2(1D)4f_2Go                  4.594E-15  3.248E-15  2.297E-15  1.453E-15  1.027E-15
3d2(1D)4f_2Fo                  3.566E-15  2.522E-15  1.783E-15  1.128E-15  7.974E-16
3dp2(1D)_2De                   2.433E-15  1.721E-15  1.217E-15  7.694E-16  5.441E-16
3d2(1D)6s_2De                  2.276E-15  1.610E-15  1.138E-15  7.198E-16  5.090E-16
3d2(3F)5f_4Ho                  7.545E-15  5.335E-15  3.772E-15  2.386E-15  1.687E-15
3d2(3F)5g_4He                  4.865E-15  3.440E-15  2.432E-15  1.538E-15  1.088E-15
3d2(3F)5g_2He                  4.882E-15  3.452E-15  2.441E-15  1.544E-15  1.092E-15
3d2(3F)5g_4Ie                  1.154E-14  8.161E-15  5.771E-15  3.650E-15  2.581E-15
3d2(3F)5g_2Ie                  5.768E-15  4.078E-15  2.884E-15  1.824E-15  1.290E-15
3d2(3F)5f_4Go                  5.786E-15  4.091E-15  2.893E-15  1.829E-15  1.294E-15
3d2(3F)5f_4Io                  1.156E-14  8.175E-15  5.780E-15  3.656E-15  2.585E-15
3d2(3F)5g_4Fe                  6.234E-15  4.408E-15  3.117E-15  1.971E-15  1.394E-15
3d2(3F)5g_4Ge                  4.033E-15  2.852E-15  2.016E-15  1.275E-15  9.017E-16
3d2(3F)5g_4Ke                  1.330E-14  9.402E-15  6.648E-15  4.205E-15  2.973E-15
3d2(3F)5g_2Ke                  6.644E-15  4.698E-15  3.322E-15  2.101E-15  1.486E-15
3d2(3F)5g_2Pe                  1.339E-15  9.465E-16  6.693E-16  4.233E-16  2.993E-16
3d2(3F)5g_4Pe                  2.659E-15  1.880E-15  1.329E-15  8.408E-16  5.946E-16
3d2(3F)5f_4Ibo                 2.259E-15  1.598E-15  1.130E-15  7.145E-16  5.052E-16
3dp2(1D)_2Ge                   4.001E-15  2.829E-15  2.000E-15  1.265E-15  8.946E-16
3d2(3F)5f_4Fo                  4.015E-15  2.839E-15  2.008E-15  1.270E-15  8.978E-16
3d2(3F)5f_2Fo                  3.094E-15  2.187E-15  1.547E-15  9.782E-16  6.917E-16
3d2(3F)5f_4Do                  4.359E-15  3.082E-15  2.180E-15  1.378E-15  9.747E-16
3d2(3F)5f_4Po                  1.337E-15  9.452E-16  6.683E-16  4.227E-16  2.989E-16
3d2(3F)5f_2Go                  2.234E-15  1.580E-15  1.117E-15  7.065E-16  4.996E-16
3d2(3F)5g_4Ibe                 2.229E-15  1.576E-15  1.114E-15  7.048E-16  4.984E-16
3d2(3F)5g_4Hbe                 1.782E-15  1.260E-15  8.910E-16  5.635E-16  3.985E-16
3d2(3F)5g_4Gbe                 3.950E-15  2.793E-15  1.975E-15  1.249E-15  8.833E-16
3d2(3F)5g_4De                  4.398E-15  3.110E-15  2.199E-15  1.391E-15  9.833E-16
3d2(3F)5f_4Gbo                 1.780E-15  1.259E-15  8.901E-16  5.630E-16  3.981E-16
3d2(3F)5g_4Pbe                 1.334E-15  9.432E-16  6.669E-16  4.218E-16  2.983E-16
3d2(3F)5g_2De                  8.887E-16  6.284E-16  4.443E-16  2.810E-16  1.987E-16
3d2(3F)5f_2Fbo                 1.331E-15  9.414E-16  6.657E-16  4.210E-16  2.977E-16
3d2(3F)5f_2Ho                  4.814E-15  3.404E-15  2.407E-15  1.522E-15  1.076E-15
3d2(3F)5f_4Dbo                 4.434E-16  3.135E-16  2.217E-16  1.402E-16  9.913E-17
3d2(3F)5f_2Io                  5.671E-15  4.010E-15  2.836E-15  1.793E-15  1.268E-15
3d2(3F)5f_2Do                  2.172E-15  1.536E-15  1.086E-15  6.870E-16  4.857E-16
3d2(3P)4f_4Do                  4.370E-15  3.090E-15  2.185E-15  1.382E-15  9.772E-16
3d2(3P)4f_2Do                  2.191E-15  1.549E-15  1.095E-15  6.928E-16  4.899E-16
3d2(3F)5f_2Gbo                 2.190E-15  1.548E-15  1.095E-15  6.924E-16  4.896E-16
3d2(3P)4f_4Go                  7.819E-15  5.528E-15  3.909E-15  2.472E-15  1.748E-15
3d2(3F)5g_2Ge                  2.179E-15  1.541E-15  1.089E-15  6.889E-16  4.871E-16
3d2(3F)5g_2Fe                  1.742E-15  1.231E-15  8.708E-16  5.507E-16  3.894E-16
3d2(3F)5g_4Fbe                 3.917E-15  2.770E-15  1.958E-15  1.239E-15  8.758E-16
3d2(3P)4f_4Gbo                 2.168E-15  1.533E-15  1.084E-15  6.857E-16  4.849E-16
3dp2(3P)_2Pe                   1.289E-15  9.114E-16  6.444E-16  4.076E-16  2.882E-16
3d2(3P)4f_2Go                  3.860E-15  2.730E-15  1.930E-15  1.221E-15  8.631E-16
3d2(3F)5f_2Po                  1.289E-15  9.116E-16  6.446E-16  4.077E-16  2.883E-16
3d2(3F)5f_4Pbo                 8.611E-16  6.088E-16  4.305E-16  2.723E-16  1.925E-16
3d2(3F)7s_4Fe                  5.892E-15  4.166E-15  2.946E-15  1.863E-15  1.317E-15
3d2(3P)4f_4Fo                  5.904E-15  4.175E-15  2.952E-15  1.867E-15  1.320E-15
3d2(3F)7s_2Fe                  2.885E-15  2.040E-15  1.442E-15  9.121E-16  6.450E-16
3dp2(3P)_4Fe                   5.647E-15  3.993E-15  2.823E-15  1.786E-15  1.263E-15
3d2(1D)5d_2Se                  4.163E-16  2.943E-16  2.081E-16  1.316E-16  9.308E-17
3d2(3P)4f_2Fo                  2.907E-15  2.056E-15  1.454E-15  9.193E-16  6.500E-16
3d2(1D)5d_2Ge                  3.633E-15  2.569E-15  1.816E-15  1.149E-15  8.123E-16
3d2(3F)6d_2Pe                  4.022E-16  2.844E-16  2.011E-16  1.272E-16  8.994E-17
3d2(1D)5d_2De                  8.044E-16  5.688E-16  4.022E-16  2.544E-16  1.799E-16
3d2(3F)6d_4Ge                  7.048E-15  4.983E-15  3.524E-15  2.229E-15  1.576E-15
3d2(3F)6d_4He                  8.616E-15  6.092E-15  4.308E-15  2.725E-15  1.927E-15
3d2(3F)6d_4Pe                  1.196E-15  8.456E-16  5.979E-16  3.782E-16  2.674E-16
3d2(3F)6d_4Gbe                 1.197E-15  8.464E-16  5.985E-16  3.785E-16  2.676E-16
3d2(3F)6d_4De                  3.912E-15  2.766E-15  1.956E-15  1.237E-15  8.748E-16
3d2(1D)5d_2Fe                  2.757E-15  1.949E-15  1.378E-15  8.718E-16  6.164E-16
3d2(3P)6s_4Pe                  2.334E-15  1.651E-15  1.167E-15  7.382E-16  5.220E-16
3d2(3F)6d_4Dbe                 1.947E-15  1.377E-15  9.735E-16  6.157E-16  4.354E-16
3d2(3F)6d_2Fe                  2.704E-15  1.912E-15  1.352E-15  8.550E-16  6.046E-16
3d2(3P)6s_2Pe                  1.145E-15  8.094E-16  5.723E-16  3.620E-16  2.560E-16
3d2(3F)6d_2He                  3.912E-15  2.766E-15  1.956E-15  1.237E-15  8.748E-16
3d2(1S)5s_2Se                  3.594E-16  2.541E-16  1.797E-16  1.136E-16  8.035E-17
3d2(3P)6s_2Pbe                 7.135E-16  5.045E-16  3.567E-16  2.256E-16  1.595E-16
3d2(1D)5d_2Pe                  3.542E-16  2.505E-16  1.771E-16  1.120E-16  7.920E-17
3dp2(3P)_4Pe                   1.763E-15  1.247E-15  8.816E-16  5.576E-16  3.943E-16
3d2(1S)5s_2Sbe                 3.536E-16  2.500E-16  1.768E-16  1.118E-16  7.906E-17
3d2(3P)5d_4De                  3.466E-15  2.451E-15  1.733E-15  1.096E-15  7.751E-16
3d2(3F)6d_4Fe                  3.058E-15  2.162E-15  1.529E-15  9.669E-16  6.837E-16
3d2(3F)7p_4Go                  6.001E-15  4.243E-15  3.000E-15  1.898E-15  1.342E-15
3d2(3F)7p_4Fo                  4.661E-15  3.295E-15  2.330E-15  1.474E-15  1.042E-15
3d2(3F)6d_2Ge                  3.034E-15  2.145E-15  1.517E-15  9.594E-16  6.784E-16
3d2(3F)7p_4Do                  3.288E-15  2.325E-15  1.644E-15  1.040E-15  7.351E-16
3d2(3F)6d_2De                  1.654E-15  1.169E-15  8.269E-16  5.229E-16  3.698E-16
3d2(3F)7p_2Fo                  2.292E-15  1.621E-15  1.146E-15  7.248E-16  5.125E-16
3d2(3P)5d_4Fe                  4.412E-15  3.120E-15  2.206E-15  1.395E-15  9.865E-16
3d2(3F)7p_2Do                  1.615E-15  1.142E-15  8.074E-16  5.106E-16  3.611E-16
3d2(3F)7p_2Go                  2.905E-15  2.054E-15  1.453E-15  9.187E-16  6.496E-16
3d2(3P)5d_2Pe                  9.664E-16  6.834E-16  4.832E-16  3.056E-16  2.161E-16
3dp2(1D)_2Se                   3.160E-16  2.234E-16  1.580E-16  9.991E-17  7.065E-17
3d2(1D)6p_2Po                  9.275E-16  6.558E-16  4.637E-16  2.933E-16  2.074E-16
3d2(1G)4f_2Ho                  3.396E-15  2.401E-15  1.698E-15  1.074E-15  7.593E-16
3d2(1D)6p_2Fo                  2.153E-15  1.522E-15  1.077E-15  6.808E-16  4.814E-16
3d2(1G)4f_2Io                  3.979E-15  2.813E-15  1.989E-15  1.258E-15  8.897E-16
3d2(1G)4f_2Go                  2.744E-15  1.940E-15  1.372E-15  8.676E-16  6.135E-16
3d2(1D)6p_2Do                  1.510E-15  1.068E-15  7.552E-16  4.776E-16  3.377E-16
3d2(3P)5d_4Fbe                 1.506E-15  1.065E-15  7.527E-16  4.761E-16  3.366E-16
3d2(1G)4f_2Fo                  2.086E-15  1.475E-15  1.043E-15  6.597E-16  4.665E-16
3d2(1G)4f_2Ko                  4.410E-15  3.119E-15  2.205E-15  1.395E-15  9.862E-16
3d2(1G)4f_2Do                  1.452E-15  1.027E-15  7.259E-16  4.591E-16  3.247E-16
3d2(3P)5d_2Fe                  2.021E-15  1.429E-15  1.010E-15  6.389E-16  4.518E-16
3dp2(3P)_4De                   2.807E-15  1.985E-15  1.404E-15  8.877E-16  6.277E-16
3d2(1G)4f_2Po                  8.513E-16  6.020E-16  4.257E-16  2.692E-16  1.904E-16
3d2(3P)5d_2Pbe                 2.807E-16  1.985E-16  1.404E-16  8.877E-17  6.277E-17
3d2(3P)5d_2De                  1.390E-15  9.828E-16  6.950E-16  4.395E-16  3.108E-16
3d4s(3D)5s_4De                 2.701E-15  1.910E-15  1.350E-15  8.541E-16  6.040E-16
3d2(3P)5d_2Dbe                 5.482E-16  3.876E-16  2.741E-16  1.733E-16  1.226E-16
3d2(3P)5d_4Pe                  1.611E-15  1.139E-15  8.053E-16  5.093E-16  3.601E-16
3dp2(3P)_2Fe                   1.850E-15  1.308E-15  9.248E-16  5.849E-16  4.136E-16
3d2(3F)6g_4He                  2.799E-15  1.979E-15  1.400E-15  8.852E-16  6.259E-16
3d2(3F)6g_4Ge                  3.654E-15  2.584E-15  1.827E-15  1.156E-15  8.171E-16
3d2(3F)6g_4Ie                  6.654E-15  4.705E-15  3.327E-15  2.104E-15  1.488E-15
3d2(3F)6g_2Ie                  3.325E-15  2.351E-15  1.662E-15  1.051E-15  7.434E-16
3d2(3F)6g_4Fe                  2.855E-15  2.019E-15  1.428E-15  9.029E-16  6.384E-16
3d2(3F)6g_4Ke                  7.670E-15  5.423E-15  3.835E-15  2.425E-15  1.715E-15
3d2(3F)6g_2Ke                  3.831E-15  2.709E-15  1.915E-15  1.211E-15  8.566E-16
3d2(3F)6g_2Pe                  7.750E-16  5.480E-16  3.875E-16  2.451E-16  1.733E-16
3d2(3F)6g_4Pe                  1.552E-15  1.097E-15  7.758E-16  4.906E-16  3.469E-16
3d2(1G)6s_2Ge                  2.341E-15  1.655E-15  1.170E-15  7.401E-16  5.234E-16
3d2(3F)6f_4Ho                  5.533E-15  3.912E-15  2.766E-15  1.750E-15  1.237E-15
3d2(3F)6f_4Io                  6.562E-15  4.640E-15  3.281E-15  2.075E-15  1.467E-15
3d2(3F)6f_2Go                  2.255E-15  1.594E-15  1.127E-15  7.130E-16  5.041E-16
3d2(3F)6f_2Ho                  2.748E-15  1.943E-15  1.374E-15  8.689E-16  6.144E-16
3d2(3F)6f_4Go                  3.245E-15  2.294E-15  1.622E-15  1.026E-15  7.255E-16
3d2(3F)6f_4Do                  1.500E-15  1.061E-15  7.501E-16  4.744E-16  3.354E-16
3d2(3F)6g_4Ibe                 1.287E-15  9.100E-16  6.434E-16  4.069E-16  2.878E-16
3d2(3F)6g_4De                  2.530E-15  1.789E-15  1.265E-15  8.001E-16  5.657E-16
3d2(3F)6g_4Hbe                 1.029E-15  7.276E-16  5.145E-16  3.254E-16  2.301E-16
3d2(3F)6g_4Gbe                 3.513E-15  2.484E-15  1.756E-15  1.111E-15  7.855E-16
3d2(3F)6f_2Fo                  1.743E-15  1.233E-15  8.717E-16  5.513E-16  3.898E-16
3d2(3F)6g_4Pbe                 7.706E-16  5.449E-16  3.853E-16  2.437E-16  1.723E-16
3d2(3F)6f_2Do                  1.238E-15  8.752E-16  6.189E-16  3.914E-16  2.768E-16
3d2(3P)6p_2So                  2.543E-16  1.798E-16  1.272E-16  8.043E-17  5.687E-17
3d2(3F)6f_2Gbo                 1.009E-15  7.137E-16  5.046E-16  3.192E-16  2.257E-16
3d2(3F)6h_4Io                  3.158E-15  2.233E-15  1.579E-15  9.986E-16  7.061E-16
3d2(3F)6h_4Ho                  4.236E-15  2.996E-15  2.118E-15  1.340E-15  9.473E-16
3d2(3F)6h_4Ko                  7.328E-15  5.182E-15  3.664E-15  2.317E-15  1.639E-15
3d2(3F)6h_2Ko                  3.661E-15  2.588E-15  1.830E-15  1.158E-15  8.185E-16
3d2(3F)6h_4Go                  4.416E-15  3.122E-15  2.208E-15  1.396E-15  9.874E-16
3d2(3F)6h_2Lo                  4.146E-15  2.932E-15  2.073E-15  1.311E-15  9.270E-16
3d2(3F)6h_4Lo                  8.301E-15  5.869E-15  4.150E-15  2.625E-15  1.856E-15
3d2(3F)6h_2Do                  7.545E-16  5.335E-16  3.773E-16  2.386E-16  1.687E-16
3d2(3F)6h_4Do                  2.452E-15  1.734E-15  1.226E-15  7.754E-16  5.483E-16
3d2(3F)6f_2Hbo                 1.257E-15  8.886E-16  6.283E-16  3.974E-16  2.810E-16
3d2(3F)6f_4Dbo                 7.536E-16  5.329E-16  3.768E-16  2.383E-16  1.685E-16
3d2(3F)8s_4Fe                  3.412E-15  2.412E-15  1.706E-15  1.079E-15  7.629E-16
3d2(3F)6f_2Io                  3.200E-15  2.263E-15  1.600E-15  1.012E-15  7.156E-16
3d2(3F)6f_2Fbo                 7.527E-16  5.323E-16  3.764E-16  2.380E-16  1.683E-16
3d2(3F)6f_4Fo                  2.943E-15  2.081E-15  1.471E-15  9.305E-16  6.580E-16
3d2(3F)6f_2Po                  5.008E-16  3.541E-16  2.504E-16  1.584E-16  1.120E-16
3d2(3F)6f_4Po                  2.503E-16  1.770E-16  1.251E-16  7.915E-17  5.597E-17
3d2(3F)6g_2He                  1.495E-15  1.057E-15  7.475E-16  4.727E-16  3.343E-16
3d2(3F)6g_4Fbe                 2.241E-15  1.585E-15  1.121E-15  7.087E-16  5.011E-16
3d2(3F)6g_2Fe                  9.956E-16  7.040E-16  4.978E-16  3.148E-16  2.226E-16
3d2(3F)6g_2De                  1.243E-15  8.789E-16  6.214E-16  3.930E-16  2.779E-16
3d2(3P)6p_4So                  4.962E-16  3.509E-16  2.481E-16  1.569E-16  1.110E-16
3d2(3P)6p_4Do                  2.434E-15  1.721E-15  1.217E-15  7.696E-16  5.442E-16
3d2(3F)6h_4Kbo                 1.473E-15  1.042E-15  7.365E-16  4.658E-16  3.294E-16
3d2(3F)6h_4Ibo                 1.227E-15  8.679E-16  6.137E-16  3.881E-16  2.744E-16
3d2(3F)6h_4Fo                  3.377E-15  2.388E-15  1.688E-15  1.068E-15  7.551E-16
3d2(3F)6h_4Hbo                 2.643E-15  1.869E-15  1.322E-15  8.358E-16  5.910E-16
3d2(3F)6h_4Dbo                 1.692E-15  1.196E-15  8.460E-16  5.351E-16  3.784E-16
3d2(3F)6f_2So                  2.425E-16  1.715E-16  1.212E-16  7.668E-17  5.422E-17
3d2(3F)8s_2Fe                  1.662E-15  1.175E-15  8.309E-16  5.255E-16  3.716E-16
3d2(3F)6f_2Pbo                 4.841E-16  3.423E-16  2.420E-16  1.531E-16  1.082E-16
3d2(3F)6f_4So                  4.825E-16  3.412E-16  2.413E-16  1.526E-16  1.079E-16
3d2(3P)6p_4Po                  1.415E-15  1.000E-15  7.074E-16  4.474E-16  3.163E-16
3d2(3F)7d_2De                  4.753E-16  3.361E-16  2.377E-16  1.503E-16  1.063E-16
3d2(3F)6h_2Ho                  1.424E-15  1.007E-15  7.122E-16  4.504E-16  3.185E-16
3d2(3F)6h_2Io                  1.662E-15  1.175E-15  8.309E-16  5.255E-16  3.716E-16
3d2(3F)6h_2Go                  1.187E-15  8.391E-16  5.933E-16  3.752E-16  2.653E-16
3d2(3F)6h_4Gbo                 2.610E-15  1.846E-15  1.305E-15  8.254E-16  5.836E-16
3d2(3F)6h_4Fbo                 4.741E-16  3.352E-16  2.370E-16  1.499E-16  1.060E-16
3d2(3F)7d_4Ge                  4.109E-15  2.905E-15  2.054E-15  1.299E-15  9.187E-16
3d2(3F)7d_4He                  5.031E-15  3.557E-15  2.515E-15  1.591E-15  1.125E-15
3d2(3F)7d_4Gbe                 7.043E-16  4.980E-16  3.521E-16  2.227E-16  1.575E-16
3d2(3F)7d_4De                  2.278E-15  1.611E-15  1.139E-15  7.204E-16  5.094E-16
3d2(3P)6p_2Do                  1.157E-15  8.182E-16  5.785E-16  3.659E-16  2.587E-16
3d2(3F)7d_2Fe                  1.602E-15  1.133E-15  8.008E-16  5.065E-16  3.581E-16
3d2(3F)7d_2He                  2.468E-15  1.745E-15  1.234E-15  7.805E-16  5.519E-16
3d2(3F)7d_2Fbe                 8.851E-16  6.259E-16  4.426E-16  2.799E-16  1.979E-16
3d2(3F)7d_2Ge                  1.106E-15  7.821E-16  5.531E-16  3.498E-16  2.473E-16
3d2(3P)6p_2Po                  6.563E-16  4.640E-16  3.281E-16  2.075E-16  1.467E-16
3d2(3F)7d_2Pe                  6.370E-16  4.504E-16  3.185E-16  2.014E-16  1.424E-16
3d4s(3D)4d_4De                 2.086E-15  1.475E-15  1.043E-15  6.598E-16  4.665E-16
3d2(1G)5d_2Ie                  2.698E-15  1.908E-15  1.349E-15  8.532E-16  6.033E-16
3d2(3F)8p_4Go                  3.543E-15  2.505E-15  1.772E-15  1.120E-15  7.922E-16
3d2(3F)8p_4Fo                  2.751E-15  1.945E-15  1.376E-15  8.700E-16  6.152E-16
3d2(3F)7d_4Fe                  2.757E-15  1.949E-15  1.378E-15  8.717E-16  6.164E-16
3d4s(3D)4d_4Ge                 3.518E-15  2.487E-15  1.759E-15  1.112E-15  7.866E-16
3d2(3F)8p_4Do                  1.938E-15  1.371E-15  9.692E-16  6.130E-16  4.334E-16
3d2(3F)7d_2Dbe                 4.004E-16  2.831E-16  2.002E-16  1.266E-16  8.952E-17
3d2(3F)7d_4Fbe                 5.973E-16  4.224E-16  2.987E-16  1.889E-16  1.336E-16
3d2(3F)7d_4Pe                  1.165E-15  8.238E-16  5.825E-16  3.684E-16  2.605E-16
3d2(3F)8p_2Fo                  1.345E-15  9.510E-16  6.724E-16  4.253E-16  3.007E-16
3d2(3F)8p_2Go                  1.713E-15  1.211E-15  8.566E-16  5.417E-16  3.831E-16
3d2(3F)8p_2Do                  9.437E-16  6.673E-16  4.718E-16  2.984E-16  2.110E-16
3d4s(3D)5s_2De                 3.824E-16  2.704E-16  1.912E-16  1.209E-16  8.550E-17
3d2(3F)7d_4Pbe                 5.710E-16  4.038E-16  2.855E-16  1.806E-16  1.277E-16
3d2(1G)5d_2Ge                  1.654E-15  1.169E-15  8.268E-16  5.229E-16  3.698E-16
3dp2(3P)_2De                   8.952E-16  6.330E-16  4.476E-16  2.831E-16  2.002E-16
3d2(1D)5f_2Po                  5.165E-16  3.652E-16  2.582E-16  1.633E-16  1.155E-16
3d2(1D)5f_2Ho                  1.886E-15  1.334E-15  9.430E-16  5.964E-16  4.217E-16
3d2(1D)5f_2Do                  8.493E-16  6.005E-16  4.246E-16  2.686E-16  1.899E-16
3d2(1D)5f_2Go                  1.526E-15  1.079E-15  7.629E-16  4.825E-16  3.412E-16
3d2(1G)5d_2He                  1.835E-15  1.297E-15  9.173E-16  5.802E-16  4.102E-16
3d2(1D)5f_2Fo                  1.181E-15  8.349E-16  5.904E-16  3.734E-16  2.640E-16
3d2(3F)7g_4He                  2.583E-15  1.827E-15  1.292E-15  8.169E-16  5.776E-16
3d2(3F)7g_4Ie                  4.168E-15  2.947E-15  2.084E-15  1.318E-15  9.319E-16
3d2(3F)7g_2Ie                  2.081E-15  1.472E-15  1.041E-15  6.582E-16  4.654E-16
3d2(3F)7g_4Ge                  2.240E-15  1.584E-15  1.120E-15  7.084E-16  5.009E-16
3d2(3F)7g_4Fe                  9.898E-16  6.999E-16  4.949E-16  3.130E-16  2.213E-16
3d2(3F)7g_4Ke                  4.805E-15  3.398E-15  2.403E-15  1.520E-15  1.074E-15
3d2(3F)7g_2Ke                  2.399E-15  1.697E-15  1.200E-15  7.588E-16  5.365E-16
3d2(3F)7g_2Pe                  3.333E-16  2.356E-16  1.666E-16  1.054E-16  7.452E-17
3d2(3F)7g_4Pe                  9.757E-16  6.899E-16  4.879E-16  3.085E-16  2.182E-16
3d4s(3D)4d_4Se                 3.324E-16  2.350E-16  1.662E-16  1.051E-16  7.432E-17
3d2(3F)7i_4Ke                  2.374E-15  1.678E-15  1.187E-15  7.506E-16  5.308E-16
3d2(3F)7i_4Ie                  4.191E-15  2.963E-15  2.095E-15  1.325E-15  9.371E-16
3d2(3F)7i_4Le                  5.417E-15  3.830E-15  2.708E-15  1.713E-15  1.211E-15
3d2(3F)7i_2Le                  2.705E-15  1.913E-15  1.352E-15  8.553E-16  6.048E-16
3d2(3F)7i_4He                  3.523E-15  2.491E-15  1.762E-15  1.114E-15  7.878E-16
3d2(3F)7i_4Me                  6.054E-15  4.281E-15  3.027E-15  1.914E-15  1.354E-15
3d2(3F)7i_2Me                  3.022E-15  2.137E-15  1.511E-15  9.557E-16  6.758E-16
3d2(3F)7i_4Fe                  1.775E-15  1.255E-15  8.876E-16  5.614E-16  3.970E-16
3d2(3F)7i_2Fe                  1.122E-15  7.933E-16  5.610E-16  3.548E-16  2.509E-16
3d2(1G)5d_2Fe                  1.153E-15  8.150E-16  5.763E-16  3.645E-16  2.577E-16
3d2(1D)5g_2De                  8.089E-16  5.720E-16  4.044E-16  2.558E-16  1.809E-16
3d2(1D)5g_2Ie                  2.100E-15  1.485E-15  1.050E-15  6.640E-16  4.695E-16
3d2(3F)7g_4Hbe                 1.453E-15  1.028E-15  7.266E-16  4.595E-16  3.249E-16
3d2(3F)7f_4Ho                  3.401E-15  2.405E-15  1.701E-15  1.076E-15  7.606E-16
3d2(1D)5g_2Fe                  1.130E-15  7.988E-16  5.648E-16  3.572E-16  2.526E-16
3d2(3F)7g_2He                  1.734E-15  1.226E-15  8.669E-16  5.483E-16  3.877E-16
3d2(3F)7g_4Pbe                 7.916E-16  5.598E-16  3.958E-16  2.503E-16  1.770E-16
3d2(3F)7f_4Io                  4.045E-15  2.860E-15  2.022E-15  1.279E-15  9.044E-16
3d2(3F)7g_4Gbe                 1.409E-15  9.965E-16  7.046E-16  4.456E-16  3.151E-16
3d2(3F)7g_4De                  1.267E-15  8.961E-16  6.337E-16  4.008E-16  2.834E-16
3d2(3F)7f_2Go                  1.386E-15  9.802E-16  6.931E-16  4.384E-16  3.100E-16
3d2(1D)5g_2Ge                  1.445E-15  1.022E-15  7.226E-16  4.570E-16  3.232E-16
3d2(3F)7f_2Ho                  1.689E-15  1.194E-15  8.445E-16  5.341E-16  3.777E-16
3d2(1D)5g_2He                  1.765E-15  1.248E-15  8.827E-16  5.583E-16  3.948E-16
3d2(3F)7f_4Go                  1.993E-15  1.409E-15  9.964E-16  6.302E-16  4.456E-16
3d2(3F)7i_4Lbe                 1.122E-15  7.934E-16  5.610E-16  3.548E-16  2.509E-16
3d2(3F)7i_4Kbe                 9.618E-16  6.801E-16  4.809E-16  3.041E-16  2.151E-16
3d2(3F)7i_4Ibe                 2.027E-15  1.434E-15  1.014E-15  6.411E-16  4.533E-16
3d2(3F)7i_4Ge                  2.208E-15  1.561E-15  1.104E-15  6.982E-16  4.937E-16
3d2(3F)7i_4Fbe                 1.414E-15  9.996E-16  7.068E-16  4.470E-16  3.161E-16
3d2(3F)7f_4Do                  1.516E-15  1.072E-15  7.578E-16  4.793E-16  3.389E-16
3d2(3F)7f_2Fo                  1.072E-15  7.583E-16  5.362E-16  3.391E-16  2.398E-16
3d2(3F)9s_4Fe                  2.150E-15  1.520E-15  1.075E-15  6.799E-16  4.807E-16
3d2(3F)7f_2Do                  7.605E-16  5.378E-16  3.803E-16  2.405E-16  1.701E-16
3d2(3F)7h_4Io                  1.946E-15  1.376E-15  9.728E-16  6.153E-16  4.351E-16
3d2(3F)7h_4Ho                  2.636E-15  1.864E-15  1.318E-15  8.334E-16  5.893E-16
3d2(3F)7h_4Ko                  4.525E-15  3.200E-15  2.262E-15  1.431E-15  1.012E-15
3d2(3F)7h_2Ko                  2.260E-15  1.598E-15  1.130E-15  7.146E-16  5.053E-16
3d2(3F)7h_4Go                  2.732E-15  1.931E-15  1.366E-15  8.638E-16  6.108E-16
3d2(3F)7h_4Lo                  5.127E-15  3.625E-15  2.563E-15  1.621E-15  1.146E-15
3d2(3F)7h_2Lo                  2.560E-15  1.810E-15  1.280E-15  8.094E-16  5.724E-16
3d2(3F)7h_2Do                  4.713E-16  3.333E-16  2.357E-16  1.490E-16  1.054E-16
3d2(3F)7h_4Do                  1.517E-15  1.073E-15  7.587E-16  4.798E-16  3.393E-16
3d2(3F)7f_2Gbo                 6.222E-16  4.399E-16  3.111E-16  1.967E-16  1.391E-16
3d2(3F)7f_4Dbo                 1.549E-16  1.095E-16  7.744E-17  4.898E-17  3.463E-17
3d2(3F)7f_2Hbo                 7.744E-16  5.476E-16  3.872E-16  2.449E-16  1.732E-16
3d2(3F)7f_2Io                  1.961E-15  1.386E-15  9.803E-16  6.200E-16  4.384E-16
3d2(3F)7f_2Fbo                 4.642E-16  3.282E-16  2.321E-16  1.468E-16  1.038E-16
3d2(3F)7f_4Fo                  1.514E-15  1.070E-15  7.568E-16  4.787E-16  3.385E-16
3d2(3F)7g_2Ge                  7.722E-16  5.460E-16  3.861E-16  2.442E-16  1.727E-16
3d2(3F)7g_2Fe                  6.174E-16  4.366E-16  3.087E-16  1.952E-16  1.381E-16
3d2(3F)7g_2De                  7.713E-16  5.454E-16  3.856E-16  2.439E-16  1.725E-16
3d2(3F)7f_4Po                  4.491E-16  3.175E-16  2.245E-16  1.420E-16  1.004E-16
3d2(3F)7f_2Dbo                 3.082E-16  2.179E-16  1.541E-16  9.745E-17  6.891E-17
3d2(3F)7g_4Dbe                 1.540E-16  1.089E-16  7.699E-17  4.869E-17  3.443E-17
3d2(3F)9s_4Fbe                 6.147E-16  4.347E-16  3.074E-16  1.944E-16  1.375E-16
3d2(3F)7i_2Ie                  1.073E-15  7.586E-16  5.364E-16  3.393E-16  2.399E-16
3d2(3F)7i_2Ke                  1.226E-15  8.670E-16  6.131E-16  3.877E-16  2.742E-16
3d2(3F)7i_4Hbe                 2.605E-15  1.842E-15  1.302E-15  8.237E-16  5.825E-16
3d2(3F)7i_4Gbe                 4.595E-16  3.249E-16  2.297E-16  1.453E-16  1.027E-16
3d2(3F)9s_2Fe                  1.043E-15  7.373E-16  5.214E-16  3.297E-16  2.332E-16
3d2(1D)7s_2De                  7.598E-16  5.372E-16  3.799E-16  2.403E-16  1.699E-16
3d2(3F)7h_4Kbo                 9.113E-16  6.443E-16  4.556E-16  2.882E-16  2.038E-16
3d2(3F)7h_4Ibo                 7.593E-16  5.369E-16  3.796E-16  2.401E-16  1.698E-16
3d2(3F)7h_4Fo                  2.076E-15  1.468E-15  1.038E-15  6.565E-16  4.642E-16
3d2(3F)7h_4Hbo                 1.622E-15  1.147E-15  8.109E-16  5.129E-16  3.627E-16
3d2(3F)7h_4Dbo                 1.041E-15  7.362E-16  5.206E-16  3.293E-16  2.328E-16
3d2(3F)8d_4He                  3.163E-15  2.237E-15  1.582E-15  1.000E-15  7.074E-16
3d2(3F)8d_4Ge                  2.584E-15  1.827E-15  1.292E-15  8.171E-16  5.778E-16
3d2(3F)8d_4De                  1.445E-15  1.021E-15  7.222E-16  4.568E-16  3.230E-16
3d2(3F)7f_2So                  1.475E-16  1.043E-16  7.376E-17  4.665E-17  3.299E-17
3d2(3F)7f_2Po                  2.939E-16  2.078E-16  1.470E-16  9.295E-17  6.573E-17
3d2(3F)8d_2Pe                  4.245E-16  3.001E-16  2.122E-16  1.342E-16  9.491E-17
3d2(3F)7h_2Ho                  8.699E-16  6.151E-16  4.349E-16  2.751E-16  1.945E-16
3d2(3F)7h_2Io                  1.015E-15  7.176E-16  5.074E-16  3.209E-16  2.269E-16
3d2(3F)7h_2Go                  7.247E-16  5.124E-16  3.623E-16  2.292E-16  1.620E-16
3d2(3F)7h_4Gbo                 1.594E-15  1.127E-15  7.970E-16  5.041E-16  3.564E-16
3d2(3F)7h_4Fbo                 2.896E-16  2.047E-16  1.448E-16  9.156E-17  6.474E-17
3d2(3F)8d_2De                  7.075E-16  5.003E-16  3.538E-16  2.237E-16  1.582E-16
3d2(3F)8d_4Dbe                 4.304E-16  3.044E-16  2.152E-16  1.361E-16  9.624E-17
3d2(3F)8d_2Fe                  5.718E-16  4.043E-16  2.859E-16  1.808E-16  1.278E-16
3d2(1G)6p_2Go                  1.283E-15  9.074E-16  6.417E-16  4.058E-16  2.870E-16
3d2(3F)8d_2Fbe                 5.494E-16  3.884E-16  2.747E-16  1.737E-16  1.228E-16
3d2(3F)8d_4Pe                  7.905E-16  5.590E-16  3.952E-16  2.500E-16  1.768E-16
3d2(3F)8d_2Ge                  6.814E-16  4.818E-16  3.407E-16  2.155E-16  1.524E-16
3d2(1G)6p_2Ho                  1.465E-15  1.036E-15  7.323E-16  4.632E-16  3.275E-16
3d2(3F)8d_4Fe                  1.161E-15  8.209E-16  5.805E-16  3.671E-16  2.596E-16
3d2(1D)6d_2Se                  1.318E-16  9.318E-17  6.589E-17  4.167E-17  2.947E-17
3d2(3F)9p_4Go                  9.096E-16  6.432E-16  4.548E-16  2.876E-16  2.034E-16
3d2(3F)9p_4Fo                  1.151E-15  8.140E-16  5.756E-16  3.640E-16  2.574E-16
3d2(3F)9p_4Do                  3.873E-16  2.739E-16  1.936E-16  1.225E-16  8.660E-17
3d2(1G)6p_2Fo                  8.896E-16  6.291E-16  4.448E-16  2.813E-16  1.989E-16
Total Recom. Rate=             2.770E-12  1.958E-12  1.384E-12  8.754E-13  6.190E-13
