********************************************************************************

                 Super level assignments for KIV
                 E%LS option with /\E=5.0%

                         g        E(cm^-1)    10^15 Hz     eV       Lam(A)
********************************************************************************

13-Feb-2001                            !Date
612                                    !Number of energy levels
6                                      !Entry number of link to super level
  
3p4_3Pe[2]               5.0          0.0000    14.7288   2.035E+02     1     0      1
3p4_3Pe[1]               3.0       1671.4000    14.6787   2.042E+02     1     0      2
3p4_3Pe[0]               1.0       2321.2000    14.6592   2.045E+02     1     0      3
3p4_1De[2]               5.0      16384.1000    14.2376   2.106E+02     2     0      4
3p4_1Se[0]               1.0      38546.3000    13.5732   2.209E+02     3     0      5
3s_3p5_3Po[2]            5.0     134181.8000    10.7061   2.800E+02     4     0      6
3s_3p5_3Po[1]            3.0     135658.3000    10.6619   2.812E+02     4     0      7
3s_3p5_3Po[0]            1.0     136453.0000    10.6380   2.818E+02     4     0      8
3s_3p5_1Po[1]            3.0     171139.5000     9.5982   3.123E+02     5     0      9
3p3(4So)3d_5Do          25.0     187721.3760     9.1011   3.294E+02     6     0     10
3p3(4So)3d_3Do[3]        7.0     189952.0000     9.0342   3.318E+02     7     0     11
3p3(4So)3d_3Do[2]        5.0     191203.0000     8.9967   3.332E+02     7     0     12
3p3(4So)3d_3Do[1]        3.0     191400.0000     8.9908   3.334E+02     7     0     13
3p3(2Do)3d_3Do          15.0     198439.4560     8.7797   3.415E+02     7     0     14
3p3(2Do)3d_1So           1.0     201846.8160     8.6776   3.455E+02     8     0     15
3p3(2Po)3d_3Fo          21.0     203239.4560     8.6358   3.471E+02     9     0     16
3p3(2Do)3d_3Go          27.0     212566.8160     8.3562   3.588E+02     9     0     17
3p3(2Do)3d_1Go           9.0     216311.4560     8.2439   3.637E+02    10     0     18
3p3(2Do)3d_1Do[2]        5.0     216387.0000     8.2417   3.638E+02    10     0     19
3p3(2Do)3d_3Fo          21.0     224802.3360     7.9894   3.752E+02    11     0     20
3p3(2Do)3d_3Po[2]        5.0     225445.0000     7.9701   3.761E+02    11     0     21
3p3(2Do)3d_3Po[1]        3.0     226082.0000     7.9510   3.770E+02    11     0     22
3p3(2Do)3d_3Po[0]        1.0     227650.0000     7.9040   3.793E+02    11     0     23
3p3(2Do)3d_1Fo[3]        7.0     242475.0000     7.4596   4.019E+02    12     0     24
3p3(2Do)3d_3So[1]        3.0     249867.0000     7.2380   4.142E+02    13     0     25
3p3(2Po)3d_3Po[2]        5.0     256032.0000     7.0532   4.250E+02    13     0     26
3p3(2Po)3d_3Po[1]        3.0     257122.0000     7.0205   4.270E+02    13     0     27
3p3(2Po)3d_3Po[0]        1.0     257809.0000     6.9999   4.283E+02    13     0     28
3p3(2Do)3d_1Po[1]        3.0     260910.0000     6.9069   4.340E+02    14     0     29
3p3(2Po)3d_3Do[3]        7.0     261623.0000     6.8855   4.354E+02    15     0     30
3p3(2Po)3d_3Do[2]        5.0     262829.0000     6.8494   4.377E+02    15     0     31
3p3(2Po)3d_3Do[1]        3.0     263658.0000     6.8245   4.393E+02    15     0     32
3p6_1Se                  1.0     272313.3760     6.5651   4.566E+02    16     0     33
3p3(2Po)3d_1Do[2]        5.0     273398.0000     6.5325   4.589E+02    14     0     34
3s_3p4(4Pe)3d_5De       25.0     275309.2160     6.4752   4.630E+02    17     0     35
3p3(4So)4s_5So           5.0     276970.6560     6.4254   4.666E+02    18     0     36
3p3(2Do)4s_3Do[1]        3.0     277792.0000     6.4008   4.684E+02    19     0     37
3p3(2Do)4s_3Do[2]        5.0     277850.0000     6.3991   4.685E+02    19     0     38
3p3(2Do)4s_3Do[3]        7.0     277986.0000     6.3950   4.688E+02    19     0     39
3p3(2Po)3d_1Fo[3]        7.0     279627.0000     6.3458   4.724E+02    20     0     40
3p3(2Do)4s_1Do[2]        5.0     282371.0000     6.2635   4.786E+02    20     0     41
3p3(4So)4s_3So           3.0     284829.2160     6.1898   4.843E+02    19     0     42
3s_3p4(4Pe)3d_5Fe       35.0     293346.9760     5.9345   5.052E+02    21     0     43
3p3(2Po)4s_3Po[0]        1.0     293382.0000     5.9334   5.053E+02    22     0     44
3p3(2Po)4s_3Po[1]        3.0     293471.0000     5.9308   5.055E+02    22     0     45
3p3(2Po)4s_3Po[2]        5.0     293720.0000     5.9233   5.061E+02    22     0     46
3s_3p4(4Pe)3d_5Pe       15.0     296120.7360     5.8513   5.123E+02    21     0     47
3p3(2Po)4s_1Po[1]        3.0     298132.0000     5.7910   5.177E+02    23     0     48
3p3(2Po)3d_1Po[1]        3.0     298898.0000     5.7681   5.197E+02    23     0     49
3s_3p4(2De)3d_3Pe        9.0     300033.0560     5.7340   5.228E+02    24     0     50
3p3(4So)4p_5Pe          15.0     307825.0560     5.5004   5.450E+02    21     0     51
3s_3p4(2De)3d_3De       15.0     308324.8960     5.4855   5.465E+02    24     0     52
3s_3p4(4Pe)3d_3Fe       21.0     308612.2560     5.4768   5.474E+02    24     0     53
3p3(4So)4p_3Pe           9.0     312459.2960     5.3615   5.592E+02    24     0     54
3s_3p4(2De)3d_3Ge       27.0     316986.0160     5.2258   5.737E+02    25     0     55
3p3(2Do)4p_1Pe           3.0     322646.1760     5.0561   5.929E+02    26     0     56
3s_3p4(2De)3d_1Ge        9.0     323961.3760     5.0167   5.976E+02    26     0     57
3p3(2Do)4p_3De          15.0     324522.0160     4.9999   5.996E+02    25     0     58
3p3(2Do)4p_3Fe          21.0     325388.5760     4.9739   6.027E+02    25     0     59
3s_3p4(2De)3d_1Fe        7.0     326900.8960     4.9286   6.083E+02    26     0     60
3s_3p4(2De)3d_1De        5.0     329058.3360     4.8639   6.164E+02    26     0     61
3s_3p4(2De)3d_3Fe       21.0     329245.8560     4.8583   6.171E+02    25     0     62
3p3(2Do)4p_1Fe           7.0     332428.5760     4.7628   6.294E+02    26     0     63
3p3(2Do)4p_3Pe           9.0     332731.9360     4.7538   6.306E+02    25     0     64
3s_3p4(2Pe)3d_3De       15.0     333127.4560     4.7419   6.322E+02    27     0     65
3p3(2Po)4p_3Se           3.0     335549.8560     4.6693   6.421E+02    27     0     66
3p3(2Po)4p_3De          15.0     337937.6960     4.5977   6.521E+02    27     0     67
3p3(2Do)4p_1De           5.0     338269.2160     4.5877   6.535E+02    26     0     68
3p3(2Po)4p_1Pe           3.0     339060.2560     4.5640   6.569E+02    28     0     69
3s_3p4(2De)3d_1Pe        3.0     341748.2560     4.4834   6.687E+02    28     0     70
3p3(2Po)4p_1De           5.0     343002.0160     4.4459   6.743E+02    28     0     71
3p3(2Po)4p_3Pe           9.0     343384.0960     4.4344   6.761E+02    27     0     72
3p2_3d2_3Pe              9.0     343384.0960     4.4344   6.761E+02    27     0     73
3s_3p4(2Pe)3d_3Fe       21.0     347272.7360     4.3178   6.943E+02    27     0     74
3p3(4So)4d_5Do          25.0     352626.3360     4.1573   7.211E+02    29     0     75
3p3(2Po)4p_1Se           1.0     352834.9760     4.1511   7.222E+02    28     0     76
3s_3p4(2De)3d_3Se        3.0     352951.4560     4.1476   7.228E+02    30     0     77
3s_3p4(2Se)3d_3De       15.0     353482.0160     4.1317   7.256E+02    30     0     78
3s_3p4(4Pe)3d_3Pe        9.0     355956.2560     4.0575   7.389E+02    30     0     79
3p3(4So)4d_3Do          15.0     356757.5360     4.0335   7.433E+02    31     0     80
3s_3p4(2Pe)3d_1De        5.0     359485.2160     3.9517   7.586E+02    32     0     81
3s_3p4(4Pe)3d_3De       15.0     362309.5360     3.8670   7.753E+02    30     0     82
3p2_3d2_5De             25.0     363104.4160     3.8432   7.801E+02    33     0     83
3p2_3d2_3Fe             21.0     364020.8960     3.8157   7.857E+02    30     0     84
3s_3p4(2Pe)3d_1Fe        7.0     364103.4560     3.8133   7.862E+02    32     0     85
3p2_3d2_5Fe             35.0     364210.3360     3.8101   7.868E+02    33     0     86
3p3(4So)5s_3So[1]        3.0     367888.0000     3.6998   8.103E+02    31     0     87
3p2_3d2_3He             33.0     367942.8160     3.6982   8.107E+02    30     0     88
3p3(2Do)4d_1So           1.0     369057.0560     3.6648   8.180E+02    34     0     89
3p2_3d2_1Ge              9.0     369379.6160     3.6551   8.202E+02    32     0     90
3p3(2Do)4d_3Fo          21.0     369494.1760     3.6516   8.210E+02    31     0     91
3p3(2Do)4d_3Go          27.0     370950.8160     3.6080   8.309E+02    31     0     92
3p3(2Do)4d_3Do          15.0     371202.3360     3.6004   8.327E+02    31     0     93
3p3(2Do)4d_1Go           9.0     371325.8560     3.5967   8.335E+02    34     0     94
3p3(2Do)4d_1Po           3.0     371780.8960     3.5831   8.367E+02    34     0     95
3p3(2Do)4d_3So           3.0     372246.8160     3.5691   8.400E+02    31     0     96
3p3(2Do)4d_3Po           9.0     372595.6160     3.5587   8.424E+02    31     0     97
3p3(2Do)4d_1Do           5.0     373418.6560     3.5340   8.483E+02    34     0     98
3p3(4So)5s_5So           5.0     375181.8560     3.4811   8.612E+02    35     0     99
3s_3p4(2De)3d_1Se        1.0     376132.2560     3.4526   8.683E+02    32     0    100
3p3(2Do)4d_1Fo           7.0     376207.1360     3.4504   8.689E+02    34     0    101
3s_3p4(4Pe)4s_5Pe       15.0     376883.6160     3.4301   8.740E+02    33     0    102
3s_3p4(2Se)3d_1De        5.0     379852.5760     3.3411   8.973E+02    36     0    103
3p2_3d2_3Ge             27.0     379921.6960     3.3390   8.978E+02    37     0    104
3p3(4So)4f_3Fe          21.0     380378.6560     3.3253   9.015E+02    37     0    105
3p3(4So)4f_5Fe          35.0     380742.8160     3.3144   9.045E+02    33     0    106
3p3(2Po)4d_3Fo          21.0     382472.0960     3.2626   9.189E+02    38     0    107
3p3(2Po)4d_3Po           9.0     382674.3360     3.2565   9.206E+02    38     0    108
3p3(2Po)4d_3Do          15.0     383456.4160     3.2331   9.273E+02    38     0    109
3p3(2Po)4d_1Do           5.0     383551.1360     3.2302   9.281E+02    34     0    110
3p3(2Po)4d_1Fo           7.0     384946.3360     3.1884   9.403E+02    34     0    111
3p2_3d2_1He             11.0     387552.4160     3.1103   9.639E+02    36     0    112
3p3(4So)5p_5Pe          15.0     387663.7760     3.1069   9.649E+02    39     0    113
3s_3p4(4Pe)4s_3Pe        9.0     388114.3360     3.0934   9.691E+02    37     0    114
3s_3p4(2Pe)3d_3Pe        9.0     388114.3360     3.0934   9.691E+02    37     0    115
3p3(2Po)4d_1Po           3.0     388476.5760     3.0826   9.725E+02    40     0    116
3p3(2Do)4f_3He          33.0     388822.8160     3.0722   9.758E+02    37     0    117
3p2_3d2_1Pe              3.0     389515.9360     3.0514   9.825E+02    36     0    118
3p2_3d2_3De             15.0     389890.9760     3.0402   9.861E+02    37     0    119
3p3(4So)5p_3Pe           9.0     390573.2160     3.0197   9.928E+02    37     0    120
3p2_3d2_5Pe             15.0     391812.8960     2.9825   1.005E+03    39     0    121
3p3(2Do)4f_1De           5.0     392735.1360     2.9549   1.015E+03    36     0    122
3p3(2Do)5s_3Do          15.0     393049.3760     2.9455   1.018E+03    38     0    123
3p2_3d2(a)_3Fe          21.0     394292.8960     2.9082   1.031E+03    37     0    124
3p3(2Do)5s_1Do           5.0     394440.7360     2.9038   1.032E+03    40     0    125
3p2_3d2(a)_5De          25.0     396385.0560     2.8455   1.054E+03    39     0    126
3p3(2Do)4f_3Fe          21.0     396793.3760     2.8332   1.058E+03    37     0    127
3p2_3d2(a)_3Ge          27.0     396863.7760     2.8311   1.059E+03    37     0    128
3p3(2Do)4f_3De          15.0     396886.8160     2.8304   1.059E+03    37     0    129
3p3(2Do)4f_1Ge           9.0     397380.8960     2.8156   1.065E+03    36     0    130
3p3(2Do)4f_1Fe           7.0     397633.0560     2.8081   1.068E+03    36     0    131
3p3(2Do)4f_3Pe           9.0     398493.8560     2.7823   1.078E+03    37     0    132
3p3(2Do)4f_3Ge          27.0     398890.0160     2.7704   1.082E+03    37     0    133
3p3(2Do)4f_1Pe           3.0     399230.4960     2.7602   1.086E+03    41     0    134
3s_3p4(2De)4s_3De       15.0     401129.3760     2.7032   1.109E+03    42     0    135
3p2_3d2_1Fe              7.0     401153.0560     2.7025   1.109E+03    41     0    136
3p2_3d2_1De              5.0     402353.6960     2.6665   1.124E+03    41     0    137
3p2_3d2(a)_3Pe           9.0     403787.9360     2.6235   1.143E+03    42     0    138
3p2_3d2(a)_3He          33.0     403821.2160     2.6225   1.143E+03    42     0    139
3p3(2Po)5s_3Po           9.0     404317.2160     2.6077   1.150E+03    43     0    140
3p2_3d2(a)_3De          15.0     404430.4960     2.6043   1.151E+03    42     0    141
3p2_3d2(b)_3Fe          21.0     404580.8960     2.5998   1.153E+03    42     0    142
3p3(2Do)4f_1He          11.0     404597.5360     2.5993   1.153E+03    41     0    143
3p3(2Do)5p_1Pe           3.0     404794.0160     2.5934   1.156E+03    41     0    144
3s_3p4(4Pe)4p_5Po       15.0     404966.8160     2.5882   1.158E+03    44     0    145
3p3(2Do)5p_3Fe          21.0     405273.3760     2.5790   1.162E+03    42     0    146
3p3(4So)5d_5Do          25.0     405343.7760     2.5769   1.163E+03    44     0    147
3p3(2Po)5s_1Po           3.0     405681.6960     2.5668   1.168E+03    40     0    148
3p3(2Po)4f_1Ge           9.0     405838.4960     2.5621   1.170E+03    41     0    149
3s_3p4(2De)4s_1De        5.0     406290.9760     2.5485   1.176E+03    41     0    150
3p3(2Do)5p_1Fe           7.0     407114.0160     2.5238   1.188E+03    41     0    151
3p3(2Do)5p_3Pe           9.0     408033.0560     2.4963   1.201E+03    42     0    152
3p3(2Do)5p_3De          15.0     408055.4560     2.4956   1.201E+03    42     0    153
3p3(2Po)4f_3Fe          21.0     408424.7360     2.4845   1.207E+03    42     0    154
3p3(4So)5d_3Do          15.0     408887.4560     2.4707   1.213E+03    43     0    155
3p3(2Po)4f_1Fe           7.0     409612.5760     2.4489   1.224E+03    41     0    156
3p3(2Po)4f_1De           5.0     409655.4560     2.4476   1.225E+03    41     0    157
3p3(2Po)4f_3De          15.0     410104.0960     2.4342   1.232E+03    42     0    158
3s_3p4(4Pe)4p_5Do       25.0     410215.4560     2.4309   1.233E+03    44     0    159
3p3(2Do)5p_1De           5.0     411786.0160     2.3838   1.258E+03    41     0    160
3p3(2Po)4f_3Ge          27.0     412166.1760     2.3724   1.264E+03    42     0    161
3p2_3d2(b)_3Pe           9.0     413040.4160     2.3462   1.278E+03    42     0    162
3s_3p4(4Pe)4p_5So        5.0     413101.2160     2.3443   1.279E+03    44     0    163
3s_3p4(4Pe)4p_3Do       15.0     413490.9760     2.3327   1.285E+03    43     0    164
3p2_3d2(a)_1De           5.0     414007.4560     2.3172   1.294E+03    41     0    165
3s_3p4(4Pe)4p_3Po        9.0     414518.1760     2.3019   1.302E+03    43     0    166
3p2_3d2(a)_1Pe           3.0     415257.3760     2.2797   1.315E+03    41     0    167
3s_3p4(4Pe)4p_3So        3.0     415686.1760     2.2668   1.323E+03    43     0    168
3p3(2Po)5p_3Se           3.0     416043.9360     2.2561   1.329E+03    42     0    169
3p3(2Po)5p_3De          15.0     417041.0560     2.2262   1.347E+03    42     0    170
3p2_3d2(c)_3Fe          21.0     417611.9360     2.2091   1.357E+03    42     0    171
3p3(2Po)5p_1Pe           3.0     418068.8960     2.1954   1.366E+03    41     0    172
3p3(4So)6s_5So           5.0     418445.2160     2.1841   1.373E+03    44     0    173
3p3(2Po)5p_3Pe           9.0     418504.7360     2.1823   1.374E+03    42     0    174
3p3(4So)6s_3So           3.0     419002.0160     2.1674   1.383E+03    43     0    175
3p3(4So)5f_5Fe          35.0     419066.6560     2.1655   1.384E+03    45     0    176
3p3(2Po)5p_1De           5.0     419675.9360     2.1472   1.396E+03    46     0    177
3p5_3d_3Po               9.0     419871.1360     2.1414   1.400E+03    43     0    178
3p3(4So)5f_3Fe          21.0     420349.8560     2.1270   1.409E+03    42     0    179
3p3(4So)5g_5Go          45.0     420731.9360     2.1156   1.417E+03    44     0    180
3p3(4So)5g_3Go          27.0     420801.0560     2.1135   1.418E+03    43     0    181
3p3(2Po)5p_1Se           1.0     422394.6560     2.0657   1.451E+03    46     0    182
3s_3p4(2Pe)4s_3Pe        9.0     422458.0160     2.0638   1.453E+03    47     0    183
3p2_3d2(a)_1Ge           9.0     423521.6960     2.0319   1.475E+03    46     0    184
3p3(2Do)5d_3Fo          21.0     423608.0960     2.0294   1.477E+03    43     0    185
3p2_3d2(b)_3De          15.0     423639.4560     2.0284   1.478E+03    47     0    186
3p3(2Do)5d_1So           1.0     423736.7360     2.0255   1.480E+03    48     0    187
3p2_3d2(b)_3Ge          27.0     424011.2960     2.0173   1.486E+03    47     0    188
3p3(2Do)5d_3Do          15.0     424714.0160     1.9962   1.502E+03    49     0    189
3p3(4So)6p_5Pe          15.0     424738.9760     1.9954   1.502E+03    45     0    190
3p2_3d2(d)_3Fe          21.0     424904.0960     1.9905   1.506E+03    47     0    191
3p3(2Do)5d_3Go          27.0     424910.4960     1.9903   1.506E+03    49     0    192
3p2_3d2(b)_1Ge           9.0     424992.4160     1.9879   1.508E+03    46     0    193
3p3(2Do)5d_1Go           9.0     425081.3760     1.9852   1.510E+03    48     0    194
3p3(2Do)5d_1Po           3.0     425106.9760     1.9844   1.511E+03    48     0    195
3p3(2Do)5d_3Po           9.0     425632.4160     1.9687   1.523E+03    49     0    196
3p3(2Do)5d_1Do           5.0     425802.0160     1.9636   1.527E+03    48     0    197
3p5_3d_3Fo              21.0     426626.9760     1.9388   1.546E+03    49     0    198
3p3(4So)6p_3Pe           9.0     426795.9360     1.9338   1.550E+03    47     0    199
3p3(2Do)5d_1Fo           7.0     426806.8160     1.9335   1.551E+03    48     0    200
3s_3p4(2Pe)3d_1Pe        3.0     426818.3360     1.9331   1.551E+03    46     0    201
3p3(2Do)5d_3So           3.0     426845.8560     1.9323   1.551E+03    49     0    202
3s_3p4(2Se)4s_3Se        3.0     428573.8560     1.8805   1.594E+03    47     0    203
3s_3p3_3d2_5Do          25.0     430046.4960     1.8363   1.633E+03    50     0    204
3s_3p4(2De)4p_1Fo        7.0     430918.8160     1.8102   1.656E+03    48     0    205
3p2_3d2(b)_1De           5.0     430975.1360     1.8085   1.658E+03    46     0    206
3s_3p4(2De)4p_3Fo       21.0     431858.3360     1.7820   1.682E+03    49     0    207
3p2_3d2(c)_3Pe           9.0     432168.7360     1.7727   1.691E+03    47     0    208
3p2_3d2_1Se              1.0     432785.6960     1.7542   1.709E+03    46     0    209
3p2_3d2(c)_3De          15.0     433373.8560     1.7366   1.726E+03    47     0    210
3p2_3d2(a)_1Fe           7.0     433702.1760     1.7267   1.736E+03    46     0    211
3s_3p4(2De)4p_1Po        3.0     434175.7760     1.7125   1.751E+03    48     0    212
3p3(2Do)6s_3Do          15.0     434317.8560     1.7083   1.755E+03    49     0    213
3s_3p3_3d2_5Po          15.0     434421.5360     1.7052   1.758E+03    50     0    214
3p2_3d2(a)_1Se           1.0     434593.6960     1.7000   1.763E+03    46     0    215
3p3(4So)6d_5Do          25.0     434975.1360     1.6886   1.775E+03    50     0    216
3p_3d3_5Go              45.0     435241.3760     1.6806   1.784E+03    50     0    217
3p3(2Po)5d_1Do           5.0     435415.4560     1.6754   1.789E+03    48     0    218
3p3(2Po)5d_3Po           9.0     435549.8560     1.6713   1.794E+03    49     0    219
3p3(4So)6d_3Do          15.0     435560.0960     1.6710   1.794E+03    49     0    220
3p3(2Do)5f_1Pe           3.0     435890.3360     1.6611   1.805E+03    46     0    221
3s_3p4(2De)4p_3Po        9.0     436463.1360     1.6440   1.824E+03    49     0    222
3p2_3d2_3Se              3.0     436625.6960     1.6391   1.829E+03    47     0    223
3p3(2Po)5d_3Do          15.0     436671.1360     1.6377   1.831E+03    49     0    224
3p3(2Po)5d_3Fo          21.0     436703.1360     1.6368   1.832E+03    49     0    225
3p3(2Do)5f_3Ge          27.0     436715.9360     1.6364   1.832E+03    47     0    226
3p3(2Do)5f_3Fe          21.0     436756.2560     1.6352   1.833E+03    47     0    227
3p3(2Do)6s_1Do           5.0     436820.2560     1.6333   1.836E+03    48     0    228
3p2_3d2(d)_3Pe           9.0     437042.3360     1.6266   1.843E+03    47     0    229
3p3(2Do)5f_1Ge           9.0     437092.2560     1.6251   1.845E+03    46     0    230
3p3(2Do)5f_3He          33.0     437218.9760     1.6213   1.849E+03    47     0    231
3s_3p3_3d2_5Fo          35.0     437257.3760     1.6202   1.850E+03    50     0    232
3p3(2Do)5f_1He          11.0     437547.2960     1.6115   1.860E+03    46     0    233
3p3(2Do)5g_1Fo           7.0     437793.0560     1.6041   1.869E+03    48     0    234
3p3(2Do)5g_3Ho          33.0     438018.3360     1.5973   1.877E+03    49     0    235
3p3(2Do)5g_3Fo          21.0     438063.7760     1.5960   1.878E+03    49     0    236
3p3(2Do)5g_3Go          27.0     438072.0960     1.5957   1.879E+03    49     0    237
3s_3p4(2De)4p_3Do       15.0     438080.4160     1.5955   1.879E+03    49     0    238
3p3(2Do)5g_3Do          15.0     438080.4160     1.5955   1.879E+03    49     0    239
3p3(2Do)5g_1Ho          11.0     438094.4960     1.5951   1.880E+03    48     0    240
3p3(2Do)5g_1Do           5.0     438105.3760     1.5947   1.880E+03    48     0    241
3p3(2Do)5g_1Go           9.0     438136.0960     1.5938   1.881E+03    48     0    242
3p3(2Po)5d_1Fo           7.0     438263.4560     1.5900   1.885E+03    48     0    243
3p3(2Po)5d_1Po           3.0     438836.8960     1.5728   1.906E+03    48     0    244
3s_3p4(2De)4p_1Do        5.0     438914.9760     1.5705   1.909E+03    48     0    245
3p3(2Do)5f_1De           5.0     438929.0560     1.5700   1.909E+03    46     0    246
3p3(2Do)5f_3De          15.0     438936.7360     1.5698   1.910E+03    47     0    247
3p5_3d_3Do              15.0     439275.2960     1.5597   1.922E+03    49     0    248
3p3(4So)6f_3Fe          21.0     440773.5360     1.5147   1.979E+03    47     0    249
3p3(4So)7s_5So           5.0     440827.2960     1.5131   1.981E+03    50     0    250
3p3(4So)6f_5Fe          35.0     441062.8160     1.5061   1.991E+03    51     0    251
3p3(2Do)5f_3Pe           9.0     441343.7760     1.4976   2.002E+03    47     0    252
3p3(4So)7s_3So           3.0     441375.1360     1.4967   2.003E+03    49     0    253
3p3(2Do)6p_3De          15.0     442102.8160     1.4749   2.033E+03    47     0    254
3p3(2Do)6p_3Fe          21.0     442193.6960     1.4722   2.036E+03    47     0    255
3p3(2Do)6p_1Pe           3.0     442197.5360     1.4721   2.037E+03    52     0    256
3p3(4So)6g_5Go          45.0     442202.6560     1.4719   2.037E+03    50     0    257
3p3(4So)6g_3Go          27.0     442251.9360     1.4704   2.039E+03    49     0    258
3p3(4So)6h_3He          33.0     442312.7360     1.4686   2.041E+03    47     0    259
3p3(2Do)6p_1Fe           7.0     442406.1760     1.4658   2.045E+03    52     0    260
3p3(2Do)6p_3Pe           9.0     442987.2960     1.4484   2.070E+03    47     0    261
3p3(2Do)5f_1Fe           7.0     443030.8160     1.4471   2.072E+03    52     0    262
3p5_3d_1Fo               7.0     444278.1760     1.4097   2.127E+03    48     0    263
3p3(2Do)6p_1De           5.0     444484.2560     1.4035   2.136E+03    52     0    264
3p3(4So)7p_5Pe          15.0     444619.9360     1.3994   2.142E+03    51     0    265
3p5_3d_1Do               5.0     444717.8560     1.3965   2.147E+03    48     0    266
3p3(4So)7p_3Pe           9.0     445674.0160     1.3678   2.192E+03    53     0    267
3p3(2Po)5f_3Fe          21.0     446874.6560     1.3318   2.251E+03    53     0    268
3p3(2Po)6s_3Po           9.0     447000.7360     1.3281   2.257E+03    54     0    269
3p3(2Po)5f_1De           5.0     447057.6960     1.3264   2.260E+03    52     0    270
3p3(2Po)5f_1Fe           7.0     447215.1360     1.3216   2.268E+03    52     0    271
3p3(2Po)5f_3De          15.0     447332.2560     1.3181   2.274E+03    53     0    272
3p3(2Po)6s_1Po           3.0     447544.7360     1.3117   2.285E+03    55     0    273
3p3(2Po)5f_3Ge          27.0     448267.9360     1.2901   2.324E+03    53     0    274
3p3(2Po)5f_1Ge           9.0     449020.5760     1.2675   2.365E+03    52     0    275
3p3(2Po)5g_3Ho          33.0     449501.2160     1.2531   2.392E+03    54     0    276
3p3(2Po)5g_3Fo          21.0     449518.4960     1.2526   2.393E+03    54     0    277
3p3(2Po)5g_1Go           9.0     449531.9360     1.2522   2.394E+03    55     0    278
3p3(2Po)5g_3Go          27.0     449539.6160     1.2519   2.395E+03    54     0    279
3p3(2Po)5g_1Ho          11.0     449552.4160     1.2516   2.395E+03    55     0    280
3p3(2Po)5g_1Fo           7.0     449595.2960     1.2503   2.398E+03    55     0    281
3p3(4So)7d_3Do          15.0     450278.8160     1.2298   2.438E+03    54     0    282
3s_3p4(2Pe)4p_3Po        9.0     450538.0160     1.2220   2.453E+03    54     0    283
3p3(4So)7d_5Do          25.0     450603.9360     1.2200   2.457E+03    50     0    284
3p3(2Do)6d_1So           1.0     450806.1760     1.2140   2.470E+03    55     0    285
3s_3p4(4Pe)4d_3De       15.0     450964.2560     1.2092   2.479E+03    53     0    286
3p2_3d2(e)_3Fe          21.0     451086.4960     1.2056   2.487E+03    53     0    287
3s_3p4(4Pe)4d_5De       25.0     451134.4960     1.2041   2.490E+03    51     0    288
3p4_3d2_1Pe              3.0     451661.8560     1.1883   2.523E+03    52     0    289
3p3(2Do)6d_3Fo          21.0     452071.4560     1.1760   2.549E+03    54     0    290
3p3(2Do)6d_3Go          27.0     452124.5760     1.1744   2.553E+03    54     0    291
3p3(2Do)6d_3Do          15.0     452175.1360     1.1729   2.556E+03    54     0    292
3p3(2Do)6d_1Go           9.0     452253.8560     1.1706   2.561E+03    55     0    293
3p3(2Do)6d_1Do           5.0     452347.2960     1.1678   2.567E+03    55     0    294
3p2_3d2(b)_1Fe           7.0     452370.9760     1.1671   2.569E+03    52     0    295
3p3(2Do)6d_3So           3.0     452417.0560     1.1657   2.572E+03    54     0    296
3p3(2Do)6d_1Po           3.0     452536.7360     1.1621   2.580E+03    55     0    297
3p2_3d2(c)_1De           5.0     452763.9360     1.1553   2.595E+03    52     0    298
3p3(2Do)6d_1Fo           7.0     453208.7360     1.1419   2.625E+03    55     0    299
3s_3p4(4Pe)4d_5Fe       35.0     453247.7760     1.1408   2.628E+03    51     0    300
3p3(2Do)6d_3Po           9.0     453384.7360     1.1367   2.637E+03    54     0    301
3p3(2Po)6p_3Se           3.0     453519.7760     1.1326   2.647E+03    53     0    302
3p3(2Po)6p_3De          15.0     453578.6560     1.1309   2.651E+03    53     0    303
3p3(2Po)6p_1Pe           3.0     453779.6160     1.1248   2.665E+03    52     0    304
3p_3d3(a)_5Go           45.0     454054.8160     1.1166   2.685E+03    56     0    305
3p3(2Po)6p_3Pe           9.0     454196.8960     1.1123   2.695E+03    53     0    306
3p3(4So)8s_5So           5.0     454327.4560     1.1084   2.705E+03    56     0    307
3p3(4So)7f_5Fe          35.0     454457.3760     1.1045   2.714E+03    51     0    308
3s_3p4(2Pe)4p_3Do       15.0     454463.1360     1.1043   2.715E+03    54     0    309
3p3(4So)8s_3So           3.0     454594.9760     1.1004   2.724E+03    54     0    310
3p3(2Po)6p_1De           5.0     454619.2960     1.0997   2.726E+03    52     0    311
3p3(4So)7g_5Go          45.0     455156.8960     1.0835   2.767E+03    56     0    312
3p3(4So)7g_3Go          27.0     455192.7360     1.0825   2.770E+03    54     0    313
3p3(4So)7h_3He          33.0     455244.5760     1.0809   2.774E+03    53     0    314
3p4_3d2_5Pe             15.0     455251.6160     1.0807   2.774E+03    51     0    315
3p3(4So)7f_3Fe          21.0     455290.6560     1.0795   2.777E+03    53     0    316
3s_3p4(2Pe)4p_3So        3.0     455704.0960     1.0671   2.809E+03    54     0    317
3s_3p3_3d2(a)_5Fo       35.0     455793.6960     1.0645   2.816E+03    56     0    318
3s_3p4(2Pe)4p_1Do        5.0     455969.0560     1.0592   2.830E+03    55     0    319
3p3(2Po)6p_1Se           1.0     456458.6560     1.0445   2.870E+03    52     0    320
3p3(4So)8p_5Pe          15.0     456885.5360     1.0317   2.906E+03    51     0    321
3p3(4So)8p_3Pe           9.0     457217.0560     1.0218   2.934E+03    53     0    322
3s_3p3_3d2_3Fo          21.0     457357.2160     1.0176   2.946E+03    54     0    323
3s_3p4(4Pe)4d_3Fe       21.0     457375.7760     1.0170   2.948E+03    53     0    324
3p3(2Do)6f_1Ge           9.0     457557.5360     1.0116   2.964E+03    52     0    325
3p2_3d2(d)_3De          15.0     457604.8960     1.0102   2.968E+03    53     0    326
3s_3p3_3d2_3Ho          33.0     458251.9360     0.9908   3.026E+03    54     0    327
3p3(2Do)7s_3Do          15.0     458289.0560     0.9896   3.029E+03    54     0    328
3s_3p4(4Pe)4d_3Pe        9.0     458347.9360     0.9879   3.035E+03    53     0    329
3p3(2Do)6f_3Ge          27.0     458593.6960     0.9805   3.058E+03    53     0    330
3p3(2Do)7s_1Do           5.0     458686.4960     0.9777   3.066E+03    55     0    331
3p3(2Do)6f_3He          33.0     458769.6960     0.9752   3.074E+03    53     0    332
3p3(2Do)6f_1He          11.0     458926.4960     0.9705   3.089E+03    52     0    333
3s_3p4(2Se)4p_3Po        9.0     458989.8560     0.9686   3.095E+03    54     0    334
3s_3p3_3d2_3Do          15.0     459065.3760     0.9664   3.102E+03    54     0    335
3s_3p4(2Pe)4p_1Po        3.0     459452.5760     0.9548   3.140E+03    55     0    336
3p3(2Do)6f_3Fe          21.0     459505.6960     0.9532   3.145E+03    53     0    337
3p3(2Do)6g_3Go          27.0     459531.2960     0.9524   3.148E+03    54     0    338
3p3(2Do)6g_3Fo          21.0     459532.5760     0.9524   3.148E+03    54     0    339
3p3(2Do)6g_1Do           5.0     459553.6960     0.9517   3.150E+03    55     0    340
3p3(2Do)6g_3Ho          33.0     459554.3360     0.9517   3.150E+03    54     0    341
3p3(2Do)6g_1Fo           7.0     459556.8960     0.9516   3.150E+03    55     0    342
3p3(2Do)6g_1Ho          11.0     459579.9360     0.9509   3.153E+03    55     0    343
3p3(2Do)6g_3Do          15.0     459585.6960     0.9508   3.153E+03    54     0    344
3p3(2Do)6g_1Go           9.0     459592.7360     0.9506   3.154E+03    55     0    345
3p3(2Do)6h_3Ge          27.0     459631.1360     0.9494   3.158E+03    53     0    346
3p3(2Do)6h_1Ge           9.0     459631.7760     0.9494   3.158E+03    52     0    347
3p3(2Do)6h_1Fe           7.0     459634.3360     0.9493   3.158E+03    52     0    348
3p3(2Do)6h_3He          33.0     459635.6160     0.9493   3.158E+03    53     0    349
3p3(2Do)6h_1He          11.0     459637.5360     0.9492   3.158E+03    52     0    350
3p3(2Do)6h_3Fe          21.0     459641.3760     0.9491   3.159E+03    53     0    351
3p3(2Do)6f_1Pe           3.0     459959.4560     0.9396   3.191E+03    52     0    352
3p2_3d2(b)_1Se           1.0     460359.4560     0.9276   3.232E+03    52     0    353
3s_3p4(2Pe)4p_1So        1.0     460436.2560     0.9253   3.240E+03    55     0    354
3p3(2Do)6f_3Pe           9.0     460454.1760     0.9247   3.242E+03    53     0    355
3p3(2Do)6f_1De           5.0     460462.4960     0.9245   3.243E+03    52     0    356
3p3(4So)8d_5Do          25.0     460568.0960     0.9213   3.254E+03    56     0    357
3p3(2Do)6f_1Fe           7.0     460972.5760     0.9092   3.297E+03    52     0    358
3p3(4So)8d_3Do          15.0     460991.1360     0.9086   3.299E+03    54     0    359
3p3(2Do)6f_3De          15.0     461208.0960     0.9021   3.323E+03    53     0    360
3s_3p3_3d2_3Go          27.0     461707.9360     0.8871   3.379E+03    54     0    361
3p3(2Do)7p_3De          15.0     461997.8560     0.8785   3.413E+03    53     0    362
3p3(2Do)7p_1Pe           3.0     462091.9360     0.8756   3.424E+03    52     0    363
3p3(2Do)7p_3Fe          21.0     462096.4160     0.8755   3.424E+03    53     0    364
3p3(2Do)7p_1Fe           7.0     462210.9760     0.8721   3.438E+03    52     0    365
3p3(2Do)7p_3Pe           9.0     462516.2560     0.8629   3.474E+03    53     0    366
3p3(4So)9s_5So           5.0     463025.6960     0.8476   3.537E+03    56     0    367
3p3(4So)8f_5Fe          35.0     463058.3360     0.8467   3.541E+03    51     0    368
3p3(2Do)7p_1De           5.0     463123.6160     0.8447   3.549E+03    52     0    369
3s_3p4(2Se)4p_1Po        3.0     463156.2560     0.8437   3.553E+03    55     0    370
3p3(4So)9s_3So           3.0     463308.5760     0.8392   3.573E+03    54     0    371
3p3(2Po)6d_3Fo          21.0     463540.2560     0.8322   3.602E+03    54     0    372
3p3(4So)8g_5Go          45.0     463556.8960     0.8317   3.604E+03    56     0    373
3p3(4So)8g_3Go          27.0     463611.9360     0.8301   3.612E+03    54     0    374
3p3(4So)8h_3He          33.0     463639.4560     0.8292   3.615E+03    53     0    375
3p3(2Po)6d_3Do          15.0     463887.7760     0.8218   3.648E+03    54     0    376
3p3(4So)8f_3Fe          21.0     463972.2560     0.8193   3.659E+03    53     0    377
3p3(2Po)6d_1Do           5.0     464100.2560     0.8154   3.677E+03    55     0    378
3p3(2Po)6d_1Fo           7.0     464147.6160     0.8140   3.683E+03    55     0    379
3p3(2Po)6d_3Po           9.0     464200.7360     0.8124   3.690E+03    54     0    380
3s_3p3_3d2_5So           5.0     464434.3360     0.8054   3.722E+03    56     0    381
3p2_3d2(d)_1De           5.0     464459.2960     0.8047   3.726E+03    57     0    382
3p3(4So)9p_5Pe          15.0     464668.5760     0.7984   3.755E+03    58     0    383
3p3(2Po)6d_1Po           3.0     464749.2160     0.7960   3.766E+03    55     0    384
3p3(4So)9p_3Pe           9.0     464986.0160     0.7889   3.800E+03    53     0    385
3p2_3d2(c)_1Ge           9.0     465974.1760     0.7592   3.949E+03    57     0    386
3s_3p3_3d2(a)_5Do       25.0     466063.1360     0.7566   3.962E+03    56     0    387
3p3(4So)9d_5Do          25.0     467261.8560     0.7206   4.160E+03    56     0    388
3p3(4So)9d_3Do          15.0     467482.6560     0.7140   4.199E+03    54     0    389
3p3(2Do)7d_3Fo          21.0     467981.2160     0.6991   4.288E+03    54     0    390
3p3(2Do)7d_1Go           9.0     468013.2160     0.6981   4.294E+03    55     0    391
3p3(2Do)7d_3Go          27.0     468020.8960     0.6979   4.296E+03    54     0    392
3p3(2Do)7d_1Po           3.0     468146.9760     0.6941   4.319E+03    55     0    393
3p3(2Do)7d_3Do          15.0     468148.2560     0.6941   4.319E+03    54     0    394
3p3(2Do)7d_3Po           9.0     468199.4560     0.6925   4.329E+03    54     0    395
3p3(2Do)7d_3So           3.0     468212.2560     0.6922   4.331E+03    54     0    396
3p3(2Do)7d_1So           1.0     468402.9760     0.6864   4.367E+03    55     0    397
3p3(2Do)7d_1Do           5.0     468501.5360     0.6835   4.386E+03    55     0    398
3p3(2Do)7d_1Fo           7.0     468546.9760     0.6821   4.395E+03    55     0    399
3p3(4So)10s_5So          5.0     468974.4960     0.6693   4.479E+03    56     0    400
3p3(4So)9f_5Fe          35.0     468976.4160     0.6692   4.480E+03    58     0    401
3p3(4So)10s_3So          3.0     469221.5360     0.6619   4.529E+03    54     0    402
3p3(4So)9g_5Go          45.0     469314.9760     0.6591   4.549E+03    56     0    403
3p3(4So)9f_3Fe          21.0     469330.3360     0.6586   4.552E+03    59     0    404
3p3(4So)9g_3Go          27.0     469362.9760     0.6577   4.559E+03    60     0    405
3p3(4So)9h_3He          33.0     469394.3360     0.6567   4.565E+03    59     0    406
3p3(2Po)7s_3Po           9.0     469782.1760     0.6451   4.647E+03    60     0    407
3p3(2Po)6f_3Ge          27.0     469901.2160     0.6415   4.673E+03    59     0    408
3p3(4So)10p_5Pe         15.0     470109.2160     0.6353   4.719E+03    58     0    409
3p3(2Po)7s_1Po           3.0     470129.6960     0.6347   4.724E+03    61     0    410
3p3(4So)10p_3Pe          9.0     470221.2160     0.6319   4.744E+03    59     0    411
3p3(2Po)6f_1Fe           7.0     470223.7760     0.6318   4.745E+03    57     0    412
3p3(2Po)6f_3De          15.0     470356.2560     0.6279   4.775E+03    59     0    413
3p3(2Po)6f_3Fe          21.0     470716.5760     0.6171   4.858E+03    59     0    414
3p3(2Po)6g_3Fo          21.0     470914.9760     0.6111   4.906E+03    60     0    415
3p3(2Po)6g_3Ho          33.0     470918.8160     0.6110   4.906E+03    60     0    416
3p3(2Po)6g_1Ho          11.0     470972.5760     0.6094   4.919E+03    61     0    417
3p3(2Po)6g_1Fo           7.0     470973.2160     0.6094   4.920E+03    61     0    418
3p3(2Po)6g_1Go           9.0     470975.1360     0.6093   4.920E+03    61     0    419
3p3(2Po)6g_3Go          27.0     470981.5360     0.6091   4.922E+03    60     0    420
3p3(2Po)6h_1Ge           9.0     471056.4160     0.6069   4.940E+03    57     0    421
3p3(2Po)6h_3Ge          27.0     471058.3360     0.6068   4.940E+03    59     0    422
3p3(2Po)6h_3He          33.0     471067.9360     0.6065   4.943E+03    59     0    423
3p3(2Po)6h_1He          11.0     471068.5760     0.6065   4.943E+03    57     0    424
3p3(2Po)6f_1Ge           9.0     471402.6560     0.5965   5.026E+03    57     0    425
3p3(2Do)8s_3Do          15.0     471714.3360     0.5872   5.106E+03    60     0    426
3s_3p4(4Pe)5s_3Pe        9.0     471716.2560     0.5871   5.106E+03    59     0    427
3p3(2Do)7f_3Ge          27.0     471922.9760     0.5809   5.161E+03    59     0    428
3p3(2Do)7f_3He          33.0     471942.8160     0.5803   5.166E+03    59     0    429
3p3(2Do)8s_1Do           5.0     471951.1360     0.5801   5.168E+03    61     0    430
3p3(4So)10d_5Do         25.0     471966.4960     0.5796   5.172E+03    56     0    431
3p3(2Do)7f_3Fe          21.0     471990.8160     0.5789   5.179E+03    59     0    432
3p3(2Do)7f_1He          11.0     472033.0560     0.5776   5.190E+03    57     0    433
3p3(2Do)7f_1Pe           3.0     472107.9360     0.5754   5.210E+03    57     0    434
3p3(4So)10d_3Do         15.0     472156.5760     0.5739   5.224E+03    60     0    435
3p3(2Do)7f_3De          15.0     472427.2960     0.5658   5.299E+03    59     0    436
3p3(2Do)7f_1De           5.0     472460.5760     0.5648   5.308E+03    57     0    437
3p3(2Do)7f_3Pe           9.0     472471.4560     0.5645   5.311E+03    59     0    438
3p3(2Do)7g_3Go          27.0     472488.0960     0.5640   5.316E+03    60     0    439
3p3(2Do)7g_1Do           5.0     472491.2960     0.5639   5.317E+03    61     0    440
3p3(2Do)7g_3Ho          33.0     472502.8160     0.5635   5.320E+03    60     0    441
3p3(2Do)7g_3Do          15.0     472512.4160     0.5632   5.323E+03    60     0    442
3p3(2Do)7g_3Fo          21.0     472529.6960     0.5627   5.328E+03    60     0    443
3p3(2Do)7g_1Go           9.0     472539.2960     0.5624   5.330E+03    61     0    444
3p3(2Do)7g_1Ho          11.0     472547.6160     0.5622   5.333E+03    61     0    445
3p3(2Do)7g_1Fo           7.0     472554.0160     0.5620   5.334E+03    61     0    446
3p3(2Do)7h_1Fe           7.0     472566.8160     0.5616   5.338E+03    57     0    447
3p3(2Do)7h_3He          33.0     472568.0960     0.5616   5.338E+03    59     0    448
3p3(2Do)7h_3Fe          21.0     472568.0960     0.5616   5.338E+03    59     0    449
3p3(2Do)7h_1He          11.0     472570.6560     0.5615   5.339E+03    57     0    450
3p3(2Do)7h_1Ge           9.0     472571.9360     0.5615   5.340E+03    57     0    451
3p3(2Do)7h_3Ge          27.0     472571.9360     0.5615   5.340E+03    59     0    452
3p3(2Do)7i_3Ho          33.0     472572.5760     0.5614   5.340E+03    60     0    453
3p3(2Do)7i_1Go           9.0     472573.2160     0.5614   5.340E+03    61     0    454
3p3(2Do)7i_1Ho          11.0     472573.2160     0.5614   5.340E+03    61     0    455
3p3(2Do)7i_3Go          27.0     472573.2160     0.5614   5.340E+03    60     0    456
3p3(2Do)7f_1Fe           7.0     473006.4960     0.5484   5.466E+03    57     0    457
3s_3p3_3d2_3Po           9.0     473076.2560     0.5463   5.487E+03    60     0    458
3p3(2Po)7p_3Se           3.0     473172.8960     0.5434   5.517E+03    59     0    459
3p3(4So)10f_5Fe         35.0     473201.6960     0.5426   5.525E+03    58     0    460
3p3(4So)11s_5So          5.0     473206.1760     0.5424   5.527E+03    56     0    461
3p3(4So)11s_3So          3.0     473342.4960     0.5384   5.569E+03    60     0    462
3p3(4So)10g_5Go         45.0     473355.2960     0.5380   5.573E+03    56     0    463
3p3(2Po)7p_1Pe           3.0     473367.4560     0.5376   5.576E+03    57     0    464
3p3(4So)10g_3Go         27.0     473480.0960     0.5342   5.612E+03    60     0    465
3p3(4So)10h_3He         33.0     473511.4560     0.5333   5.622E+03    59     0    466
3p3(2Po)7p_3De          15.0     473525.5360     0.5329   5.626E+03    59     0    467
3p3(2Po)6f_1De           5.0     473562.0160     0.5318   5.638E+03    57     0    468
3p3(2Do)7f_1Ge           9.0     473882.6560     0.5222   5.741E+03    57     0    469
3p3(2Po)7p_1De           5.0     473988.8960     0.5190   5.777E+03    57     0    470
3p3(2Do)8p_3De          15.0     474114.9760     0.5152   5.819E+03    59     0    471
3p3(2Do)8p_1Fe           7.0     474234.0160     0.5116   5.860E+03    57     0    472
3p3(2Do)8p_1Pe           3.0     474330.6560     0.5087   5.893E+03    57     0    473
3p3(2Do)8p_1De           5.0     474907.2960     0.4914   6.100E+03    57     0    474
3p3(2Po)7p_1Se           1.0     474969.3760     0.4896   6.123E+03    57     0    475
3s_3p4(2De)4d_3Ge       27.0     475441.6960     0.4754   6.306E+03    59     0    476
3s_3p4(2De)4d_3Se        3.0     475476.2560     0.4744   6.320E+03    59     0    477
3s_3p3_3d2(a)_3Fo       21.0     475563.9360     0.4718   6.355E+03    60     0    478
3s_3p3_3d2(b)_5Fo       35.0     477674.0160     0.4085   7.339E+03    62     0    479
3p3(2Do)8d_3Fo          21.0     477864.7360     0.4028   7.443E+03    60     0    480
3s_3p3_3d2(a)_5Po       15.0     477924.2560     0.4010   7.476E+03    62     0    481
3p3(2Do)8d_1Go           9.0     477962.6560     0.3998   7.498E+03    61     0    482
3p3(2Do)8d_1Po           3.0     477966.4960     0.3997   7.500E+03    61     0    483
3p3(2Do)8d_1So           1.0     477979.2960     0.3993   7.507E+03    61     0    484
3p3(2Do)8d_3Po           9.0     478059.9360     0.3969   7.553E+03    60     0    485
3p3(2Do)8d_1Do           5.0     478167.4560     0.3937   7.615E+03    61     0    486
3s_3p4(2De)4d_1Ge        9.0     478192.4160     0.3930   7.629E+03    57     0    487
3p3(2Do)8d_1Fo           7.0     478285.8560     0.3902   7.684E+03    61     0    488
3s_3p4(2De)4d_3De       15.0     478768.4160     0.3757   7.980E+03    59     0    489
3s_3p4(2De)4d_1Pe        3.0     479242.0160     0.3615   8.293E+03    57     0    490
3p3(2Po)7d_3Fo          21.0     479394.9760     0.3569   8.400E+03    60     0    491
3p3(2Po)7d_1Do           5.0     479519.7760     0.3532   8.489E+03    61     0    492
3p3(2Po)7d_3Po           9.0     479526.1760     0.3530   8.493E+03    60     0    493
3p3(2Po)7d_1Fo           7.0     479698.3360     0.3478   8.619E+03    61     0    494
3s_3p4(2De)4d_1Se        1.0     479716.2560     0.3473   8.633E+03    57     0    495
3p3(2Po)7d_1Po           3.0     480022.1760     0.3381   8.867E+03    61     0    496
3s_3p4(4Pe)4f_5Fo       35.0     480122.0160     0.3351   8.946E+03    62     0    497
3p2_3d2(e)_1De           5.0     480139.2960     0.3346   8.960E+03    57     0    498
3p3(2Do)8f_3Ge          27.0     480435.6160     0.3257   9.204E+03    59     0    499
3s_3p4(2De)4d_1Fe        7.0     480523.2960     0.3231   9.279E+03    57     0    500
3p3(2Do)8f_1He          11.0     480570.6560     0.3217   9.320E+03    57     0    501
3p3(2Do)9s_1Do           5.0     480572.5760     0.3216   9.322E+03    61     0    502
3p3(2Do)8f_3De          15.0     480804.2560     0.3147   9.528E+03    59     0    503
3p3(2Do)8f_1Pe           3.0     480871.4560     0.3126   9.589E+03    57     0    504
3p3(2Do)8g_3Ho          33.0     480874.6560     0.3125   9.592E+03    60     0    505
3p3(2Do)8g_1Do           5.0     480882.9760     0.3123   9.600E+03    61     0    506
3p3(2Do)8g_3Fo          21.0     480890.0160     0.3121   9.606E+03    60     0    507
3p3(2Do)8g_1Fo           7.0     480907.9360     0.3115   9.623E+03    61     0    508
3p3(2Do)8g_1Ho          11.0     480913.6960     0.3114   9.628E+03    61     0    509
3p3(2Do)8g_1Go           9.0     480932.2560     0.3108   9.645E+03    61     0    510
3p3(2Do)8h_3Ge          27.0     480957.2160     0.3101   9.669E+03    59     0    511
3p3(2Do)8h_1Ge           9.0     480957.8560     0.3100   9.669E+03    57     0    512
3p3(2Do)8h_1Fe           7.0     480962.3360     0.3099   9.673E+03    57     0    513
3p3(2Do)8h_1He          11.0     480963.6160     0.3099   9.675E+03    57     0    514
3p3(2Do)8i_1Go           9.0     480964.8960     0.3098   9.676E+03    61     0    515
3p3(2Do)8i_1Ho          11.0     480964.8960     0.3098   9.676E+03    61     0    516
3p3(2Do)8i_3Ho          33.0     480964.8960     0.3098   9.676E+03    60     0    517
3p3(2Do)8k_1He          11.0     480965.5360     0.3098   9.676E+03    57     0    518
3p3(2Do)8f_1De           5.0     481148.5760     0.3043   9.851E+03    57     0    519
3p3(2Do)8f_1Ge           9.0     481551.7760     0.2922   1.026E+04    57     0    520
3p3(2Do)8f_1Fe           7.0     481558.8160     0.2920   1.027E+04    57     0    521
3p3(2Do)9p_1Pe           3.0     481997.8560     0.2789   1.075E+04    57     0    522
3p3(2Do)9p_3De          15.0     482004.8960     0.2787   1.076E+04    59     0    523
3p3(2Do)9p_1De           5.0     482011.9360     0.2784   1.077E+04    57     0    524
3p3(2Do)9p_1Fe           7.0     482077.8560     0.2765   1.084E+04    57     0    525
3s_3p4(4Pe)4f_3Fo       21.0     482095.7760     0.2759   1.086E+04    60     0    526
3s_3p3_3d2_1Do           5.0     482538.6560     0.2627   1.141E+04    61     0    527
3p3(2Po)8s_3Po           9.0     483135.1360     0.2448   1.225E+04    60     0    528
3p3(2Po)7f_3Ge          27.0     483282.3360     0.2404   1.247E+04    59     0    529
3p3(2Po)8s_1Po           3.0     483344.4160     0.2385   1.257E+04    61     0    530
3p3(2Po)7f_3De          15.0     483423.1360     0.2361   1.270E+04    59     0    531
3p4_3d2_1De              5.0     483496.0960     0.2340   1.281E+04    57     0    532
3p3(2Po)7f_1Fe           7.0     483576.0960     0.2316   1.295E+04    57     0    533
3p3(2Po)7g_3Ho          33.0     483905.0560     0.2217   1.352E+04    60     0    534
3p3(2Po)7g_3Fo          21.0     483917.8560     0.2213   1.355E+04    60     0    535
3p3(2Po)7g_1Go           9.0     483924.8960     0.2211   1.356E+04    61     0    536
3p3(2Po)7g_1Ho          11.0     483950.4960     0.2203   1.361E+04    61     0    537
3p3(2Po)7g_1Fo           7.0     483963.2960     0.2199   1.363E+04    61     0    538
3p3(2Po)7h_3Ge          27.0     484000.4160     0.2188   1.370E+04    59     0    539
3p3(2Po)7h_1Ge           9.0     484000.4160     0.2188   1.370E+04    57     0    540
3p3(2Po)7h_1He          11.0     484002.9760     0.2188   1.370E+04    57     0    541
3p3(2Po)7i_1Ho          11.0     484005.5360     0.2187   1.371E+04    61     0    542
3p3(2Po)7i_3Ho          33.0     484005.5360     0.2187   1.371E+04    60     0    543
3p3(2Po)7f_1Ge           9.0     484148.8960     0.2144   1.398E+04    57     0    544
3s_3p3_3d2_1Po           3.0     484484.8960     0.2043   1.467E+04    61     0    545
3p3(2Do)9d_3Fo          21.0     484596.2560     0.2010   1.492E+04    60     0    546
3p3(2Do)9d_1So           1.0     484609.6960     0.2006   1.495E+04    61     0    547
3p3(2Do)9d_1Go           9.0     484642.9760     0.1996   1.502E+04    61     0    548
3p3(2Do)9d_1Po           3.0     484706.9760     0.1977   1.517E+04    61     0    549
3p3(2Do)9d_3Po           9.0     484743.4560     0.1966   1.525E+04    60     0    550
3p3(2Do)9d_1Do           5.0     484827.2960     0.1940   1.545E+04    61     0    551
3p3(2Do)9d_1Fo           7.0     484858.0160     0.1931   1.552E+04    61     0    552
3p3(2Po)7f_1De           5.0     485028.8960     0.1880   1.595E+04    57     0    553
3p3(2Po)8p_3Se           3.0     485527.4560     0.1731   1.732E+04    59     0    554
3p3(2Po)8p_3De          15.0     485540.2560     0.1727   1.736E+04    59     0    555
3p3(2Po)8p_1Pe           3.0     485576.7360     0.1716   1.747E+04    57     0    556
3p3(2Po)8p_1De           5.0     485908.8960     0.1616   1.855E+04    57     0    557
3p3(2Do)9f_3Ge          27.0     486359.4560     0.1481   2.024E+04    59     0    558
3p3(2Do)9f_1He          11.0     486428.5760     0.1460   2.053E+04    57     0    559
3p3(2Do)10s_1Do          5.0     486432.4160     0.1459   2.054E+04    61     0    560
3p3(2Po)8p_1Se           1.0     486480.4160     0.1445   2.075E+04    57     0    561
3p3(2Do)9f_1Pe           3.0     486517.5360     0.1434   2.091E+04    57     0    562
3p3(2Do)9f_3De          15.0     486597.5360     0.1410   2.127E+04    59     0    563
3p3(2Do)9g_3Ho          33.0     486652.5760     0.1393   2.152E+04    60     0    564
3p3(2Do)9g_3Fo          21.0     486667.9360     0.1389   2.159E+04    60     0    565
3p3(2Do)9g_1Ho          11.0     486676.2560     0.1386   2.163E+04    61     0    566
3p3(2Do)9g_1Fo           7.0     486680.0960     0.1385   2.165E+04    61     0    567
3p3(2Do)9g_1Do           5.0     486683.2960     0.1384   2.166E+04    61     0    568
3p3(2Do)9g_1Go           9.0     486694.8160     0.1381   2.171E+04    61     0    569
3p3(2Do)9h_1Fe           7.0     486715.9360     0.1374   2.181E+04    57     0    570
3p3(2Do)9h_1Ge           9.0     486716.5760     0.1374   2.182E+04    57     0    571
3p3(2Do)9h_3Ge          27.0     486716.5760     0.1374   2.182E+04    59     0    572
3p3(2Do)9h_1He          11.0     486719.1360     0.1373   2.183E+04    57     0    573
3p3(2Do)9i_1Ho          11.0     486719.7760     0.1373   2.183E+04    61     0    574
3p3(2Do)9i_3Ho          33.0     486719.7760     0.1373   2.183E+04    60     0    575
3p3(2Do)9i_1Go           9.0     486720.4160     0.1373   2.184E+04    61     0    576
3p3(2Do)9k_1He          11.0     486720.4160     0.1373   2.184E+04    57     0    577
3p3(2Do)9f_1De           5.0     486760.0960     0.1361   2.203E+04    57     0    578
3p3(2Do)9f_1Fe           7.0     486846.4960     0.1335   2.245E+04    57     0    579
3s_3p4(4Pe)5p_5Po       15.0     486980.2560     0.1295   2.315E+04    62     0    580
3p3(2Do)9f_1Ge           9.0     486989.8560     0.1292   2.320E+04    57     0    581
3p3(2Do)10p_3De         15.0     487453.8560     0.1153   2.600E+04    59     0    582
3p3(2Do)10p_1Pe          3.0     487482.6560     0.1144   2.620E+04    57     0    583
3p3(2Do)10p_1Fe          7.0     487516.5760     0.1134   2.643E+04    57     0    584
3p3(2Do)10p_1De          5.0     487959.4560     0.1001   2.994E+04    63     0    585
3s_3p3_3d2(b)_5Po       15.0     488239.7760     0.0917   3.268E+04    62     0    586
3s_3p3_3d2(a)_3Ho       33.0     488413.2160     0.0865   3.464E+04    60     0    587
3s_3p3_3d2_1Ho          11.0     488954.6560     0.0703   4.264E+04    61     0    588
3p3(2Do)10d_3Fo         21.0     489190.1760     0.0633   4.740E+04    60     0    589
3p3(2Po)8d_3Po           9.0     489230.4960     0.0620   4.832E+04    60     0    590
3p3(2Do)10d_1Po          3.0     489275.2960     0.0607   4.939E+04    61     0    591
3p3(2Po)8d_1Do           5.0     489276.5760     0.0607   4.942E+04    61     0    592
3p3(2Do)10d_1So          1.0     489298.9760     0.0600   4.997E+04    61     0    593
3p3(2Do)10d_1Go          9.0     489331.6160     0.0590   5.080E+04    61     0    594
3p3(2Do)10d_1Fo          7.0     489455.7760     0.0553   5.422E+04    61     0    595
3p3(2Po)8d_3Fo          21.0     489469.8560     0.0549   5.464E+04    60     0    596
3p3(2Do)10d_3Po          9.0     489522.3360     0.0533   5.625E+04    60     0    597
3p3(2Po)8d_1Fo           7.0     489575.4560     0.0517   5.799E+04    61     0    598
3p3(2Do)10d_1Do          5.0     489584.4160     0.0514   5.829E+04    61     0    599
3p3(2Po)8d_1Po           3.0     489827.6160     0.0441   6.792E+04    61     0    600
3p3(2Do)10f_3Ge         27.0     490541.8560     0.0227   1.319E+05    59     0    601
3p3(2Do)10f_1He         11.0     490617.3760     0.0205   1.465E+05    63     0    602
3p3(2Do)11s_1Do          5.0     490635.2960     0.0199   1.504E+05    61     0    603
3p3(2Do)10f_1Pe          3.0     490645.5360     0.0196   1.528E+05    63     0    604
3p3(2Do)10f_3De         15.0     490705.0560     0.0178   1.681E+05    59     0    605
3p3(2Do)10g_3Fo         21.0     490779.9360     0.0156   1.923E+05    60     0    606
3p3(2Do)10f_1De          5.0     490786.3360     0.0154   1.947E+05    63     0    607
3p3(2Do)10g_1Fo          7.0     490794.0160     0.0152   1.976E+05    61     0    608
3p3(2Do)10g_1Do          5.0     490806.1760     0.0148   2.025E+05    61     0    609
3p3(2Do)10h_1Fe          7.0     490822.8160     0.0143   2.096E+05    63     0    610
3p3(2Do)10h_3Ge         27.0     490830.4960     0.0141   2.130E+05    59     0    611
3p3(2Do)10h_1Ge          9.0     490831.1360     0.0141   2.133E+05    63     0    612
