********************************************************************************

    Super level assignments for MnIV
    E%LS option with %E=5.0%

********************************************************************************
                                                                                
26-Nov-2000                            !Date
1000                                   !Number of energy levels
6                                      !Entry number of link to super level
  
3d5_a6Se[5/2]                 6.0          0.0000     8.1409   3.683E+02     1     0      1
3d5_a4Ge[11/2]               12.0      26824.4000     7.3367   4.086E+02     2     0      2
3d5_a4Ge[9/2]                10.0      26851.1000     7.3359   4.087E+02     2     0      3
3d5_a4Ge[5/2]                 6.0      26857.8000     7.3357   4.087E+02     2     0      4
3d5_a4Ge[7/2]                 8.0      26859.9000     7.3356   4.087E+02     2     0      5
3d5_a4Pe[5/2]                 6.0      29167.7000     7.2664   4.126E+02     3     0      6
3d5_a4Pe[3/2]                 4.0      29207.3000     7.2653   4.126E+02     3     0      7
3d5_a4Pe[1/2]                 2.0      29241.4000     7.2642   4.127E+02     3     0      8
3d5_a4De[7/2]                 8.0      32307.3000     7.1723   4.180E+02     4     0      9
3d5_a4De[1/2]                 2.0      32368.9000     7.1705   4.181E+02     4     0     10
3d5_a4De[5/2]                 6.0      32383.7000     7.1700   4.181E+02     4     0     11
3d5_a4De[3/2]                 4.0      32384.7000     7.1700   4.181E+02     4     0     12
3d5_a2Ie[11/2]               12.0      39174.4000     6.9664   4.303E+02     5     0     13
3d5_a2Ie[13/2]               14.0      39176.5000     6.9664   4.303E+02     5     0     14
3d5_a2D3e[5/2]                6.0      41238.1000     6.9046   4.342E+02     6     0     15
3d5_a2D3e[3/2]                4.0      41569.8000     6.8946   4.348E+02     6     0     16
3d5_a2F1e[7/2]                8.0      42606.5000     6.8636   4.368E+02     6     0     17
3d5_a2F1e[5/2]                6.0      43105.4000     6.8486   4.377E+02     6     0     18
3d5_a4Fe[9/2]                10.0      43573.1600     6.8346   4.386E+02     7     0     19
3d5_a4Fe[7/2]                 8.0      43602.5000     6.8337   4.387E+02     7     0     20
3d5_a4Fe[5/2]                 6.0      43668.8400     6.8317   4.388E+02     7     0     21
3d5_a4Fe[3/2]                 4.0      43674.7000     6.8315   4.388E+02     7     0     22
3d5_a2He[9/2]                10.0      46515.9000     6.7464   4.444E+02     8     0     23
3d5_a2He[11/2]               12.0      46670.7000     6.7417   4.447E+02     8     0     24
3d5_a2G2e[7/2]                8.0      47842.0000     6.7066   4.470E+02     8     0     25
3d5_a2G2e[9/2]               10.0      48005.2000     6.7017   4.473E+02     8     0     26
3d5_b2F2e[5/2]                6.0      51002.7000     6.6118   4.534E+02     9     0     27
3d5_b2F2e[7/2]                8.0      51059.7000     6.6101   4.535E+02     9     0     28
3d5_a2Se[1/2]                 2.0      55677.7000     6.4717   4.632E+02    10     0     29
3d5_b2D2e[3/2]                4.0      61580.2000     6.2947   4.763E+02    11     0     30
3d5_b2D2e[5/2]                6.0      61603.8000     6.2940   4.763E+02    11     0     31
3d4(5D)4s_a6De[1/2]           2.0      62456.9900     6.2685   4.783E+02    12     0     32
3d4(5D)4s_a6De[3/2]           4.0      62568.0800     6.2651   4.785E+02    12     0     33
3d4(5D)4s_a6De[5/2]           6.0      62747.5000     6.2597   4.789E+02    12     0     34
3d4(5D)4s_a6De[7/2]           8.0      62988.9200     6.2525   4.795E+02    12     0     35
3d4(5D)4s_a6De[9/2]          10.0      63285.3700     6.2436   4.802E+02    12     0     36
3d5_b2G1e[7/2]                8.0      68892.0000     6.0755   4.934E+02    13     0     37
3d5_b2G1e[9/2]               10.0      68899.2000     6.0753   4.935E+02    13     0     38
3d4(5D)4s_b4De[1/2]           2.0      71395.2700     6.0005   4.996E+02    14     0     39
3d4(5D)4s_b4De[3/2]           4.0      71564.2100     5.9954   5.000E+02    14     0     40
3d4(5D)4s_b4De[5/2]           6.0      71831.9800     5.9874   5.007E+02    14     0     41
3d4(5D)4s_b4De[7/2]           8.0      72183.3300     5.9769   5.016E+02    14     0     42
3d5_a2Pe[3/2]                 4.0      83176.0000     5.6473   5.309E+02    15     0     43
3d5_a2Pe[1/2]                 2.0      83229.0000     5.6457   5.310E+02    15     0     44
3d4(3P2)4s_b4Pe[1/2]          2.0      84610.5300     5.6043   5.349E+02    16     0     45
3d4(3H)4s_a4He[7/2]           8.0      84981.6300     5.5932   5.360E+02    16     0     46
3d4(3H)4s_a4He[9/2]          10.0      85077.0900     5.5903   5.363E+02    16     0     47
3d4(3P2)4s_b4Pe[3/2]          4.0      85173.8800     5.5874   5.365E+02    16     0     48
3d4(3H)4s_a4He[11/2]         12.0      85200.7600     5.5866   5.366E+02    16     0     49
3d4(3H)4s_a4He[13/2]         14.0      85346.7200     5.5822   5.370E+02    16     0     50
3d4(3P2)4s_b4Pe[5/2]          6.0      86051.5000     5.5611   5.391E+02    16     0     51
3d4(3F2)4s_b4Fe[3/2]          4.0      86486.7700     5.5481   5.404E+02    16     0     52
3d4(3F2)4s_b4Fe[5/2]          6.0      86520.9400     5.5470   5.405E+02    16     0     53
3d4(3F2)4s_b4Fe[7/2]          8.0      86578.2400     5.5453   5.406E+02    16     0     54
3d4(3F2)4s_b4Fe[9/2]         10.0      86654.0700     5.5430   5.408E+02    16     0     55
3d4(3G)4s_b4Ge[5/2]           6.0      88880.0800     5.4763   5.474E+02    17     0     56
3d4(3G)4s_b4Ge[7/2]           8.0      89052.4400     5.4711   5.480E+02    17     0     57
3d4(3G)4s_b4Ge[9/2]          10.0      89204.6900     5.4666   5.484E+02    17     0     58
3d4(3G)4s_b4Ge[11/2]         12.0      89307.2200     5.4635   5.487E+02    17     0     59
3d5_c2D1e[5/2]                6.0      89496.3000     5.4578   5.493E+02    18     0     60
3d5_c2D1e[3/2]                4.0      89543.4000     5.4564   5.494E+02    18     0     61
3d4(3P2)4s_b2Pe[1/2]          2.0      90233.5000     5.4357   5.515E+02    18     0     62
3d4(3H)4s_b2He[9/2]          10.0      90440.5000     5.4295   5.522E+02    18     0     63
3d4(3H)4s_b2He[11/2]         12.0      90746.0600     5.4204   5.531E+02    18     0     64
3d4(3P2)4s_b2Pe[3/2]          4.0      91308.3000     5.4035   5.548E+02    18     0     65
3d4(3F2)4s_c2Fe[5/2]          6.0      91906.1000     5.3856   5.567E+02    18     0     66
3d4(3F2)4s_c2Fe[7/2]          8.0      91948.3000     5.3843   5.568E+02    18     0     67
3d4(3G)4s_c2Ge[7/2]           8.0      94397.2000     5.3109   5.645E+02    19     0     68
3d4(3D)4s_c4De[7/2]           8.0      94697.8500     5.3019   5.654E+02    20     0     69
3d4(3G)4s_c2Ge[9/2]          10.0      94707.2000     5.3016   5.655E+02    19     0     70
3d4(3D)4s_c4De[5/2]           6.0      94771.4700     5.2997   5.657E+02    20     0     71
3d4(3D)4s_c4De[3/2]           4.0      94850.6600     5.2973   5.659E+02    20     0     72
3d4(3D)4s_c4De[1/2]           2.0      94906.4500     5.2956   5.661E+02    20     0     73
3d4(1G2)4s_d2Ge[9/2]         10.0      96430.4000     5.2500   5.710E+02    19     0     74
3d4(1G2)4s_d2Ge[7/2]          8.0      96487.5000     5.2482   5.712E+02    19     0     75
3d4(1I)4s_b2Ie[13/2]         14.0      97239.8600     5.2257   5.737E+02    19     0     76
3d4(1I)4s_b2Ie[11/2]         12.0      97271.7600     5.2247   5.738E+02    19     0     77
3d4(1S2)4s_b2Se[1/2]          2.0      98960.7000     5.1741   5.794E+02    19     0     78
3d4(3D)4s_d2De[5/2]           6.0     100001.3000     5.1429   5.829E+02    21     0     79
3d4(3D)4s_d2De[3/2]           4.0     100085.2000     5.1404   5.832E+02    21     0     80
3d4(1D2)4s_e2De[5/2]          6.0     104470.8000     5.0089   5.985E+02    21     0     81
3d4(1D2)4s_e2De[3/2]          4.0     104517.9000     5.0075   5.987E+02    21     0     82
3d4(1F)4s_d2Fe[7/2]           8.0     109861.3500     4.8473   6.185E+02    22     0     83
3d4(1F)4s_d2Fe[5/2]           6.0     109864.4000     4.8472   6.185E+02    22     0     84
3d4(5D)4p_z6Fo[1/2]           2.0     110036.1400     4.8421   6.191E+02    23     0     85
3d4(5D)4p_z6Fo[3/2]           4.0     110172.6900     4.8380   6.197E+02    23     0     86
3d4(5D)4p_z6Fo[5/2]           6.0     110398.5000     4.8312   6.205E+02    23     0     87
3d4(5D)4p_z6Fo[7/2]           8.0     110711.6200     4.8218   6.217E+02    23     0     88
3d4(5D)4p_z6Fo[9/2]          10.0     111111.3900     4.8098   6.233E+02    23     0     89
3d4(5D)4p_z6Fo[11/2]         12.0     111601.4500     4.7951   6.252E+02    23     0     90
3d4(5D)4p_z6Po[3/2]           4.0     111776.6000     4.7899   6.259E+02    23     0     91
3d4(5D)4p_z6Po[5/2]           6.0     111883.6000     4.7867   6.263E+02    23     0     92
3d4(5D)4p_z6Po[7/2]           8.0     112057.8000     4.7815   6.270E+02    23     0     93
3d4(5D)4p_z4Po[1/2]           2.0     112645.3100     4.7638   6.293E+02    24     0     94
3d4(5D)4p_z4Po[3/2]           4.0     113078.3400     4.7509   6.310E+02    24     0     95
3d4(5D)4p_z4Po[5/2]           6.0     113676.5300     4.7329   6.334E+02    24     0     96
3d4(5D)4p_z6Do[1/2]           2.0     113991.3100     4.7235   6.347E+02    23     0     97
3d4(5D)4p_z6Do[3/2]           4.0     114094.9700     4.7204   6.351E+02    23     0     98
3d4(5D)4p_z6Do[7/2]           8.0     114209.0100     4.7170   6.356E+02    23     0     99
3d4(5D)4p_z6Do[5/2]           6.0     114287.9100     4.7146   6.359E+02    23     0    100
3d4(5D)4p_z6Do[9/2]          10.0     114501.1800     4.7082   6.367E+02    23     0    101
3d4(3F1)4s_c4Fe[9/2]         10.0     115711.6000     4.6719   6.417E+02    25     0    102
3d4(3F1)4s_c4Fe[3/2]          4.0     115762.6000     4.6704   6.419E+02    25     0    103
3d4(3F1)4s_c4Fe[7/2]          8.0     115774.0000     4.6700   6.419E+02    25     0    104
3d4(3F1)4s_c4Fe[5/2]          6.0     115780.2300     4.6699   6.420E+02    25     0    105
3d4(3P1)4s_c4Pe[3/2]          4.0     116207.5000     4.6571   6.437E+02    25     0    106
3d4(3P1)4s_c4Pe[1/2]          2.0     116498.4000     4.6483   6.449E+02    25     0    107
3d4(5D)4p_z4Fo[3/2]           4.0     116580.1700     4.6459   6.453E+02    24     0    108
3d4(3P1)4s_c4Pe[5/2]          6.0     116622.4000     4.6446   6.455E+02    25     0    109
3d4(5D)4p_z4Fo[5/2]           6.0     116692.1400     4.6425   6.458E+02    24     0    110
3d4(5D)4p_z4Fo[7/2]           8.0     116851.6900     4.6377   6.464E+02    24     0    111
3d4(5D)4p_z4Fo[9/2]          10.0     117063.7400     4.6314   6.473E+02    24     0    112
3d4(3P)4s_2Pe[3/2]            4.0     120809.4130     4.5191   6.634E+02    26     0    113
3d4(3F1)4s_e2Fe[7/2]          8.0     120955.4500     4.5147   6.640E+02    26     0    114
3d4(5D)4p_z4Do[1/2]           2.0     120974.2500     4.5141   6.641E+02    27     0    115
3d4(3F1)4s_e2Fe[5/2]          6.0     121003.1000     4.5133   6.642E+02    26     0    116
3d4(5D)4p_z4Do[3/2]           4.0     121091.0800     4.5106   6.646E+02    27     0    117
3d4(5D)4p_z4Do[5/2]           6.0     121267.3200     4.5054   6.654E+02    27     0    118
3d4(3P)4s_2Pe[1/2]            2.0     121397.9400     4.5014   6.660E+02    26     0    119
3d4(5D)4p_z4Do[7/2]           8.0     121480.2400     4.4990   6.664E+02    27     0    120
3d4(1G1)4s_e2Ge[9/2]         10.0     124973.1800     4.3943   6.822E+02    26     0    121
3d4(1G1)4s_e2Ge[7/2]          8.0     124986.3000     4.3939   6.823E+02    26     0    122
3d4(3H)4p_z4Ho[7/2]           8.0     130731.3100     4.2216   7.101E+02    28     0    123
3d4(3H)4p_z4Ho[9/2]          10.0     130895.3900     4.2167   7.110E+02    28     0    124
3d4(3H)4p_z4Ho[11/2]         12.0     131123.6400     4.2099   7.121E+02    28     0    125
3d4(a3P)4p_y4Do[1/2]          2.0     131287.1800     4.2050   7.129E+02    28     0    126
3d4(3H)4p_z4Ho[13/2]         14.0     131420.0300     4.2010   7.136E+02    28     0    127
3d4(a3P)4p_y4Do[3/2]          4.0     131701.6900     4.1925   7.151E+02    28     0    128
3d4(a3P)4p_y4Do[5/2]          6.0     132297.5500     4.1747   7.181E+02    28     0    129
3d4(a3F)4p_z4Go[5/2]          6.0     132897.7400     4.1567   7.212E+02    28     0    130
3d4(a3P)4p_y4Do[7/2]          8.0     132971.9900     4.1545   7.216E+02    28     0    131
3d4(a3F)4p_z4Go[7/2]          8.0     133059.8400     4.1518   7.221E+02    28     0    132
3d4(3H)4p_z4Io[9/2]          10.0     133086.5700     4.1510   7.222E+02    28     0    133
3d4(a3F)4p_z4Go[9/2]         10.0     133276.4000     4.1453   7.232E+02    28     0    134
3d4(3H)4p_z4Io[11/2]         12.0     133455.6400     4.1400   7.241E+02    28     0    135
3d4(a3P)4p_z2So[1/2]          2.0     133662.6000     4.1338   7.252E+02    29     0    136
3d4(a3F)4p_z4Go[11/2]        12.0     133736.6400     4.1315   7.256E+02    28     0    137
3d4(3H)4p_z2Go[7/2]           8.0     133751.5000     4.1311   7.257E+02    29     0    138
3d4(3H)4p_z4Io[13/2]         14.0     133804.2800     4.1295   7.260E+02    28     0    139
3d4(3H)4p_z2Go[9/2]          10.0     133949.5400     4.1252   7.267E+02    29     0    140
3d4(3H)4p_z4Io[15/2]         16.0     134136.6000     4.1196   7.277E+02    28     0    141
3d4(a3P)4p_y4Po[3/2]          4.0     134638.3900     4.1045   7.304E+02    28     0    142
3d4(a3P)4p_y4Po[1/2]          2.0     134789.1000     4.1000   7.312E+02    28     0    143
3d4(a3F)4p_y4Fo[3/2]          4.0     135116.8000     4.0902   7.330E+02    28     0    144
3d4(a3P)4p_y4Po[5/2]          6.0     135246.2700     4.0863   7.337E+02    28     0    145
3d4(a3F)4p_y4Fo[5/2]          6.0     135510.7000     4.0784   7.351E+02    28     0    146
3d4(3H)4p_y4Go[7/2]           8.0     135692.1700     4.0729   7.361E+02    28     0    147
3d4(3H)4p_y4Go[5/2]           6.0     135709.9000     4.0724   7.362E+02    28     0    148
3d4(3H)4p_y4Go[9/2]          10.0     135732.5000     4.0717   7.363E+02    28     0    149
3d4(3H)4p_y4Go[11/2]         12.0     135781.0900     4.0702   7.365E+02    28     0    150
3d4(a3P)4p_z2Po[3/2]          4.0     135859.0000     4.0679   7.370E+02    29     0    151
3d4(a3F)4p_y4Fo[7/2]          8.0     135869.7600     4.0676   7.370E+02    28     0    152
3d4(a3F)4p_y4Fo[9/2]         10.0     135944.0800     4.0654   7.374E+02    28     0    153
3d4(a3F)4p_z2Do[3/2]          4.0     135977.8000     4.0644   7.376E+02    29     0    154
3d4(a3F)4p_z2Do[5/2]          6.0     136053.9000     4.0621   7.380E+02    29     0    155
3d4(a3P)4p_z2Po[1/2]          2.0     136089.4000     4.0610   7.382E+02    29     0    156
3d4(3H)4p_z2Io[11/2]         12.0     136421.5000     4.0511   7.400E+02    29     0    157
3d4(3H)4p_z2Io[13/2]         14.0     136500.6300     4.0487   7.405E+02    29     0    158
3d4(a3F)4p_x4Do[5/2]          6.0     136796.6100     4.0398   7.421E+02    28     0    159
3d4(a3F)4p_x4Do[7/2]          8.0     136823.8600     4.0390   7.422E+02    28     0    160
3d4(a3F)4p_x4Do[3/2]          4.0     136888.7000     4.0370   7.426E+02    28     0    161
3d4(a3F)4p_x4Do[1/2]          2.0     136935.6000     4.0356   7.429E+02    28     0    162
3d4(a3P)4p_z4So[3/2]          4.0     137137.6900     4.0296   7.440E+02    28     0    163
3d4(a3F)4p_z2Fo[5/2]          6.0     137282.4000     4.0252   7.448E+02    29     0    164
3d4(3H)4p_z2Ho[9/2]          10.0     137436.7000     4.0206   7.456E+02    29     0    165
3d4(a3F)4p_z2Fo[7/2]          8.0     137599.2000     4.0157   7.465E+02    29     0    166
3d4(3G)4p_y4Ho[7/2]           8.0     137660.2400     4.0139   7.469E+02    30     0    167
3d4(3H)4p_z2Ho[11/2]         12.0     137908.2000     4.0065   7.483E+02    29     0    168
3d4(3G)4p_y4Ho[9/2]          10.0     137935.5300     4.0057   7.484E+02    30     0    169
3d4(3G)4p_x4Fo[3/2]           4.0     138234.7900     3.9967   7.501E+02    30     0    170
3d4(3G)4p_y4Ho[11/2]         12.0     138245.0900     3.9964   7.502E+02    30     0    171
3d4(3G)4p_x4Fo[9/2]          10.0     138312.7000     3.9944   7.505E+02    30     0    172
3d4(3G)4p_x4Fo[5/2]           6.0     138340.6200     3.9935   7.507E+02    30     0    173
3d4(3G)4p_x4Fo[7/2]           8.0     138362.8000     3.9929   7.508E+02    30     0    174
3d4(3G)4p_y4Ho[13/2]         14.0     138605.8000     3.9856   7.522E+02    30     0    175
3d4(a3P)4p_y2Do[3/2]          4.0     138692.0000     3.9830   7.527E+02    29     0    176
3d4(a3P)4p_y2Do[5/2]          6.0     139273.2000     3.9656   7.560E+02    29     0    177
3d4(a3F)4p_y2Go[7/2]          8.0     139643.6000     3.9545   7.581E+02    29     0    178
3d4(a3F)4p_y2Go[9/2]         10.0     139857.4000     3.9480   7.593E+02    29     0    179
3d4(3G)4p_y2Ho[11/2]         12.0     139902.0600     3.9467   7.596E+02    29     0    180
3d4(3G)4p_y2Fo[5/2]           6.0     139944.4000     3.9454   7.598E+02    31     0    181
3d4(3G)4p_y2Ho[9/2]          10.0     139970.9000     3.9446   7.600E+02    29     0    182
3d4(3G)4p_x4Go[5/2]           6.0     140207.0900     3.9376   7.614E+02    30     0    183
3d4(3G)4p_x4Go[7/2]           8.0     140294.4400     3.9349   7.619E+02    30     0    184
3d4(3G)4p_y2Fo[7/2]           8.0     140401.1000     3.9317   7.625E+02    31     0    185
3d4(3G)4p_x4Go[9/2]          10.0     140557.4600     3.9271   7.634E+02    30     0    186
3d4(3G)4p_x4Go[11/2]         12.0     140776.8800     3.9205   7.647E+02    30     0    187
3d4(3G)4p_x2Go[7/2]           8.0     143097.0000     3.8509   7.785E+02    31     0    188
3d4(3D)4p_w4Do[1/2]           2.0     143127.0000     3.8500   7.787E+02    30     0    189
3d4(3D)4p_w4Do[3/2]           4.0     143148.4000     3.8494   7.788E+02    30     0    190
3d4(3G)4p_x2Go[9/2]          10.0     143161.5000     3.8490   7.789E+02    31     0    191
3d4(3D)4p_w4Do[5/2]           6.0     143209.8000     3.8475   7.792E+02    30     0    192
3d4(3D)4p_w4Do[7/2]           8.0     143345.0700     3.8435   7.800E+02    30     0    193
3d4(1D)4s_2De[5/2]            6.0     143807.5340     3.8296   7.828E+02    32     0    194
3d4(1D)4s_2De[3/2]            4.0     143807.8750     3.8296   7.828E+02    32     0    195
3d4(a1G)4p_x2Fo[7/2]          8.0     144129.8000     3.8200   7.848E+02    31     0    196
3d4(3D)4p_x4Po[5/2]           6.0     144146.5000     3.8195   7.849E+02    33     0    197
3d4(1I)4p_y2Io[13/2]         14.0     144258.5000     3.8161   7.856E+02    31     0    198
3d4(1I)4p_y2Io[11/2]         12.0     144311.0000     3.8145   7.859E+02    31     0    199
3d4(a1G)4p_x2Ho[9/2]         10.0     144522.3000     3.8082   7.872E+02    31     0    200
3d4(3D)4p_w4Fo[3/2]           4.0     144525.5000     3.8081   7.872E+02    33     0    201
3d4(3D)4p_x4Po[3/2]           4.0     144619.0000     3.8053   7.878E+02    33     0    202
3d4(3D)4p_w4Fo[5/2]           6.0     144672.3800     3.8037   7.882E+02    33     0    203
3d4(a1G)4p_x2Fo[5/2]          6.0     144718.4000     3.8023   7.884E+02    31     0    204
3d4(3D)4p_w4Fo[7/2]           8.0     144817.6800     3.7993   7.891E+02    33     0    205
3d4(3D)4p_x4Po[1/2]           2.0     144832.9000     3.7989   7.892E+02    33     0    206
3d4(3D)4p_y2Po[1/2]           2.0     144879.1000     3.7975   7.894E+02    31     0    207
3d4(a1G)4p_x2Ho[11/2]        12.0     144880.1000     3.7975   7.895E+02    31     0    208
3d4(3D)4p_w4Fo[9/2]          10.0     144959.7400     3.7951   7.900E+02    33     0    209
3d4(1I)4p_z2Ko[13/2]         14.0     145008.3600     3.7936   7.903E+02    31     0    210
3d4(3D)4p_y2Po[3/2]           4.0     145120.8000     3.7903   7.910E+02    31     0    211
3d4(1I)4p_z2Ko[15/2]         16.0     145455.1000     3.7802   7.931E+02    31     0    212
3d4(a1G)4p_w2Go[7/2]          8.0     146591.9000     3.7461   8.003E+02    31     0    213
3d4(a1G)4p_w2Go[9/2]         10.0     146788.4000     3.7403   8.015E+02    31     0    214
3d4(1I)4p_w2Ho[11/2]         12.0     148206.9000     3.6977   8.107E+02    34     0    215
3d4(3D)4p_w2Fo[7/2]           8.0     148355.6000     3.6933   8.117E+02    34     0    216
3d4(1I)4p_w2Ho[9/2]          10.0     148560.5000     3.6871   8.131E+02    34     0    217
3d4(3D)4p_w2Fo[5/2]           6.0     148568.4000     3.6869   8.131E+02    34     0    218
3d4(3D)4p_x2Do[5/2]           6.0     149234.4000     3.6669   8.176E+02    34     0    219
3d4(a1S)4p_x2Po[3/2]          4.0     149512.9000     3.6586   8.194E+02    34     0    220
3d4(3D)4p_x2Do[3/2]           4.0     149540.5000     3.6578   8.196E+02    34     0    221
3d4(a1S)4p_x2Po[1/2]          2.0     149621.0000     3.6553   8.201E+02    34     0    222
3d4a1D)4p_w2Do[3/2]           4.0     151628.8000     3.5951   8.339E+02    34     0    223
3d4a1D)4p_w2Do[5/2]           6.0     151871.3000     3.5879   8.356E+02    34     0    224
3d4a1D)4p_v2Fo[7/2]           8.0     152370.6500     3.5729   8.391E+02    34     0    225
3d4a1D)4p_v2Fo[5/2]           6.0     153067.7000     3.5520   8.440E+02    34     0    226
3d4(1D)4p_2Po[1/2]            2.0     155091.6300     3.4913   8.587E+02    34     0    227
3d4(1D)4p_2Po[3/2]            4.0     155148.8100     3.4896   8.591E+02    34     0    228
3d4(1F)4p_u2Fo[5/2]           6.0     156621.7000     3.4455   8.701E+02    35     0    229
3d4(1F)4p_u2Fo[7/2]           8.0     156809.6000     3.4398   8.715E+02    35     0    230
3d4(1F)4p_v2Go[9/2]          10.0     158016.3000     3.4037   8.808E+02    35     0    231
3d4(1F)4p_2Go[7/2]            8.0     158054.6900     3.4025   8.811E+02    35     0    232
3d4(1F)4p_v2Do[5/2]           6.0     160039.7000     3.3430   8.968E+02    35     0    233
3d4(1F)4p_v2Do[3/2]           4.0     160758.5000     3.3214   9.026E+02    35     0    234
3d4(b3F)4p_v4Fo[3/2]          4.0     162999.8000     3.2543   9.212E+02    36     0    235
3d4(b3F)4p_v4Fo[5/2]          6.0     163022.3000     3.2536   9.214E+02    36     0    236
3d4(b3F)4p_v4Fo[7/2]          8.0     163078.5000     3.2519   9.219E+02    36     0    237
3d4(b3F)4p_v4Fo[9/2]         10.0     163194.6000     3.2484   9.229E+02    36     0    238
3d3(4F)4s2_4Fe[3/2]           4.0     163276.8560     3.2459   9.236E+02    37     0    239
3d4(3P)4p_4Po[3/2]            4.0     163438.8070     3.2411   9.250E+02    36     0    240
3d4(3P)4p_4Po[5/2]            6.0     163505.9280     3.2391   9.255E+02    36     0    241
3d4(3P)4p_4Po[1/2]            2.0     163571.9670     3.2371   9.261E+02    36     0    242
3d3(4F)4s2_4Fe[5/2]           6.0     163637.5830     3.2351   9.267E+02    37     0    243
3d4(3P)4p_4Do[7/2]            8.0     163953.2340     3.2257   9.294E+02    36     0    244
3d4(3P)4p_4Do[3/2]            4.0     164108.6290     3.2210   9.307E+02    36     0    245
3d4(3P)4p_4Do[5/2]            6.0     164114.0620     3.2208   9.308E+02    36     0    246
3d4(3P)4p_4Do[1/2]            2.0     164118.6610     3.2207   9.308E+02    36     0    247
3d3(4F)4s2_4Fe[7/2]           8.0     164125.9410     3.2205   9.309E+02    37     0    248
3d3(4F)4s2_4Fe[9/2]          10.0     164727.4140     3.2025   9.361E+02    37     0    249
3d4(3P)4p_2Do[5/2]            6.0     165312.8730     3.1849   9.413E+02    38     0    250
3d4(b3F)4p_w4Go[5/2]          6.0     165382.0000     3.1828   9.419E+02    36     0    251
3d4(b3F)4p_w4Go[7/2]          8.0     165428.7000     3.1814   9.423E+02    36     0    252
3d4(3P)4p_2Do[3/2]            4.0     165549.1880     3.1778   9.434E+02    38     0    253
3d4(b3F)4p_t2Fo[7/2]          8.0     165702.9000     3.1732   9.448E+02    38     0    254
3d4(b3F)4p_w4Go[9/2]         10.0     165740.0000     3.1721   9.451E+02    36     0    255
3d4(b3F)4p_t2Fo[5/2]          6.0     165922.9000     3.1666   9.467E+02    38     0    256
3d4(b3F)4p_w4Go[11/2]        12.0     165947.0000     3.1659   9.469E+02    36     0    257
3d4(1S)4s_2Se[1/2]            2.0     165970.6420     3.1652   9.472E+02    39     0    258
3d4(b3P)4p_y4So[3/2]          4.0     167808.4000     3.1101   9.639E+02    36     0    259
3d4(b3F)4p_u2Go[9/2]         10.0     169455.0000     3.0607   9.795E+02    38     0    260
3d4(b3F)4p_u4Do[7/2]          8.0     169518.3000     3.0588   9.801E+02    36     0    261
3d4(3F)4p_2Go[7/2]            8.0     169559.1960     3.0576   9.805E+02    38     0    262
3d4(b3F)4p_u2Go[11/2]        12.0     169682.4000     3.0539   9.817E+02    38     0    263
3d4(3F)4p_4Do[1/2]            2.0     169718.9840     3.0528   9.820E+02    36     0    264
3d4(b3F)4p_u4Do[5/2]          6.0     169773.2000     3.0512   9.825E+02    36     0    265
3d4(3P)4p_2Po[3/2]            4.0     169952.8410     3.0458   9.843E+02    38     0    266
3d4(b3F)4p_u4Do[3/2]          4.0     169977.2000     3.0451   9.845E+02    36     0    267
3d4(3P)4p_2Po[1/2]            2.0     170288.4380     3.0357   9.875E+02    38     0    268
3d4(5D)4d_4Se[3/2]            4.0     171463.7850     3.0005   9.991E+02    37     0    269
3d4(3P)4p_2So[1/2]            2.0     172091.1710     2.9817   1.005E+03    38     0    270
3d4(5D)4d_e6Ge[3/2]           4.0     172451.2300     2.9709   1.009E+03    40     0    271
3d4(5D)4d_e6Ge[5/2]           6.0     172547.8500     2.9680   1.010E+03    40     0    272
3d4(5D)4d_e6Pe[3/2]           4.0     172569.2700     2.9674   1.010E+03    40     0    273
3d4(5D)4d_e6Pe[5/2]           6.0     172613.8700     2.9660   1.011E+03    40     0    274
3d4(5D)4d_e6Ge[7/2]           8.0     172682.6400     2.9640   1.011E+03    40     0    275
3d4(5D)4d_e6Pe[7/2]           8.0     172755.9500     2.9618   1.012E+03    40     0    276
3d4(5D)4d_e6Ge[9/2]          10.0     172855.0200     2.9588   1.013E+03    40     0    277
3d4(1G)4p_2Ho[9/2]           10.0     172879.3690     2.9581   1.013E+03    38     0    278
3d4(5D)4d_e6Ge[11/2]         12.0     173063.5500     2.9525   1.015E+03    40     0    279
3d4(1G)4p_2Go[7/2]            8.0     173223.8110     2.9477   1.017E+03    41     0    280
3d4(5D)4d_e6Ge[13/2]         14.0     173306.4500     2.9453   1.018E+03    40     0    281
3d4(1G)4p_2Go[9/2]           10.0     173665.3340     2.9345   1.022E+03    41     0    282
3d4(5D)4d_e6De[1/2]           2.0     173835.0700     2.9294   1.023E+03    40     0    283
3d4(5D)4d_e6De[3/2]           4.0     173920.6900     2.9269   1.024E+03    40     0    284
3d4(5D)4d_e6De[5/2]           6.0     174048.8900     2.9230   1.026E+03    40     0    285
3d4(5D)4d_e6De[7/2]           8.0     174243.3300     2.9172   1.028E+03    40     0    286
3d4(5D)4d_e6Fe[1/2]           2.0     174247.6300     2.9171   1.028E+03    40     0    287
3d4(5D)4d_e6Fe[3/2]           4.0     174332.9100     2.9145   1.029E+03    40     0    288
3d4(5D)4d_e6Fe[5/2]           6.0     174436.5900     2.9114   1.030E+03    40     0    289
3d4(5D)4d_e6De[9/2]          10.0     174464.0700     2.9106   1.030E+03    40     0    290
3d4(5D)4d_e6Fe[7/2]           8.0     174575.8700     2.9072   1.031E+03    40     0    291
3d4(5D)4d_e6Fe[9/2]          10.0     174874.5000     2.8983   1.034E+03    40     0    292
3d4(5D)4d_e6Fe[11/2]         12.0     174975.6500     2.8952   1.035E+03    40     0    293
3d4(3F)4p_2Do[5/2]            6.0     175074.8710     2.8923   1.037E+03    41     0    294
3d4(1G)4p_2Fo[7/2]            8.0     175129.9070     2.8906   1.037E+03    41     0    295
3d4(3F)4p_2Do[3/2]            4.0     175278.7130     2.8861   1.039E+03    41     0    296
3d4(1G)4p_2Fo[5/2]            6.0     175535.3580     2.8784   1.042E+03    41     0    297
3d4(5D)4d_e4Pe[1/2]           2.0     175918.5000     2.8670   1.046E+03    42     0    298
3d4(5D)5s_f6De[1/2]           2.0     176100.7100     2.8615   1.048E+03    40     0    299
3d4(5D)5s_f6De[3/2]           4.0     176209.1500     2.8582   1.049E+03    40     0    300
3d4(5D)4d_e4Pe[3/2]           4.0     176265.7800     2.8565   1.049E+03    42     0    301
3d4(5D)4d_e4Ge[5/2]           6.0     176270.2500     2.8564   1.050E+03    42     0    302
3d4(5D)5s_f6De[5/2]           6.0     176390.6700     2.8528   1.051E+03    40     0    303
3d4(5D)4d_e4Ge[7/2]           8.0     176464.7800     2.8506   1.052E+03    42     0    304
3d4(5D)5s_f6De[7/2]           8.0     176641.1400     2.8453   1.054E+03    40     0    305
3d4(5D)4d_e4Pe[5/2]           6.0     176683.7600     2.8440   1.054E+03    42     0    306
3d4(5D)4d_e4Ge[9/2]          10.0     176695.0600     2.8437   1.054E+03    42     0    307
3d4(5D)5s_f6De[9/2]          10.0     176945.2000     2.8362   1.057E+03    40     0    308
3d4(5D)4d_e4Ge[11/2]         12.0     176970.0100     2.8354   1.057E+03    42     0    309
3d4(5D)4d_e4De[1/2]           2.0     177185.1800     2.8290   1.060E+03    42     0    310
3d4(5D)4d_e4De[3/2]           4.0     177269.3400     2.8265   1.061E+03    42     0    311
3d4(5D)4d_e4De[5/2]           6.0     177477.2300     2.8202   1.063E+03    42     0    312
3d4(5D)4d_e4De[7/2]           8.0     177687.5400     2.8139   1.065E+03    42     0    313
3d4(5D)5s_f4De[1/2]           2.0     178386.0000     2.7930   1.073E+03    42     0    314
3d4(5D)5s_f4De[3/2]           4.0     178558.3000     2.7878   1.075E+03    42     0    315
3d4(5D)5s_f4De[5/2]           6.0     178816.9600     2.7801   1.078E+03    42     0    316
3d4(5D)5s_f4De[7/2]           8.0     179152.0900     2.7700   1.082E+03    42     0    317
3d4(5D)4d_e4Fe[3/2]           4.0     179228.6900     2.7677   1.083E+03    42     0    318
3d4(5D)4d_e4Fe[5/2]           6.0     179339.5900     2.7644   1.084E+03    42     0    319
3d4(5D)4d_4Fe[7/2]            8.0     179416.1760     2.7621   1.085E+03    42     0    320
3d4(5D)4d_e4Fe[9/2]          10.0     179683.6100     2.7541   1.089E+03    42     0    321
3d3(4P)4s2_4Pe[1/2]           2.0     179905.5970     2.7474   1.091E+03    42     0    322
3d3(4P)4s2_4Pe[3/2]           4.0     180022.6880     2.7439   1.093E+03    42     0    323
3d3(4P)4s2_4Pe[5/2]           6.0     180397.5560     2.7327   1.097E+03    42     0    324
3d3(2G)4s2_2Ge[7/2]           8.0     180773.1670     2.7214   1.102E+03    43     0    325
3d3(2G)4s2_2Ge[9/2]          10.0     181275.9790     2.7063   1.108E+03    43     0    326
3d4(5D)4d_e6Se[5/2]           6.0     181949.3400     2.6862   1.116E+03    44     0    327
3d3(2P)4s2_2Pe[1/2]           2.0     184869.4960     2.5986   1.154E+03    43     0    328
3d3(2P)4s2_2Pe[3/2]           4.0     185010.1270     2.5944   1.156E+03    43     0    329
3d3(2H)4s2_2He[9/2]          10.0     186843.2760     2.5394   1.181E+03    43     0    330
3d3(2H)4s2_2He[11/2]         12.0     187213.6930     2.5283   1.186E+03    43     0    331
3d3(2D)4s2_2De[3/2]           4.0     187387.9730     2.5231   1.188E+03    43     0    332
3d3(2D)4s2_2De[5/2]           6.0     187655.4440     2.5151   1.192E+03    43     0    333
3d4(1D)4p_2Pbo[3/2]           4.0     189622.1550     2.4561   1.221E+03    45     0    334
3d4(1D)4p_2Pbo[1/2]           2.0     190036.3280     2.4437   1.227E+03    45     0    335
3d4(5D)5p_y6Fo[1/2]           2.0     191915.4300     2.3874   1.256E+03    46     0    336
3d3(4F)4s4p_6Go[3/2]          4.0     191993.8920     2.3850   1.257E+03    46     0    337
3d4(5D)5p_y6Fo[3/2]           4.0     192012.7500     2.3845   1.257E+03    46     0    338
3d4(5D)5p_y6Fo[5/2]           6.0     192172.8900     2.3797   1.260E+03    46     0    339
3d3(4F)4s4p_6Go[5/2]          6.0     192261.5270     2.3770   1.261E+03    46     0    340
3d4(5D)5p_y6Po[3/2]           4.0     192365.5200     2.3739   1.263E+03    46     0    341
3d4(5D)5p_y6Fo[7/2]           8.0     192392.2000     2.3731   1.263E+03    46     0    342
3d4(1D)4p_2Fo[5/2]            6.0     192427.5510     2.3720   1.264E+03    45     0    343
3d4(5D)5p_y6Po[5/2]           6.0     192576.4200     2.3676   1.266E+03    46     0    344
3d3(4F)4s4p_6Go[7/2]          8.0     192625.5970     2.3661   1.267E+03    46     0    345
3d4(5D)5p_y6Fo[9/2]          10.0     192665.8000     2.3649   1.268E+03    46     0    346
3d4(5D)5p_y6Do[1/2]           2.0     192741.6700     2.3626   1.269E+03    46     0    347
3d4(5D)5p_y6Po[7/2]           8.0     192880.1600     2.3585   1.271E+03    46     0    348
3d4(5D)5p_y6Do[3/2]           4.0     192948.2900     2.3564   1.272E+03    46     0    349
3d4(5D)5p_y6Fo[11/2]         12.0     192989.0500     2.3552   1.273E+03    46     0    350
3d4(1D)4p_2Fo[7/2]            8.0     193037.3000     2.3538   1.274E+03    45     0    351
3d3(4F)4s4p_6Go[9/2]         10.0     193090.2420     2.3522   1.275E+03    46     0    352
3d4(5D)5p_y6Do[5/2]           6.0     193235.4300     2.3478   1.277E+03    46     0    353
3d4(5D)5p_y6Do[7/2]           8.0     193498.0700     2.3399   1.281E+03    46     0    354
3d3(4F)4s4p_6Go[11/2]        12.0     193653.0580     2.3353   1.284E+03    46     0    355
3d4(5D)5p_y6Do[9/2]          10.0     193756.7900     2.3322   1.285E+03    46     0    356
3d4(3P)4d_4Fe[3/2]            4.0     194249.4440     2.3174   1.294E+03    47     0    357
3d3(4F)4s4p_6Go[13/2]        14.0     194312.3260     2.3155   1.295E+03    46     0    358
3d4(3H)4d_e4Ie[9/2]          10.0     194446.1000     2.3115   1.297E+03    47     0    359
3d4(3P)4d_4Fe[5/2]            6.0     194450.7570     2.3114   1.297E+03    47     0    360
3d4(5D)5p_w4Po[1/2]           2.0     194545.7800     2.3085   1.299E+03    48     0    361
3d4(3H)4d_e4He[7/2]           8.0     194555.4000     2.3082   1.299E+03    47     0    362
3d4(3H)4d_e4He[9/2]          10.0     194744.0000     2.3026   1.302E+03    47     0    363
3d4(3P)4d_4Fe[7/2]            8.0     194750.6790     2.3024   1.302E+03    47     0    364
3d4(3H)4d_2Ge[9/2]           10.0     194821.5610     2.3003   1.303E+03    49     0    365
3d4(3P)4d_4De[1/2]            2.0     194840.0100     2.2997   1.304E+03    47     0    366
3d4(5D)5p_u4Fo[3/2]           4.0     194849.1000     2.2994   1.304E+03    48     0    367
3d4(3H)4d_2Ge[7/2]            8.0     194873.1990     2.2987   1.304E+03    49     0    368
3d4(3H)4d_4He[13/2]          14.0     194877.4760     2.2986   1.304E+03    47     0    369
3d4(3H)4d_e4Ie[11/2]         12.0     194893.0000     2.2981   1.305E+03    47     0    370
3d4(5D)5p_w4Po[3/2]           4.0     194894.7800     2.2981   1.305E+03    48     0    371
3d4(3H)4d_e4Ke[11/2]         12.0     194900.4000     2.2979   1.305E+03    47     0    372
3d4(3H)4d_e4He[11/2]         12.0     194908.2000     2.2977   1.305E+03    47     0    373
3d4(3P)4d_4De[3/2]            4.0     194953.3820     2.2963   1.306E+03    47     0    374
3d4(5D)5p_u4Fo[5/2]           6.0     194971.1500     2.2958   1.306E+03    48     0    375
3d3(4F)4s4p_6Fo[1/2]          2.0     194972.9320     2.2957   1.306E+03    46     0    376
3d4(3H)4d_e4Ke[13/2]         14.0     195036.2000     2.2938   1.307E+03    47     0    377
3d3(4F)4s4p_6Fo[3/2]          4.0     195052.8800     2.2933   1.307E+03    46     0    378
3d4(5D)5p_u4Fo[7/2]           8.0     195112.8100     2.2915   1.308E+03    48     0    379
3d4(3H)4d_e4Ie[13/2]         14.0     195141.8000     2.2907   1.309E+03    47     0    380
3d3(4F)4s4p_6Do[1/2]          2.0     195165.2000     2.2900   1.309E+03    46     0    381
3d4(3H)4d_e4Ke[15/2]         16.0     195186.9000     2.2893   1.310E+03    47     0    382
3d3(4F)4s4p_6Do[5/2]          6.0     195213.0100     2.2885   1.310E+03    46     0    383
3d4(3P)4d_4De[5/2]            6.0     195267.7280     2.2869   1.311E+03    47     0    384
3d4(3P)4d_2Pe[3/2]            4.0     195293.1230     2.2861   1.311E+03    49     0    385
3d4(5D)5p_u4Fo[9/2]          10.0     195308.7900     2.2857   1.312E+03    48     0    386
3d4(5D)5p_w4Po[5/2]           6.0     195315.7800     2.2854   1.312E+03    48     0    387
3d3(4F)4s4p_6Do[3/2]          4.0     195316.3620     2.2854   1.312E+03    46     0    388
3d4(3H)4d_e4Ke[17/2]         18.0     195343.1000     2.2846   1.312E+03    47     0    389
3d4(3H)4d_f4Ge[9/2]          10.0     195415.2000     2.2825   1.313E+03    47     0    390
3d4(3H)4d_e4Ie[15/2]         16.0     195455.5000     2.2813   1.314E+03    47     0    391
3d4(5D)5p_v4Do[1/2]           2.0     195462.2600     2.2811   1.314E+03    48     0    392
3d3(4F)4s4p_6Do[7/2]          8.0     195462.4810     2.2810   1.314E+03    46     0    393
3d3(4F)4s4p_6Fo[5/2]          6.0     195544.4260     2.2786   1.316E+03    46     0    394
3d4(3F)4d_2Pe[1/2]            2.0     195586.0840     2.2773   1.316E+03    49     0    395
3d4(5D)5p_v4Do[3/2]           4.0     195592.0900     2.2772   1.317E+03    48     0    396
3d4(3P)4d_4De[7/2]            8.0     195606.9380     2.2767   1.317E+03    47     0    397
3d4(3H)4d_f4Ge[11/2]         12.0     195682.5000     2.2745   1.318E+03    47     0    398
3d4(5D)5p_v4Do[5/2]           6.0     195752.4800     2.2724   1.319E+03    48     0    399
3d3(4F)4s4p_6Do[9/2]         10.0     195804.1680     2.2708   1.320E+03    46     0    400
3d3(4F)4s4p_6Fo[7/2]          8.0     195838.8980     2.2698   1.321E+03    46     0    401
3d4(5D)5p_v4Do[7/2]           8.0     195948.4400     2.2665   1.323E+03    48     0    402
3d4(1D)4p_2Do[3/2]            4.0     196013.8450     2.2645   1.324E+03    45     0    403
3d4(3H)4d_4Fe[5/2]            6.0     196147.7970     2.2605   1.326E+03    47     0    404
3d3(4F)4s4p_6Fo[9/2]         10.0     196192.1220     2.2592   1.327E+03    46     0    405
3d4(3F)4d_4He[7/2]            8.0     196214.3580     2.2585   1.327E+03    47     0    406
3d4(3H)4d_4Fe[3/2]            4.0     196230.7130     2.2580   1.328E+03    47     0    407
3d4(1D)4p_2Do[5/2]            6.0     196267.3870     2.2569   1.328E+03    45     0    408
3d4(3H)4d_4Fbe[5/2]           6.0     196278.3960     2.2566   1.329E+03    47     0    409
3d4(3H)4d_4Fe[7/2]            8.0     196290.5200     2.2562   1.329E+03    47     0    410
3d4(3H)4d_2Ke[13/2]          14.0     196311.8810     2.2556   1.329E+03    49     0    411
3d4(3F)4d_4He[9/2]           10.0     196330.4690     2.2550   1.329E+03    47     0    412
3d4(3P)4d_4Pe[5/2]            6.0     196360.6370     2.2541   1.330E+03    47     0    413
3d4(3F)4d_4He[11/2]          12.0     196465.2480     2.2510   1.332E+03    47     0    414
3d4(3P)4d_4Pe[3/2]            4.0     196515.4290     2.2495   1.333E+03    47     0    415
3d4(3H)4d_4Fe[9/2]           10.0     196550.5660     2.2484   1.333E+03    47     0    416
3d4(3H)4d_2Ke[15/2]          16.0     196581.6300     2.2475   1.334E+03    49     0    417
3d3(4F)4s4p_6Fo[11/2]        12.0     196594.7640     2.2471   1.334E+03    46     0    418
3d4(3F)4d_4Ge[5/2]            6.0     196621.3510     2.2463   1.335E+03    50     0    419
3d4(3F)4d_4He[13/2]          14.0     196627.0830     2.2461   1.335E+03    47     0    420
3d4(3P)4d_4Pe[1/2]            2.0     196638.2370     2.2458   1.335E+03    47     0    421
3d4(3F)4d_4Ge[7/2]            8.0     196662.2240     2.2451   1.335E+03    50     0    422
3d4(3H)4d_2He[9/2]           10.0     196700.3290     2.2439   1.336E+03    49     0    423
3d4(3F)4d_4Ge[9/2]           10.0     196831.0610     2.2400   1.338E+03    50     0    424
3d4(3H)4d_2Fe[7/2]            8.0     196899.9210     2.2380   1.340E+03    49     0    425
3d4(3H)4d_2He[11/2]          12.0     196920.5230     2.2373   1.340E+03    49     0    426
3d4(3P)4d_2De[3/2]            4.0     197007.3290     2.2347   1.342E+03    49     0    427
3d4(3P)4d_2De[5/2]            6.0     197234.2470     2.2279   1.346E+03    49     0    428
3d4(3P)5s_4Pe[1/2]            2.0     197369.8910     2.2239   1.348E+03    47     0    429
3d4(3F)4d_4Fe[5/2]            6.0     197522.5220     2.2193   1.351E+03    47     0    430
3d4(3F)4d_4Fe[3/2]            4.0     197584.9780     2.2174   1.352E+03    47     0    431
3d4(3F)4d_4Fe[7/2]            8.0     197604.4130     2.2168   1.352E+03    47     0    432
3d4(3F)4d_4De[1/2]            2.0     197664.9460     2.2150   1.353E+03    47     0    433
3d4(3H)5s_4He[7/2]            8.0     197702.7400     2.2139   1.354E+03    47     0    434
3d4(3F)4d_4De[3/2]            4.0     197735.9360     2.2129   1.355E+03    47     0    435
3d4(3F)4d_4Fe[9/2]           10.0     197776.5620     2.2117   1.356E+03    47     0    436
3d4(3F)4d_4De[7/2]            8.0     197799.0020     2.2110   1.356E+03    47     0    437
3d4(3F)4d_4De[5/2]            6.0     197809.9630     2.2107   1.356E+03    47     0    438
3d4(3H)5s_4He[9/2]           10.0     197815.0100     2.2105   1.356E+03    47     0    439
3d4(3H)4d_2Ie[11/2]          12.0     197826.3120     2.2102   1.356E+03    49     0    440
3d4(3G)4d_4Ge[5/2]            6.0     197875.6870     2.2087   1.357E+03    47     0    441
3d4(3P)5s_4Pe[3/2]            4.0     197900.3120     2.2080   1.358E+03    47     0    442
3d4(3H)5s_4He[11/2]          12.0     197960.2480     2.2062   1.359E+03    47     0    443
3d4(3H)5s_4He[13/2]          14.0     198114.3900     2.2015   1.362E+03    47     0    444
3d4(3G)4d_4Ge[7/2]            8.0     198121.6560     2.2013   1.362E+03    47     0    445
3d4(3H)4d_2Ie[13/2]          14.0     198174.6890     2.1997   1.363E+03    49     0    446
3d4(3G)4d_4Ge[9/2]           10.0     198346.3910     2.1946   1.366E+03    47     0    447
3d4(3G)4d_4Ge[11/2]          12.0     198555.5600     2.1883   1.370E+03    47     0    448
3d4(3F)4d_2Fe[5/2]            6.0     198637.5040     2.1859   1.372E+03    49     0    449
3d4(3P)5s_2Pe[1/2]            2.0     198710.7380     2.1837   1.373E+03    49     0    450
3d4(3P)5s_4Pe[5/2]            6.0     198814.9630     2.1805   1.375E+03    47     0    451
3d4(3F)4d_2Fe[7/2]            8.0     198838.7710     2.1798   1.375E+03    49     0    452
3d4(3F)4d_2Pe[3/2]            4.0     198881.0230     2.1786   1.376E+03    49     0    453
3d4(3H)5s_2He[9/2]           10.0     198945.9370     2.1766   1.377E+03    49     0    454
3d4(3G)4d_4Ie[9/2]           10.0     199189.7310     2.1693   1.382E+03    47     0    455
3d4(3F)4d_2Ge[7/2]            8.0     199198.8100     2.1690   1.382E+03    49     0    456
3d4(3H)5s_2He[11/2]          12.0     199305.8300     2.1658   1.384E+03    49     0    457
3d4(3F)4d_2Pbe[1/2]           2.0     199368.9700     2.1639   1.385E+03    51     0    458
3d4(3F)4d_2Ge[9/2]           10.0     199424.1360     2.1623   1.386E+03    49     0    459
3d4(3G)4d_4Ie[11/2]          12.0     199432.7190     2.1620   1.387E+03    47     0    460
3d4(3F)5s_4Fe[3/2]            4.0     199475.5240     2.1607   1.387E+03    47     0    461
3d4(3F)5s_4Fe[5/2]            6.0     199519.2420     2.1594   1.388E+03    47     0    462
3d4(3F)5s_4Fe[7/2]            8.0     199585.6510     2.1574   1.390E+03    47     0    463
3d4(3F)4d_2He[9/2]           10.0     199609.0540     2.1567   1.390E+03    49     0    464
3d4(3G)4d_4Ie[13/2]          14.0     199628.4570     2.1562   1.390E+03    47     0    465
3d4(3F)5s_4Fe[9/2]           10.0     199692.7800     2.1542   1.392E+03    47     0    466
3d4(3G)4d_2Fe[5/2]            6.0     199723.6890     2.1533   1.392E+03    49     0    467
3d3(4F)4s4p_4Do[1/2]          2.0     199741.4490     2.1528   1.393E+03    48     0    468
3d4(3G)4d_4He[7/2]            8.0     199751.4380     2.1525   1.393E+03    47     0    469
3d4(3F)4d_2He[11/2]          12.0     199788.1490     2.1514   1.393E+03    49     0    470
3d4(3G)4d_4Ie[15/2]          16.0     199820.7790     2.1504   1.394E+03    47     0    471
3d4(3G)4d_4He[9/2]           10.0     199866.8470     2.1490   1.395E+03    47     0    472
3d3(4F)4s4p_4Do[3/2]          4.0     199870.0410     2.1489   1.395E+03    48     0    473
3d4(3P)5s_2Pe[3/2]            4.0     199935.4760     2.1469   1.396E+03    49     0    474
3d4(3G)4d_4He[11/2]          12.0     199996.6980     2.1451   1.398E+03    47     0    475
3d4(3G)4d_4He[13/2]          14.0     200147.6260     2.1406   1.401E+03    47     0    476
3d3(4F)4s4p_4Do[5/2]          6.0     200152.9960     2.1404   1.401E+03    48     0    477
3d4(3G)4d_2Fe[7/2]            8.0     200261.0780     2.1372   1.403E+03    49     0    478
3d4(3G)4d_2De[3/2]            4.0     200509.4760     2.1297   1.408E+03    49     0    479
3d4(3G)4d_2De[5/2]            6.0     200514.8060     2.1296   1.408E+03    49     0    480
3d3(4F)4s4p_4Do[7/2]          8.0     200624.4150     2.1263   1.410E+03    48     0    481
3d3(4F)4s4p_4Go[5/2]          6.0     200694.5370     2.1242   1.411E+03    48     0    482
3d4(3F)5s_2Fe[5/2]            6.0     200744.6710     2.1227   1.412E+03    49     0    483
3d4(3F)5s_2Fe[7/2]            8.0     200905.8300     2.1179   1.416E+03    49     0    484
3d4(3F)4d_2De[3/2]            4.0     200911.8600     2.1177   1.416E+03    49     0    485
3d3(2F)4s2_2Fe[5/2]           6.0     200946.5470     2.1166   1.416E+03    49     0    486
3d3(2F)4s2_2Fe[7/2]           8.0     201044.1830     2.1137   1.418E+03    49     0    487
3d3(4F)4s4p_4Go[7/2]          8.0     201078.4950     2.1127   1.419E+03    48     0    488
3d4(3G)4d_2Ie[11/2]          12.0     201115.1250     2.1116   1.420E+03    49     0    489
3d4(3F)4d_2De[5/2]            6.0     201139.8190     2.1108   1.420E+03    49     0    490
3d4(3G)4d_2Ie[13/2]          14.0     201468.8270     2.1010   1.427E+03    49     0    491
3d3(4F)4s4p_4Go[9/2]         10.0     201564.0310     2.0981   1.429E+03    48     0    492
3d4(3G)4d_2He[9/2]           10.0     201898.5770     2.0881   1.436E+03    49     0    493
3d4(3G)4d_4Fe[3/2]            4.0     201914.5080     2.0876   1.436E+03    47     0    494
3d4(3G)4d_4Fe[5/2]            6.0     201982.8950     2.0856   1.437E+03    47     0    495
3d4(3G)4d_2He[11/2]          12.0     202018.7880     2.0845   1.438E+03    49     0    496
3d3(4F)4s4p_4Go[11/2]        12.0     202148.5780     2.0806   1.441E+03    48     0    497
3d4(3G)4d_4De[1/2]            2.0     202157.4110     2.0803   1.441E+03    47     0    498
3d4(3G)4d_4Fe[7/2]            8.0     202173.9270     2.0798   1.441E+03    47     0    499
3d4(3G)4d_4De[3/2]            4.0     202198.1680     2.0791   1.442E+03    47     0    500
3d4(3G)5s_4Ge[5/2]            6.0     202232.5530     2.0781   1.443E+03    47     0    501
3d4(3G)5s_4Gbe[5/2]           6.0     202247.6270     2.0776   1.443E+03    47     0    502
3d4(3G)5s_4Ge[7/2]            8.0     202350.9770     2.0745   1.445E+03    47     0    503
3d4(3G)4d_4Fe[9/2]           10.0     202374.6460     2.0738   1.446E+03    47     0    504
3d4(3G)5s_4Ge[9/2]           10.0     202516.1480     2.0696   1.449E+03    47     0    505
3d4(3F)4d_4Pe[1/2]            2.0     202563.1680     2.0682   1.450E+03    47     0    506
3d4(3F)4d_4Pe[3/2]            4.0     202603.4210     2.0670   1.450E+03    47     0    507
3d3(4F)4s4p_2Do[3/2]          4.0     202653.9690     2.0655   1.451E+03    52     0    508
3d4(3G)4d_4De[5/2]            6.0     202685.7870     2.0645   1.452E+03    47     0    509
3d4(3G)5s_4Ge[11/2]          12.0     202687.3580     2.0645   1.452E+03    47     0    510
3d4(3G)4d_4De[7/2]            8.0     202765.3290     2.0621   1.454E+03    47     0    511
3d3(2F)4s2_2Fbe[7/2]          8.0     202938.7490     2.0569   1.457E+03    49     0    512
3d3(2F)4s2_2Fbe[5/2]          6.0     202947.3740     2.0567   1.458E+03    49     0    513
3d3(4F)4s4p_4Fo[5/2]          6.0     203276.4200     2.0468   1.465E+03    53     0    514
3d4(3G)5s_2Ge[7/2]            8.0     203461.3810     2.0412   1.469E+03    49     0    515
3d3(4F)4s4p_4Fo[7/2]          8.0     203742.3170     2.0328   1.475E+03    53     0    516
3d4(3G)5s_2Ge[9/2]           10.0     203758.1850     2.0323   1.475E+03    49     0    517
3d3(4F)4s4p_2Dbo[3/2]         4.0     203766.6820     2.0321   1.475E+03    52     0    518
3d4(3G)4d_4Gbe[11/2]         12.0     204087.7420     2.0225   1.482E+03    47     0    519
3d4(3G)4d_4Gbe[9/2]          10.0     204097.7240     2.0222   1.483E+03    47     0    520
3d4(3G)4d_4Gbe[7/2]           8.0     204098.8230     2.0221   1.483E+03    47     0    521
3d4(3G)4d_4Gbe[5/2]           6.0     204121.8840     2.0214   1.483E+03    47     0    522
3d3(4F)4s4p_4Fo[9/2]         10.0     204162.7740     2.0202   1.484E+03    53     0    523
3d4(3G)4d_2Ge[7/2]            8.0     204330.3360     2.0152   1.488E+03    49     0    524
3d3(4F)4s4p_2Do[5/2]          6.0     204336.5000     2.0150   1.488E+03    52     0    525
3d4(3G)4d_2Ge[9/2]           10.0     204432.4830     2.0121   1.490E+03    49     0    526
3d4(3D)4d_4Se[3/2]            4.0     205567.3180     1.9781   1.516E+03    50     0    527
3d4(1I)4d_2Ke[13/2]          14.0     205641.1910     1.9759   1.517E+03    51     0    528
3d4(1I)4d_2Ke[15/2]          16.0     205683.8720     1.9746   1.518E+03    51     0    529
3d4(1G)4d_2Ie[11/2]          12.0     206256.3700     1.9575   1.532E+03    51     0    530
3d4(1G)4d_2Ie[13/2]          14.0     206307.7410     1.9559   1.533E+03    51     0    531
3d3(4F)4s4p_2Go[7/2]          8.0     206473.7660     1.9509   1.537E+03    52     0    532
3d4(1I)4d_2Le[15/2]          16.0     206500.2260     1.9501   1.537E+03    51     0    533
3d4(1G)4d_2He[9/2]           10.0     206555.7230     1.9485   1.539E+03    51     0    534
3d4(1I)4d_2Le[17/2]          18.0     206571.4200     1.9480   1.539E+03    51     0    535
3d4(1G)4d_2He[11/2]          12.0     206573.8560     1.9479   1.539E+03    51     0    536
3d4(3D)4d_4Fe[3/2]            4.0     206686.8010     1.9445   1.542E+03    50     0    537
3d4(3D)4d_4Fe[5/2]            6.0     206694.1390     1.9443   1.542E+03    50     0    538
3d4(3D)4d_4Fe[7/2]            8.0     206709.4360     1.9439   1.542E+03    50     0    539
3d4(3D)4d_4Ge[9/2]           10.0     206733.9050     1.9431   1.543E+03    50     0    540
3d4(3D)4d_4Ge[5/2]            6.0     206841.2620     1.9399   1.545E+03    50     0    541
3d4(3D)4d_4Fbe[7/2]           8.0     206843.7150     1.9398   1.545E+03    50     0    542
3d4(3D)4d_2Ge[9/2]           10.0     206898.7700     1.9382   1.547E+03    51     0    543
3d4(3D)4d_4Ge[11/2]          12.0     206911.0660     1.9378   1.547E+03    50     0    544
3d4(3D)4d_4Ge[7/2]            8.0     206953.7770     1.9365   1.548E+03    50     0    545
3d4(3D)4d_4Gbe[9/2]          10.0     207011.1350     1.9348   1.549E+03    50     0    546
3d3(4F)4s4p_2Go[9/2]         10.0     207058.0260     1.9334   1.551E+03    52     0    547
3d4(3D)4d_2Fe[7/2]            8.0     207108.8440     1.9319   1.552E+03    51     0    548
3d4(3D)4d_2Fe[5/2]            6.0     207126.1300     1.9314   1.552E+03    51     0    549
3d4(3D)4d_2Pe[3/2]            4.0     207650.0530     1.9157   1.565E+03    51     0    550
3d4(3D)4d_2Pe[1/2]            2.0     207663.5410     1.9153   1.565E+03    51     0    551
3d3(4P)4s4p_6Po[3/2]          4.0     208173.4070     1.9000   1.578E+03    54     0    552
3d4(1G)4d_2De[3/2]            4.0     208279.2790     1.8968   1.581E+03    51     0    553
3d3(4F)4s4p_2Fo[5/2]          6.0     208363.3410     1.8943   1.583E+03    52     0    554
3d4(3D)4d_4Pe[1/2]            2.0     208372.4270     1.8940   1.583E+03    55     0    555
3d4(3D)4d_4Pe[5/2]            6.0     208376.7670     1.8939   1.583E+03    55     0    556
3d4(3D)4d_4Pe[3/2]            4.0     208379.1040     1.8938   1.583E+03    55     0    557
3d3(4P)4s4p_6Po[5/2]          6.0     208407.8410     1.8930   1.584E+03    54     0    558
3d4(1G)4d_2De[5/2]            6.0     208428.1550     1.8923   1.584E+03    51     0    559
3d4(3D)5s_4De[7/2]            8.0     208504.3930     1.8901   1.586E+03    55     0    560
3d4(3D)5s_4De[5/2]            6.0     208576.5320     1.8879   1.588E+03    55     0    561
3d4(3D)5s_4De[3/2]            4.0     208621.2650     1.8866   1.589E+03    55     0    562
3d4(1G)4d_2Ge[7/2]            8.0     208624.7170     1.8865   1.589E+03    51     0    563
3d4(3D)5s_4De[1/2]            2.0     208647.3110     1.8858   1.590E+03    55     0    564
3d4(5D)4f_z6Go[7/2]           8.0     208650.5400     1.8857   1.590E+03    54     0    565
3d4(5D)4f_6Ho[5/2]            6.0     208707.4760     1.8840   1.591E+03    54     0    566
3d4(5D)4f_z6Ho[5/2]           6.0     208743.1000     1.8829   1.592E+03    54     0    567
3d4(5D)4f_z6Go[9/2]          10.0     208751.6000     1.8826   1.592E+03    54     0    568
3d4(1G)5s_2Ge[9/2]           10.0     208769.3560     1.8821   1.593E+03    51     0    569
3d4(5D)4f_z6Ho[7/2]           8.0     208819.6400     1.8806   1.594E+03    54     0    570
3d4(5D)4f_6Do[3/2]            4.0     208858.1890     1.8795   1.595E+03    54     0    571
3d4(1I)5s_2Ie[13/2]          14.0     208891.7940     1.8784   1.596E+03    51     0    572
3d4(1I)5s_2Ie[11/2]          12.0     208892.8950     1.8784   1.596E+03    51     0    573
3d4(5D)4f_6Do[1/2]            2.0     208893.0480     1.8784   1.596E+03    54     0    574
3d4(3D)4d_2De[5/2]            6.0     208901.1020     1.8782   1.596E+03    51     0    575
3d4(5D)4f_z6Ho[9/2]          10.0     208935.8800     1.8771   1.597E+03    54     0    576
3d4(3D)4d_4De[7/2]            8.0     208936.4090     1.8771   1.597E+03    55     0    577
3d4(5D)4f_6Do[5/2]            6.0     208958.2750     1.8765   1.598E+03    54     0    578
3d4(3D)4d_2De[3/2]            4.0     208990.5560     1.8755   1.598E+03    51     0    579
3d3(4F)4s4p_2Fo[7/2]          8.0     209005.3970     1.8750   1.599E+03    52     0    580
3d3(4F)4s4p_2Fbo[7/2]         8.0     209019.6390     1.8746   1.599E+03    52     0    581
3d4(3D)4d_4De[5/2]            6.0     209024.8770     1.8745   1.599E+03    55     0    582
3d4(3D)4d_4De[1/2]            2.0     209030.9570     1.8743   1.600E+03    55     0    583
3d4(5D)4f_z6Go[11/2]         12.0     209032.3000     1.8742   1.600E+03    54     0    584
3d4(1G)5s_2Ge[7/2]            8.0     209040.6200     1.8740   1.600E+03    51     0    585
3d4(3D)4d_4De[3/2]            4.0     209045.5500     1.8738   1.600E+03    55     0    586
3d4(5D)4f_z6Ho[11/2]         12.0     209091.4100     1.8725   1.601E+03    54     0    587
3d4(5D)4f_4Po[3/2]            4.0     209097.5890     1.8723   1.601E+03    53     0    588
3d4(1G)5s_2Gbe[9/2]          10.0     209108.7450     1.8719   1.602E+03    51     0    589
3d4(5D)4f_4Ho[7/2]            8.0     209137.9090     1.8711   1.602E+03    53     0    590
3d4(5D)4f_4Po[1/2]            2.0     209283.0160     1.8667   1.606E+03    53     0    591
3d4(5D)4f_z6Ho[13/2]         14.0     209289.7600     1.8665   1.606E+03    54     0    592
3d4(5D)4f_z6Go[13/2]         14.0     209323.0300     1.8655   1.607E+03    54     0    593
3d4(5D)4f_4Ho[9/2]           10.0     209343.3840     1.8649   1.608E+03    53     0    594
3d4(5D)4f_6Go[3/2]            4.0     209359.3490     1.8644   1.608E+03    54     0    595
3d4(5D)4f_6Go[5/2]            6.0     209383.4170     1.8637   1.609E+03    54     0    596
3d4(5D)4f_6Go[7/2]            8.0     209446.6420     1.8618   1.610E+03    54     0    597
3d4(5D)4f_6Fo[1/2]            2.0     209467.8790     1.8612   1.611E+03    54     0    598
3d4(5D)4f_z6Ho[15/2]         16.0     209530.3800     1.8593   1.612E+03    54     0    599
3d4(5D)4f_4Do[7/2]            8.0     209535.4980     1.8591   1.613E+03    53     0    600
3d4(5D)4f_4Fo[5/2]            6.0     209544.6200     1.8589   1.613E+03    53     0    601
3d4(5D)4f_6Go[9/2]           10.0     209594.4910     1.8574   1.614E+03    54     0    602
3d4(5D)4f_4Ho[11/2]          12.0     209595.1380     1.8574   1.614E+03    53     0    603
3d4(5D)4f_6Fo[3/2]            4.0     209608.0680     1.8570   1.614E+03    54     0    604
3d4(5D)4f_4Fo[3/2]            4.0     209669.8300     1.8551   1.616E+03    53     0    605
3d4(5D)4f_6Po[7/2]            8.0     209688.5890     1.8546   1.617E+03    54     0    606
3d4(5D)4f_6Po[5/2]            6.0     209691.2030     1.8545   1.617E+03    54     0    607
3d4(5D)4f_6Po[3/2]            4.0     209781.6350     1.8518   1.619E+03    54     0    608
3d4(3D)4d_2Se[1/2]            2.0     209790.2990     1.8515   1.619E+03    51     0    609
3d4(5D)4f_6Fo[5/2]            6.0     209791.0130     1.8515   1.619E+03    54     0    610
3d4(5D)4f_4Do[1/2]            2.0     209801.1560     1.8512   1.619E+03    53     0    611
3d4(5D)4f_4Go[5/2]            6.0     209818.4350     1.8507   1.620E+03    53     0    612
3d4(5D)4f_4Go[7/2]            8.0     209889.3510     1.8485   1.622E+03    53     0    613
3d4(3D)5s_2De[5/2]            6.0     209917.8650     1.8477   1.623E+03    51     0    614
3d4(5D)4f_6Fo[7/2]            8.0     209933.9110     1.8472   1.623E+03    54     0    615
3d4(5D)4f_4Fo[9/2]           10.0     209933.9920     1.8472   1.623E+03    53     0    616
3d3(4P)4s4p_6Do[1/2]          2.0     209987.8620     1.8456   1.624E+03    54     0    617
3d4(3D)5s_2De[3/2]            4.0     210007.8910     1.8450   1.625E+03    51     0    618
3d4(5D)4f_4Fbo[3/2]           4.0     210019.4390     1.8446   1.625E+03    53     0    619
3d4(5D)4f_6Fo[9/2]           10.0     210047.0230     1.8438   1.626E+03    54     0    620
3d4(5D)4f_6Go[11/2]          12.0     210118.1680     1.8417   1.628E+03    54     0    621
3d4(5D)4f_6Go[13/2]          14.0     210129.9650     1.8413   1.628E+03    54     0    622
3d3(4P)4s4p_6Do[3/2]          4.0     210133.8140     1.8412   1.628E+03    54     0    623
3d4(5D)4f_4Fbo[5/2]           6.0     210183.3910     1.8397   1.630E+03    53     0    624
3d4(5D)4f_4Fo[7/2]            8.0     210305.2260     1.8361   1.633E+03    53     0    625
3d3(4P)4s4p_6Do[5/2]          6.0     210347.6890     1.8348   1.634E+03    54     0    626
3d4(5D)4f_4Go[9/2]           10.0     210382.9940     1.8337   1.635E+03    53     0    627
3d4(5D)4f_4Go[11/2]          12.0     210397.9710     1.8333   1.635E+03    53     0    628
3d3(4P)4s4p_6Do[7/2]          8.0     210696.0300     1.8244   1.643E+03    54     0    629
3d4(1I)4d_2Ge[7/2]            8.0     211180.4600     1.8098   1.656E+03    56     0    630
3d3(4P)4s4p_6Do[9/2]         10.0     211194.7360     1.8094   1.657E+03    54     0    631
3d4(1I)4d_2Ge[9/2]           10.0     211257.0430     1.8075   1.659E+03    56     0    632
3d3(2G)4s4p_4Ho[7/2]          8.0     212298.1900     1.7763   1.688E+03    53     0    633
3d4(1I)4d_2He[11/2]          12.0     212426.8760     1.7725   1.691E+03    56     0    634
3d4(1I)4d_2He[9/2]           10.0     212475.5860     1.7710   1.693E+03    56     0    635
3d3(2G)4s4p_4Ho[9/2]         10.0     212620.8330     1.7667   1.697E+03    53     0    636
3d4(3P)5p_4Do[1/2]            2.0     212691.9130     1.7645   1.699E+03    57     0    637
3d4(1S)5s_2Se[1/2]            2.0     212717.5430     1.7638   1.700E+03    56     0    638
3d4(1D)4d_2Fe[5/2]            6.0     213025.9870     1.7545   1.709E+03    56     0    639
3d4(3P)5p_4Do[3/2]            4.0     213050.4930     1.7538   1.709E+03    57     0    640
3d3(2G)4s4p_4Ho[11/2]        12.0     213070.6540     1.7532   1.710E+03    53     0    641
3d4(3H)5p_4Ho[7/2]            8.0     213127.5780     1.7515   1.712E+03    53     0    642
3d4(1D)4d_2Fe[7/2]            8.0     213213.1480     1.7489   1.714E+03    56     0    643
3d4(3H)5p_4Ho[9/2]           10.0     213251.9860     1.7477   1.715E+03    53     0    644
3d4(1I)4d_2Ie[13/2]          14.0     213366.1210     1.7443   1.719E+03    56     0    645
3d3(4P)4s4p_4Po[1/2]          2.0     213401.9700     1.7432   1.720E+03    53     0    646
3d4(3H)5p_4Ho[11/2]          12.0     213430.2400     1.7424   1.721E+03    53     0    647
3d4(1I)4d_2Ie[11/2]          12.0     213479.0780     1.7409   1.722E+03    56     0    648
3d3(4P)4s4p_4Po[5/2]          6.0     213555.0230     1.7386   1.724E+03    53     0    649
3d4(3H)5p_4Io[9/2]           10.0     213558.9350     1.7385   1.724E+03    57     0    650
3d4(1S)4d_2De[3/2]            4.0     213566.6450     1.7383   1.725E+03    56     0    651
3d4(1S)4d_2De[5/2]            6.0     213606.4380     1.7371   1.726E+03    56     0    652
3d3(2G)4s4p_4Go[5/2]          6.0     213608.0020     1.7371   1.726E+03    57     0    653
3d4(3P)5p_4Do[5/2]            6.0     213612.0000     1.7369   1.726E+03    57     0    654
3d4(3H)5p_4Ho[13/2]          14.0     213639.0760     1.7361   1.727E+03    53     0    655
3d3(4P)4s4p_4Pbo[1/2]         2.0     213643.2880     1.7360   1.727E+03    53     0    656
3d3(4P)4s4p_4Po[3/2]          4.0     213680.4290     1.7349   1.728E+03    53     0    657
3d3(2G)4s4p_4Ho[13/2]        14.0     213748.1230     1.7329   1.730E+03    53     0    658
3d4(3H)5p_4Io[11/2]          12.0     213788.8070     1.7316   1.731E+03    57     0    659
3d3(2G)4s4p_4Go[7/2]          8.0     213806.3400     1.7311   1.732E+03    57     0    660
3d4(3P)5p_4Po[3/2]            4.0     213846.7140     1.7299   1.733E+03    57     0    661
3d4(1D)4d_2Pe[1/2]            2.0     213963.0060     1.7264   1.737E+03    56     0    662
3d4(3H)5p_4Io[13/2]          14.0     214018.2680     1.7248   1.738E+03    57     0    663
3d3(2G)4s4p_4Go[9/2]         10.0     214053.7720     1.7237   1.739E+03    57     0    664
3d4(1D)4d_2Pe[3/2]            4.0     214061.2840     1.7235   1.739E+03    56     0    665
3d4(3P)5p_2Po[1/2]            2.0     214128.4280     1.7215   1.742E+03    58     0    666
3d4(3H)5p_4Io[15/2]          16.0     214243.9190     1.7180   1.745E+03    57     0    667
3d4(3H)5p_2Go[7/2]            8.0     214284.7940     1.7168   1.746E+03    58     0    668
3d3(2G)4s4p_4Go[11/2]        12.0     214304.5180     1.7162   1.747E+03    57     0    669
3d4(3H)5p_4Go[9/2]           10.0     214403.4630     1.7132   1.750E+03    57     0    670
3d4(3H)5p_4Go[5/2]            6.0     214424.2170     1.7126   1.751E+03    57     0    671
3d4(3P)5p_4Do[7/2]            8.0     214430.7730     1.7124   1.751E+03    57     0    672
3d4(3H)5p_4Go[7/2]            8.0     214605.4740     1.7072   1.756E+03    57     0    673
3d4(3P)5p_4Po[5/2]            6.0     214623.0010     1.7066   1.757E+03    57     0    674
3d4(3H)5p_2Io[11/2]          12.0     214660.6170     1.7055   1.758E+03    58     0    675
3d4(3P)5p_2Do[3/2]            4.0     214664.6510     1.7054   1.758E+03    58     0    676
3d4(3H)5p_4Go[11/2]          12.0     214686.5490     1.7047   1.759E+03    57     0    677
3d3(4P)4s4p_6So[5/2]          6.0     214753.3770     1.7027   1.761E+03    54     0    678
3d4(3H)5p_4Gbo[9/2]          10.0     214770.6790     1.7022   1.761E+03    57     0    679
3d4(3H)5p_2Io[13/2]          14.0     214918.1810     1.6978   1.766E+03    58     0    680
3d4(3F)5p_4Go[5/2]            6.0     214984.8530     1.6958   1.768E+03    57     0    681
3d4(3P)5p_4So[3/2]            4.0     215018.7610     1.6948   1.769E+03    57     0    682
3d4(1D)4d_2Ge[9/2]           10.0     215070.9890     1.6932   1.771E+03    56     0    683
3d4(3F)5p_4Go[7/2]            8.0     215092.1640     1.6926   1.771E+03    57     0    684
3d4(1D)4d_2Ge[7/2]            8.0     215099.2290     1.6924   1.771E+03    56     0    685
3d4(3H)5p_2Ho[9/2]           10.0     215124.9450     1.6916   1.772E+03    58     0    686
3d3(2G)4s4p_4Fo[3/2]          4.0     215142.2720     1.6911   1.773E+03    57     0    687
3d4(3P)5p_2So[1/2]            2.0     215227.1870     1.6885   1.775E+03    58     0    688
3d3(2G)4s4p_4Fo[5/2]          6.0     215243.2050     1.6880   1.776E+03    57     0    689
3d4(3F)5p_4Go[9/2]           10.0     215246.1320     1.6879   1.776E+03    57     0    690
3d3(2G)4s4p_4Fo[7/2]          8.0     215339.7650     1.6851   1.779E+03    57     0    691
3d4(5D)5d_4Se[3/2]            4.0     215379.8920     1.6839   1.780E+03    55     0    692
3d4(3H)5p_2Ho[11/2]          12.0     215387.8980     1.6837   1.781E+03    58     0    693
3d4(3F)5p_4Gbo[9/2]          10.0     215431.8760     1.6824   1.782E+03    57     0    694
3d4(5D)5d_f6Ge[3/2]           4.0     215473.2000     1.6811   1.783E+03    59     0    695
3d4(5D)5d_f6Ge[5/2]           6.0     215520.2200     1.6797   1.785E+03    59     0    696
3d4(3P)5p_2Po[3/2]            4.0     215564.6870     1.6784   1.786E+03    58     0    697
3d4(5D)5d_f6Fe[1/2]           2.0     215580.8700     1.6779   1.787E+03    59     0    698
3d4(3F)5p_4Go[11/2]          12.0     215585.0470     1.6778   1.787E+03    57     0    699
3d4(5D)5d_f6Ge[7/2]           8.0     215663.5000     1.6754   1.789E+03    59     0    700
3d4(3F)5p_4Do[3/2]            4.0     215709.9230     1.6740   1.791E+03    57     0    701
3d4(1D)5s_2De[3/2]            4.0     215715.1910     1.6739   1.791E+03    56     0    702
3d4(5D)5d_f6Fe[3/2]           4.0     215715.4100     1.6739   1.791E+03    59     0    703
3d4(1D)5s_2De[5/2]            6.0     215720.7250     1.6737   1.791E+03    56     0    704
3d4(3F)5p_4Do[5/2]            6.0     215739.3570     1.6732   1.792E+03    57     0    705
3d4(3F)5p_4Do[1/2]            2.0     215746.6870     1.6729   1.792E+03    57     0    706
3d4(3F)5p_4Dbo[3/2]           4.0     215794.1590     1.6715   1.794E+03    57     0    707
3d4(3F)5p_4Do[7/2]            8.0     215828.3530     1.6705   1.795E+03    57     0    708
3d4(3F)5p_4Fo[5/2]            6.0     215866.6130     1.6693   1.796E+03    57     0    709
3d4(5D)5d_f6Fe[5/2]           6.0     215875.7300     1.6691   1.796E+03    59     0    710
3d4(5D)5d_g6De[3/2]           4.0     215911.7300     1.6680   1.797E+03    59     0    711
3d4(5D)5d_f6Ge[9/2]          10.0     215917.5200     1.6678   1.798E+03    59     0    712
3d4(3P)5p_2Do[5/2]            6.0     215925.6330     1.6676   1.798E+03    58     0    713
3d4(3F)5p_4Fo[7/2]            8.0     215943.7930     1.6670   1.798E+03    57     0    714
3d4(1S)4p_2Po[1/2]            2.0     215956.2170     1.6667   1.799E+03    58     0    715
3d4(3F)5p_4Fo[9/2]           10.0     216008.4840     1.6651   1.800E+03    57     0    716
3d4(1D)4d_2De[5/2]            6.0     216051.7580     1.6638   1.802E+03    56     0    717
3d4(5D)5d_g6De[5/2]           6.0     216062.1300     1.6635   1.802E+03    59     0    718
3d4(1D)4d_2Fbe[7/2]           8.0     216112.9820     1.6620   1.804E+03    56     0    719
3d4(5D)5d_f6Fe[7/2]           8.0     216149.3200     1.6609   1.805E+03    59     0    720
3d4(5D)5d_f6Pe[3/2]           4.0     216162.9000     1.6605   1.805E+03    59     0    721
3d4(5D)5d_f6Ge[11/2]         12.0     216194.0500     1.6595   1.806E+03    59     0    722
3d4(3F)5p_2Do[3/2]            4.0     216198.5240     1.6594   1.807E+03    58     0    723
3d4(5D)5d_6Fe[1/2]            2.0     216229.6960     1.6585   1.808E+03    59     0    724
3d4(5D)5d_g6De[7/2]           8.0     216283.5800     1.6568   1.809E+03    59     0    725
3d4(5D)5d_f6Fe[9/2]          10.0     216307.2900     1.6561   1.810E+03    59     0    726
3d4(3F)5p_2Do[5/2]            6.0     216317.7390     1.6558   1.811E+03    58     0    727
3d4(5D)5d_f6Pe[5/2]           6.0     216403.8600     1.6532   1.813E+03    59     0    728
3d4(5D)6s_h6De[1/2]           2.0     216423.2500     1.6527   1.814E+03    59     0    729
3d4(5D)6s_h6De[3/2]           4.0     216531.9900     1.6494   1.818E+03    59     0    730
3d4(5D)5d_f6Ge[13/2]         14.0     216533.0600     1.6494   1.818E+03    59     0    731
3d4(5D)5d_f6Pe[7/2]           8.0     216557.3800     1.6486   1.818E+03    59     0    732
3d3(2P)4s4p_4Po[1/2]          2.0     216574.1800     1.6481   1.819E+03    57     0    733
3d4(1D)4d_2De[3/2]            4.0     216594.1980     1.6475   1.820E+03    56     0    734
3d4(3F)5p_2Go[7/2]            8.0     216618.3840     1.6468   1.820E+03    58     0    735
3d4(3F)5p_2Fo[5/2]            6.0     216646.2250     1.6460   1.821E+03    58     0    736
3d4(5D)5d_g6De[9/2]          10.0     216670.5800     1.6452   1.822E+03    59     0    737
3d4(5D)5d_f6Fe[11/2]         12.0     216691.8300     1.6446   1.823E+03    59     0    738
3d4(5D)6s_h6De[5/2]           6.0     216712.7300     1.6440   1.824E+03    59     0    739
3d4(1S)4p_2Po[3/2]            4.0     216718.8300     1.6438   1.824E+03    58     0    740
3d4(3F)5p_2Fo[7/2]            8.0     216726.8600     1.6436   1.824E+03    58     0    741
3d3(2P)4s4p_4Po[3/2]          4.0     216745.9060     1.6430   1.825E+03    57     0    742
3d4(3F)5p_2Go[9/2]           10.0     216769.9520     1.6423   1.825E+03    58     0    743
3d3(2P)4s4p_4Do[1/2]          2.0     216899.8010     1.6384   1.830E+03    57     0    744
3d4(1D)4d_2Dbe[5/2]           6.0     216920.4870     1.6378   1.831E+03    56     0    745
3d4(5D)6s_h6De[7/2]           8.0     216961.6200     1.6365   1.832E+03    59     0    746
3d3(2P)4s4p_4Do[3/2]          4.0     217240.6260     1.6282   1.841E+03    57     0    747
3d4(5D)6s_h6De[9/2]          10.0     217271.5900     1.6272   1.842E+03    59     0    748
3d4(5D)6s_4De[1/2]            2.0     217481.9220     1.6209   1.850E+03    55     0    749
3d3(2P)4s4p_4Po[5/2]          6.0     217569.7900     1.6183   1.853E+03    57     0    750
3d3(4P)4s4p_2Po[1/2]          2.0     217668.4890     1.6153   1.856E+03    58     0    751
3d3(2H)4s4p_4Ho[7/2]          8.0     217696.2910     1.6145   1.857E+03    57     0    752
3d4(5D)6s_g4De[3/2]           4.0     217807.5700     1.6112   1.861E+03    55     0    753
3d3(2P)4s4p_4Do[5/2]          6.0     217833.8730     1.6104   1.862E+03    57     0    754
3d3(4P)4s4p_2Po[3/2]          4.0     217933.2900     1.6074   1.865E+03    58     0    755
3d4(3G)5p_4Ho[9/2]           10.0     217943.4670     1.6071   1.865E+03    57     0    756
3d4(5D)5d_h4Ge[5/2]           6.0     217975.3000     1.6061   1.867E+03    55     0    757
3d4(3G)5p_4Ho[7/2]            8.0     218000.7500     1.6054   1.867E+03    57     0    758
3d4(5D)6s_g4De[5/2]           6.0     218067.1900     1.6034   1.870E+03    55     0    759
3d4(5D)5d_h4De[1/2]           2.0     218085.8800     1.6028   1.870E+03    55     0    760
3d4(5D)5d_h4Ge[7/2]           8.0     218115.1500     1.6019   1.871E+03    55     0    761
3d4(5D)5d_f4Pe[1/2]           2.0     218127.5900     1.6016   1.872E+03    55     0    762
3d4(3G)5p_4Hbo[9/2]          10.0     218158.6250     1.6006   1.873E+03    57     0    763
3d4(5D)5d_h4De[3/2]           4.0     218180.9000     1.6000   1.874E+03    55     0    764
3d4(3G)5p_4Go[5/2]            6.0     218283.1740     1.5969   1.877E+03    57     0    765
3d4(3G)5p_4Ho[11/2]          12.0     218291.3060     1.5967   1.878E+03    57     0    766
3d4(5D)5d_h4De[5/2]           6.0     218307.9800     1.5962   1.878E+03    55     0    767
3d4(5D)5d_f4Pe[3/2]           4.0     218373.0000     1.5942   1.881E+03    55     0    768
3d4(5D)5d_h4Ge[9/2]          10.0     218375.6100     1.5941   1.881E+03    55     0    769
3d4(3G)5p_4Fo[3/2]            4.0     218386.2040     1.5938   1.881E+03    57     0    770
3d4(5D)6s_g4De[7/2]           8.0     218400.4000     1.5934   1.881E+03    55     0    771
3d4(3G)5p_4Go[7/2]            8.0     218403.8420     1.5933   1.882E+03    57     0    772
3d4(5D)5d_h4De[7/2]           8.0     218506.3900     1.5902   1.885E+03    55     0    773
3d4(3G)5p_4Fo[5/2]            6.0     218517.6290     1.5899   1.886E+03    57     0    774
3d3(2P)4s4p_4Do[7/2]          8.0     218525.8400     1.5896   1.886E+03    57     0    775
3d4(3G)5p_4Ho[13/2]          14.0     218536.0420     1.5893   1.886E+03    57     0    776
3d4(3G)5p_4Go[9/2]           10.0     218570.6170     1.5883   1.888E+03    57     0    777
3d4(5D)5d_h4Ge[11/2]         12.0     218596.6900     1.5875   1.888E+03    55     0    778
3d3(2G)4s4p_2Ho[9/2]         10.0     218637.3090     1.5863   1.890E+03    58     0    779
3d4(5D)5d_g4Fe[3/2]           4.0     218669.2600     1.5853   1.891E+03    60     0    780
3d4(3G)5p_4Fo[7/2]            8.0     218671.5020     1.5853   1.891E+03    57     0    781
3d3(2P)4s4p_2So[1/2]          2.0     218688.0540     1.5848   1.892E+03    58     0    782
3d4(5D)5d_f4Pe[5/2]           6.0     218705.2500     1.5842   1.892E+03    55     0    783
3d3(2H)4s4p_4Ho[11/2]        12.0     218788.9660     1.5817   1.895E+03    57     0    784
3d4(3G)5p_4Fo[9/2]           10.0     218802.0210     1.5813   1.896E+03    57     0    785
3d4(5D)5d_g4Fe[5/2]           6.0     218816.9700     1.5809   1.896E+03    60     0    786
3d4(3G)5p_4Go[11/2]          12.0     218843.5630     1.5801   1.897E+03    57     0    787
3d3(2H)4s4p_4Hbo[7/2]         8.0     218932.4150     1.5774   1.901E+03    57     0    788
3d4(5D)5d_g4Fe[7/2]           8.0     218977.3400     1.5761   1.902E+03    60     0    789
3d3(2H)4s4p_4Ho[13/2]        14.0     219025.6440     1.5746   1.904E+03    57     0    790
3d3(2G)4s4p_2Go[9/2]         10.0     219030.4790     1.5745   1.904E+03    58     0    791
3d4(3G)5p_2Fo[5/2]            6.0     219058.2820     1.5737   1.905E+03    58     0    792
3d3(2G)4s4p_2Ho[11/2]        12.0     219128.7440     1.5715   1.908E+03    58     0    793
3d4(3G)5p_2Ho[9/2]           10.0     219157.0620     1.5707   1.909E+03    58     0    794
3d4(5D)5d_g4Fe[9/2]          10.0     219195.9500     1.5695   1.910E+03    60     0    795
3d3(2G)4s4p_2Fo[7/2]          8.0     219406.4300     1.5632   1.918E+03    58     0    796
3d3(2D)4s4p_4Fo[3/2]          4.0     219425.4130     1.5627   1.918E+03    57     0    797
3d4(3G)5p_2Ho[11/2]          12.0     219439.5310     1.5622   1.919E+03    58     0    798
3d4(3G)5p_2Fo[7/2]            8.0     219455.3810     1.5618   1.920E+03    58     0    799
3d3(4P)4s4p_4Do[1/2]          2.0     219456.9250     1.5617   1.920E+03    57     0    800
3d3(4P)4s4p_4Do[3/2]          4.0     219465.8690     1.5614   1.920E+03    57     0    801
3d3(4P)4s4p_4Do[5/2]          6.0     219490.0810     1.5607   1.921E+03    57     0    802
3d3(2P)4s4p_4So[3/2]          4.0     219694.1130     1.5546   1.928E+03    57     0    803
3d4(3G)5p_2Go[7/2]            8.0     219715.4420     1.5540   1.929E+03    58     0    804
3d3(2G)4s4p_2Fo[5/2]          6.0     219734.6830     1.5534   1.930E+03    58     0    805
3d4(3G)5p_2Gbo[7/2]           8.0     219780.1860     1.5520   1.932E+03    58     0    806
3d3(2D)4s4p_4Fo[5/2]          6.0     220009.7530     1.5451   1.940E+03    57     0    807
3d4(3G)5p_2Go[9/2]           10.0     220017.7940     1.5449   1.941E+03    58     0    808
3d4(1F)4d_2He[9/2]           10.0     220356.1480     1.5348   1.953E+03    56     0    809
3d3(2H)4s4p_4Io[9/2]         10.0     220516.0330     1.5300   1.959E+03    57     0    810
3d4(1F)4d_2He[11/2]          12.0     220544.7370     1.5291   1.961E+03    56     0    811
3d3(2D)4s4p_4Fo[7/2]          8.0     220552.8410     1.5289   1.961E+03    57     0    812
3d4(1F)4d_2Ge[7/2]            8.0     220569.0670     1.5284   1.962E+03    56     0    813
3d4(1F)4d_2Ge[9/2]           10.0     220737.1840     1.5233   1.968E+03    56     0    814
3d3(2H)4s4p_4Io[11/2]        12.0     220737.2750     1.5233   1.968E+03    57     0    815
3d3(2P)4s4p_2Do[3/2]          4.0     220789.2110     1.5218   1.970E+03    58     0    816
3d3(2D)4s4p_4Fo[9/2]         10.0     220971.4560     1.5163   1.977E+03    57     0    817
3d3(2P)4s4p_2Do[5/2]          6.0     220972.8290     1.5163   1.977E+03    58     0    818
3d3(2H)4s4p_4Io[13/2]        14.0     221052.6670     1.5139   1.980E+03    57     0    819
3d4(5D)5d_6Se[5/2]            6.0     221502.3560     1.5004   1.998E+03    59     0    820
3d3(2H)4s4p_4Io[15/2]        16.0     221515.1400     1.5000   1.999E+03    57     0    821
3d4(1D)4d_2Se[1/2]            2.0     221543.3280     1.4992   2.000E+03    56     0    822
3d4(1F)4d_2Fe[7/2]            8.0     221696.4590     1.4946   2.006E+03    61     0    823
3d4(1F)4d_2Fe[5/2]            6.0     221758.6540     1.4927   2.008E+03    61     0    824
3d3(2D)4s4p_4Do[1/2]          2.0     221762.8900     1.4926   2.009E+03    57     0    825
3d4(1F)4d_2Pe[3/2]            4.0     221793.0090     1.4917   2.010E+03    61     0    826
3d3(2D)4s4p_4Do[3/2]          4.0     221827.4580     1.4906   2.011E+03    57     0    827
3d4(1F)4d_2Pe[1/2]            2.0     221996.2040     1.4856   2.018E+03    61     0    828
3d4(1F)4d_2De[5/2]            6.0     222134.8560     1.4814   2.024E+03    61     0    829
3d4(1F)5s_2Fe[7/2]            8.0     222163.7820     1.4806   2.025E+03    61     0    830
3d4(1F)5s_2Fe[5/2]            6.0     222170.3860     1.4804   2.025E+03    61     0    831
3d3(2D)4s4p_4Dbo[3/2]         4.0     222171.8740     1.4803   2.025E+03    57     0    832
3d4(1F)4d_2De[3/2]            4.0     222185.2020     1.4799   2.026E+03    61     0    833
3d3(2D)4s4p_4Do[5/2]          6.0     222401.0400     1.4734   2.035E+03    57     0    834
3d3(2P)4s4p_2Po[1/2]          2.0     222516.5910     1.4700   2.039E+03    58     0    835
3d4(5D)6p_6Fo[1/2]            2.0     222569.0310     1.4684   2.042E+03    62     0    836
3d4(5D)6p_6Fo[3/2]            4.0     222657.5730     1.4658   2.045E+03    62     0    837
3d3(2D)4s4p_4Po[5/2]          6.0     222739.0120     1.4633   2.049E+03    57     0    838
3d3(2D)4s4p_4Do[7/2]          8.0     222773.2010     1.4623   2.050E+03    57     0    839
3d4(5D)6p_6Po[3/2]            4.0     222804.9500     1.4613   2.051E+03    62     0    840
3d4(5D)6p_6Fo[5/2]            6.0     222805.3020     1.4613   2.052E+03    62     0    841
3d4(5D)6p_4Po[1/2]            2.0     222903.9720     1.4584   2.056E+03    63     0    842
3d3(2D)4s4p_4Po[3/2]          4.0     222962.2840     1.4566   2.058E+03    57     0    843
3d4(5D)6p_6Fo[7/2]            8.0     223011.1730     1.4552   2.060E+03    62     0    844
3d4(5D)6p_6Po[5/2]            6.0     223043.0400     1.4542   2.062E+03    62     0    845
3d4(5D)6p_6Do[1/2]            2.0     223149.2280     1.4510   2.066E+03    62     0    846
3d4(5D)6p_6Do[3/2]            4.0     223162.6430     1.4506   2.067E+03    62     0    847
3d4(5D)6p_6Fo[9/2]           10.0     223276.8920     1.4472   2.072E+03    62     0    848
3d4(5D)6p_4Pbo[1/2]           2.0     223290.8890     1.4468   2.072E+03    57     0    849
3d4(5D)6p_4Fo[3/2]            4.0     223361.9900     1.4446   2.075E+03    63     0    850
3d4(5D)6p_6Po[7/2]            8.0     223386.1740     1.4439   2.076E+03    62     0    851
3d4(5D)6p_6Do[5/2]            6.0     223400.7150     1.4435   2.077E+03    62     0    852
3d3(2H)4s4p_2Ho[11/2]        12.0     223458.1230     1.4418   2.079E+03    58     0    853
3d4(5D)6p_4Fbo[3/2]           4.0     223460.5320     1.4417   2.079E+03    63     0    854
3d3(2H)4s4p_2Ho[9/2]         10.0     223498.5350     1.4405   2.081E+03    58     0    855
3d4(5D)6p_4Do[1/2]            2.0     223559.5070     1.4387   2.084E+03    63     0    856
3d4(5D)6p_4Fo[5/2]            6.0     223560.8460     1.4387   2.084E+03    63     0    857
3d4(5D)6p_6Fo[11/2]          12.0     223601.5560     1.4375   2.086E+03    62     0    858
3d4(5D)6p_6Do[7/2]            8.0     223676.6050     1.4352   2.089E+03    62     0    859
3d4(5D)6p_4Po[5/2]            6.0     223781.7570     1.4321   2.093E+03    63     0    860
3d4(5D)6p_4Do[3/2]            4.0     223796.1470     1.4316   2.094E+03    63     0    861
3d3(2H)4s4p_4Go[5/2]          6.0     223816.3980     1.4310   2.095E+03    63     0    862
3d4(5D)6p_4Fo[7/2]            8.0     223835.0460     1.4305   2.096E+03    63     0    863
3d3(2D)4s2_2Dbe[5/2]          6.0     223873.7710     1.4293   2.097E+03    61     0    864
3d4(5D)6p_6Do[9/2]           10.0     223886.4410     1.4289   2.098E+03    62     0    865
3d3(2H)4s4p_4Go[7/2]          8.0     223913.0920     1.4281   2.099E+03    63     0    866
3d3(2H)4s4p_4Go[9/2]         10.0     223964.4720     1.4266   2.101E+03    63     0    867
3d3(2D)4s2_2Dbe[3/2]          4.0     223999.4340     1.4255   2.103E+03    61     0    868
3d3(2H)4s4p_4Go[11/2]        12.0     224076.6080     1.4232   2.106E+03    63     0    869
3d4(5D)6p_4Do[5/2]            6.0     224095.2700     1.4227   2.107E+03    63     0    870
3d4(5D)6p_4Fo[9/2]           10.0     224176.4220     1.4202   2.111E+03    63     0    871
3d4(3D)5p_4Do[7/2]            8.0     224208.8140     1.4193   2.112E+03    63     0    872
3d4(1I)5p_2Io[11/2]          12.0     224217.0730     1.4190   2.113E+03    58     0    873
3d4(3D)5p_4Do[3/2]            4.0     224223.9700     1.4188   2.113E+03    63     0    874
3d4(1I)5p_2Io[13/2]          14.0     224226.1080     1.4187   2.113E+03    58     0    875
3d4(3D)5p_4Do[5/2]            6.0     224239.0900     1.4183   2.114E+03    63     0    876
3d4(3D)5p_4Do[1/2]            2.0     224245.8040     1.4181   2.114E+03    63     0    877
3d4(1G)5p_2Fo[7/2]            8.0     224394.2920     1.4137   2.121E+03    58     0    878
3d4(1G)5p_2Ho[9/2]           10.0     224406.0870     1.4133   2.121E+03    58     0    879
3d4(5D)6p_4Do[7/2]            8.0     224461.2120     1.4117   2.124E+03    63     0    880
3d4(3D)5p_4Fo[5/2]            6.0     224491.1720     1.4108   2.125E+03    63     0    881
3d4(3D)5p_4Fo[3/2]            4.0     224528.3600     1.4097   2.127E+03    63     0    882
3d4(1G)5p_2Ho[11/2]          12.0     224574.2990     1.4083   2.129E+03    58     0    883
3d4(1G)5p_2Fo[5/2]            6.0     224605.9240     1.4073   2.130E+03    58     0    884
3d3(4P)4s4p_4So[3/2]          4.0     224606.6400     1.4073   2.130E+03    63     0    885
3d4(1I)5p_2Ko[13/2]          14.0     224641.0280     1.4063   2.132E+03    58     0    886
3d4(3D)5p_4Fo[7/2]            8.0     224642.5840     1.4062   2.132E+03    63     0    887
3d4(3D)5p_4Po[5/2]            6.0     224657.8750     1.4058   2.133E+03    63     0    888
3d4(3D)5p_4Fo[9/2]           10.0     224668.1210     1.4055   2.133E+03    63     0    889
3d3(4P)4s4p_2Do[5/2]          6.0     224818.5040     1.4010   2.140E+03    58     0    890
3d4(1I)5p_2Ko[15/2]          16.0     224830.3560     1.4006   2.140E+03    58     0    891
3d3(4P)4s4p_2Do[3/2]          4.0     224835.6550     1.4005   2.141E+03    58     0    892
3d4(3D)5p_4Po[3/2]            4.0     224866.4770     1.3995   2.142E+03    63     0    893
3d4(3D)5p_4Po[1/2]            2.0     224970.0090     1.3964   2.147E+03    63     0    894
3d4(1G)5p_2Go[7/2]            8.0     225155.9510     1.3909   2.155E+03    64     0    895
3d4(1G)5p_2Go[9/2]           10.0     225206.2550     1.3894   2.158E+03    64     0    896
3d3(4F)4s4p_4Gbo[5/2]         6.0     225304.9460     1.3864   2.162E+03    63     0    897
3d4(3D)5p_2Po[3/2]            4.0     225477.6600     1.3812   2.170E+03    64     0    898
3d3(4F)4s4p_4Gbo[7/2]         8.0     225523.7460     1.3798   2.173E+03    63     0    899
3d3(2H)4s4p_4Gbo[5/2]         6.0     225544.8980     1.3792   2.174E+03    63     0    900
3d4(3D)5p_2Po[1/2]            2.0     225574.0710     1.3783   2.175E+03    64     0    901
3d4(1I)5p_2Ho[11/2]          12.0     225578.7720     1.3782   2.175E+03    64     0    902
3d4(3D)5p_2Fo[7/2]            8.0     225581.0000     1.3781   2.175E+03    64     0    903
3d3(2H)4s4p_2Go[9/2]         10.0     225599.5560     1.3776   2.176E+03    64     0    904
3d4(1I)5p_2Ho[9/2]           10.0     225738.8290     1.3734   2.183E+03    64     0    905
3d4(3D)5p_2Fo[5/2]            6.0     225755.2200     1.3729   2.184E+03    64     0    906
3d3(2D)4s4p_2Fo[7/2]          8.0     225768.4460     1.3725   2.184E+03    64     0    907
3d3(2H)4s4p_2Io[11/2]        12.0     225786.3580     1.3720   2.185E+03    64     0    908
3d4(3D)5p_2Do[5/2]            6.0     225792.3480     1.3718   2.185E+03    64     0    909
3d4(3D)5p_2Do[3/2]            4.0     225850.4730     1.3700   2.188E+03    64     0    910
3d3(4F)4s4p_4Gbo[9/2]        10.0     226043.6950     1.3642   2.197E+03    63     0    911
3d3(2H)4s4p_2Go[7/2]          8.0     226121.8080     1.3619   2.201E+03    64     0    912
3d3(2H)4s4p_2Io[13/2]        14.0     226154.6380     1.3609   2.203E+03    64     0    913
3d3(4F)4s4p_4Dbo[1/2]         2.0     226277.5990     1.3572   2.209E+03    63     0    914
3d4(3F)4d_4Ge[11/2]          12.0     226348.0990     1.3551   2.212E+03    50     0    915
3d4(3F)4d_4Gbe[5/2]           6.0     226351.3060     1.3550   2.212E+03    60     0    916
3d4(3F)4d_4Gbe[7/2]           8.0     226357.3360     1.3548   2.213E+03    60     0    917
3d4(3F)4d_4Gbe[9/2]          10.0     226362.9250     1.3547   2.213E+03    60     0    918
3d3(4F)4s4p_4Gbo[11/2]       12.0     226396.4400     1.3537   2.215E+03    63     0    919
3d3(4F)4s4p_4Dbo[3/2]         4.0     226481.7100     1.3511   2.219E+03    63     0    920
3d4(3F)4d_2Fbe[5/2]           6.0     226730.4020     1.3437   2.231E+03    61     0    921
3d4(3F)4d_2Fbe[7/2]           8.0     226756.5770     1.3429   2.232E+03    61     0    922
3d3(4F)4s4p_4Dbo[5/2]         6.0     226824.4070     1.3408   2.236E+03    63     0    923
3d4(3P)4d_4Pbe[3/2]           4.0     226907.1380     1.3384   2.240E+03    60     0    924
3d4(3P)4d_4Dbe[5/2]           6.0     226917.7610     1.3380   2.241E+03    60     0    925
3d3(4F)4s4p_4Fo[3/2]          4.0     226920.1790     1.3380   2.241E+03    53     0    926
3d4(3P)4d_4Pbe[1/2]           2.0     226937.4050     1.3375   2.242E+03    60     0    927
3d4(3P)4d_4Dbe[7/2]           8.0     227032.3670     1.3346   2.246E+03    60     0    928
3d3(4F)4s4p_4Fbo[5/2]         6.0     227256.1650     1.3279   2.258E+03    63     0    929
3d4(3P)4d_4Dbe[1/2]           2.0     227294.6500     1.3267   2.260E+03    60     0    930
3d3(4F)4s4p_4Dbo[7/2]         8.0     227313.5000     1.3262   2.261E+03    63     0    931
3d4(3P)4d_4Dbe[3/2]           4.0     227370.2890     1.3245   2.263E+03    60     0    932
3d4(3P)4d_4Pbe[5/2]           6.0     227437.5410     1.3225   2.267E+03    60     0    933
3d4(3F)4d_4Dbe[7/2]           8.0     227567.7380     1.3186   2.274E+03    60     0    934
3d4(3F)4d_4Hbe[13/2]         14.0     227591.3790     1.3178   2.275E+03    60     0    935
3d4(3F)4d_4Dbe[5/2]           6.0     227596.4710     1.3177   2.275E+03    60     0    936
3d4(3F)4d_4Dbe[1/2]           2.0     227601.3450     1.3175   2.275E+03    60     0    937
3d4(3F)4d_4Dbe[3/2]           4.0     227605.5910     1.3174   2.276E+03    60     0    938
3d4(3F)4d_4Hbe[7/2]           8.0     227615.0070     1.3171   2.276E+03    60     0    939
3d4(3F)4d_4Hbe[11/2]         12.0     227625.2220     1.3168   2.277E+03    60     0    940
3d4(3F)4d_4Hbe[9/2]          10.0     227628.3550     1.3167   2.277E+03    60     0    941
3d3(4F)4s4p_4Fbo[7/2]         8.0     227682.7530     1.3151   2.280E+03    63     0    942
3d3(2P)4s4p_2Pbo[1/2]         2.0     227790.0190     1.3119   2.285E+03    64     0    943
3d4(3P)4d_4Fe[9/2]           10.0     227969.8990     1.3065   2.295E+03    47     0    944
3d3(2D)4s4p_2Do[3/2]          4.0     227979.3440     1.3062   2.295E+03    64     0    945
3d3(4F)4s4p_4Fbo[9/2]        10.0     228113.1030     1.3022   2.302E+03    63     0    946
3d3(2D)4s4p_2Do[5/2]          6.0     228221.1450     1.2990   2.308E+03    64     0    947
3d4(1S)5p_2Po[3/2]            4.0     228226.5020     1.2988   2.308E+03    64     0    948
3d4(3P)4d_4Fbe[7/2]           8.0     228285.9930     1.2970   2.311E+03    60     0    949
3d4(1S)5p_2Po[1/2]            2.0     228337.7900     1.2955   2.314E+03    64     0    950
3d4(3P)4d_4Fbe[5/2]           6.0     228495.0980     1.2908   2.323E+03    60     0    951
3d4(3P)4d_4Fbe[3/2]           4.0     228623.9750     1.2869   2.330E+03    60     0    952
3d4(1S)5p_2Pbo[3/2]           4.0     228681.3510     1.2852   2.333E+03    64     0    953
3d4(3P)4d_2Dbe[5/2]           6.0     229074.1900     1.2734   2.354E+03    61     0    954
3d4(3P)4d_2Dbe[3/2]           4.0     229123.3710     1.2719   2.357E+03    61     0    955
3d4(3F)4d_2Pce[1/2]           2.0     229333.6750     1.2656   2.369E+03    61     0    956
3d4(3P)4f_4Go[5/2]            6.0     229377.3990     1.2643   2.371E+03    63     0    957
3d4(3P)5s_4Pbe[5/2]           6.0     229476.5380     1.2613   2.377E+03    65     0    958
3d4(3P)4f_4Fo[7/2]            8.0     229477.6380     1.2613   2.377E+03    63     0    959
3d4(3F)4d_2Pbe[3/2]           4.0     229568.4220     1.2586   2.382E+03    51     0    960
3d4(3P)4d_2Fe[7/2]            8.0     229675.7230     1.2554   2.388E+03    61     0    961
3d4(3F)4d_2Hbe[11/2]         12.0     229763.2260     1.2527   2.393E+03    61     0    962
3d4(3F)5s_4Fbe[9/2]          10.0     229770.2060     1.2525   2.394E+03    65     0    963
3d4(3F)5s_4Fbe[7/2]           8.0     229829.1110     1.2508   2.397E+03    65     0    964
3d4(3F)5s_4Fbe[3/2]           4.0     229839.1840     1.2505   2.397E+03    65     0    965
3d4(3F)5s_4Fbe[5/2]           6.0     229844.2260     1.2503   2.398E+03    65     0    966
3d4(3H)4f_4Ko[11/2]          12.0     229872.1050     1.2495   2.399E+03    63     0    967
3d4(3H)4f_4Io[9/2]           10.0     229931.8760     1.2477   2.403E+03    63     0    968
3d4(3F)4d_2Hbe[9/2]          10.0     229962.7320     1.2468   2.405E+03    61     0    969
3d4(3H)4f_4Ko[13/2]          14.0     229980.2140     1.2462   2.406E+03    63     0    970
3d4(3P)5s_4Pbe[3/2]           4.0     229980.9930     1.2462   2.406E+03    65     0    971
3d4(3P)4f_2Do[5/2]            6.0     229989.5540     1.2460   2.406E+03    64     0    972
3d4(3P)4f_4Fo[3/2]            4.0     229994.7740     1.2458   2.406E+03    63     0    973
3d4(3P)4f_4Go[9/2]           10.0     230008.4880     1.2454   2.407E+03    63     0    974
3d4(3P)4f_4Go[7/2]            8.0     230032.5340     1.2447   2.409E+03    63     0    975
3d4(3H)4f_4Io[11/2]          12.0     230033.3430     1.2446   2.409E+03    63     0    976
3d4(3P)4f_4Fo[5/2]            6.0     230061.8070     1.2438   2.410E+03    63     0    977
3d4(3P)4d_2Fe[5/2]            6.0     230073.5180     1.2434   2.411E+03    61     0    978
3d4(3H)4f_x4Ho[13/2]         14.0     230134.9500     1.2416   2.415E+03    63     0    979
3d4(3H)4f_4Ko[15/2]          16.0     230138.2070     1.2415   2.415E+03    63     0    980
3d4(3H)4f_4Lo[13/2]          14.0     230147.4650     1.2412   2.415E+03    63     0    981
3d4(3H)4f_2Go[7/2]            8.0     230189.1660     1.2400   2.418E+03    64     0    982
3d4(3H)4f_4Io[13/2]          14.0     230198.2150     1.2397   2.418E+03    63     0    983
3d4(3H)4f_4Lo[15/2]          16.0     230205.9260     1.2395   2.419E+03    63     0    984
3d4(3H)4f_2Gbo[7/2]           8.0     230267.6350     1.2376   2.422E+03    64     0    985
3d4(3H)4f_4Ho[9/2]           10.0     230280.0240     1.2372   2.423E+03    63     0    986
3d4(3H)4f_x4Ho[11/2]         12.0     230281.2500     1.2372   2.423E+03    63     0    987
3d4(3H)4f_4Go[5/2]            6.0     230295.0030     1.2368   2.424E+03    63     0    988
3d4(3P)5s_4Pbe[1/2]           2.0     230337.0210     1.2355   2.426E+03    65     0    989
3d4(3F)4d_2Gbe[9/2]          10.0     230346.4390     1.2353   2.427E+03    61     0    990
3d4(3H)4f_4Ko[17/2]          18.0     230348.2680     1.2352   2.427E+03    63     0    991
3d4(3H)4f_x4Ho[9/2]          10.0     230369.6200     1.2346   2.428E+03    63     0    992
3d4(3H)4f_2Io[11/2]          12.0     230381.6340     1.2342   2.429E+03    64     0    993
3d4(3H)4f_2Fo[5/2]            6.0     230396.2960     1.2338   2.430E+03    64     0    994
3d4(3H)4f_4Io[15/2]          16.0     230398.5210     1.2337   2.430E+03    63     0    995
3d4(3H)4f_4Lo[17/2]          18.0     230407.5020     1.2334   2.431E+03    63     0    996
3d4(3H)4f_2Ko[13/2]          14.0     230410.4930     1.2333   2.431E+03    64     0    997
3d4(3H)4f_2Lo[15/2]          16.0     230412.3160     1.2333   2.431E+03    64     0    998
3d4(3F)4d_2Gbe[7/2]           8.0     230452.1620     1.2321   2.433E+03    61     0    999
3d4(3H)4f_4Go[7/2]            8.0     230454.9160     1.2320   2.433E+03    63     0   1000
