******************************************************************************

       Identification of Super-Levels with actual model levels for HeI.

  Config       Statistical   Energy  Ionization      Ionization      Super
                 Weight      (cm-1)  Energy(eV)       Energy(A)     Level ID
******************************************************************************

28-Sep-1989                             !Date
51                                      !Number of energy levels
6					!Entry number of link to super level

1s1s1Se       1.0          0.00000000     5.945357     5.04259E+02      1    0
1s2s3Se       3.0     159850.32000000     1.153044     2.60007E+03      2    0
1s2s1Se       1.0     166271.70000000     0.960531     3.12119E+03      3    0
1s2p3Po       9.0     169081.26000000     0.876300     3.42120E+03      4    0
1s2p1Po       3.0     171129.15000000     0.814905     3.67896E+03      5    0
1s3s3Se       3.0     183231.08000000     0.452089     6.63144E+03      6    0
1s3s1Se       1.0     184859.06000000     0.403282     7.43400E+03      7    0
1s3p3Po       9.0     185559.01000000     0.382297     7.84206E+03      8    0
1s3d3De      15.0     186095.90000000     0.366202     8.18675E+03      9    0
1s3d1De       5.0     186099.22000000     0.366102     8.18898E+03     10    0
1s3p1Po       3.0     186203.62000000     0.362972     8.25959E+03     11    0
1s4s3Se       3.0     190292.46000000     0.240389     1.24715E+04     12    0
1s4s1Se       1.0     190934.50000000     0.221140     1.35570E+04     13    0
1s4p3Po       9.0     191211.42000000     0.212838     1.40858E+04     14    0
1s4d3De      15.0     191438.83000000     0.206020     1.45520E+04     15    0
1s4d1De       5.0     191440.71000000     0.205964     1.45559E+04     16    0
1s4f3Fo      21.0     191446.61000000     0.205787     1.45684E+04     17    0
1s4f1Fo       7.0     191447.24000000     0.205768     1.45698E+04     18    0
1s4p1Po       3.0     191486.95000000     0.204578     1.46546E+04     19    0
 5SNG        25.0     193921.86800000     0.131579     2.27848E+04     20    5
 5TRP        75.0     193921.86800000     0.131579     2.27848E+04     21    6
 6SNG        36.0     195262.91833333     0.091374     3.28101E+04     22    5
 6TRP       108.0     195262.91833333     0.091374     3.28101E+04     23    6
 7SNG        49.0     196071.52938776     0.067132     4.46582E+04     24    5
 7TRP       147.0     196071.52938776     0.067132     4.46582E+04     25    6
 8SNG        64.0     196596.34906250     0.051398     5.83291E+04     24    5
 8TRP       192.0     196596.34906250     0.051398     5.83291E+04     25    6
 9SNG        81.0     196956.16370370     0.040611     7.38227E+04     24    5
 9TRP       243.0     196956.16370370     0.040611     7.38227E+04     25    6
10SNG       100.0     197213.53700000     0.032895     9.11392E+04     24    5
10TRP       300.0     197213.53700000     0.032895     9.11392E+04     25    6
11SNG       121.0     197403.96413223     0.027186     1.10278E+05     26    5
11TRP       363.0     197403.96413223     0.027186     1.10278E+05     27    6
12SNG       144.0     197548.79958333     0.022844     1.31240E+05     26    5
12TRP       432.0     197548.79958333     0.022844     1.31240E+05     27    6
13SNG       169.0     197661.51562130     0.019464     1.54025E+05     26    5
13TRP       507.0     197661.51562130     0.019464     1.54025E+05     27    6
14SNG       196.0     197750.95234694     0.016783     1.78633E+05     26    5
14TRP       588.0     197750.95234694     0.016783     1.78633E+05     27    6

15SNG       225.0     197823.10533333     0.014620     2.05063E+05      40
15TRP       675.0     197823.10533333     0.014620     2.05063E+05      41
16SNG       256.0     197882.15726563     0.012850     2.33316E+05      42
16TRP       768.0     197882.15726563     0.012850     2.33316E+05      43
17SNG       289.0     197931.09806228     0.011382     2.63392E+05      44
17TRP       867.0     197931.09806228     0.011382     2.63392E+05      45
18SNG       324.0     197972.11092593     0.010153     2.95291E+05      46
18TRP       972.0     197972.11092593     0.010153     2.95291E+05      47
19SNG       361.0     198006.82011080     0.009112     3.29012E+05      48
19TRP      1083.0     198006.82011080     0.009112     3.29012E+05      49
20SNG       361.0     198036.45425000     0.008224     3.64557E+05      50
20TRP      1083.0     198036.45425000     0.008224     3.64557E+05      51
