********************************************************************************

                 Super level assignments for CaVII                           
                 E%LS option with E%=5%

********************************************************************************

11-Jun-2001                            !Date
514                                    !Number of energy levels
6                                      !Entry number of link to super level
  
3s2_3p2_3Pe[0]              1.0          0.0000    30.8786   9.709E+01     1     0      1
3s2_3p2_3Pe[1]              3.0       1624.9000    30.8299   9.724E+01     1     0      2
3s2_3p2_3Pe[2]              5.0       4071.4000    30.7566   9.747E+01     1     0      3
3s2_3p2_1De[2]              5.0      21864.0000    30.2232   9.919E+01     2     0      4
3s2_3p2_1Se[0]              1.0      48981.4000    29.4102   1.019E+02     3     0      5
3s_3p3_5So                  5.0     110055.0000    27.5793   1.087E+02     4     0      6
3s_3p3_3Do[1]               3.0     160157.5000    26.0772   1.150E+02     5     0      7
3s_3p3_3Do[2]               5.0     160220.3000    26.0753   1.150E+02     5     0      8
3s_3p3_3Do[3]               7.0     160529.2000    26.0661   1.150E+02     5     0      9
3s_3p3_3Po[0]               1.0     185356.6000    25.3218   1.184E+02     6     0     10
3s_3p3_3Po[1]               3.0     185392.9000    25.3207   1.184E+02     6     0     11
3s_3p3_3Po[2]               5.0     185412.2000    25.3201   1.184E+02     6     0     12
3s_3p3_1Do[2]               5.0     203616.1000    24.7744   1.210E+02     7     0     13
3s_3p3_3So[1]               3.0     245240.5000    23.5265   1.274E+02     8     0     14
3s2_3p_3d_3Fo              21.0     252419.0000    23.3113   1.286E+02     8     0     15
3s_3p3_1Po[1]               3.0     252489.9000    23.3092   1.286E+02     9     0     16
3s2_3p_3d_3Po[2]            5.0     286224.0000    22.2978   1.344E+02    10     0     17
3s2_3p_3d_3Po[1]            3.0     288160.0000    22.2398   1.348E+02    10     0     18
3s2_3p_3d_3Po[0]            1.0     289004.0000    22.2145   1.350E+02    10     0     19
3s2_3p_3d_1Do               5.0     294802.0000    22.0407   1.360E+02    11     0     20
3s2_3p_3d_3Do[1]            3.0     295138.0000    22.0306   1.361E+02    10     0     21
3s2_3p_3d_3Do[2]            5.0     295772.0000    22.0116   1.362E+02    10     0     22
3s2_3p_3d_3Do[3]            7.0     296132.0000    22.0008   1.363E+02    10     0     23
3s2_3p_3d_1Fo[3]            7.0     324885.0000    21.1388   1.418E+02    12     0     24
3s2_3p_3d_1Po[1]            3.0     333501.0000    20.8805   1.436E+02    12     0     25
3s2_3p4_3Pe                 9.0     346700.0000    20.4848   1.463E+02    13     0     26
3s2_3p4_1De                 5.0     355519.0000    20.2204   1.483E+02    14     0     27
3s_3p2(4Pe)3d_5Fe          35.0     363229.0000    19.9893   1.500E+02    15     0     28
3s_3p2(4Pe)3d_5De          25.0     373625.0000    19.6776   1.524E+02    15     0     29
3s_3p2(4Pe)3d_3Fe          21.0     390611.0000    19.1684   1.564E+02    16     0     30
3s_3p2(4Pe)3d_5Pe          15.0     407319.0000    18.6675   1.606E+02    17     0     31
3s_3p2(2De)3d_1Se           1.0     410390.0000    18.5754   1.614E+02    18     0     32
3s_3p2(4Pe)3d_3Pe           9.0     421500.0000    18.2424   1.643E+02    19     0     33
3s_3p2(2De)3d_3Ge          27.0     436289.0000    17.7990   1.684E+02    19     0     34
3s_3p2(4Pe)3d_3De          15.0     446129.0000    17.5040   1.713E+02    20     0     35
3s_3p2(2De)3d_1Ge           9.0     447474.0000    17.4637   1.717E+02    21     0     36
3s_3p2(2De)3d_1Fe           7.0     453808.0000    17.2738   1.736E+02    21     0     37
3s_3p2(2De)3d_3Fe          21.0     466486.0000    16.8937   1.775E+02    20     0     38
3s_3p2(2De)3d_3De          15.0     468703.0000    16.8273   1.782E+02    22     0     39
3s_3p2(2De)3d_1Pe           3.0     472016.0000    16.7279   1.792E+02    23     0     40
3s_3p2(2De)3d_3Pe           9.0     473567.0000    16.6814   1.797E+02    22     0     41
3s_3p2(2De)3d_3Se           3.0     482417.0000    16.4161   1.826E+02    22     0     42
3s_3p2(2Pe)3d_3De          15.0     489715.0000    16.1973   1.851E+02    22     0     43
3s2_3p_4s_3Po[0]            1.0     490059.0000    16.1870   1.852E+02    24     0     44
3s2_3p_4s_3Po[1]            3.0     490919.0000    16.1612   1.855E+02    24     0     45
3s_3p2(2Pe)3d_3Fe          21.0     492820.0000    16.1043   1.862E+02    25     0     46
3s2_3p_4s_3Po[2]            5.0     494262.0000    16.0610   1.867E+02    24     0     47
3s_3p2(2De)3d_1De           5.0     494267.0000    16.0609   1.867E+02    23     0     48
3s2_3p_4s_1Po[1]            3.0     498683.0000    15.9285   1.882E+02    26     0     49
3s2_3p_4s_1Po               3.0     501392.0000    15.8473   1.892E+02    26     0     50
3s_3p2(2Se)3d_3De          15.0     513317.0000    15.4898   1.935E+02    25     0     51
3s_3p2(2Se)3d_1De           5.0     521601.0000    15.2414   1.967E+02    27     0     52
3s2_3p4_1Se                 1.0     523728.0000    15.1777   1.975E+02    27     0     53
3s_3p2(2Pe)3d_1Pe           3.0     537903.0000    14.7527   2.032E+02    27     0     54
3s_3p2(2Pe)3d_3Pe           9.0     544908.0000    14.5427   2.061E+02    28     0     55
3s2_3p_4p_1Pe               3.0     549563.0000    14.4031   2.081E+02    29     0     56
3s2_3p_4p_3De              15.0     552805.0000    14.3059   2.096E+02    28     0     57
3s_3p2(2Pe)3d_1Fe           7.0     555379.0000    14.2288   2.107E+02    29     0     58
3s2_3p_4p_3Pe               9.0     557386.0000    14.1686   2.116E+02    28     0     59
3s2_3p_4p_3Se               3.0     560197.0000    14.0843   2.129E+02    28     0     60
3s2_3p3_3d_1So              1.0     565677.0000    13.9201   2.154E+02    30     0     61
3s2_3p_4p_1De               5.0     566183.0000    13.9049   2.156E+02    29     0     62
3s2_3d2_3Fe                21.0     571138.0000    13.7563   2.179E+02    28     0     63
3s2_3p3_3d_3Fo             21.0     574295.0000    13.6617   2.194E+02    31     0     64
3s2_3p3_3d_3Do             15.0     576986.0000    13.5810   2.207E+02    31     0     65
3s_3p2(2Pe)3d_1De           5.0     581054.0000    13.4591   2.227E+02    32     0     66
3s2_3p3_3d_5Do             25.0     583314.0000    13.3913   2.239E+02    33     0     67
3s2_3p_4p_1Se               1.0     583542.0000    13.3845   2.240E+02    32     0     68
3s2_3d2_1Ge                 9.0     584560.0000    13.3540   2.245E+02    32     0     69
3s2_3p3_3d_3Go             27.0     591021.0000    13.1603   2.278E+02    31     0     70
3s2_3d2_3Pe                 9.0     595431.0000    13.0281   2.301E+02    34     0     71
3s2_3d2_1De                 5.0     599547.0000    12.9047   2.323E+02    32     0     72
3s2_3p3_3d_1Do              5.0     610178.0000    12.5859   2.382E+02    35     0     73
3s2_3p3_3d_1Go              9.0     611371.0000    12.5502   2.389E+02    35     0     74
3s_3p2(4Pe)4s_5Pe          15.0     620249.0000    12.2840   2.441E+02    36     0     75
3s_3p_3d2_5Go              45.0     621856.0000    12.2358   2.450E+02    37     0     76
3s2_3p3_3d_1Po              3.0     631470.0000    11.9476   2.509E+02    35     0     77
3s2_3p3_3d_3Po              9.0     632075.0000    11.9295   2.513E+02    38     0     78
3s2_3p3_3d(a)_3Do          15.0     632454.0000    11.9181   2.515E+02    38     0     79
3s2_3p_4d_1Do               5.0     633685.0000    11.8812   2.523E+02    35     0     80
3s2_3p3_3d(a)_3Fo          21.0     633874.0000    11.8756   2.524E+02    38     0     81
3s2_3p3_3d_3So              3.0     634008.0000    11.8715   2.525E+02    38     0     82
3s2_3p_4d_3Do              15.0     636604.0000    11.7937   2.542E+02    38     0     83
3s2_3p_4d_3Fo              21.0     638998.0000    11.7219   2.558E+02    38     0     84
3s2_3p3_3d(a)_3Po           9.0     639112.0000    11.7185   2.558E+02    38     0     85
3s_3p2(4Pe)4s_3Pe           9.0     640575.0000    11.6747   2.568E+02    39     0     86
3s2_3d2_1Se                 1.0     641042.0000    11.6607   2.571E+02    40     0     87
3s2_3p_4d_3Po               9.0     644352.0000    11.5614   2.593E+02    38     0     88
3s2_3p_4d_1Fo               7.0     644359.0000    11.5612   2.593E+02    41     0     89
3s2_3p_4d_1Po               3.0     648056.0000    11.4504   2.618E+02    41     0     90
3s_3p_3d2_5Do              25.0     651871.0000    11.3360   2.645E+02    37     0     91
3s_3p_3d2_5Fo              35.0     659099.0000    11.1193   2.696E+02    42     0     92
3s_3p2(4Pe)4p_5Po          15.0     662945.0000    11.0040   2.724E+02    42     0     93
3s_3p2(2De)4s_3De          15.0     665996.0000    10.9126   2.747E+02    39     0     94
3s2_3p3_3d_1Fo              7.0     667819.0000    10.8579   2.761E+02    41     0     95
3s_3p2(4Pe)4p_3So           3.0     672934.0000    10.7046   2.801E+02    43     0     96
3s2_3p3_3d(a)_1Fo           7.0     674735.0000    10.6506   2.815E+02    41     0     97
3s_3p2(4Pe)4p_5Do          25.0     676002.0000    10.6126   2.825E+02    42     0     98
3s2_3p3_3d(b)_3Do          15.0     677489.0000    10.5680   2.837E+02    43     0     99
3s_3p_3d2_3Fo              21.0     678583.0000    10.5352   2.846E+02    43     0    100
3s2_3p3_3d(a)_1Do           5.0     678778.0000    10.5294   2.847E+02    44     0    101
3s_3p2(2De)4s_1De           5.0     679243.0000    10.5154   2.851E+02    45     0    102
3s_3p_3d2(a)_5Do           25.0     680447.0000    10.4793   2.861E+02    42     0    103
3s2_3p_4f_1Fe               7.0     681275.0000    10.4545   2.868E+02    45     0    104
3s_3p_3d2_5Po              15.0     682622.0000    10.4141   2.879E+02    42     0    105
3s2_3p_4f_3Ge              27.0     682799.0000    10.4088   2.880E+02    46     0    106
3s2_3p_4f_3Fe              21.0     683716.0000    10.3813   2.888E+02    46     0    107
3s_3p2(4Pe)4p_5So           5.0     684209.0000    10.3666   2.892E+02    42     0    108
3s_3p_3d2_3Do              15.0     688432.0000    10.2400   2.928E+02    43     0    109
3s_3p_3d2_3Ho              33.0     688710.0000    10.2316   2.930E+02    43     0    110
3s2_3p_4f_3De              15.0     689041.0000    10.2217   2.933E+02    46     0    111
3s_3p2(4Pe)4p_3Do          15.0     692650.0000    10.1135   2.964E+02    43     0    112
3s2_3p_4f_1Ge               9.0     696215.0000    10.0066   2.996E+02    45     0    113
3s2_3p_4f_1De               5.0     696301.0000    10.0040   2.997E+02    45     0    114
3s_3p_3d2_3Go              27.0     697686.0000     9.9625   3.009E+02    43     0    115
3s_3p2(4Pe)4p_3Po           9.0     698642.0000     9.9339   3.018E+02    43     0    116
3s_3p_3d2_3So               3.0     703679.0000     9.7829   3.064E+02    43     0    117
3s_3p_3d2_5So               5.0     708488.0000     9.6387   3.110E+02    47     0    118
3s_3p2(2Se)4s_3Se           3.0     712577.0000     9.5161   3.150E+02    46     0    119
3s_3p_3d2(a)_3Go           27.0     720297.0000     9.2847   3.229E+02    48     0    120
3s_3p_3d2(a)_3Fo           21.0     721581.0000     9.2462   3.242E+02    48     0    121
3s2_3p_5s_3Po               9.0     721930.0000     9.2357   3.246E+02    48     0    122
3s_3p2(2De)4p_3Do          15.0     723298.0000     9.1947   3.260E+02    48     0    123
3s_3p2(2De)4p_1Do           5.0     723343.0000     9.1933   3.261E+02    49     0    124
3s2_3p_5s_1Po               3.0     725023.0000     9.1430   3.279E+02    49     0    125
3s_3p_3d2_1Fo               7.0     725969.0000     9.1146   3.289E+02    49     0    126
3s_3p_3d2_3Po               9.0     726755.0000     9.0911   3.298E+02    48     0    127
3s_3p2(2De)4p_3Fo          21.0     727228.0000     9.0769   3.303E+02    48     0    128
3s_3p2(2Se)4s_1Se           1.0     728203.0000     9.0476   3.313E+02    50     0    129
3s2_3p3_3d(a)_1Po           3.0     728459.0000     9.0400   3.316E+02    49     0    130
3s_3p2(2Pe)4s_1Pe           3.0     731372.0000     8.9526   3.349E+02    50     0    131
3s_3p2(2Pe)4s_3Pe           9.0     732338.0000     8.9237   3.360E+02    51     0    132
3s_3p2(2De)4p_3Po           9.0     732448.0000     8.9204   3.361E+02    48     0    133
3s_3p2(2De)4p_1Fo           7.0     735492.0000     8.8291   3.395E+02    49     0    134
3s_3p_3d2_1Go               9.0     735917.0000     8.8164   3.400E+02    49     0    135
3s_3p2(2De)4p_1Po           3.0     738376.0000     8.7427   3.429E+02    49     0    136
3s_3p_3d2_1Do               5.0     738770.0000     8.7309   3.434E+02    49     0    137
3s_3p_3d2(a)_3Do           15.0     747810.0000     8.4598   3.544E+02    48     0    138
3s2_3p_5p_3De              15.0     748462.0000     8.4403   3.552E+02    51     0    139
3s_3p_3d2_1So               1.0     749245.0000     8.4168   3.562E+02    49     0    140
3s_3p_3d2(b)_3Fo           21.0     749506.0000     8.4090   3.565E+02    48     0    141
3s_3p_3d2(a)_3Po            9.0     751309.0000     8.3549   3.588E+02    48     0    142
3s2_3p_5p_3Se               3.0     752631.0000     8.3153   3.605E+02    51     0    143
3s2_3p_5p_3Pe               9.0     753915.0000     8.2768   3.622E+02    51     0    144
3s2_3p_5p_1De               5.0     754406.0000     8.2621   3.629E+02    50     0    145
3s2_3p_5p_1Pe               3.0     755002.0000     8.2442   3.636E+02    50     0    146
3s_3p_3d2_1Ho              11.0     756716.0000     8.1928   3.659E+02    49     0    147
3s_3p_3d2(b)_3Do           15.0     757845.0000     8.1590   3.674E+02    52     0    148
3s2_3p_5p_1Se               1.0     760582.0000     8.0769   3.712E+02    50     0    149
3s_3p2(4Pe)4d_5Fe          35.0     762110.0000     8.0311   3.733E+02    53     0    150
3s_3p2(4Pe)4d_5Pe          15.0     762427.0000     8.0216   3.737E+02    53     0    151
3s_3p_3d2(b)_3Go           27.0     764653.0000     7.9549   3.769E+02    52     0    152
3s_3p2(4Pe)4d_3Pe           9.0     765348.0000     7.9341   3.779E+02    51     0    153
3s_3p_3d2(b)_3Po            9.0     767626.0000     7.8658   3.811E+02    52     0    154
3s_3p2(4Pe)4d_5De          25.0     767923.0000     7.8569   3.816E+02    53     0    155
3s_3p2(4Pe)4d_3Fe          21.0     769102.0000     7.8215   3.833E+02    54     0    156
3s_3p2(2Se)4p_1Po           3.0     773584.0000     7.6872   3.900E+02    55     0    157
3s_3p2(2Se)4p_3Po           9.0     774678.0000     7.6544   3.917E+02    52     0    158
3s_3p2(2Pe)4p_1So           1.0     776743.0000     7.5925   3.949E+02    55     0    159
3s_3p2(4Pe)4d_3De          15.0     777175.0000     7.5795   3.955E+02    54     0    160
3s2_3p_5d_3Do              15.0     779432.0000     7.5118   3.991E+02    52     0    161
3s_3p_3d2(c)_3Fo           21.0     780760.0000     7.4720   4.012E+02    52     0    162
3s2_3p_5d_1Do               5.0     781908.0000     7.4376   4.031E+02    55     0    163
3s_3p_3d2_1Po               3.0     786674.0000     7.2947   4.110E+02    55     0    164
3s2_3p_5d_3Po               9.0     787903.0000     7.2579   4.131E+02    52     0    165
3s2_3d_4s_3De              15.0     788301.0000     7.2460   4.137E+02    54     0    166
3s2_3p_5d_1Fo               7.0     788335.0000     7.2449   4.138E+02    55     0    167
3s2_3p_5d_3Fo              21.0     789187.0000     7.2194   4.153E+02    52     0    168
3s2_3p_5d_1Po               3.0     790477.0000     7.1807   4.175E+02    55     0    169
3s2_3d_4s_1De               5.0     793108.0000     7.1018   4.221E+02    56     0    170
3s_3p_3d2(c)_3Do           15.0     793349.0000     7.0946   4.226E+02    52     0    171
3s_3p2(2Pe)4p_3So           3.0     793787.0000     7.0815   4.233E+02    52     0    172
3s_3p2(2Pe)4p_3Do          15.0     797773.0000     6.9620   4.306E+02    57     0    173
3s_3p2(2Pe)4p_3Po           9.0     798678.0000     6.9349   4.323E+02    57     0    174
3s_3p_3d2(a)_1Fo            7.0     800598.0000     6.8773   4.359E+02    55     0    175
3s_3p2(4Pe)4f_5Go          45.0     803045.0000     6.8039   4.406E+02    58     0    176
3s_3p2(2Pe)4p_1Do           5.0     803209.0000     6.7990   4.409E+02    55     0    177
3s_3p2(4Pe)4f_3Do          15.0     804143.0000     6.7710   4.428E+02    57     0    178
3s_3p2(2De)4d_3Fe          21.0     804414.0000     6.7629   4.433E+02    54     0    179
3s_3p2(2De)4d_1Fe           7.0     804657.0000     6.7556   4.438E+02    56     0    180
3s_3p_3d2(a)_1Do            5.0     805744.0000     6.7230   4.459E+02    55     0    181
3s_3p2(2De)4d_3De          15.0     806060.0000     6.7136   4.465E+02    54     0    182
3s_3p_3d2(a)_1Po            3.0     806220.0000     6.7088   4.469E+02    55     0    183
3s_3p2(4Pe)4f_5Do          25.0     806766.0000     6.6924   4.480E+02    58     0    184
3s2_3p_5f_3Ge              27.0     807611.0000     6.6671   4.497E+02    59     0    185
3s2_3p_5f_1Fe               7.0     808095.0000     6.6525   4.506E+02    56     0    186
3s2_3p2_3d2_5Ge            45.0     808653.0000     6.6358   4.518E+02    60     0    187
3s_3p2(2De)4d_3Ge          27.0     808674.0000     6.6352   4.518E+02    59     0    188
3s2_3p_5f_3Fe              21.0     808783.0000     6.6319   4.520E+02    59     0    189
3s_3p2(4Pe)4f_5Fo          35.0     809598.0000     6.6075   4.537E+02    58     0    190
3s_3p2(2De)4d_1De           5.0     810204.0000     6.5893   4.550E+02    56     0    191
3s_3p2(2Pe)4p_1Po           3.0     810242.0000     6.5882   4.550E+02    55     0    192
3s_3p2(2De)4d_1Ge           9.0     810403.0000     6.5834   4.554E+02    56     0    193
3s2_3p_5f_3De              15.0     810700.0000     6.5744   4.560E+02    59     0    194
3s_3p_3d2(a)_1Go            9.0     810702.0000     6.5744   4.560E+02    55     0    195
3s2_3p_5g_3Go              27.0     811716.0000     6.5440   4.581E+02    57     0    196
3s2_3p_5g_1Go               9.0     812309.0000     6.5262   4.594E+02    61     0    197
3s_3p_3d2(c)_3Po            9.0     812343.0000     6.5252   4.594E+02    57     0    198
3s2_3p_5g_3Ho              33.0     813411.0000     6.4932   4.617E+02    57     0    199
3s2_3p_5f_1De               5.0     813833.0000     6.4805   4.626E+02    56     0    200
3s2_3p_5g_3Fo              21.0     814012.0000     6.4752   4.630E+02    57     0    201
3s2_3p_5g_1Fo               7.0     814298.0000     6.4666   4.636E+02    61     0    202
3s2_3p_5g_1Ho              11.0     814372.0000     6.4644   4.638E+02    61     0    203
3s_3p2(2De)4d_3Pe           9.0     814712.0000     6.4542   4.645E+02    59     0    204
3s_3p2(2De)4d_1Pe           3.0     815129.0000     6.4417   4.654E+02    56     0    205
3s2_3p_5f_1Ge               9.0     815585.0000     6.4280   4.664E+02    56     0    206
3s_3p2(4Pe)4f_3Go          27.0     816252.0000     6.4080   4.678E+02    57     0    207
3s_3p_3d2(d)_3Do           15.0     817578.0000     6.3683   4.708E+02    57     0    208
3s_3p2(2De)4d_3Se           3.0     818008.0000     6.3554   4.717E+02    59     0    209
3s2_3p2_3d2_3Fe            21.0     820726.0000     6.2739   4.778E+02    59     0    210
3s_3p2(2De)4d_1Se           1.0     823181.0000     6.2003   4.835E+02    56     0    211
3s_3p2(2De)4f_1Fo           7.0     824223.0000     6.1690   4.860E+02    61     0    212
3s_3p2(4Pe)4f_3Fo          21.0     825180.0000     6.1403   4.882E+02    57     0    213
3s2_3p2_3d2_3Pe             9.0     826185.0000     6.1102   4.906E+02    59     0    214
3s2_3p2_3d2_1Ge             9.0     828678.0000     6.0355   4.967E+02    56     0    215
3s2_3p_6s_3Po               9.0     830657.0000     5.9762   5.016E+02    57     0    216
3s2_3p_6s_1Po               3.0     832346.0000     5.9255   5.059E+02    61     0    217
3s2_3p2_3d2_5De            25.0     833064.0000     5.9040   5.078E+02    60     0    218
3s2_3p2_3d2_5Fe            35.0     835324.0000     5.8362   5.137E+02    60     0    219
3s2_3p2_3d2_1De             5.0     835993.0000     5.8162   5.154E+02    62     0    220
3s2_3p2_3d2_3He            33.0     837925.0000     5.7583   5.206E+02    59     0    221
3s2_3d_4p_1Do               5.0     839968.0000     5.6970   5.262E+02    61     0    222
3s_3p_3d2(a)_3So            3.0     842987.0000     5.6065   5.347E+02    63     0    223
3s2_3p_6p_1Pe               3.0     843432.0000     5.5932   5.360E+02    62     0    224
3s2_3p_6p_3De              15.0     844117.0000     5.5726   5.380E+02    59     0    225
3s2_3p_6p_3Pe               9.0     844687.0000     5.5555   5.396E+02    59     0    226
3s2_3p_6p_3Se               3.0     845953.0000     5.5176   5.433E+02    59     0    227
3s2_3p2_3d2_3De            15.0     846178.0000     5.5108   5.440E+02    59     0    228
3s2_3d_4p_3Fo              21.0     846257.0000     5.5085   5.442E+02    63     0    229
3s2_3d_4p_3Do              15.0     846529.0000     5.5003   5.450E+02    63     0    230
3s2_3p_6p_1De               5.0     847134.0000     5.4822   5.468E+02    62     0    231
3s_3p_3d2(b)_1Do            5.0     847179.0000     5.4808   5.470E+02    61     0    232
3s_3p2(2De)4f_3Go          27.0     847655.0000     5.4666   5.484E+02    63     0    233
3s_3p2(4Pe)5s_5Pe          15.0     847767.0000     5.4632   5.487E+02    60     0    234
3s2_3p2_3d2_3Ge            27.0     848604.0000     5.4381   5.513E+02    64     0    235
3s_3p2(2De)4f_3Fo          21.0     849534.0000     5.4102   5.541E+02    63     0    236
3s2_3p_6p_1Se               1.0     849780.0000     5.4029   5.549E+02    62     0    237
3s_3p2(2De)4f_3Ho          33.0     852666.0000     5.3163   5.639E+02    63     0    238
3s_3p2(2De)4f_1Go           9.0     853296.0000     5.2975   5.659E+02    65     0    239
3s2_3d_4p_1Fo               7.0     854396.0000     5.2645   5.695E+02    65     0    240
3s2_3d_4p_3Po               9.0     854639.0000     5.2572   5.703E+02    63     0    241
3s_3p2(2De)4f_3Do          15.0     855327.0000     5.2366   5.725E+02    63     0    242
3s_3p2(4Pe)5s_3Pe           9.0     855344.0000     5.2361   5.726E+02    64     0    243
3s_3p2(2Se)4d_3De          15.0     856592.0000     5.1986   5.767E+02    64     0    244
3s_3p2(2De)4f_1Ho          11.0     857526.0000     5.1706   5.798E+02    65     0    245
3s2_3p2_3d2(a)_3Fe         21.0     858604.0000     5.1383   5.834E+02    64     0    246
3s2_3d_4p_1Po               3.0     858913.0000     5.1291   5.845E+02    65     0    247
3s_3p2(2Se)4d_1De           5.0     859658.0000     5.1067   5.871E+02    62     0    248
3s_3p_3d2(b)_1Fo            7.0     859755.0000     5.1038   5.874E+02    65     0    249
3s_3p2(2De)4f_1Do           5.0     861019.0000     5.0659   5.918E+02    65     0    250
3s_3p2(2De)4f_3Po           9.0     861282.0000     5.0580   5.927E+02    63     0    251
3s2_3p_6d_3Fo              21.0     865856.0000     4.9209   6.092E+02    63     0    252
3s2_3p_6d_1Do               5.0     865959.0000     4.9178   6.096E+02    65     0    253
3s2_3p_6d_3Do              15.0     866525.0000     4.9009   6.117E+02    63     0    254
3s_3p2(2De)4f_1Po           3.0     866854.0000     4.8910   6.129E+02    65     0    255
3s2_3p2_3d2_1He            11.0     867012.0000     4.8863   6.135E+02    62     0    256
3s2_3p_6d_3Po               9.0     867237.0000     4.8795   6.144E+02    63     0    257
3s_3p_3d2(b)_1Po            3.0     868091.0000     4.8539   6.176E+02    65     0    258
3s2_3p2_3d2_5Pe            15.0     869009.0000     4.8264   6.212E+02    66     0    259
3s_3p2(2Pe)4d_3Fe          21.0     870040.0000     4.7955   6.252E+02    64     0    260
3s2_3p2_3d2(a)_5De         25.0     870281.0000     4.7883   6.261E+02    66     0    261
3s_3p2(2Pe)4d_3Pe           9.0     870940.0000     4.7685   6.287E+02    64     0    262
3s_3p2(2Pe)4d_1Pe           3.0     871286.0000     4.7581   6.301E+02    62     0    263
3s2_3p_6d_1Fo               7.0     872111.0000     4.7334   6.334E+02    65     0    264
3s_3p2(2Pe)4d_1Fe           7.0     872745.0000     4.7144   6.359E+02    62     0    265
3s2_3p_6d_1Po               3.0     872828.0000     4.7119   6.362E+02    65     0    266
3s_3p2(4Pe)5p_5Do          25.0     873177.0000     4.7014   6.377E+02    67     0    267
3s_3p2(4Pe)5p_3So           3.0     873311.0000     4.6974   6.382E+02    63     0    268
3s2_3p2_3d2(a)_3De         15.0     874595.0000     4.6589   6.435E+02    64     0    269
3s_3p2(4Pe)5p_5Po          15.0     874818.0000     4.6522   6.444E+02    67     0    270
3s2_3p_6f_3Ge              27.0     876306.0000     4.6076   6.506E+02    64     0    271
3s2_3p_6f_3Fe              21.0     876601.0000     4.5988   6.519E+02    64     0    272
3s2_3p_6f_1Fe               7.0     876936.0000     4.5887   6.533E+02    62     0    273
3s_3p2(4Pe)5p_5So           5.0     877119.0000     4.5833   6.541E+02    67     0    274
3s2_3p_6f_3De              15.0     877172.0000     4.5817   6.543E+02    64     0    275
3s2_3p_6g_3Go              27.0     877418.0000     4.5743   6.554E+02    63     0    276
3s2_3p_6g_1Go               9.0     877785.0000     4.5633   6.570E+02    65     0    277
3s2_3p2_3d2(b)_3De         15.0     878194.0000     4.5510   6.587E+02    64     0    278
3s2_3p_6g_3Fo              21.0     878503.0000     4.5418   6.601E+02    63     0    279
3s2_3p2_3d2(a)_3Pe          9.0     878670.0000     4.5368   6.608E+02    64     0    280
3s2_3p_6g_1Fo               7.0     879201.0000     4.5208   6.631E+02    65     0    281
3s2_3p_6f_1De               5.0     879276.0000     4.5186   6.635E+02    68     0    282
3s2_3p_6f_1Ge               9.0     879332.0000     4.5169   6.637E+02    68     0    283
3s_3p2(4Pe)5p_3Do          15.0     879736.0000     4.5048   6.655E+02    63     0    284
3s2_3p_6g_1Ho              11.0     879858.0000     4.5011   6.660E+02    65     0    285
3s2_3p_6g_3Ho              33.0     879870.0000     4.5008   6.661E+02    63     0    286
3s_3p2(2Pe)4d_1De           5.0     882818.0000     4.4124   6.794E+02    68     0    287
3s_3p2(4Pe)5p_3Po           9.0     882856.0000     4.4113   6.796E+02    63     0    288
3s2_3p2_3d2_1Fe             7.0     888465.0000     4.2431   7.065E+02    68     0    289
3s2_3p2_3d2_1Ie            13.0     888726.0000     4.2353   7.078E+02    68     0    290
3s2_3p_7s_3Po               9.0     890015.0000     4.1966   7.144E+02    69     0    291
3s2_3p_7s_1Po               3.0     890714.0000     4.1757   7.179E+02    65     0    292
3s_3p2(2De)5s_3De          15.0     890719.0000     4.1755   7.180E+02    64     0    293
3s2_3p2_3d2(a)_3He         33.0     892961.0000     4.1083   7.297E+02    70     0    294
3s2_3p2_3d2(b)_3Fe         21.0     894883.0000     4.0507   7.401E+02    70     0    295
3s_3p2(2De)5s_1De           5.0     895349.0000     4.0367   7.427E+02    68     0    296
3s2_3p2_3d2_1Pe             3.0     895777.0000     4.0239   7.450E+02    68     0    297
3s2_3p_7p_1Pe               3.0     897466.0000     3.9733   7.545E+02    68     0    298
3s2_3p_7p_3Se               3.0     898558.0000     3.9405   7.608E+02    70     0    299
3s2_3p_7p_3De              15.0     898616.0000     3.9388   7.611E+02    70     0    300
3s2_3p_7p_3Pe               9.0     898728.0000     3.9354   7.618E+02    70     0    301
3s_3p2(2Se)4f_3Fo          21.0     900245.0000     3.8900   7.707E+02    69     0    302
3s2_3p_7p_1De               5.0     900633.0000     3.8783   7.730E+02    68     0    303
3s2_3p_7p_1Se               1.0     900821.0000     3.8727   7.741E+02    68     0    304
3s2_3p2_3d2(a)_1Ge          9.0     902047.0000     3.8359   7.815E+02    68     0    305
3s2_3p2_3d2(a)_1De          5.0     903315.0000     3.7979   7.894E+02    68     0    306
3s_3p2(2Se)4f_1Fo           7.0     904861.0000     3.7516   7.991E+02    71     0    307
3s2_3p_7d_3Fo              21.0     909777.0000     3.6042   8.318E+02    69     0    308
3s2_3p_7d_1Do               5.0     909834.0000     3.6025   8.322E+02    71     0    309
3s_3p2(2Pe)4f_3Go          27.0     910157.0000     3.5928   8.344E+02    69     0    310
3s2_3p2_3d2(b)_3Pe          9.0     910171.0000     3.5924   8.345E+02    70     0    311
3s2_3p_7d_3Do              15.0     910242.0000     3.5903   8.350E+02    69     0    312
3s2_3p_7d_3Po               9.0     911304.0000     3.5584   8.425E+02    69     0    313
3s2_3p_7d_1Fo               7.0     911695.0000     3.5467   8.453E+02    71     0    314
3s_3p2(4Pe)5d_5Fe          35.0     911722.0000     3.5459   8.455E+02    66     0    315
3s_3p2(4Pe)5d_5Pe          15.0     911857.0000     3.5418   8.464E+02    66     0    316
3s2_3p_7d_1Po               3.0     912172.0000     3.5324   8.487E+02    71     0    317
3s2_3p2_3d2(c)_3Fe         21.0     912291.0000     3.5288   8.496E+02    70     0    318
3s2_3p2_3d2_1Se             1.0     912716.0000     3.5161   8.526E+02    68     0    319
3s_3p2(4Pe)5d_3Pe           9.0     912825.0000     3.5128   8.534E+02    70     0    320
3s_3p2(4Pe)5d_5De          25.0     913865.0000     3.4816   8.611E+02    72     0    321
3s2_3p_7g_1Go               9.0     914355.0000     3.4669   8.647E+02    71     0    322
3s_3p2(4Pe)5d_3Fe          21.0     914557.0000     3.4609   8.662E+02    70     0    323
3s_3p2(2Pe)4f_3Fo          21.0     915459.0000     3.4339   8.730E+02    69     0    324
3s2_3p2_3d2(a)_3Ge         27.0     915867.0000     3.4216   8.762E+02    70     0    325
3s_3p2(2Pe)4f_1Do           5.0     916130.0000     3.4137   8.782E+02    71     0    326
3s2_3p2_3d2(a)_1Fe          7.0     917016.0000     3.3872   8.851E+02    68     0    327
3s2_3p_7f_1Fe               7.0     917150.0000     3.3832   8.861E+02    68     0    328
3s2_3p_7f_3Ge              27.0     917169.0000     3.3826   8.863E+02    70     0    329
3s_3p2(2Pe)4f_3Do          15.0     917319.0000     3.3781   8.875E+02    69     0    330
3s2_3p_7f_3Fe              21.0     917331.0000     3.3777   8.876E+02    70     0    331
3s_3p2(2De)5p_3Do          15.0     917397.0000     3.3758   8.881E+02    69     0    332
3s_3p2(4Pe)5d_3De          15.0     917510.0000     3.3724   8.890E+02    70     0    333
3s_3p2(2De)5p_3Fo          21.0     917962.0000     3.3588   8.926E+02    69     0    334
3s2_3p_7f_3De              15.0     918333.0000     3.3477   8.955E+02    70     0    335
3s2_3p_7f_1Ge               9.0     918884.0000     3.3312   9.000E+02    68     0    336
3s2_3p_7g_1Fo               7.0     918976.0000     3.3284   9.007E+02    71     0    337
3s2_3p_7g_3Ho              33.0     918981.0000     3.3283   9.007E+02    69     0    338
3s2_3p_7f_1De               5.0     919139.0000     3.3235   9.020E+02    68     0    339
3s2_3p2_3d2(c)_3Pe          9.0     919243.0000     3.3204   9.029E+02    70     0    340
3s2_3p_7g_1Ho              11.0     919251.0000     3.3202   9.029E+02    71     0    341
3s_3p2(2De)5p_1Do           5.0     919547.0000     3.3113   9.054E+02    71     0    342
3s_3p2(2De)5p_1Fo           7.0     920108.0000     3.2945   9.100E+02    71     0    343
3s2_3p2_3d2(c)_3De         15.0     920402.0000     3.2857   9.124E+02    70     0    344
3s_3p2(2De)5p_3Po           9.0     920644.0000     3.2784   9.144E+02    69     0    345
3s2_3p2_3d2(b)_3Ge         27.0     920684.0000     3.2772   9.148E+02    70     0    346
3s2_3p_7g_3Go              27.0     922532.0000     3.2218   9.305E+02    69     0    347
3s2_3p2_3d2(a)_1Pe          3.0     923038.0000     3.2066   9.349E+02    68     0    348
3s_3p2(2De)5p_1Po           3.0     923139.0000     3.2036   9.358E+02    71     0    349
3s_3d3_3Ge                 27.0     923499.0000     3.1928   9.390E+02    70     0    350
3s2_3p2_3d2(d)_3De         15.0     924418.0000     3.1653   9.471E+02    70     0    351
3s2_3p_7g_3Fo              21.0     924832.0000     3.1529   9.509E+02    69     0    352
3s2_3p2_3d2(b)_1Fe          7.0     925463.0000     3.1339   9.566E+02    73     0    353
3s2_3p_8s_3Po               9.0     926261.0000     3.1100   9.640E+02    69     0    354
3s2_3p_8s_1Po               3.0     926291.0000     3.1091   9.642E+02    71     0    355
3s_3p2(2Pe)4f_1Go           9.0     926455.0000     3.1042   9.658E+02    71     0    356
3s2_3p2_3d2_3Se             3.0     927518.0000     3.0723   9.758E+02    70     0    357
3s_3p2(4Pe)5f_5Go          45.0     930036.0000     2.9968   1.000E+03    74     0    358
3s2_3d_4d_3Fe              21.0     930504.0000     2.9828   1.005E+03    70     0    359
3s2_3p_8p_1Pe               3.0     930565.0000     2.9810   1.006E+03    73     0    360
3s2_3p2_3d2(d)_3Fe         21.0     930685.0000     2.9774   1.007E+03    70     0    361
3s2_3p_8p_3Pe               9.0     931138.0000     2.9638   1.012E+03    70     0    362
3s2_3p_8p_3De              15.0     931395.0000     2.9561   1.014E+03    70     0    363
3s2_3p_8p_3Se               3.0     931539.0000     2.9518   1.016E+03    70     0    364
3s_3p2(4Pe)5f_5Do          25.0     931787.0000     2.9444   1.018E+03    74     0    365
3s2_3p_8p_1De               5.0     931808.0000     2.9437   1.018E+03    73     0    366
3s_3p2(2Pe)4f_1Fo           7.0     932014.0000     2.9375   1.021E+03    71     0    367
3s_3p2(4Pe)5f_5Fo          35.0     932331.0000     2.9280   1.024E+03    74     0    368
3s2_3p_8p_1Se               1.0     932667.0000     2.9180   1.027E+03    73     0    369
3s_3p2(4Pe)5f_3Do          15.0     934746.0000     2.8556   1.050E+03    75     0    370
3s_3p2(4Pe)5f_3Go          27.0     935986.0000     2.8185   1.064E+03    75     0    371
3s_3p2(4Pe)5g_5Fe          35.0     936644.0000     2.7987   1.071E+03    72     0    372
3s_3p2(4Pe)5g_5He          55.0     936874.0000     2.7918   1.074E+03    72     0    373
3s_3p2(4Pe)5g_3Fe          21.0     936950.0000     2.7896   1.075E+03    70     0    374
3s_3d3_5Fe                 35.0     937005.0000     2.7879   1.075E+03    72     0    375
3s_3p2(4Pe)5g_3He          33.0     937402.0000     2.7760   1.080E+03    70     0    376
3s2_3d_4d_1Ge               9.0     937657.0000     2.7684   1.083E+03    73     0    377
3s2_3d_4d_1De               5.0     938122.0000     2.7544   1.088E+03    73     0    378
3s_3p2(4Pe)5g_5Ge          45.0     938639.0000     2.7389   1.095E+03    72     0    379
3s_3p2(2Se)5s_3Se           3.0     938981.0000     2.7287   1.099E+03    76     0    380
3s2_3p_8d_1Do               5.0     939112.0000     2.7248   1.100E+03    71     0    381
3s2_3p_8d_3Do              15.0     939257.0000     2.7204   1.102E+03    75     0    382
3s_3p2(4Pe)5g_3Ge          27.0     939301.0000     2.7191   1.103E+03    76     0    383
3s2_3d_4d_3Pe               9.0     939670.0000     2.7080   1.107E+03    76     0    384
3s2_3p_8d_3Fo              21.0     939689.0000     2.7075   1.107E+03    75     0    385
3s2_3p_8d_3Po               9.0     939715.0000     2.7067   1.108E+03    75     0    386
3s_3p2(4Pe)5f_3Fo          21.0     939947.0000     2.6997   1.110E+03    75     0    387
3s2_3p_8d_1Fo               7.0     940280.0000     2.6897   1.115E+03    71     0    388
3s2_3p_8d_1Po               3.0     940282.0000     2.6897   1.115E+03    71     0    389
3s_3d3_3De                 15.0     940546.0000     2.6818   1.118E+03    76     0    390
3s2_3p2_3d2(b)_1De          5.0     940551.0000     2.6816   1.118E+03    73     0    391
3s_3p2(2Se)5s_1Se           1.0     943050.0000     2.6067   1.150E+03    73     0    392
3s_3d3_1Pe                  3.0     943107.0000     2.6050   1.151E+03    73     0    393
3s2_3p_8f_1Fe               7.0     943633.0000     2.5892   1.158E+03    73     0    394
3s2_3p_8f_3Ge              27.0     943825.0000     2.5835   1.160E+03    76     0    395
3s2_3p_8f_3Fe              21.0     944005.0000     2.5781   1.163E+03    76     0    396
3s2_3p_8g_3Ho              33.0     944251.0000     2.5707   1.166E+03    75     0    397
3s2_3p_8f_3De              15.0     944318.0000     2.5687   1.167E+03    76     0    398
3s2_3p_8g_1Ho              11.0     944847.0000     2.5528   1.174E+03    71     0    399
3s2_3p_8f_1De               5.0     945181.0000     2.5428   1.179E+03    73     0    400
3s2_3p_8g_3Go              27.0     945402.0000     2.5362   1.182E+03    75     0    401
3s2_3p_8f_1Ge               9.0     945457.0000     2.5345   1.183E+03    73     0    402
3s2_3p_8g_1Go               9.0     945678.0000     2.5279   1.186E+03    71     0    403
3s2_3p_8g_3Fo              21.0     946144.0000     2.5139   1.193E+03    75     0    404
3s2_3p_8g_1Fo               7.0     946557.0000     2.5016   1.198E+03    71     0    405
3s2_3p_9s_3Po               9.0     949563.0000     2.4114   1.243E+03    75     0    406
3s2_3p_9s_1Po               3.0     949797.0000     2.4044   1.247E+03    71     0    407
3s2_3p_9p_1Pe               3.0     951365.0000     2.3574   1.272E+03    73     0    408
3s2_3p_9p_3Pe               9.0     952297.0000     2.3295   1.287E+03    76     0    409
3s2_3p_9p_1Se               1.0     952794.0000     2.3146   1.295E+03    73     0    410
3s2_3p_9p_3De              15.0     953003.0000     2.3083   1.299E+03    76     0    411
3s2_3p_9p_3Se               3.0     953536.0000     2.2923   1.308E+03    76     0    412
3s2_3p2_3d2(b)_1Ge          9.0     953881.0000     2.2820   1.314E+03    73     0    413
3s2_3p_9p_1De               5.0     954031.0000     2.2775   1.316E+03    73     0    414
3s_3p2(2De)5d_3Fe          21.0     954035.0000     2.2774   1.316E+03    76     0    415
3s_3p2(4Pe)6s_5Pe          15.0     954508.0000     2.2632   1.325E+03    72     0    416
3s_3p2(2De)5d_1Fe           7.0     954743.0000     2.2561   1.329E+03    73     0    417
3s_3p2(2De)5d_3De          15.0     954972.0000     2.2493   1.333E+03    76     0    418
3s2_3p2_3d2(c)_1De          5.0     955072.0000     2.2463   1.335E+03    73     0    419
3s_3p2(2De)5d_3Ge          27.0     955316.0000     2.2390   1.339E+03    76     0    420
3s_3p2(2De)5d_3Pe           9.0     955900.0000     2.2215   1.350E+03    76     0    421
3s_3p2(2Pe)5s_1Pe           3.0     956690.0000     2.1978   1.364E+03    73     0    422
3s_3p2(2Pe)5s_3Pe           9.0     957463.0000     2.1746   1.379E+03    76     0    423
3s_3d3_5Pe                 15.0     957604.0000     2.1704   1.381E+03    72     0    424
3s_3p2(2De)5d_1Ge           9.0     957727.0000     2.1667   1.384E+03    73     0    425
3s2_3d_4d_1Se               1.0     957887.0000     2.1619   1.387E+03    73     0    426
3s_3p2(2De)5d_1De           5.0     958230.0000     2.1516   1.393E+03    73     0    427
3s2_3p_9d_1Do               5.0     958490.0000     2.1438   1.398E+03    77     0    428
3s2_3p_9d_3Do              15.0     958567.0000     2.1415   1.400E+03    75     0    429
3s2_3p_9d_3Po               9.0     958826.0000     2.1337   1.405E+03    75     0    430
3s2_3p_9d_3Fo              21.0     958968.0000     2.1295   1.408E+03    75     0    431
3s2_3p_9d_1Po               3.0     959251.0000     2.1210   1.413E+03    77     0    432
3s2_3p_9d_1Fo               7.0     959252.0000     2.1210   1.413E+03    77     0    433
3s2_3p_9g_3Ho              33.0     959416.0000     2.1161   1.417E+03    75     0    434
3s_3p2(4Pe)6s_3Pe           9.0     959547.0000     2.1121   1.419E+03    76     0    435
3s_3p2(2De)5d_3Se           3.0     959733.0000     2.1066   1.423E+03    76     0    436
3s2_3d_4f_1Go               9.0     960958.0000     2.0698   1.448E+03    77     0    437
3s_3p2(2De)5d_1Pe           3.0     961171.0000     2.0634   1.453E+03    73     0    438
3s2_3p_9f_1Fe               7.0     961801.0000     2.0446   1.466E+03    73     0    439
3s2_3p_9f_3Ge              27.0     961927.0000     2.0408   1.469E+03    76     0    440
3s2_3p_9f_3Fe              21.0     962006.0000     2.0384   1.471E+03    76     0    441
3s2_3p_9f_3De              15.0     962269.0000     2.0305   1.476E+03    76     0    442
3s2_3p_9g_1Ho              11.0     962312.0000     2.0292   1.477E+03    77     0    443
3s2_3p_9g_3Go              27.0     962501.0000     2.0236   1.482E+03    75     0    444
3s_3p2(2De)5d_1Se           1.0     962617.0000     2.0201   1.484E+03    73     0    445
3s2_3p_9g_3Fo              21.0     962655.0000     2.0190   1.485E+03    75     0    446
3s2_3p_9f_1De               5.0     962796.0000     2.0147   1.488E+03    73     0    447
3s2_3p_9f_1Ge               9.0     962929.0000     2.0107   1.491E+03    73     0    448
3s2_3p_9g_1Fo               7.0     963278.0000     2.0003   1.499E+03    77     0    449
3s2_3p_9g_1Go               9.0     964869.0000     1.9526   1.535E+03    77     0    450
3s_3p2(2Se)5p_3Po           9.0     964875.0000     1.9524   1.536E+03    75     0    451
3s2_3p10g_3Ho              33.0     965984.0000     1.9192   1.562E+03    75     0    452
3s2_3p10s_1Po               3.0     966064.0000     1.9168   1.564E+03    77     0    453
3s2_3p10s_3Po               9.0     966416.0000     1.9062   1.573E+03    75     0    454
3s2_3d_4f_3Fo              21.0     966668.0000     1.8986   1.579E+03    75     0    455
3s_3p2(4Pe)6p_3So           3.0     967478.0000     1.8744   1.599E+03    75     0    456
3s_3d3(a)_3De              15.0     967667.0000     1.8687   1.604E+03    76     0    457
3s_3p2(2Se)5p_1Po           3.0     967683.0000     1.8682   1.605E+03    77     0    458
3s_3p2(4Pe)6p_5Do          25.0     968103.0000     1.8556   1.616E+03    74     0    459
3s2_3p2_3d2(d)_3Pe          9.0     968149.0000     1.8542   1.617E+03    76     0    460
3s2_3p10p_3De              15.0     968596.0000     1.8408   1.629E+03    76     0    461
3s2_3p10p_1Pe               3.0     968973.0000     1.8295   1.639E+03    73     0    462
3s_3p2(4Pe)6p_5Po          15.0     968985.0000     1.8292   1.639E+03    74     0    463
3s2_3p10p_3Se               3.0     969071.0000     1.8266   1.641E+03    76     0    464
3s2_3p10p_1De               5.0     969078.0000     1.8264   1.641E+03    73     0    465
3s2_3p10p_3Pe               9.0     969172.0000     1.8236   1.644E+03    76     0    466
3s_3p2(4Pe)6p_5So           5.0     969791.0000     1.8050   1.661E+03    74     0    467
3s2_3p10p_1Se               1.0     970043.0000     1.7975   1.668E+03    73     0    468
3s_3p2(2De)5g_1De           5.0     970275.0000     1.7905   1.674E+03    73     0    469
3s_3p2(4Pe)6p_3Do          15.0     971145.0000     1.7644   1.699E+03    75     0    470
3s_3p2(a)_2De)5d_1Se        1.0     971295.0000     1.7599   1.703E+03    73     0    471
3s2_3d_4f_1Do               5.0     971361.0000     1.7580   1.705E+03    77     0    472
3s_3p2(2De)5f_3Go          27.0     972062.0000     1.7369   1.726E+03    75     0    473
3s2_3p10d_3Do              15.0     972135.0000     1.7347   1.728E+03    75     0    474
3s2_3p10d_3Po               9.0     972477.0000     1.7245   1.738E+03    75     0    475
3s2_3p10d_1Do               5.0     972499.0000     1.7238   1.739E+03    77     0    476
3s2_3p10d_3Fo              21.0     972744.0000     1.7165   1.747E+03    75     0    477
3s2_3p10d_1Fo               7.0     972797.0000     1.7149   1.748E+03    77     0    478
3s2_3p10d_1Po               3.0     972900.0000     1.7118   1.751E+03    77     0    479
3s_3p2(4Pe)6p_3Po           9.0     973118.0000     1.7053   1.758E+03    75     0    480
3s_3p2(2De)5f_3Fo          21.0     974139.0000     1.6747   1.790E+03    75     0    481
3s_3p2(2De)5f_3Ho          33.0     974287.0000     1.6702   1.795E+03    75     0    482
3s2_3p10g_1Ho              11.0     974494.0000     1.6640   1.802E+03    77     0    483
3s2_3p10g_3Go              27.0     974607.0000     1.6606   1.805E+03    75     0    484
3s2_3p10f_1Fe               7.0     974743.0000     1.6566   1.810E+03    78     0    485
3s2_3p10f_3Ge              27.0     974842.0000     1.6536   1.813E+03    76     0    486
3s2_3p10f_3Fe              21.0     974890.0000     1.6522   1.815E+03    76     0    487
3s2_3p10f_3De              15.0     975089.0000     1.6462   1.821E+03    76     0    488
3s2_3p10g_1Fo               7.0     975125.0000     1.6451   1.822E+03    77     0    489
3s2_3p10f_1De               5.0     975470.0000     1.6348   1.834E+03    78     0    490
3s2_3p10f_1Ge               9.0     975493.0000     1.6341   1.835E+03    78     0    491
3s2_3p10g_1Go               9.0     975695.0000     1.6280   1.841E+03    77     0    492
3s_3p2(2Pe)5p_1So           1.0     977271.0000     1.5808   1.896E+03    77     0    493
3s_3p2(2De)5g_3He          33.0     978430.0000     1.5460   1.939E+03    76     0    494
3s_3p2(2De)5g_1He          11.0     978651.0000     1.5394   1.947E+03    78     0    495
3s_3p2(2De)5g_3Ie          39.0     980355.0000     1.4883   2.014E+03    76     0    496
3s_3p2(2De)5g_1Ie          13.0     980684.0000     1.4785   2.028E+03    78     0    497
3s_3p2(2Pe)5p_3So           3.0     984517.0000     1.3635   2.199E+03    79     0    498
3s_3p2(4Pe)6d_5Pe          15.0     988868.0000     1.2331   2.431E+03    80     0    499
3s_3p2(4Pe)6d_5Fe          35.0     988877.0000     1.2328   2.432E+03    80     0    500
3s_3p2(4Pe)6d_5De          25.0     990020.0000     1.1986   2.501E+03    80     0    501
3s2_3p2_3d2(b)_3He         33.0     991668.0000     1.1492   2.609E+03    81     0    502
3s_3p2(4Pe)6f_5Go          45.0     998883.0000     0.9329   3.214E+03    82     0    503
3s_3p2(4Pe)6f_5Do          25.0     999784.0000     0.9059   3.310E+03    82     0    504
3s_3p2(4Pe)6f_5Fo          35.0    1000135.0000     0.8953   3.348E+03    82     0    505
3s_3p2(4Pe)6g_5Fe          35.0    1002700.0000     0.8184   3.663E+03    80     0    506
3s_3p2(4Pe)6g_5He          55.0    1002803.0000     0.8153   3.677E+03    80     0    507
3s_3p2(4Pe)6g_3He          33.0    1003223.0000     0.8028   3.735E+03    81     0    508
3s_3p2(4Pe)6g_5Ge          45.0    1003894.0000     0.7826   3.831E+03    80     0    509
3s_3p2(4Pe)7s_5Pe          15.0    1013477.0000     0.4953   6.052E+03    80     0    510
3s_3p2(4Pe)7p_3So           3.0    1021407.0000     0.2576   1.164E+04    79     0    511
3s_3p2(4Pe)7p_5Do          25.0    1021587.0000     0.2522   1.189E+04    82     0    512
3s_3p2(4Pe)7p_5Po          15.0    1022117.0000     0.2363   1.269E+04    82     0    513
3s_3p2(4Pe)7p_5So           5.0    1022477.0000     0.2255   1.329E+04    82     0    514
