********************************************************************************
                                                                                
                 Super level assignments for PIV
                 E%LS with /\E=5%, and then heavily modied (NS almost doubled).
                                                                                
                     g        E(cm^-1)    10^15 Hz     eV       Lam(A)       ID 
********************************************************************************

12-Feb-2001                            !Date
178                                    !Number of energy levels
6                                      !Entry number of link to super level
  
3s2_1Se[0]           1.0          0.0000    12.4391   2.410E+02     1     0      1
3s_3p_3Po[0]         1.0      67918.0300    10.4029   2.882E+02     2     0      2
3s_3p_3Po[1]         3.0      68146.4800    10.3961   2.884E+02     2     0      3
3s_3p_3Po[2]         5.0      68615.1700    10.3820   2.888E+02     2     0      4
3s_3p_1Po[1]         3.0     105190.4200     9.2855   3.229E+02     3     0      5
3p2_1De[2]           5.0     158141.8200     7.6981   3.894E+02     4     0      6
3p2_3Pe[0]           1.0     164941.4400     7.4943   4.000E+02     5     0      7
3p2_3Pe[1]           3.0     165185.3900     7.4869   4.004E+02     5     0      8
3p2_3Pe[2]           5.0     165654.0400     7.4729   4.012E+02     5     0      9
3s_3d_3De[1]         3.0     189398.1300     6.7611   4.434E+02     6     0     10
3s_3d_3De[2]         5.0     189398.1300     6.7611   4.434E+02     6     0     11
3s_3d_3De[3]         7.0     189398.1300     6.7611   4.434E+02     6     0     12
3p2_1Se[0]           1.0     194591.7500     6.6054   4.539E+02     7     0     13
3s_3d_1De[2]         5.0     219153.8800     5.8690   5.108E+02     8     0     14
3s_4s_3Se[1]         3.0     226898.1400     5.6368   5.318E+02     9     0     15
3s_4s_1Se[0]         1.0     233997.9600     5.4240   5.527E+02     8     0     16
3s_4p_3Po[0]         1.0     256553.3600     4.7478   6.314E+02    10     0     17
3s_4p_3Po[1]         3.0     256611.9700     4.7460   6.317E+02    10     0     18
3s_4p_3Po[2]         5.0     256760.4600     4.7416   6.323E+02    10     0     19
3s_4p_1Po[1]         3.0     257522.6600     4.7187   6.353E+02    11     0     20
3p_3d_3Fo[2]         5.0     262005.2700     4.5844   6.539E+02    12     0     21
3p_3d_3Fo[3]         7.0     262248.4600     4.5771   6.550E+02    12     0     22
3p_3d_3Fo[4]         9.0     262567.2000     4.5675   6.564E+02    12     0     23
3p_3d_1Do[2]         5.0     267015.2300     4.4342   6.761E+02    13     0     24
3p_3d_3Po[2]         5.0     281020.0000     4.0143   7.468E+02    12     0     25
3p_3d_3Po[1]         3.0     281257.8500     4.0072   7.481E+02    12     0     26
3p_3d_3Po[0]         1.0     281399.9200     4.0029   7.489E+02    12     0     27
3p_3d_3Do[1]         3.0     283150.0400     3.9504   7.589E+02    13     0     28
3p_3d_3Do[2]         5.0     283246.8700     3.9475   7.594E+02    13     0     29
3p_3d_3Do[3]         7.0     283329.0800     3.9451   7.599E+02    13     0     30
3s_4f_1Fo[3]         7.0     290327.7100     3.7353   8.026E+02    14     0     31
3s_4d_3De[1]         3.0     293242.9400     3.6479   8.218E+02    15     0     32
3s_4d_3De[2]         5.0     293247.6900     3.6477   8.219E+02    15     0     33
3s_4d_3De[3]         7.0     293255.2700     3.6475   8.219E+02    15     0     34
3s_4d_1De[2]         5.0     295328.6300     3.5853   8.362E+02    16     0     35
3s_4f_3Fo[2]         5.0     303660.6400     3.3356   8.988E+02    14     0     36
3s_4f_3Fo[3]         7.0     303665.8000     3.3354   8.988E+02    14     0     37
3s_4f_3Fo[4]         9.0     303672.4900     3.3352   8.989E+02    14     0     38
3p_3d_1Po[1]         3.0     307083.3400     3.2329   9.273E+02    17     0     39
3s_5s_3Se[1]         3.0     309111.4400     3.1721   9.451E+02    15     0     40
3s_5s_1Se[0]         1.0     311183.0400     3.1100   9.640E+02    16     0     41
3p_3d_1Fo[3]         7.0     314423.6900     3.0129   9.950E+02    17     0     42
3s_5p_1Po[1]         3.0     316888.0900     2.9390   1.020E+03    18     0     43
3p_4s_3Po[0]         1.0     317675.3500     2.9154   1.028E+03    19     0     44
3p_4s_3Po[1]         3.0     317957.4100     2.9069   1.031E+03    19     0     45
3p_4s_3Po[2]         5.0     318362.5400     2.8948   1.036E+03    19     0     46
3s_5p_3Po[0]         1.0     322387.5200     2.7741   1.081E+03    19     0     47
3s_5p_3Po[1]         3.0     322438.9900     2.7726   1.081E+03    19     0     48
3s_5p_3Po[2]         5.0     322541.9800     2.7695   1.082E+03    19     0     49
3p_4s_1Po[1]         3.0     327873.5400     2.6097   1.149E+03    20     0     50
3s_5d_3De[1]         3.0     337245.6400     2.3287   1.287E+03    21     0     51
3s_5d_3De[2]         5.0     337324.9100     2.3263   1.289E+03    21     0     52
3s_5d_3De[3]         7.0     337432.2600     2.3231   1.290E+03    21     0     53
3s_5d_1De[2]         5.0     338035.0900     2.3050   1.301E+03    22     0     54
3p_4p_1Pe[1]         3.0     340908.5500     2.2189   1.351E+03    23     0     55
3s_5f_3Fo[2]         5.0     343603.5900     2.1381   1.402E+03    19     0     56
3s_5f_3Fo[3]         7.0     343603.9000     2.1381   1.402E+03    19     0     57
3s_5f_3Fo[4]         9.0     343604.8800     2.1381   1.402E+03    19     0     58
3s_5g_3Ge[3]         7.0     344006.4400     2.1260   1.410E+03    24     0     59
3s_5g_3Ge[4]         9.0     344007.6600     2.1260   1.410E+03    24     0     60
3s_5g_3Ge[5]        11.0     344011.2100     2.1259   1.410E+03    24     0     61
3s_5g_1Ge[4]         9.0     344011.6100     2.1259   1.410E+03    25     0     62
3p_4p_3De[1]         3.0     344540.0000     2.1100   1.421E+03    26     0     63
3p_4p_3De[2]         5.0     344758.0700     2.1035   1.425E+03    26     0     64
3p_4p_3De[3]         7.0     345140.1600     2.0920   1.433E+03    26     0     65
3s_5f_1Fo[3]         7.0     345655.2000     2.0766   1.444E+03    20     0     66
3s_6s_3Se[1]         3.0     346472.1100     2.0521   1.461E+03    26     0     67
3p_4p_3Pe[0]         1.0     347182.9200     2.0308   1.476E+03    26     0     68
3p_4p_3Pe[1]         3.0     347373.9900     2.0251   1.480E+03    26     0     69
3s_6s_1Se[0]         1.0     347602.3900     2.0182   1.485E+03    27     0     70
3p_4p_3Pe[2]         5.0     347704.3600     2.0152   1.488E+03    26     0     71
3p_4p_3Se[1]         3.0     349196.2300     1.9704   1.521E+03    26     0     72
3p_4p_1De[2]         5.0     352389.4000     1.8747   1.599E+03    23     0     73
3s_6p_3Po[0]         1.0     353659.0200     1.8366   1.632E+03    28     0     74
3s_6p_3Po[1]         3.0     353673.2700     1.8362   1.633E+03    28     0     75
3s_6p_3Po[2]         5.0     353707.5000     1.8352   1.634E+03    28     0     76
3s_6p_1Po[1]         3.0     354234.7900     1.8194   1.648E+03    18     0     77
3p_4p_1Se[0]         1.0     359708.1400     1.6553   1.811E+03    23     0     78
3s_6d_3De[1]         3.0     363041.4700     1.5554   1.927E+03    21     0     79
3s_6d_3De[2]         5.0     363043.3000     1.5553   1.928E+03    21     0     80
3s_6d_3De[3]         7.0     363050.6700     1.5551   1.928E+03    21     0     81
3s_6d_1De[2]         5.0     363751.8600     1.5341   1.954E+03    22     0     82
3s_6f_3Fo[2]         5.0     365445.4900     1.4833   2.021E+03    28     0     83
3s_6f_3Fo[3]         7.0     365446.0900     1.4833   2.021E+03    28     0     84
3s_6f_3Fo[4]         9.0     365446.9500     1.4832   2.021E+03    28     0     85
3s_6g_1Ge[4]         9.0     365569.4600     1.4796   2.026E+03    25     0     86
3s_6g_3Ge[3]         7.0     365578.0700     1.4793   2.027E+03    24     0     87
3s_6g_3Ge[4]         9.0     365582.9800     1.4792   2.027E+03    24     0     88
3s_6g_3Ge[5]        11.0     365586.1300     1.4791   2.027E+03    24     0     89
3s_6f_1Fo[3]         7.0     366146.3700     1.4623   2.050E+03    29     0     90
3s_7s_3Se[1]         3.0     367535.6400     1.4206   2.110E+03    26     0     91
3s_7s_1Se[0]         1.0     368240.7300     1.3995   2.142E+03    27     0     92
3s_7p_3Po[0]         1.0     371469.1300     1.3027   2.301E+03    28     0     93
3s_7p_3Po[1]         3.0     371471.6000     1.3026   2.301E+03    28     0     94
3s_7p_3Po[2]         5.0     371482.5000     1.3023   2.302E+03    28     0     95
3s_7p_1Po[1]         3.0     371585.7600     1.2992   2.307E+03    30     0     96
3p_4f_1Ge            9.0     376837.3300     1.1418   2.626E+03    31     0     97
3s_7d_3De[1]         3.0     377035.1000     1.1358   2.639E+03    32     0     98
3s_7d_3De[2]         5.0     377037.0300     1.1358   2.640E+03    32     0     99
3s_7d_3De[3]         7.0     377049.1400     1.1354   2.640E+03    32     0    100
3s_7d_1De[2]         5.0     377179.9800     1.1315   2.650E+03    22     0    101
3s_7f_3Fo[2]         5.0     378493.3700     1.0921   2.745E+03    28     0    102
3s_7f_3Fo[3]         7.0     378493.3700     1.0921   2.745E+03    28     0    103
3s_7f_3Fo[4]         9.0     378493.3700     1.0921   2.745E+03    28     0    104
3s_7g_1Ge[4]         9.0     378508.1500     1.0917   2.746E+03    33     0    105
3s_7g_3Ge[3]         7.0     378523.2500     1.0912   2.747E+03    34     0    106
3s_7g_3Ge[4]         9.0     378531.9900     1.0910   2.748E+03    34     0    107
3s_7g_3Ge[5]        11.0     378542.1500     1.0907   2.749E+03    34     0    108
3s_7f_1Fo[3]         7.0     378548.1000     1.0905   2.749E+03    29     0    109
3s_8s_3Se[1]         3.0     379968.8200     1.0479   2.861E+03    35     0    110
3p_4d_1Do[2]         5.0     380145.0400     1.0426   2.875E+03    29     0    111
3s_8s_1Se[0]         1.0     380315.6000     1.0375   2.890E+03    36     0    112
3d2_3Fe[2]           5.0     380647.2100     1.0276   2.918E+03    37     0    113
3d2_3Fe[3]           7.0     380673.1900     1.0268   2.920E+03    37     0    114
3d2_3Fe[4]           9.0     380712.6500     1.0256   2.923E+03    37     0    115
3p_4d_3Fo[2]         5.0     381247.1800     1.0096   2.970E+03    38     0    116
3p_4d_3Fo[3]         7.0     381428.0200     1.0041   2.986E+03    38     0    117
3p_4d_3Do[1]         3.0     381614.8000     0.9985   3.002E+03    38     0    118
3s_8p_3Po[0]         1.0     381715.1000     0.9955   3.011E+03    28     0    119
3s_8p_3Po[1]         3.0     381715.1000     0.9955   3.011E+03    28     0    120
3s_8p_3Po[2]         5.0     381715.1000     0.9955   3.011E+03    28     0    121
3p_4d_3Fo[4]         9.0     381729.3800     0.9951   3.013E+03    38     0    122
3p_4d_3Do[2]         5.0     381809.6200     0.9927   3.020E+03    38     0    123
3p_4d_3Do[3]         7.0     382012.6800     0.9866   3.039E+03    38     0    124
3s_8p_1Po[1]         3.0     382450.8000     0.9735   3.080E+03    30     0    125
3p_4d_3Po[2]         5.0     385205.9100     0.8909   3.365E+03    38     0    126
3p_4d_3Po[1]         3.0     385424.9600     0.8843   3.390E+03    38     0    127
3p_4d_3Po[0]         1.0     385546.6000     0.8807   3.404E+03    38     0    128
3s_8d_1De[2]         5.0     385802.4000     0.8730   3.434E+03    39     0    129
3p_4d_1Fo[3]         7.0     385980.0400     0.8677   3.455E+03    29     0    130
3s_8d_3De[3]         7.0     386083.5000     0.8646   3.467E+03    40     0    131
3s_8d_3De[1]         3.0     386083.5000     0.8646   3.467E+03    40     0    132
3s_8d_3De[2]         5.0     386083.5000     0.8646   3.467E+03    40     0    133
3s_8g_3Ge           27.0     386477.5410     0.8528   3.516E+03    34     0    134
3s_8f_3Fo[2]         5.0     387268.1000     0.8291   3.616E+03    28     0    135
3s_8f_3Fo[3]         7.0     387268.1000     0.8291   3.616E+03    28     0    136
3s_8f_3Fo[4]         9.0     387268.1000     0.8291   3.616E+03    28     0    137
3s_8g_1Ge            9.0     387279.5750     0.8287   3.618E+03    33     0    138
3p_4f_1De            5.0     387290.1270     0.8284   3.619E+03    31     0    139
3p_4f_1Fe            7.0     387921.1320     0.8095   3.703E+03    31     0    140
3s_9s_3Se[1]         3.0     388078.6000     0.8048   3.725E+03    35     0    141
3s_8f_1Fo[3]         7.0     388124.1700     0.8034   3.732E+03    29     0    142
3s_9s_1Se[0]         1.0     388287.3000     0.7985   3.754E+03    36     0    143
3p_4d_1Po[1]         3.0     388642.0700     0.7879   3.805E+03    29     0    144
3s_9p_3Po[2]         5.0     389810.6000     0.7528   3.982E+03    41     0    145
3s_9p_3Po[1]         3.0     389810.6000     0.7528   3.982E+03    41     0    146
3s_9p_3Po[0]         1.0     389810.6000     0.7528   3.982E+03    41     0    147
3s_9p_1Po[1]         3.0     389935.0000     0.7491   4.002E+03    30     0    148
3s_9g_3Ge           27.0     390439.6910     0.7340   4.084E+03    34     0    149
3s_9d_3De[1]         3.0     392174.5000     0.6820   4.396E+03    40     0    150
3s_9d_3De[2]         5.0     392174.5000     0.6820   4.396E+03    40     0    151
3s_9d_3De[3]         7.0     392174.5000     0.6820   4.396E+03    40     0    152
3s_9d_1De            5.0     392436.9100     0.6741   4.447E+03    39     0    153
3s_9g_1Ge            9.0     393023.4420     0.6565   4.566E+03    33     0    154
3s_9f_3Fo[4]         9.0     393060.8000     0.6554   4.574E+03    41     0    155
3s_9f_3Fo[3]         7.0     393060.8000     0.6554   4.574E+03    41     0    156
3s_9f_3Fo[2]         5.0     393060.8000     0.6554   4.574E+03    41     0    157
3p_4f_3De           15.0     393433.4130     0.6442   4.653E+03    37     0    158
3s_9f_1Fo[3]         7.0     393444.3000     0.6439   4.656E+03    29     0    159
3s_10s_3Se[1]        3.0     393662.8000     0.6374   4.704E+03    35     0    160
3s_10g_3Ge          27.0     393795.2770     0.6334   4.733E+03    34     0    161
3s_10s_1Se[0]        1.0     393799.0000     0.6333   4.734E+03    36     0    162
3p_4f_3Fe           21.0     394413.0250     0.6149   4.876E+03    37     0    163
3s_10p_1Po           3.0     394842.3810     0.6020   4.980E+03    30     0    164
3s_10p_3Po           9.0     394940.2820     0.5991   5.004E+03    41     0    165
3d2_3Pe[0]           1.0     396179.6000     0.5619   5.335E+03    37     0    166
3d2_3Pe[1]           3.0     396180.6700     0.5619   5.336E+03    37     0    167
3d2_3Pe[2]           5.0     396182.9200     0.5618   5.336E+03    37     0    168
3s_10d_3De[3]        7.0     396699.6000     0.5463   5.488E+03    40     0    169
3s_10d_3De[1]        3.0     396699.6000     0.5463   5.488E+03    40     0    170
3s_10d_3De[2]        5.0     396699.6000     0.5463   5.488E+03    40     0    171
3s_10d_1De           5.0     396725.3870     0.5455   5.495E+03    39     0    172
3s_10g_1Ge           9.0     397142.5400     0.5330   5.624E+03    33     0    173
3s_10f_3Fo[2]        5.0     397221.9000     0.5307   5.649E+03    41     0    174
3s_10f_3Fo[3]        7.0     397221.9000     0.5307   5.649E+03    41     0    175
3s_10f_3Fo[4]        9.0     397221.9000     0.5307   5.649E+03    41     0    176
3p_5p_1Pe            3.0     409028.4920     0.1767   1.697E+04    36     0    177
3p_5p_3Pe            9.0     411091.6980     0.1149   2.610E+04    40     0    178
