********************************************************************************

   Super level assignments for MnV
   E%LS option with E%=5.0%

********************************************************************************

28-Nov-2000                            !Date
1000                                   !Number of energy levels
6                                      !Entry number of link to super level
  
3d3_4Fe[3/2]                 4.0          0.0000    17.5079   1.712E+02     1     0      1
3d3_4Fe[5/2]                 6.0        359.0000    17.4971   1.713E+02     1     0      2
3d3_4Fe[7/2]                 8.0        835.1000    17.4828   1.715E+02     1     0      3
3d3_4Fe[9/2]                10.0       1412.2000    17.4655   1.716E+02     1     0      4
3d3_4Pe[1/2]                 2.0      16434.0000    17.0152   1.762E+02     2     0      5
3d3_4Pe[3/2]                 4.0      16594.6000    17.0104   1.762E+02     2     0      6
3d3_4Pe[5/2]                 6.0      17048.6000    16.9968   1.764E+02     2     0      7
3d3_2Ge[7/2]                 8.0      17892.4000    16.9715   1.766E+02     3     0      8
3d3_2Ge[9/2]                10.0      18398.8000    16.9563   1.768E+02     3     0      9
3d3_2Pe[3/2]                 4.0      22918.8000    16.8208   1.782E+02     4     0     10
3d3_2Pe[1/2]                 2.0      23081.6000    16.8159   1.783E+02     4     0     11
3d3_2D2e[5/2]                6.0      24630.0000    16.7695   1.788E+02     5     0     12
3d3_2D2e[3/2]                4.0      24670.5000    16.7683   1.788E+02     5     0     13
3d3_2He[9/2]                10.0      24974.8000    16.7592   1.789E+02     5     0     14
3d3_2He[11/2]               12.0      25333.8000    16.7484   1.790E+02     5     0     15
3d3_2Fe[7/2]                 8.0      40423.3000    16.2960   1.840E+02     6     0     16
3d3_2Fe[5/2]                 6.0      40707.1000    16.2875   1.841E+02     6     0     17
3d3_2D1e[5/2]                6.0      62608.2000    15.6309   1.918E+02     7     0     18
3d3_2D1e[3/2]                4.0      62853.5000    15.6236   1.919E+02     7     0     19
3d2(3F)4s_4Fe[3/2]           4.0     176946.3000    12.2032   2.457E+02     8     0     20
3d2(3F)4s_4Fe[5/2]           6.0     177326.9000    12.1918   2.459E+02     8     0     21
3d2(3F)4s_4Fe[7/2]           8.0     177874.2000    12.1753   2.462E+02     8     0     22
3d2(3F)4s_4Fe[9/2]          10.0     178572.5000    12.1544   2.467E+02     8     0     23
3d2(3F)4s_2Fe[5/2]           6.0     183538.8000    12.0055   2.497E+02     9     0     24
3d2(3F)4s_2Fe[7/2]           8.0     184635.6000    11.9726   2.504E+02     9     0     25
3d2(1D)4s_2De[5/2]           6.0     193781.6000    11.6985   2.563E+02    10     0     26
3d2(1D)4s_2De[3/2]           4.0     194011.4000    11.6916   2.564E+02    10     0     27
3d2(3P)4s_4Pe[1/2]           2.0     194288.8000    11.6832   2.566E+02    11     0     28
3d2(3P)4s_4Pe[3/2]           4.0     194664.4000    11.6720   2.568E+02    11     0     29
3d2(3P)4s_4Pe[5/2]           6.0     195302.7000    11.6529   2.573E+02    11     0     30
3d2(3P)4s_2Pe[1/2]           2.0     200176.9000    11.5067   2.605E+02    10     0     31
3d2(3P)4s_2Pe[3/2]           4.0     200670.1000    11.4919   2.609E+02    10     0     32
3d2(1G)4s_2Ge[9/2]          10.0     203811.8000    11.3978   2.630E+02    12     0     33
3d2(1G)4s_2Ge[7/2]           8.0     203827.3000    11.3973   2.630E+02    12     0     34
3d2(1S)4s_2Se[1/2]           2.0     236634.7000    10.4137   2.879E+02    13     0     35
3d2(3F)4p_4Go[5/2]           6.0     241907.1000    10.2557   2.923E+02    14     0     36
3d2(3F)4p_4Go[7/2]           8.0     242766.9000    10.2299   2.931E+02    14     0     37
3d2(3F)4p_4Fo[3/2]           4.0     243120.9000    10.2193   2.934E+02    14     0     38
3d2(3F)4p_4Fo[5/2]           6.0     243678.5000    10.2026   2.938E+02    14     0     39
3d2(3F)4p_4Go[9/2]          10.0     243803.1000    10.1988   2.939E+02    14     0     40
3d2(3F)4p_4Fo[7/2]           8.0     244382.1000    10.1815   2.944E+02    14     0     41
3d2(3F)4p_4Go[11/2]         12.0     245046.7000    10.1616   2.950E+02    14     0     42
3d2(3F)4p_4Fo[9/2]          10.0     245135.6000    10.1589   2.951E+02    14     0     43
3d2(3F)4p_2Fo[5/2]           6.0     245497.8000    10.1480   2.954E+02    15     0     44
3d2(3F)4p_2Do[3/2]           4.0     246161.2000    10.1282   2.960E+02    15     0     45
3d2(3F)4p_2Fo[7/2]           8.0     246324.7000    10.1233   2.961E+02    15     0     46
3d2(3F)4p_4Do[1/2]           2.0     246539.1000    10.1168   2.963E+02    14     0     47
3d2(3F)4p_4Do[5/2]           6.0     246897.6000    10.1061   2.966E+02    14     0     48
3d2(3F)4p_4Do[3/2]           4.0     247222.1000    10.0963   2.969E+02    14     0     49
3d2(3F)4p_4Do[7/2]           8.0     247705.2000    10.0819   2.974E+02    14     0     50
3d2(3F)4p_2Do[5/2]           6.0     248088.4000    10.0704   2.977E+02    15     0     51
3d2(3F)4p_2Go[7/2]           8.0     250966.5000     9.9841   3.003E+02    15     0     52
3d2(3F)4p_2Go[9/2]          10.0     251719.6000     9.9615   3.010E+02    15     0     53
3d2(3P)4p_2So[1/2]           2.0     253893.8000     9.8963   3.029E+02    15     0     54
3d2(3P)4p_4So[3/2]           4.0     257436.8000     9.7901   3.062E+02    16     0     55
3d2(1D)4p_2Po[3/2]           4.0     259043.8000     9.7419   3.077E+02    17     0     56
3d2(1D)4p_2Fo[5/2]           6.0     259583.3000     9.7258   3.082E+02    17     0     57
3d2(1D)4p_2Po[1/2]           2.0     260042.8000     9.7120   3.087E+02    17     0     58
3d2(3P)4p_4Do[1/2]           2.0     260460.8000     9.6995   3.091E+02    16     0     59
3d2(1D)4p_2Fo[7/2]           8.0     260680.8000     9.6929   3.093E+02    17     0     60
3d2(3P)4p_4Do[3/2]           4.0     260806.2000     9.6891   3.094E+02    16     0     61
3d2(3P)4p_4Do[5/2]           6.0     261464.4000     9.6694   3.100E+02    16     0     62
3d2(1D)4p_2Do[3/2]           4.0     262252.0000     9.6458   3.108E+02    17     0     63
3d2(3P)4p_4Do[7/2]           8.0     262574.9000     9.6361   3.111E+02    16     0     64
3d2(1D)4p_2Do[5/2]           6.0     262836.1000     9.6283   3.114E+02    17     0     65
3d2(3P)4p_4Po[1/2]           2.0     264400.6000     9.5813   3.129E+02    16     0     66
3d2(3P)4p_4Po[3/2]           4.0     264732.4000     9.5714   3.132E+02    16     0     67
3d2(3P)4p_4Po[5/2]           6.0     265488.4000     9.5487   3.140E+02    16     0     68
3d2(1G)4p_2Go[7/2]           8.0     265579.3000     9.5460   3.140E+02    17     0     69
3d2(1G)4p_2Go[9/2]          10.0     265734.0000     9.5414   3.142E+02    17     0     70
3d2(3P)4p_2Do[5/2]           6.0     269955.4000     9.4148   3.184E+02    17     0     71
3d2(3P)4p_2Do[3/2]           4.0     269968.3000     9.4144   3.184E+02    17     0     72
3d2(1G)4p_2Ho[9/2]          10.0     271494.6000     9.3687   3.200E+02    18     0     73
3d2(1G)4p_2Ho[11/2]         12.0     272640.4000     9.3343   3.212E+02    18     0     74
3d2(3P)4p_2Po[1/2]           2.0     272982.9000     9.3241   3.215E+02    18     0     75
3d2(3P)4p_2Po[3/2]           4.0     273212.3000     9.3172   3.218E+02    18     0     76
3d2(1G)4p_2Fo[7/2]           8.0     276592.0000     9.2159   3.253E+02    18     0     77
3d2(1G)4p_2Fo[5/2]           6.0     277398.1000     9.1917   3.262E+02    18     0     78
3d2(1S)4p_2Po[1/2]           2.0     303705.0000     8.4030   3.568E+02    19     0     79
3d2(1S)4p_2Po[3/2]           4.0     305247.4000     8.3568   3.587E+02    19     0     80
3d2(3F)4d_4Ge[5/2]           6.0     336863.3900     7.4090   4.046E+02    20     0     81
3d2(3F)4d_4Ge[7/2]           8.0     337380.3590     7.3935   4.055E+02    20     0     82
3d2(3F)4d_2Fe[5/2]           6.0     337619.0000     7.3863   4.059E+02    21     0     83
3d2(3F)4d_4Ge[9/2]          10.0     337909.2130     7.3776   4.064E+02    20     0     84
3d2(3F)4d_4He[7/2]           8.0     338057.2000     7.3732   4.066E+02    20     0     85
3d2(3F)4d_4De[1/2]           2.0     338216.6450     7.3684   4.069E+02    20     0     86
3d2(3F)4d_2Fe[7/2]           8.0     338264.0410     7.3670   4.069E+02    21     0     87
3d2(3F)4d_4De[3/2]           4.0     338499.9780     7.3599   4.073E+02    20     0     88
3d2(3F)4d_4Ge[11/2]         12.0     338540.5020     7.3587   4.074E+02    20     0     89
3d2(3F)4d_4He[9/2]          10.0     338584.9000     7.3574   4.075E+02    20     0     90
3d2(3F)4d_4De[5/2]           6.0     338942.7370     7.3466   4.081E+02    20     0     91
3d2(3F)4d_4He[11/2]         12.0     339165.5000     7.3400   4.084E+02    20     0     92
3d2(3F)4d_4De[7/2]           8.0     339590.6460     7.3272   4.091E+02    20     0     93
3d2(3F)4d_4He[13/2]         14.0     339745.1000     7.3226   4.094E+02    20     0     94
3d2(3F)4d_2Pe[1/2]           2.0     341144.2020     7.2806   4.118E+02    21     0     95
3d2(3F)4d_2Pe[3/2]           4.0     342267.1090     7.2470   4.137E+02    21     0     96
3d2(3F)4d_4Pe[1/2]           2.0     343763.9490     7.2021   4.163E+02    20     0     97
3d2(3F)4d_4Pe[3/2]           4.0     344208.6800     7.1888   4.170E+02    20     0     98
3d2(3F)4d_2Ge[7/2]           8.0     344338.7130     7.1849   4.173E+02    21     0     99
3d2(3F)4d_4Pe[5/2]           6.0     344639.8920     7.1758   4.178E+02    20     0    100
3d2(3F)4d_2Ge[9/2]          10.0     345142.8690     7.1608   4.187E+02    21     0    101
3d2(3F)4d_2De[3/2]           4.0     346278.4160     7.1267   4.207E+02    21     0    102
3d2(3F)4d_2He[9/2]          10.0     346618.0990     7.1165   4.213E+02    21     0    103
3d2(3F)4d_2De[5/2]           6.0     346667.1030     7.1151   4.213E+02    21     0    104
3d2(3F)4d_2He[11/2]         12.0     347625.7780     7.0863   4.231E+02    21     0    105
3d2(3F)4d_4Fe[3/2]           4.0     349261.2850     7.0373   4.260E+02    20     0    106
3d2(3F)4d_4Fe[5/2]           6.0     349568.1830     7.0281   4.266E+02    20     0    107
3d2(3F)4d_4Fe[7/2]           8.0     349992.6250     7.0154   4.273E+02    20     0    108
3d2(3F)4d_4Fe[9/2]          10.0     350533.0250     6.9992   4.283E+02    20     0    109
3d2(3P)4d_2Pe[3/2]           4.0     353871.4940     6.8991   4.345E+02    22     0    110
3d2(1D)4d_2Se[1/2]           2.0     354025.4960     6.8945   4.348E+02    21     0    111
3d2(3P)4d_2Pe[1/2]           2.0     354943.3940     6.8669   4.366E+02    22     0    112
3d2(1D)4d_2Fe[5/2]           6.0     355073.4520     6.8630   4.368E+02    22     0    113
3d2(1D)4d_2Fe[7/2]           8.0     355565.4020     6.8483   4.378E+02    22     0    114
3d2(3P)4d_4De[1/2]           2.0     358712.3700     6.7540   4.439E+02    23     0    115
3d2(3P)4d_4De[3/2]           4.0     358725.3150     6.7536   4.439E+02    23     0    116
3d2(3P)4d_4De[5/2]           6.0     358832.1180     6.7504   4.441E+02    23     0    117
3d2(1D)4d_2Ge[9/2]          10.0     358895.0980     6.7485   4.442E+02    22     0    118
3d2(1D)4d_2Ge[7/2]           8.0     358905.2600     6.7482   4.443E+02    22     0    119
3d2(3P)4d_4Fe[3/2]           4.0     359094.5470     6.7425   4.446E+02    23     0    120
3d2(3P)4d_4De[7/2]           8.0     359134.4920     6.7413   4.447E+02    23     0    121
3d2(3P)4d_4Fe[5/2]           6.0     359337.1400     6.7352   4.451E+02    23     0    122
3d2(3P)4d_4Fe[7/2]           8.0     359693.7380     6.7245   4.458E+02    23     0    123
3d2(3P)4d_4Fe[9/2]          10.0     360206.7280     6.7092   4.468E+02    23     0    124
3d2(3P)4d_2Fe[5/2]           6.0     360580.2250     6.6980   4.476E+02    22     0    125
3d2(3P)4d_2Fe[7/2]           8.0     360759.2170     6.6926   4.479E+02    22     0    126
3p5(5D)3d4_6Do[9/2]         10.0     361044.9650     6.6840   4.485E+02    24     0    127
3p5(5D)3d4_6Do[7/2]          8.0     361491.7060     6.6706   4.494E+02    24     0    128
3p5(5D)3d4_6Do[5/2]          6.0     362068.9530     6.6533   4.506E+02    24     0    129
3d2(3P)4d_2De[3/2]           4.0     362409.4370     6.6431   4.513E+02    22     0    130
3p5(5D)3d4_6Do[3/2]          4.0     362631.8860     6.6364   4.517E+02    24     0    131
3d2(3P)4d_2De[5/2]           6.0     362906.7840     6.6282   4.523E+02    22     0    132
3p5(5D)3d4_6Do[1/2]          2.0     363042.2840     6.6241   4.526E+02    24     0    133
3d2(3P)4d_4Pe[3/2]           4.0     365772.5130     6.5423   4.582E+02    23     0    134
3d2(3P)4d_4Pe[1/2]           2.0     365873.7270     6.5393   4.585E+02    23     0    135
3d2(3P)4d_4Pe[5/2]           6.0     365966.0010     6.5365   4.586E+02    23     0    136
3d2(1G)4d_2Ie[11/2]         12.0     366665.8800     6.5155   4.601E+02    22     0    137
3d2(1D)4d_2De[3/2]           4.0     366715.3540     6.5140   4.602E+02    22     0    138
3d2(1G)4d_2Ie[13/2]         14.0     366843.3440     6.5102   4.605E+02    22     0    139
3d2(1D)4d_2De[5/2]           6.0     367021.5950     6.5048   4.609E+02    22     0    140
3d2(1D)4d_2Pe[1/2]           2.0     368283.4250     6.4670   4.636E+02    22     0    141
3d2(1G)4d_2Ge[7/2]           8.0     368796.4160     6.4516   4.647E+02    22     0    142
3d2(1D)4d_2Pe[3/2]           4.0     368861.6150     6.4497   4.648E+02    22     0    143
3d2(1G)4d_2Ge[9/2]          10.0     369048.3490     6.4441   4.652E+02    22     0    144
3d2(1G)4d_2He[9/2]          10.0     372131.7940     6.3516   4.720E+02    25     0    145
3d2(1G)4d_2He[11/2]         12.0     372226.4930     6.3488   4.722E+02    25     0    146
3d2(1G)4d_2Fe[5/2]           6.0     377372.6700     6.1945   4.840E+02    25     0    147
3d2(1G)4d_2Fe[7/2]           8.0     377471.5920     6.1916   4.842E+02    25     0    148
3d2(3F)5s_4Fe[3/2]           4.0     377531.3280     6.1898   4.843E+02    26     0    149
3d2(3F)5s_4Fe[5/2]           6.0     377964.5600     6.1768   4.854E+02    26     0    150
3d2(3F)5s_4Fe[7/2]           8.0     378497.6920     6.1608   4.866E+02    26     0    151
3d2(3F)5s_4Fe[9/2]          10.0     379257.6210     6.1380   4.884E+02    26     0    152
3d2(3F)5s_2Fe[5/2]           6.0     380221.5270     6.1091   4.907E+02    25     0    153
3d2(1G)4d_2De[3/2]           4.0     380436.6070     6.1027   4.912E+02    25     0    154
3d2(1G)4d_2De[5/2]           6.0     380603.1700     6.0977   4.916E+02    25     0    155
3p5(5D)3d4_6Fo[11/2]        12.0     380898.9070     6.0888   4.924E+02    27     0    156
3d2(3F)5s_2Fe[7/2]           8.0     381199.8910     6.0798   4.931E+02    25     0    157
3p5(5D)3d4_6Fo[9/2]         10.0     383033.2150     6.0248   4.976E+02    27     0    158
3p5(5D)3d4_6Fo[7/2]          8.0     384687.8540     5.9752   5.017E+02    27     0    159
3p5(5D)3d4_6Fo[5/2]          6.0     385894.5440     5.9391   5.048E+02    27     0    160
3p5(5D)3d4_6Fo[3/2]          4.0     386665.4400     5.9159   5.068E+02    27     0    161
3p5(5D)3d4_6Fo[1/2]          2.0     387053.4650     5.9043   5.078E+02    27     0    162
3p5(3F)3d4_4Do[7/2]          8.0     391524.5830     5.7703   5.195E+02    28     0    163
3p5(3F)3d4_4Do[5/2]          6.0     391557.4760     5.7693   5.196E+02    28     0    164
3p5(3F)3d4_4Do[3/2]          4.0     391774.9880     5.7628   5.202E+02    28     0    165
3p5(3F)3d4_4Do[1/2]          2.0     392059.2930     5.7542   5.210E+02    28     0    166
3p5(5D)3d4_6Po[3/2]          4.0     393084.1040     5.7235   5.238E+02    27     0    167
3d2(1D)5s_2De[5/2]           6.0     393779.7120     5.7027   5.257E+02    29     0    168
3d2(1D)5s_2De[3/2]           4.0     393869.5770     5.7000   5.260E+02    29     0    169
3d2(3P)5s_4Pe[1/2]           2.0     395076.4500     5.6638   5.293E+02    26     0    170
3p5(5D)3d4_6Po[5/2]          6.0     395317.9440     5.6565   5.300E+02    27     0    171
3d2(3P)5s_4Pe[3/2]           4.0     395368.4380     5.6550   5.301E+02    26     0    172
3d2(3P)5s_4Pe[5/2]           6.0     396003.9880     5.6360   5.319E+02    26     0    173
3d2(3P)5s_2Pe[1/2]           2.0     396856.5200     5.6104   5.343E+02    29     0    174
3d2(3P)5s_2Pe[3/2]           4.0     397487.4790     5.5915   5.362E+02    29     0    175
3p5(3D)3d4_4Fo[9/2]         10.0     397557.7150     5.5894   5.364E+02    30     0    176
3p5(3G)3d4_4Fo[7/2]          8.0     398045.1140     5.5748   5.378E+02    28     0    177
3p5(3G)3d4_4Fo[3/2]          4.0     398154.4400     5.5715   5.381E+02    28     0    178
3p5(3G)3d4_4Fo[5/2]          6.0     398239.1000     5.5690   5.383E+02    28     0    179
3p5(5D)3d4_6Po[7/2]          8.0     398875.3220     5.5499   5.402E+02    27     0    180
3p5(3P)3d4_4So[3/2]          4.0     401445.3960     5.4728   5.478E+02    28     0    181
3p5(3F)3d4_4Go[11/2]        12.0     401518.5230     5.4707   5.480E+02    31     0    182
3d2(3F)5p_4Go[5/2]           6.0     401930.9510     5.4583   5.492E+02    28     0    183
3d2(3F)5p_4Fo[3/2]           4.0     402142.0620     5.4520   5.499E+02    28     0    184
3p5(3F)3d4_4Go[9/2]         10.0     402151.2230     5.4517   5.499E+02    31     0    185
3d2(3F)5p_4Go[7/2]           8.0     402305.8430     5.4471   5.504E+02    28     0    186
3d2(3F)5p_4Fo[5/2]           6.0     402561.6110     5.4394   5.512E+02    28     0    187
3d2(3F)5p_4Fo[7/2]           8.0     403092.6900     5.4235   5.528E+02    28     0    188
3d2(1S)4d_2De[5/2]           6.0     403364.6990     5.4153   5.536E+02    29     0    189
3d2(1S)4d_2De[3/2]           4.0     403373.8900     5.4150   5.536E+02    29     0    190
3d2(3F)5p_4Gbo[7/2]          8.0     403450.9420     5.4127   5.539E+02    28     0    191
3d2(3F)5p_2Fo[5/2]           6.0     403451.0340     5.4127   5.539E+02    32     0    192
3d2(1G)5s_2Ge[7/2]           8.0     403479.0660     5.4119   5.540E+02    29     0    193
3d2(1G)5s_2Ge[9/2]          10.0     403479.4750     5.4119   5.540E+02    29     0    194
3d2(3F)5p_4Do[1/2]           2.0     403533.9770     5.4102   5.541E+02    28     0    195
3d2(3F)5p_4Do[3/2]           4.0     403554.7650     5.4096   5.542E+02    28     0    196
3d2(3F)4f_4Go[5/2]           6.0     403588.2620     5.4086   5.543E+02    28     0    197
3d2(3F)5p_4Go[9/2]          10.0     403728.7110     5.4044   5.547E+02    28     0    198
3p5(3D)3d4_4Po[1/2]          2.0     403730.6900     5.4043   5.547E+02    28     0    199
3d2(3F)5p_2Fbo[5/2]          6.0     403797.0850     5.4023   5.549E+02    32     0    200
3d2(3F)5p_4Fo[9/2]          10.0     403952.8890     5.3977   5.554E+02    28     0    201
3d2(3F)5p_4Do[5/2]           6.0     404270.3960     5.3882   5.564E+02    28     0    202
3d2(3F)5p_4Do[7/2]           8.0     404338.8300     5.3861   5.566E+02    28     0    203
3p5(3D)3d4_4Po[3/2]          4.0     404399.9560     5.3843   5.568E+02    28     0    204
3d2(3F)5p_4Go[11/2]         12.0     404508.1650     5.3810   5.571E+02    28     0    205
3p5(3H)3d4_4Ho[13/2]        14.0     404634.3610     5.3772   5.575E+02    28     0    206
3d2(3F)5p_2Do[3/2]           4.0     404867.4280     5.3703   5.582E+02    32     0    207
3d2(3F)5p_2Fo[7/2]           8.0     404996.5620     5.3664   5.586E+02    32     0    208
3p5(3H)3d4_4Ho[11/2]        12.0     405046.9700     5.3649   5.588E+02    28     0    209
3d2(3F)5p_2Go[7/2]           8.0     405409.2780     5.3540   5.599E+02    32     0    210
3p5(3H)3d4_4Ho[9/2]         10.0     405523.9730     5.3506   5.603E+02    28     0    211
3d2(3F)5p_2Gbo[7/2]          8.0     405543.9950     5.3500   5.604E+02    32     0    212
3d2(3F)5p_2Do[5/2]           6.0     405986.0340     5.3367   5.618E+02    32     0    213
3d2(3F)5p_2Go[9/2]          10.0     406279.6410     5.3279   5.627E+02    32     0    214
3d2(3F)5p_2Gbo[9/2]         10.0     406393.5890     5.3245   5.630E+02    32     0    215
3d2(3F)4f_4Ho[7/2]           8.0     406520.8790     5.3207   5.634E+02    28     0    216
3p5(3P)3d4_4Po[5/2]          6.0     406559.8700     5.3195   5.636E+02    33     0    217
3d2(3F)4f_4Fo[3/2]           4.0     406729.0990     5.3144   5.641E+02    28     0    218
3d2(3F)4f_4Fo[5/2]           6.0     406987.6270     5.3067   5.649E+02    28     0    219
3d2(3F)4f_4Io[9/2]          10.0     407114.3230     5.3029   5.653E+02    28     0    220
3d2(3F)4f_4Fo[7/2]           8.0     407183.3720     5.3008   5.656E+02    28     0    221
3d2(3F)4f_4Do[3/2]           4.0     407356.9840     5.2956   5.661E+02    28     0    222
3d2(3F)4f_4Io[11/2]         12.0     407368.2070     5.2953   5.661E+02    28     0    223
3d2(3F)4f_4Hbo[7/2]          8.0     407661.2720     5.2865   5.671E+02    28     0    224
3d2(3F)4f_4Do[1/2]           2.0     407663.8870     5.2864   5.671E+02    28     0    225
3d2(3F)4f_4Io[13/2]         14.0     407804.5600     5.2822   5.676E+02    28     0    226
3d2(3F)4f_4Fo[9/2]          10.0     407818.2390     5.2818   5.676E+02    28     0    227
3d2(3F)4f_4Ho[9/2]          10.0     407853.4680     5.2807   5.677E+02    28     0    228
3d2(3F)4f_4Do[7/2]           8.0     407880.8240     5.2799   5.678E+02    28     0    229
3d2(3F)4f_2Fo[5/2]           6.0     407896.9400     5.2794   5.678E+02    32     0    230
3d2(3F)4f_2So[1/2]           2.0     407983.1400     5.2769   5.681E+02    32     0    231
3d2(3F)4f_4Io[15/2]         16.0     407987.7780     5.2767   5.681E+02    28     0    232
3d2(3F)4f_4Ho[11/2]         12.0     408201.7430     5.2703   5.688E+02    28     0    233
3d2(3F)4f_4Do[5/2]           6.0     408368.9360     5.2653   5.694E+02    28     0    234
3d2(3F)4f_4Dbo[1/2]          2.0     408465.5690     5.2624   5.697E+02    28     0    235
3d2(3F)4f_4Go[11/2]         12.0     408503.4210     5.2613   5.698E+02    28     0    236
3d2(3F)4f_4Dbo[3/2]          4.0     408545.8700     5.2600   5.699E+02    28     0    237
3d2(3F)4f_2Ho[9/2]          10.0     408710.6700     5.2550   5.705E+02    32     0    238
3d2(3F)4f_4Ho[13/2]         14.0     408760.9190     5.2535   5.706E+02    28     0    239
3d2(3F)4f_2Fo[7/2]           8.0     408795.6730     5.2525   5.708E+02    32     0    240
3d2(3F)4f_2Fbo[5/2]          6.0     409206.5060     5.2402   5.721E+02    32     0    241
3d2(3F)4f_2Po[3/2]           4.0     409207.4800     5.2401   5.721E+02    32     0    242
3d2(3F)4f_2Hbo[9/2]         10.0     409363.2110     5.2355   5.726E+02    32     0    243
3d2(3F)4f_2Fbo[7/2]          8.0     409396.6650     5.2345   5.727E+02    32     0    244
3d(2D)4s2_2De[3/2]           4.0     409496.3350     5.2315   5.731E+02    29     0    245
3d2(3F)4f_2Po[1/2]           2.0     409634.9670     5.2273   5.735E+02    32     0    246
3d2(3F)4f_2Io[11/2]         12.0     409680.7190     5.2260   5.737E+02    32     0    247
3p5(3H)3d4_4Io[15/2]        16.0     410147.8590     5.2120   5.752E+02    30     0    248
3d2(3F)4f_2Ho[11/2]         12.0     410289.4440     5.2077   5.757E+02    32     0    249
3d2(3F)4f_2Do[3/2]           4.0     410420.0920     5.2038   5.761E+02    32     0    250
3d2(3F)4f_2Do[5/2]           6.0     410563.2660     5.1995   5.766E+02    32     0    251
3d(2D)4s2_2De[5/2]           6.0     410808.7570     5.1921   5.774E+02    29     0    252
3d2(3F)4f_2Io[13/2]         14.0     410994.4000     5.1866   5.780E+02    32     0    253
3d2(3F)4f_4Po[3/2]           4.0     411195.5910     5.1805   5.787E+02    30     0    254
3d2(3F)4f_4Po[5/2]           6.0     411344.2650     5.1761   5.792E+02    30     0    255
3p5(3P)3d4_4Do[7/2]          8.0     411736.0020     5.1643   5.805E+02    30     0    256
3p5(1G)3d4_2Go[9/2]         10.0     411748.9420     5.1640   5.805E+02    32     0    257
3p5(5D)3d4_4Fo[3/2]          4.0     411913.7710     5.1590   5.811E+02    30     0    258
3p5(1G)3d4_2Go[7/2]          8.0     412367.1900     5.1454   5.826E+02    32     0    259
3p5(3H)3d4_4Io[13/2]        14.0     412372.4160     5.1453   5.827E+02    30     0    260
3p5(5D)3d4_4Fo[5/2]          6.0     412666.7450     5.1364   5.837E+02    30     0    261
3d2(3F)4f_4Po[1/2]           2.0     412755.6540     5.1338   5.840E+02    30     0    262
3p5(3H)3d4_4Io[11/2]        12.0     413819.5200     5.1019   5.876E+02    30     0    263
3p5(3P)3d4_4Do[5/2]          6.0     413840.0750     5.1013   5.877E+02    30     0    264
3p5(5D)3d4_4Fo[7/2]          8.0     413942.5390     5.0982   5.880E+02    30     0    265
3d2(3F)4f_4So[3/2]           4.0     414175.8410     5.0912   5.888E+02    30     0    266
3p5(5D)3d4_4Fo[9/2]         10.0     415079.2210     5.0641   5.920E+02    30     0    267
3p5(3H)3d4_4Ibo[11/2]       12.0     415248.0060     5.0591   5.926E+02    30     0    268
3p5(3G)3d4_4Go[9/2]         10.0     415534.4950     5.0505   5.936E+02    30     0    269
3d2(3F)4f_4Sbo[3/2]          4.0     416172.3330     5.0313   5.958E+02    30     0    270
3p5(3P)3d4_4Do[1/2]          2.0     416593.6750     5.0187   5.973E+02    30     0    271
3p5(3H)3d4_4Io[9/2]         10.0     417066.7120     5.0045   5.990E+02    30     0    272
3d2(1D)5p_2Fo[5/2]           6.0     417083.6970     5.0040   5.991E+02    32     0    273
3p5(3G)3d4_4Go[7/2]          8.0     417101.8210     5.0035   5.992E+02    30     0    274
3p5(3G)3d4_4Go[5/2]          6.0     418042.6210     4.9753   6.026E+02    30     0    275
3d2(1D)5p_2Po[3/2]           4.0     418058.2180     4.9748   6.026E+02    32     0    276
3d2(3P)5p_2So[1/2]           2.0     418059.6690     4.9748   6.026E+02    32     0    277
3p5(1I)3d4_2Ho[9/2]         10.0     418096.0690     4.9737   6.028E+02    32     0    278
3d2(1D)5p_2Fo[7/2]           8.0     418439.4930     4.9634   6.040E+02    32     0    279
3d2(1D)5p_2Fbo[5/2]          6.0     418647.4450     4.9571   6.048E+02    32     0    280
3d2(3P)5p_2Sbo[1/2]          2.0     418879.6750     4.9502   6.056E+02    32     0    281
3d2(1D)4f_2Po[3/2]           4.0     418909.9400     4.9493   6.057E+02    34     0    282
3d2(1D)5p_2Do[3/2]           4.0     419132.0520     4.9426   6.065E+02    32     0    283
3d2(1D)4f_2Ho[11/2]         12.0     419327.8050     4.9367   6.073E+02    32     0    284
3d2(1D)5p_2Do[5/2]           6.0     419584.7560     4.9290   6.082E+02    32     0    285
3d2(3P)5p_4So[3/2]           4.0     419659.0780     4.9268   6.085E+02    31     0    286
3d2(1D)5p_2Po[1/2]           2.0     419802.0650     4.9225   6.090E+02    32     0    287
3d2(1D)5p_2Fbo[7/2]          8.0     419857.7020     4.9209   6.092E+02    32     0    288
3d2(1D)5p_2Dbo[3/2]          4.0     419884.2920     4.9201   6.093E+02    32     0    289
3d2(3P)5p_4Do[1/2]           2.0     420136.4050     4.9125   6.103E+02    31     0    290
3p5(3G)3d4_4Ho[13/2]        14.0     420183.5470     4.9111   6.104E+02    33     0    291
3d2(3P)5p_4Do[3/2]           4.0     420429.1110     4.9037   6.114E+02    31     0    292
3d2(1D)4f_2Do[5/2]           6.0     420736.5170     4.8945   6.125E+02    32     0    293
3d2(3P)5p_4Do[5/2]           6.0     420927.1610     4.8888   6.132E+02    31     0    294
3d2(3P)5p_4Do[7/2]           8.0     421562.9090     4.8697   6.156E+02    31     0    295
3d2(3P)5p_4Po[1/2]           2.0     421972.2180     4.8575   6.172E+02    31     0    296
3d2(3P)5p_4Po[3/2]           4.0     422139.9420     4.8524   6.178E+02    31     0    297
3d2(1D)4f_2Hbo[11/2]        12.0     422257.6070     4.8489   6.183E+02    32     0    298
3d2(3P)5p_4Po[5/2]           6.0     422480.7000     4.8422   6.191E+02    31     0    299
3d2(3P)5p_2Do[3/2]           4.0     422589.8240     4.8390   6.195E+02    32     0    300
3d2(3P)5p_2Do[5/2]           6.0     422900.7540     4.8296   6.207E+02    32     0    301
3d2(3P)4f_4Do[7/2]           8.0     422987.0860     4.8270   6.211E+02    33     0    302
3d2(1D)4f_2Do[3/2]           4.0     423226.3710     4.8199   6.220E+02    32     0    303
3d2(1D)4f_2Fo[5/2]           6.0     423311.6880     4.8173   6.223E+02    32     0    304
3d2(1D)4f_2Ho[9/2]          10.0     423350.6850     4.8161   6.225E+02    32     0    305
3d2(1D)4f_2Go[7/2]           8.0     423427.4230     4.8138   6.228E+02    32     0    306
3d2(1D)4f_2Go[9/2]          10.0     423576.8890     4.8094   6.234E+02    32     0    307
3d2(3P)4f_4Do[1/2]           2.0     423836.3800     4.8016   6.244E+02    33     0    308
3d2(3P)4f_4Do[5/2]           6.0     423948.1780     4.7982   6.248E+02    33     0    309
3d2(3P)4f_4Dbo[7/2]          8.0     424017.7300     4.7961   6.251E+02    33     0    310
3d2(3P)4f_4Do[3/2]           4.0     424022.8800     4.7960   6.251E+02    33     0    311
3d2(1D)4f_2Dbo[5/2]          6.0     424155.7650     4.7920   6.256E+02    34     0    312
3d2(3P)4f_4Go[5/2]           6.0     424321.0680     4.7871   6.263E+02    33     0    313
3d2(3P)5p_2Po[1/2]           2.0     424325.3700     4.7869   6.263E+02    34     0    314
3d2(3P)4f_4Go[9/2]          10.0     424446.9840     4.7833   6.268E+02    33     0    315
3d2(3P)4f_4Go[7/2]           8.0     424470.0440     4.7826   6.268E+02    33     0    316
3d2(3P)5p_2Po[3/2]           4.0     424470.2360     4.7826   6.268E+02    34     0    317
3d2(3P)4f_4Go[11/2]         12.0     424484.8480     4.7821   6.269E+02    33     0    318
3d2(1D)4f_2Po[1/2]           2.0     425034.6960     4.7657   6.291E+02    34     0    319
3d2(3P)5p_2Pbo[3/2]          4.0     425096.5920     4.7638   6.293E+02    34     0    320
3d2(3P)4f_2Do[3/2]           4.0     425659.0550     4.7469   6.315E+02    34     0    321
3d2(3P)4f_2Do[5/2]           6.0     425747.1500     4.7443   6.319E+02    34     0    322
3d2(3P)4f_2Go[9/2]          10.0     425799.7430     4.7427   6.321E+02    34     0    323
3p5(3G)3d4_4Ho[7/2]          8.0     425863.8960     4.7408   6.324E+02    33     0    324
3d2(1D)4f_2Hco[11/2]        12.0     426129.2570     4.7328   6.334E+02    34     0    325
3p5(1I)3d4_2Ko[15/2]        16.0     426202.6570     4.7306   6.337E+02    34     0    326
3d2(3P)4f_2Go[7/2]           8.0     426412.7140     4.7243   6.346E+02    34     0    327
3d2(1G)5p_2Go[9/2]          10.0     426717.7760     4.7152   6.358E+02    34     0    328
3d2(1G)5p_2Go[7/2]           8.0     426853.2140     4.7111   6.363E+02    34     0    329
3d2(1G)5p_2Gbo[9/2]         10.0     426948.7190     4.7083   6.367E+02    34     0    330
3d2(3P)4f_4Fo[3/2]           4.0     427092.1390     4.7040   6.373E+02    33     0    331
3d2(3P)4f_4Fo[5/2]           6.0     427160.3800     4.7019   6.376E+02    33     0    332
3d2(3P)4f_4Fo[7/2]           8.0     427227.0640     4.6999   6.379E+02    33     0    333
3d2(3P)4f_4Fo[9/2]          10.0     427261.3650     4.6989   6.380E+02    33     0    334
3d2(3P)4f_2Fo[7/2]           8.0     428204.5610     4.6706   6.419E+02    34     0    335
3d2(3P)4f_2Fo[5/2]           6.0     428689.9230     4.6561   6.439E+02    34     0    336
3d2(1G)5p_2Ho[9/2]          10.0     429079.4300     4.6444   6.455E+02    34     0    337
3d2(1G)5p_2Ho[11/2]         12.0     429513.4160     4.6314   6.473E+02    34     0    338
3p5(3P)3d4_4Dbo[7/2]         8.0     430005.4940     4.6166   6.494E+02    35     0    339
3p5(3F)3d4_4Dbo[1/2]         2.0     430340.1080     4.6066   6.508E+02    35     0    340
3p5(3F)3d4_4Dbo[3/2]         4.0     430342.2750     4.6065   6.508E+02    35     0    341
3p5(3F)3d4_4Dbo[5/2]         6.0     430400.1440     4.6048   6.510E+02    35     0    342
3p5(1S)3d4_2Po[3/2]          4.0     430585.1230     4.5993   6.518E+02    34     0    343
3d2(1G)5p_2Fo[7/2]           8.0     430628.5140     4.5980   6.520E+02    34     0    344
3d2(1G)5p_2Fo[5/2]           6.0     430952.0240     4.5883   6.534E+02    34     0    345
3d2(1G)4f_2Io[13/2]         14.0     431059.8670     4.5850   6.539E+02    34     0    346
3d2(1G)4f_2Go[9/2]          10.0     431160.3950     4.5820   6.543E+02    34     0    347
3d2(1G)4f_2Io[11/2]         12.0     431656.8500     4.5671   6.564E+02    34     0    348
3d2(1G)4f_2Go[7/2]           8.0     431862.4650     4.5610   6.573E+02    34     0    349
3d2(1G)4f_2Gbo[7/2]          8.0     432085.9260     4.5543   6.583E+02    34     0    350
3d2(1G)4f_2Fo[5/2]           6.0     432209.7760     4.5506   6.588E+02    34     0    351
3d2(1G)4f_2Ho[9/2]          10.0     432570.4820     4.5397   6.604E+02    34     0    352
3d2(1G)4f_2Ho[11/2]         12.0     432691.8860     4.5361   6.609E+02    34     0    353
3d2(1G)4f_2Fo[7/2]           8.0     432704.6890     4.5357   6.610E+02    34     0    354
3p5(1I)3d4_2Ko[13/2]        14.0     432821.6850     4.5322   6.615E+02    34     0    355
3p5(1S)3d4_2Po[1/2]          2.0     434596.8570     4.4790   6.693E+02    34     0    356
3d2(1G)4f_2Ko[15/2]         16.0     434605.8920     4.4787   6.694E+02    34     0    357
3d2(1G)4f_2Ko[13/2]         14.0     434821.6990     4.4723   6.703E+02    34     0    358
3d2(1G)4f_2Do[5/2]           6.0     434928.2090     4.4691   6.708E+02    34     0    359
3d2(1G)4f_2Do[3/2]           4.0     435243.3740     4.4596   6.722E+02    34     0    360
3p5(3D)3d4_4Fbo[9/2]        10.0     435635.9850     4.4478   6.740E+02    35     0    361
3p5(1F)3d4_2Go[9/2]         10.0     436226.8640     4.4301   6.767E+02    34     0    362
3p5(1D)3d4_2Fo[5/2]          6.0     436266.2690     4.4289   6.769E+02    34     0    363
3p5(1G)3d4_2Ho[11/2]        12.0     436306.7350     4.4277   6.771E+02    36     0    364
3d2(1S)5s_2Se[1/2]           2.0     437211.1010     4.4006   6.813E+02    37     0    365
3d2(1G)4f_2Po[3/2]           4.0     437240.3970     4.3997   6.814E+02    34     0    366
3p5(3D)3d4_4Fo[7/2]          8.0     437517.8140     4.3914   6.827E+02    30     0    367
3p5(3H)3d4_2Io[11/2]        12.0     437685.0930     4.3864   6.835E+02    36     0    368
3d2(1G)4f_2Po[1/2]           2.0     437714.0990     4.3855   6.836E+02    34     0    369
3p5(3D)3d4_2Do[5/2]          6.0     438104.5910     4.3738   6.854E+02    34     0    370
3d2(1G)4f_2Pbo[3/2]          4.0     438139.7660     4.3728   6.856E+02    34     0    371
3p5(3D)3d4_4Fo[5/2]          6.0     439497.0520     4.3321   6.920E+02    30     0    372
3p5(1F)3d4_2Go[7/2]          8.0     439759.3260     4.3242   6.933E+02    34     0    373
3p5(3H)3d4_2Io[13/2]        14.0     440865.8860     4.2911   6.986E+02    36     0    374
3p5(1G)3d4_2Ho[9/2]         10.0     441557.5540     4.2703   7.020E+02    36     0    375
3p5(3D)3d4_4Fo[3/2]          4.0     441749.5200     4.2646   7.030E+02    30     0    376
3d2(3F)5d_4Ge[5/2]           6.0     442385.3600     4.2455   7.061E+02    38     0    377
3d2(3F)5d_4He[7/2]           8.0     442608.7870     4.2388   7.073E+02    38     0    378
3d2(3F)5d_4De[1/2]           2.0     442955.2310     4.2284   7.090E+02    38     0    379
3d2(3F)5d_4Ge[7/2]           8.0     442965.2050     4.2281   7.090E+02    38     0    380
3d2(3F)5d_4He[9/2]          10.0     443030.4520     4.2262   7.094E+02    38     0    381
3d2(3F)5d_4De[3/2]           4.0     443216.0200     4.2206   7.103E+02    38     0    382
3d2(3F)5d_2Fe[5/2]           6.0     443255.9070     4.2194   7.105E+02    37     0    383
3d2(3F)5d_4Ge[9/2]          10.0     443526.5490     4.2113   7.119E+02    38     0    384
3d2(3F)5d_4He[11/2]         12.0     443626.7880     4.2083   7.124E+02    38     0    385
3d2(3F)5d_4De[5/2]           6.0     443713.9310     4.2057   7.128E+02    38     0    386
3d2(3F)5d_2Fe[7/2]           8.0     443893.6150     4.2003   7.137E+02    37     0    387
3p5(3D)3d4_2Fo[5/2]          6.0     444092.2480     4.1943   7.148E+02    36     0    388
3d2(3F)5d_4Ge[11/2]         12.0     444146.1060     4.1927   7.150E+02    38     0    389
3d2(3F)5d_4He[13/2]         14.0     444473.5290     4.1829   7.167E+02    38     0    390
3d2(3F)5d_4De[7/2]           8.0     444488.8050     4.1824   7.168E+02    38     0    391
3d2(3F)5d_2Pe[1/2]           2.0     444891.3690     4.1704   7.189E+02    37     0    392
3p5(3D)3d4_2Fo[7/2]          8.0     445119.0950     4.1635   7.200E+02    36     0    393
3p5(1F)3d4_2Gbo[7/2]         8.0     445704.0390     4.1460   7.231E+02    36     0    394
3d2(3F)5d_2Pe[3/2]           4.0     445788.2530     4.1435   7.235E+02    37     0    395
3d2(3F)5d_4Pe[1/2]           2.0     446126.1790     4.1334   7.253E+02    38     0    396
3d2(3F)5d_2Ge[7/2]           8.0     446648.9490     4.1177   7.281E+02    37     0    397
3d2(3F)5d_4Pe[3/2]           4.0     446746.2440     4.1148   7.286E+02    38     0    398
3d2(3F)5d_4Pe[5/2]           6.0     447260.3520     4.0994   7.313E+02    38     0    399
3d2(3F)5d_4Fe[3/2]           4.0     447270.6230     4.0990   7.314E+02    38     0    400
3d2(3F)5d_2He[9/2]          10.0     447305.0260     4.0980   7.316E+02    37     0    401
3p5(3F)3d4_2Go[9/2]         10.0     447368.8610     4.0961   7.319E+02    36     0    402
3d2(3F)5d_2Ge[9/2]          10.0     447571.0280     4.0900   7.330E+02    37     0    403
3d2(3F)5d_4Fe[5/2]           6.0     447663.0450     4.0873   7.335E+02    38     0    404
3p5(3F)3d4_4Gbo[11/2]       12.0     447815.9200     4.0827   7.343E+02    35     0    405
3d2(3F)5d_2De[3/2]           4.0     448095.3190     4.0743   7.358E+02    37     0    406
3d2(3F)5d_4Fe[7/2]           8.0     448138.5000     4.0730   7.360E+02    38     0    407
3d2(3F)5d_2He[11/2]         12.0     448463.0730     4.0633   7.378E+02    37     0    408
3d2(3F)5d_2De[5/2]           6.0     448672.1640     4.0570   7.389E+02    37     0    409
3d2(3F)5d_4Fe[9/2]          10.0     448673.1830     4.0570   7.390E+02    38     0    410
3p5(3F)3d4_4Gbo[9/2]        10.0     449799.1250     4.0232   7.452E+02    35     0    411
3p5(3F)3d4_4Go[7/2]          8.0     450954.3100     3.9886   7.516E+02    31     0    412
3p5(1D)3d4_2Do[5/2]          6.0     451306.4120     3.9781   7.536E+02    36     0    413
3p5(3F)3d4_4Go[5/2]          6.0     451911.5300     3.9599   7.571E+02    31     0    414
3p5(1D)3d4_2Do[3/2]          4.0     452748.6620     3.9348   7.619E+02    36     0    415
3p5(3P)3d4_2So[1/2]          2.0     453737.0640     3.9052   7.677E+02    36     0    416
3d2(3F)6s_4Fe[3/2]           4.0     458534.6530     3.7614   7.970E+02    38     0    417
3d2(3F)6s_2Fe[5/2]           6.0     458577.8540     3.7601   7.973E+02    39     0    418
3p5(3D)3d4_4Do[7/2]          8.0     458658.2540     3.7577   7.978E+02    40     0    419
3d2(1D)5d_2Se[1/2]           2.0     458846.0660     3.7520   7.990E+02    37     0    420
3d2(3F)6s_4Fe[5/2]           6.0     459023.3160     3.7467   8.001E+02    38     0    421
3d2(1D)5d_2Fe[7/2]           8.0     459200.5130     3.7414   8.013E+02    39     0    422
3d2(3P)5d_2Pe[3/2]           4.0     459214.6200     3.7410   8.014E+02    39     0    423
3d2(3F)6s_4Fe[7/2]           8.0     459499.2220     3.7324   8.032E+02    38     0    424
3d4s4p(4D)_4Do[1/2]          2.0     459507.6940     3.7322   8.033E+02    40     0    425
3p5(3H)3d4_4Go[5/2]          6.0     459508.6710     3.7322   8.033E+02    40     0    426
3p5(3H)3d4_4Go[7/2]          8.0     459509.1790     3.7321   8.033E+02    40     0    427
3d4s4p(4D)_4Do[3/2]          4.0     459692.2750     3.7267   8.045E+02    40     0    428
3p5(3H)3d4_4Go[9/2]         10.0     459850.1460     3.7219   8.055E+02    40     0    429
3d4s4p(4D)_4Do[5/2]          6.0     460114.4220     3.7140   8.072E+02    40     0    430
3d2(3F)6s_2Fbe[5/2]          6.0     460124.2000     3.7137   8.073E+02    39     0    431
3d2(1D)5d_2Ge[9/2]          10.0     460124.2240     3.7137   8.073E+02    39     0    432
3d2(1D)5d_2Pe[1/2]           2.0     460147.9840     3.7130   8.074E+02    39     0    433
3d4s4p(4D)_4Dbo[5/2]         6.0     460266.4110     3.7094   8.082E+02    40     0    434
3p5(3H)3d4_4Go[11/2]        12.0     460272.2340     3.7093   8.082E+02    40     0    435
3d2(3F)6s_4Fe[9/2]          10.0     460329.8820     3.7075   8.086E+02    38     0    436
3d2(1D)5d_2Ge[7/2]           8.0     460334.5140     3.7074   8.086E+02    39     0    437
3d4s4p(4F)_4Fo[3/2]          4.0     460657.6610     3.6977   8.108E+02    40     0    438
3d2(3F)6s_2Fe[7/2]           8.0     461008.4320     3.6872   8.131E+02    39     0    439
3d2(3P)5d_4Fe[3/2]           4.0     461086.6550     3.6848   8.136E+02    38     0    440
3d4s4p(4D)_4Do[7/2]          8.0     461125.6560     3.6837   8.138E+02    40     0    441
3d2(3P)5d_4Fe[5/2]           6.0     461261.3610     3.6796   8.147E+02    38     0    442
3d2(1D)5d_2De[3/2]           4.0     461267.6940     3.6794   8.148E+02    39     0    443
3p5(3D)3d4_4Do[3/2]          4.0     461316.5950     3.6780   8.151E+02    40     0    444
3p5(1I)3d4_2Io[11/2]        12.0     461352.5010     3.6769   8.153E+02    41     0    445
3d4s4p(4F)_4Fo[5/2]          6.0     461365.0370     3.6765   8.154E+02    40     0    446
3d2(3P)5d_4Fe[7/2]           8.0     461547.6590     3.6710   8.166E+02    38     0    447
3d2(3P)5d_4De[5/2]           6.0     461554.7830     3.6708   8.167E+02    38     0    448
3p5(1I)3d4_2Io[13/2]        14.0     461676.4030     3.6672   8.175E+02    41     0    449
3d2(1S)5p_2Po[1/2]           2.0     461718.1720     3.6659   8.178E+02    41     0    450
3d2(3P)5d_4De[1/2]           2.0     461748.0430     3.6650   8.180E+02    38     0    451
3p5(3D)3d4_4Do[1/2]          2.0     461950.7240     3.6589   8.193E+02    40     0    452
3d2(3P)5d_4De[3/2]           4.0     461985.5750     3.6579   8.196E+02    38     0    453
3d2(3P)5d_4Fe[9/2]          10.0     462139.0550     3.6533   8.206E+02    38     0    454
3d4s4p_2Do[5/2]              6.0     462187.7780     3.6518   8.209E+02    41     0    455
3d2(3P)5d_4De[7/2]           8.0     462209.7040     3.6512   8.211E+02    38     0    456
3d2(1D)5d_2De[5/2]           6.0     462289.7730     3.6488   8.216E+02    39     0    457
3d4s4p_2Do[3/2]              4.0     462297.4690     3.6486   8.217E+02    41     0    458
3p5(3P)3d4_4Pbo[5/2]         6.0     462305.5260     3.6483   8.217E+02    40     0    459
3d2(1S)5p_2Po[3/2]           4.0     462371.2510     3.6463   8.222E+02    41     0    460
3d4s4p(4F)_4Fo[7/2]          8.0     462564.3940     3.6405   8.235E+02    40     0    461
3p5(1G)3d4_2Hbo[11/2]       12.0     462685.4770     3.6369   8.243E+02    41     0    462
3d2(3P)5d_4Pe[3/2]           4.0     463171.8720     3.6223   8.276E+02    38     0    463
3d2(3P)5d_4Pe[1/2]           2.0     463206.6340     3.6213   8.279E+02    38     0    464
3p5(3P)3d4_4Po[3/2]          4.0     463309.4290     3.6182   8.286E+02    33     0    465
3d2(3P)5d_4Pe[5/2]           6.0     463454.2600     3.6139   8.296E+02    38     0    466
3d2(3P)5d_2Fe[5/2]           6.0     463625.2200     3.6087   8.307E+02    39     0    467
3d4s4p(4F)_4Fo[9/2]         10.0     463708.6100     3.6062   8.313E+02    40     0    468
3d2(3P)5d_2Fe[7/2]           8.0     463817.5380     3.6030   8.321E+02    39     0    469
3d2(3P)5d_4Pbe[1/2]          2.0     463971.3880     3.5984   8.331E+02    38     0    470
3d2(1D)5d_2Pe[3/2]           4.0     464361.7920     3.5867   8.359E+02    39     0    471
3p5(1G)3d4_2Hbo[9/2]        10.0     464904.9700     3.5704   8.397E+02    41     0    472
3d2(3P)5d_2De[5/2]           6.0     465258.0220     3.5598   8.422E+02    39     0    473
3d2(3P)5d_2De[3/2]           4.0     465532.5260     3.5516   8.441E+02    39     0    474
3p5(3P)3d4_4Po[1/2]          2.0     465586.9540     3.5499   8.445E+02    33     0    475
3d2(1S)4f_2Fo[5/2]           6.0     465729.6460     3.5457   8.455E+02    41     0    476
3d2(1S)4f_2Fo[7/2]           8.0     465875.1500     3.5413   8.466E+02    41     0    477
3d4s4p_4Po[1/2]              2.0     466554.9480     3.5209   8.515E+02    40     0    478
3d4s4p_4Po[3/2]              4.0     466559.7490     3.5208   8.515E+02    40     0    479
3d4s4p_4Po[5/2]              6.0     466846.1240     3.5122   8.536E+02    40     0    480
3p5(3F)3d4_4Fo[9/2]         10.0     467099.1510     3.5046   8.554E+02    40     0    481
3p5(3F)3d4_4Fo[7/2]          8.0     467150.5980     3.5031   8.558E+02    40     0    482
3p5(3F)3d4_4Fo[3/2]          4.0     467195.6100     3.5017   8.561E+02    40     0    483
3p5(3F)3d4_4Fo[5/2]          6.0     467392.2740     3.4958   8.576E+02    40     0    484
3d2(1G)5d_2Ge[7/2]           8.0     469168.3420     3.4426   8.708E+02    39     0    485
3d2(1G)5d_2Ge[9/2]          10.0     469248.5410     3.4402   8.714E+02    39     0    486
3d2(1G)5d_2Ie[11/2]         12.0     469397.1330     3.4357   8.726E+02    39     0    487
3d2(1G)5d_2Ie[13/2]         14.0     469476.0480     3.4333   8.732E+02    39     0    488
3d2(3F)5f_4Fo[3/2]           4.0     469535.8800     3.4315   8.736E+02    40     0    489
3p5(1F)3d4_2Fo[5/2]          6.0     469667.0310     3.4276   8.746E+02    41     0    490
3p5(1F)3d4_2Fo[7/2]          8.0     469969.3010     3.4186   8.770E+02    41     0    491
3d2(3F)5f_4Fo[5/2]           6.0     470013.5450     3.4172   8.773E+02    40     0    492
3d4s4p_2Fo[5/2]              6.0     470121.2890     3.4140   8.781E+02    41     0    493
3d2(1G)5d_2He[9/2]          10.0     470335.6690     3.4076   8.798E+02    39     0    494
3d2(1G)5d_2He[11/2]         12.0     470362.3020     3.4068   8.800E+02    39     0    495
3d2(3F)5f_4Fo[7/2]           8.0     470415.3970     3.4052   8.804E+02    40     0    496
3d2(3F)6p_4Go[5/2]           6.0     470415.6290     3.4052   8.804E+02    40     0    497
3d2(3F)6p_4Fo[3/2]           4.0     470675.4410     3.3974   8.824E+02    40     0    498
3d2(3F)6p_4Do[1/2]           2.0     470721.5340     3.3960   8.828E+02    40     0    499
3d4s4p_2Fo[7/2]              8.0     470792.8520     3.3939   8.833E+02    41     0    500
3d2(3F)6p_4Do[3/2]           4.0     470813.7630     3.3932   8.835E+02    40     0    501
3d2(3F)5f_2Go[7/2]           8.0     470910.7510     3.3903   8.843E+02    41     0    502
3d2(3F)5f_4Fo[9/2]          10.0     470912.1600     3.3903   8.843E+02    40     0    503
3d2(3F)6p_4Fo[5/2]           6.0     470936.7340     3.3896   8.845E+02    40     0    504
3d2(3F)6p_4Go[7/2]           8.0     470957.4360     3.3889   8.846E+02    40     0    505
3d2(3F)6p_2Fo[5/2]           6.0     471040.0810     3.3865   8.853E+02    41     0    506
3d2(3F)6p_4Fo[7/2]           8.0     471210.1490     3.3814   8.866E+02    40     0    507
3d2(3F)6p_4Do[5/2]           6.0     471359.4640     3.3769   8.878E+02    40     0    508
3d2(3F)5f_2So[1/2]           2.0     471374.7750     3.3764   8.879E+02    41     0    509
3d2(3F)5f_4So[3/2]           4.0     471527.0360     3.3719   8.891E+02    40     0    510
3d2(3F)5f_4Ho[7/2]           8.0     471556.0730     3.3710   8.893E+02    40     0    511
3d2(3F)6p_4Go[9/2]          10.0     471596.6560     3.3698   8.897E+02    40     0    512
3d2(3F)6p_2Fbo[5/2]          6.0     471696.9480     3.3668   8.904E+02    41     0    513
3d2(3F)5f_4Io[9/2]          10.0     471698.8010     3.3667   8.905E+02    40     0    514
3d2(3F)5f_4Hbo[7/2]          8.0     471828.3680     3.3628   8.915E+02    40     0    515
3d2(3F)5f_4Do[1/2]           2.0     471905.3370     3.3605   8.921E+02    40     0    516
3d2(3F)6p_4Fo[9/2]          10.0     471923.9520     3.3600   8.923E+02    40     0    517
3d2(3F)5f_4Sbo[3/2]          4.0     471930.0390     3.3598   8.923E+02    40     0    518
3d2(3F)6p_4Do[7/2]           8.0     472033.7390     3.3567   8.931E+02    40     0    519
3d2(3F)5f_2Go[9/2]          10.0     472043.5760     3.3564   8.932E+02    41     0    520
3d2(3F)6p_2Go[7/2]           8.0     472094.7600     3.3548   8.936E+02    41     0    521
3d2(3F)5f_4Io[11/2]         12.0     472101.5570     3.3546   8.937E+02    40     0    522
3d2(3F)6p_4Dbo[5/2]          6.0     472102.3050     3.3546   8.937E+02    40     0    523
3d2(3F)6p_2Do[3/2]           4.0     472154.1650     3.3531   8.941E+02    41     0    524
3d2(1G)5d_2Fe[7/2]           8.0     472177.6060     3.3524   8.943E+02    39     0    525
3d2(3F)5f_4Ho[9/2]          10.0     472227.7820     3.3508   8.947E+02    40     0    526
3d2(1G)5d_2Fe[5/2]           6.0     472243.4620     3.3504   8.948E+02    39     0    527
3p5(1D)3d4_2Dbo[3/2]         4.0     472281.3870     3.3492   8.951E+02    41     0    528
3d2(3F)6p_4Go[11/2]         12.0     472436.9440     3.3446   8.964E+02    40     0    529
3d2(3F)6p_4Fbo[9/2]         10.0     472534.2630     3.3417   8.971E+02    40     0    530
3d2(3F)5f_2Fo[5/2]           6.0     472573.9400     3.3405   8.975E+02    41     0    531
3d2(3F)6p_2Fo[7/2]           8.0     472614.5840     3.3393   8.978E+02    41     0    532
3d2(3F)5f_4Io[13/2]         14.0     472660.4910     3.3379   8.982E+02    40     0    533
3d2(3F)5f_4Ho[11/2]         12.0     472668.9050     3.3376   8.982E+02    40     0    534
3d2(3F)5f_2Po[3/2]           4.0     472823.8890     3.3330   8.995E+02    41     0    535
3d2(3F)5f_2Po[1/2]           2.0     472860.5790     3.3319   8.998E+02    41     0    536
3d2(3F)6p_4Dbo[7/2]          8.0     472941.2690     3.3295   9.004E+02    40     0    537
3d2(3F)6p_2Do[5/2]           6.0     473206.3020     3.3215   9.026E+02    41     0    538
3d2(3F)6p_2Go[9/2]          10.0     473212.1700     3.3213   9.026E+02    41     0    539
3d2(3F)5f_4Ho[13/2]         14.0     473260.5680     3.3199   9.030E+02    40     0    540
3d2(3F)5f_4Po[3/2]           4.0     473344.7030     3.3174   9.037E+02    40     0    541
3d2(3F)5f_4Po[5/2]           6.0     473349.3190     3.3172   9.037E+02    40     0    542
3d2(3F)5f_4Po[1/2]           2.0     473435.3190     3.3146   9.044E+02    40     0    543
3d2(3F)5f_2Fo[7/2]           8.0     473465.8130     3.3137   9.047E+02    41     0    544
3d4s4p_2Po[3/2]              4.0     473498.2480     3.3128   9.050E+02    41     0    545
3d2(3F)5f_4Io[15/2]         16.0     473500.4000     3.3127   9.050E+02    40     0    546
3d2(1G)5d_2De[3/2]           4.0     473915.7670     3.3002   9.084E+02    39     0    547
3d2(1G)5d_2De[5/2]           6.0     473932.0080     3.2998   9.085E+02    39     0    548
3d2(3F)5f_2Do[3/2]           4.0     474032.8600     3.2967   9.094E+02    41     0    549
3d2(3F)5f_2Ho[11/2]         12.0     474185.5430     3.2922   9.106E+02    41     0    550
3d2(3F)5f_2Ho[9/2]          10.0     474281.4850     3.2893   9.114E+02    41     0    551
3d2(3F)5f_2Do[5/2]           6.0     474340.0900     3.2875   9.119E+02    41     0    552
3d4s4p_2Po[1/2]              2.0     474391.9180     3.2860   9.123E+02    41     0    553
3d2(1D)6s_2De[5/2]           6.0     474817.8390     3.2732   9.159E+02    39     0    554
3d2(1D)6s_2De[3/2]           4.0     474859.5530     3.2719   9.163E+02    39     0    555
3d2(3F)5g_2He[9/2]          10.0     475427.1050     3.2549   9.210E+02    39     0    556
3d2(3F)5g_4He[7/2]           8.0     475428.6110     3.2549   9.211E+02    42     0    557
3d2(3F)5g_4Ie[9/2]          10.0     475431.1900     3.2548   9.211E+02    42     0    558
3d2(3F)5g_2Ie[11/2]         12.0     475451.9870     3.2542   9.213E+02    39     0    559
3d2(3F)5g_4Fe[7/2]           8.0     475548.4250     3.2513   9.221E+02    42     0    560
3d2(3F)5g_4Ge[5/2]           6.0     475551.9940     3.2512   9.221E+02    42     0    561
3d2(3F)5g_4Ke[11/2]         12.0     475569.8760     3.2507   9.223E+02    42     0    562
3d2(3F)5g_2Ke[13/2]         14.0     475592.4670     3.2500   9.224E+02    39     0    563
3d2(3F)5g_2Pe[3/2]           4.0     475653.3000     3.2482   9.230E+02    39     0    564
3d2(3F)5g_4Pe[5/2]           6.0     475658.4380     3.2480   9.230E+02    42     0    565
3d2(3F)5f_2Io[11/2]         12.0     476145.5060     3.2334   9.272E+02    41     0    566
3d2(3P)6s_4Pe[1/2]           2.0     476167.1890     3.2327   9.274E+02    42     0    567
3d2(3F)5g_4Ibe[9/2]         10.0     476198.4220     3.2318   9.276E+02    42     0    568
3d2(3F)5g_4Ge[11/2]         12.0     476207.1140     3.2315   9.277E+02    42     0    569
3d2(3F)5g_4Fe[9/2]          10.0     476243.2680     3.2305   9.280E+02    42     0    570
3d2(3F)5g_2Ibe[11/2]        12.0     476245.0020     3.2304   9.280E+02    39     0    571
3d2(3F)5g_4Ie[13/2]         14.0     476246.5110     3.2304   9.280E+02    42     0    572
3d2(3F)5g_4Hbe[7/2]          8.0     476248.3980     3.2303   9.281E+02    42     0    573
3d2(3F)5g_4De[7/2]           8.0     476321.8150     3.2281   9.287E+02    42     0    574
3d2(3F)5g_4Gbe[5/2]          6.0     476328.7990     3.2279   9.288E+02    42     0    575
3d2(3F)5g_4Ke[15/2]         16.0     476357.1890     3.2271   9.290E+02    42     0    576
3d2(3F)5g_4Ke[13/2]         14.0     476367.0160     3.2268   9.291E+02    42     0    577
3d2(3F)5g_4Fe[3/2]           4.0     476382.3780     3.2263   9.292E+02    42     0    578
3d2(3F)5g_4Pbe[5/2]          6.0     476395.5500     3.2259   9.293E+02    42     0    579
3d2(3P)6s_4Pe[3/2]           4.0     476433.1420     3.2248   9.297E+02    42     0    580
3d2(3F)5g_4De[1/2]           2.0     476435.2910     3.2247   9.297E+02    42     0    581
3d2(3P)6s_4Pbe[3/2]          4.0     476456.4660     3.2241   9.299E+02    42     0    582
3d2(3F)5f_4Go[5/2]           6.0     476867.5460     3.2118   9.334E+02    40     0    583
3d2(3P)6s_2Pe[1/2]           2.0     477043.3600     3.2065   9.350E+02    39     0    584
3d2(3P)6s_4Pe[5/2]           6.0     477084.3990     3.2052   9.353E+02    42     0    585
3d2(3F)5g_4He[13/2]         14.0     477146.4060     3.2034   9.359E+02    42     0    586
3d2(3F)5g_2He[11/2]         12.0     477146.8620     3.2034   9.359E+02    39     0    587
3d2(3F)5g_2Ge[9/2]          10.0     477165.2670     3.2028   9.360E+02    39     0    588
3d2(3F)5g_4Gbe[11/2]        12.0     477167.6890     3.2028   9.360E+02    42     0    589
3d2(3F)5f_2Io[13/2]         14.0     477211.0870     3.2015   9.364E+02    41     0    590
3d2(3F)5g_4Ie[15/2]         16.0     477219.9010     3.2012   9.365E+02    42     0    591
3d2(3F)5g_4Fbe[9/2]         10.0     477249.5630     3.2003   9.368E+02    42     0    592
3d2(3F)5g_2Ie[13/2]         14.0     477251.5200     3.2002   9.368E+02    39     0    593
3d2(3F)5g_2Fe[7/2]           8.0     477256.3710     3.2001   9.368E+02    39     0    594
3d2(3F)5f_4Go[7/2]           8.0     477326.9970     3.1980   9.374E+02    40     0    595
3d2(3F)5g_4Dbe[7/2]          8.0     477334.9030     3.1977   9.375E+02    42     0    596
3d2(3F)5g_4Ke[17/2]         18.0     477339.0250     3.1976   9.376E+02    42     0    597
3d2(3F)5g_4Fe[5/2]           6.0     477341.2930     3.1975   9.376E+02    42     0    598
3d2(3F)5g_2Ke[15/2]         16.0     477372.0060     3.1966   9.378E+02    39     0    599
3d2(3F)5g_4De[3/2]           4.0     477389.4300     3.1961   9.380E+02    42     0    600
3d2(3F)5g_4De[5/2]           6.0     477394.6820     3.1959   9.380E+02    42     0    601
3d2(3F)5g_2Pe[1/2]           2.0     477412.3730     3.1954   9.382E+02    39     0    602
3d2(3F)5g_4Pe[3/2]           4.0     477416.1290     3.1953   9.382E+02    42     0    603
3d2(3F)5g_4Pe[1/2]           2.0     477422.7710     3.1951   9.383E+02    42     0    604
3d2(3P)6s_2Pe[3/2]           4.0     477724.0840     3.1861   9.409E+02    39     0    605
3d2(3F)5f_4Go[9/2]          10.0     477873.8630     3.1816   9.423E+02    40     0    606
3d2(3F)5f_4Go[11/2]         12.0     478424.5000     3.1651   9.472E+02    40     0    607
3p5(1D)3d4_2Po[1/2]          2.0     478743.0790     3.1555   9.501E+02    41     0    608
3p5(1S)3d4_2Pbo[3/2]         4.0     479340.5340     3.1376   9.555E+02    41     0    609
3d2(1D)5f_2Do[3/2]           4.0     480293.5220     3.1090   9.643E+02    41     0    610
3d2(1D)5f_2Do[5/2]           6.0     481173.8820     3.0826   9.725E+02    41     0    611
3d2(3P)5f_4Do[1/2]           2.0     481945.3640     3.0595   9.799E+02    43     0    612
3d2(3P)5f_4Do[3/2]           4.0     482365.4460     3.0469   9.839E+02    43     0    613
3d2(3P)5f_4Do[7/2]           8.0     482677.2590     3.0376   9.869E+02    43     0    614
3d2(1D)5f_2Dbo[5/2]          6.0     482971.7150     3.0288   9.898E+02    41     0    615
3d2(1G)6s_2Ge[7/2]           8.0     484289.0500     2.9893   1.003E+03    44     0    616
3d2(1G)6s_2Ge[9/2]          10.0     484290.9330     2.9892   1.003E+03    44     0    617
3d2(1D)5f_2Fo[7/2]           8.0     484597.5130     2.9800   1.006E+03    45     0    618
3d2(1D)5f_2Fo[5/2]           6.0     484853.3060     2.9723   1.009E+03    45     0    619
3d2(1D)5f_2Ho[9/2]          10.0     485956.7550     2.9393   1.020E+03    45     0    620
3d2(1D)5f_2Ho[11/2]         12.0     486102.9830     2.9349   1.021E+03    45     0    621
3d2(1D)6p_2Po[3/2]           4.0     486164.8430     2.9330   1.022E+03    45     0    622
3d2(1D)6p_2Fo[5/2]           6.0     486229.6110     2.9311   1.023E+03    45     0    623
3d2(1D)6p_2Po[1/2]           2.0     486418.4100     2.9254   1.025E+03    45     0    624
3d2(1D)6p_2Fo[7/2]           8.0     486510.6670     2.9227   1.026E+03    45     0    625
3d2(1D)6p_2Do[3/2]           4.0     486735.1300     2.9159   1.028E+03    45     0    626
3d2(1D)6p_2Do[5/2]           6.0     486900.8160     2.9110   1.030E+03    45     0    627
3d2(1D)5f_2Po[3/2]           4.0     487190.5780     2.9023   1.033E+03    45     0    628
3d2(1D)5f_2Po[1/2]           2.0     487334.0370     2.8980   1.034E+03    45     0    629
3d2(1D)5f_2Go[9/2]          10.0     487389.5540     2.8963   1.035E+03    45     0    630
3d2(1D)5f_2Go[7/2]           8.0     487399.3810     2.8960   1.035E+03    45     0    631
3d2(3P)6p_4So[3/2]           4.0     487901.9170     2.8809   1.041E+03    43     0    632
3d2(3P)6p_2So[1/2]           2.0     487984.0290     2.8785   1.041E+03    45     0    633
3d2(3P)6p_4Do[1/2]           2.0     488347.8130     2.8676   1.045E+03    43     0    634
3d2(3P)6p_4Do[3/2]           4.0     488549.6270     2.8615   1.048E+03    43     0    635
3d2(3P)6p_4Do[5/2]           6.0     488878.8970     2.8517   1.051E+03    43     0    636
3d2(3P)6p_4Dbo[5/2]          6.0     488923.6440     2.8503   1.052E+03    43     0    637
3d2(3P)6p_2Do[3/2]           4.0     489317.8630     2.8385   1.056E+03    45     0    638
3d2(3P)6p_4Po[1/2]           2.0     489340.1720     2.8378   1.056E+03    43     0    639
3d2(3P)6p_4Do[7/2]           8.0     489456.3070     2.8343   1.058E+03    43     0    640
3d2(3P)6p_4Po[3/2]           4.0     489510.5110     2.8327   1.058E+03    43     0    641
3d2(3P)6p_4Po[5/2]           6.0     489753.9040     2.8254   1.061E+03    43     0    642
3d2(3P)5f_2Go[7/2]           8.0     489777.4430     2.8247   1.061E+03    45     0    643
3d2(3P)5f_2Do[3/2]           4.0     489798.3670     2.8241   1.062E+03    45     0    644
3d2(3P)6p_2Do[5/2]           6.0     490030.0270     2.8171   1.064E+03    45     0    645
3d2(3P)5f_2Go[9/2]          10.0     490140.8820     2.8138   1.065E+03    45     0    646
3d2(3P)5f_2Fo[5/2]           6.0     490187.1050     2.8124   1.066E+03    45     0    647
3d2(3P)5f_4Fo[3/2]           4.0     490355.8160     2.8074   1.068E+03    43     0    648
3d2(3P)5f_4Fo[7/2]           8.0     490437.4780     2.8049   1.069E+03    43     0    649
3d2(3P)5f_4Fo[5/2]           6.0     490546.3890     2.8017   1.070E+03    43     0    650
3d2(3P)6p_2Po[1/2]           2.0     490556.8670     2.8014   1.070E+03    45     0    651
3d2(3P)5f_4Fo[9/2]          10.0     490762.5050     2.7952   1.073E+03    43     0    652
3d2(3P)6p_2Po[3/2]           4.0     490901.2810     2.7910   1.074E+03    45     0    653
3d2(3P)5f_2Fo[7/2]           8.0     490983.2170     2.7886   1.075E+03    45     0    654
3d2(3P)5f_4Go[5/2]           6.0     491202.8540     2.7820   1.078E+03    43     0    655
3d2(1D)5g_2De[3/2]           4.0     491236.5080     2.7810   1.078E+03    44     0    656
3d2(1D)5g_2De[5/2]           6.0     491237.1720     2.7810   1.078E+03    44     0    657
3d2(1D)5g_2Ie[13/2]         14.0     491294.4060     2.7792   1.079E+03    44     0    658
3d2(1D)5g_2Ie[11/2]         12.0     491294.8530     2.7792   1.079E+03    44     0    659
3d2(3F)6d_4Ge[5/2]           6.0     491336.0740     2.7780   1.079E+03    42     0    660
3d2(1D)5g_2Fe[7/2]           8.0     491346.2070     2.7777   1.079E+03    44     0    661
3d2(1D)5g_2Fe[5/2]           6.0     491351.2930     2.7775   1.079E+03    44     0    662
3d2(3F)6d_4He[7/2]           8.0     491416.4260     2.7756   1.080E+03    42     0    663
3d2(3P)5f_4Go[7/2]           8.0     491450.1370     2.7746   1.080E+03    43     0    664
3d2(1D)5g_2He[9/2]          10.0     491463.9830     2.7742   1.081E+03    44     0    665
3d2(1D)5g_2He[11/2]         12.0     491470.9820     2.7740   1.081E+03    44     0    666
3d2(1D)5g_2Ge[7/2]           8.0     491472.7020     2.7739   1.081E+03    44     0    667
3d2(1D)5g_2Ge[9/2]          10.0     491481.5540     2.7736   1.081E+03    44     0    668
3d2(3P)5f_4Go[9/2]          10.0     491610.6310     2.7698   1.082E+03    43     0    669
3d2(3F)6d_4De[1/2]           2.0     491650.1200     2.7686   1.083E+03    42     0    670
3d2(3P)5f_4Go[11/2]         12.0     491680.6780     2.7677   1.083E+03    43     0    671
3d2(3F)6d_4He[9/2]          10.0     491800.1620     2.7641   1.085E+03    42     0    672
3d2(3F)6d_4Ge[7/2]           8.0     491825.8420     2.7633   1.085E+03    42     0    673
3d2(3F)6d_4De[3/2]           4.0     491879.6620     2.7617   1.086E+03    42     0    674
3d2(3F)6d_2Fe[5/2]           6.0     491995.8480     2.7582   1.087E+03    44     0    675
3d2(3F)6d_4Ge[9/2]          10.0     492381.6170     2.7467   1.091E+03    42     0    676
3d2(3F)6d_4He[11/2]         12.0     492386.3310     2.7465   1.092E+03    42     0    677
3d2(3F)6d_4De[5/2]           6.0     492443.7980     2.7448   1.092E+03    42     0    678
3d2(1D)5f_2Hbo[9/2]         10.0     492561.8170     2.7412   1.094E+03    45     0    679
3d2(3F)6d_2Fe[7/2]           8.0     492605.3300     2.7399   1.094E+03    44     0    680
3d2(3F)6d_2Pe[1/2]           2.0     492871.0050     2.7320   1.097E+03    44     0    681
3d2(3F)6d_4Ge[11/2]         12.0     493039.6640     2.7269   1.099E+03    42     0    682
3d2(3P)5g_4He[7/2]           8.0     493058.2450     2.7264   1.100E+03    42     0    683
3d2(3P)5g_4Fe[9/2]          10.0     493065.5030     2.7261   1.100E+03    42     0    684
3d2(3F)6d_4De[7/2]           8.0     493183.2820     2.7226   1.101E+03    42     0    685
3d2(3F)6d_4He[13/2]         14.0     493203.9410     2.7220   1.101E+03    42     0    686
3d2(3P)5g_4Hbe[7/2]          8.0     493209.2840     2.7218   1.101E+03    42     0    687
3d2(3P)5g_4Fbe[9/2]         10.0     493210.0070     2.7218   1.101E+03    42     0    688
3d2(3P)5g_4He[11/2]         12.0     493396.5840     2.7162   1.104E+03    42     0    689
3d2(3P)5g_4Fe[5/2]           6.0     493398.7560     2.7162   1.104E+03    42     0    690
3d2(3P)5g_4He[9/2]          10.0     493406.9910     2.7159   1.104E+03    42     0    691
3d2(3P)5g_4Fe[7/2]           8.0     493408.1970     2.7159   1.104E+03    42     0    692
3d2(1G)5f_2Ho[11/2]         12.0     493423.6040     2.7154   1.104E+03    45     0    693
3d2(3F)6d_2Pe[3/2]           4.0     493455.5000     2.7145   1.104E+03    44     0    694
3d2(3F)6d_4Pe[1/2]           2.0     493533.1030     2.7121   1.105E+03    42     0    695
3d2(3F)6d_4Fe[3/2]           4.0     493739.1580     2.7060   1.108E+03    42     0    696
3d4s4p_2Dbo[3/2]             4.0     493803.8090     2.7040   1.109E+03    45     0    697
3d2(3P)5g_4Fe[3/2]           4.0     493831.3370     2.7032   1.109E+03    42     0    698
3d2(3P)5g_2Fe[5/2]           6.0     493832.7870     2.7031   1.109E+03    44     0    699
3d2(3P)5g_4He[13/2]         14.0     493947.3940     2.6997   1.110E+03    42     0    700
3d2(3P)5g_2He[11/2]         12.0     493962.9860     2.6992   1.111E+03    44     0    701
3p5(5D)3d4_4Fbo[3/2]         4.0     493979.3910     2.6987   1.111E+03    43     0    702
3d2(3F)6d_2Ge[7/2]           8.0     494044.9630     2.6968   1.112E+03    44     0    703
3d2(3F)6d_4Fe[5/2]           6.0     494118.6680     2.6946   1.113E+03    42     0    704
3d2(3P)5g_4Ge[5/2]           6.0     494180.2550     2.6927   1.113E+03    42     0    705
3d2(3F)6d_2He[9/2]          10.0     494184.6090     2.6926   1.113E+03    44     0    706
3d2(3P)5g_4Ge[7/2]           8.0     494198.3900     2.6922   1.114E+03    42     0    707
3d2(3F)6d_4Pe[3/2]           4.0     494236.2710     2.6910   1.114E+03    42     0    708
3d2(3P)5g_4Ge[9/2]          10.0     494296.9510     2.6892   1.115E+03    42     0    709
3d2(3P)5g_4Ge[11/2]         12.0     494305.3370     2.6890   1.115E+03    42     0    710
3d2(3P)5g_2Ge[7/2]           8.0     494317.1040     2.6886   1.115E+03    44     0    711
3d2(3P)5g_2Ge[9/2]          10.0     494337.8530     2.6880   1.115E+03    44     0    712
3d2(1G)5f_2Fo[7/2]           8.0     494514.4110     2.6827   1.117E+03    45     0    713
3d4s4p_2Dbo[5/2]             6.0     494553.4900     2.6815   1.118E+03    45     0    714
3d2(3F)6d_4Fe[7/2]           8.0     494664.0130     2.6782   1.119E+03    42     0    715
3d2(3F)6d_4Pe[5/2]           6.0     494687.2650     2.6775   1.120E+03    42     0    716
3p5(5D)3d4_4Fbo[5/2]         6.0     494718.2860     2.6766   1.120E+03    43     0    717
3d2(3F)6d_2De[3/2]           4.0     494808.5220     2.6739   1.121E+03    44     0    718
3d2(3F)6d_2Ge[9/2]          10.0     494812.3460     2.6738   1.121E+03    44     0    719
3d2(3P)5f_4Dbo[1/2]          2.0     494852.4170     2.6726   1.122E+03    43     0    720
3d2(3P)5f_4Dbo[3/2]          4.0     494898.2570     2.6712   1.122E+03    43     0    721
3p5(3P)3d4_4Sbo[3/2]         4.0     495065.6420     2.6662   1.124E+03    43     0    722
3d4s4p_2Dco[5/2]             6.0     495098.7110     2.6652   1.125E+03    45     0    723
3d2(3F)6d_4Fe[9/2]          10.0     495177.2060     2.6628   1.126E+03    42     0    724
3d2(3F)6d_2He[11/2]         12.0     495333.2400     2.6582   1.128E+03    44     0    725
3d2(3P)5f_4Do[5/2]           6.0     495339.7810     2.6580   1.128E+03    43     0    726
3d2(3F)6d_2De[5/2]           6.0     495389.2420     2.6565   1.129E+03    44     0    727
3d2(1G)6p_2Go[7/2]           8.0     495402.9590     2.6561   1.129E+03    45     0    728
3d2(1G)6p_2Go[9/2]          10.0     495474.4420     2.6539   1.130E+03    45     0    729
3d2(3P)5f_4Dbo[7/2]          8.0     495476.7870     2.6539   1.130E+03    43     0    730
3p5(5D)3d4_4Fbo[7/2]         8.0     495857.1510     2.6425   1.135E+03    43     0    731
3d2(1G)5f_2Go[7/2]           8.0     496280.7370     2.6298   1.140E+03    45     0    732
3d2(1G)5f_2Go[9/2]          10.0     496308.1450     2.6289   1.140E+03    45     0    733
3d2(1G)6p_2Ho[9/2]          10.0     496640.5530     2.6190   1.145E+03    45     0    734
3d2(1G)6p_2Ho[11/2]         12.0     496877.0190     2.6119   1.148E+03    45     0    735
3p5(5D)3d4_4Fbo[9/2]        10.0     496990.1850     2.6085   1.149E+03    43     0    736
3d2(1G)6p_2Fo[7/2]           8.0     497138.0760     2.6041   1.151E+03    45     0    737
3d2(1G)6p_2Fo[5/2]           6.0     497226.5590     2.6014   1.152E+03    45     0    738
3d2(1G)5f_2Fbo[7/2]          8.0     498081.0020     2.5758   1.164E+03    45     0    739
3d2(1G)5f_2Do[3/2]           4.0     498188.4110     2.5726   1.165E+03    45     0    740
3d4s4p_2Fbo[5/2]             6.0     498193.1670     2.5724   1.165E+03    45     0    741
3d2(1G)5f_2Ko[13/2]         14.0     498257.9610     2.5705   1.166E+03    45     0    742
3d2(1G)5f_2Ko[15/2]         16.0     498263.7330     2.5703   1.166E+03    45     0    743
3d2(1G)5f_2Po[1/2]           2.0     498279.5300     2.5698   1.167E+03    45     0    744
3d2(1G)5f_2Po[3/2]           4.0     498437.4930     2.5651   1.169E+03    45     0    745
3d2(1G)5f_2Io[11/2]         12.0     498628.4630     2.5594   1.171E+03    45     0    746
3d2(1G)5f_2Ho[9/2]          10.0     498743.0700     2.5559   1.173E+03    45     0    747
3d2(1G)5f_2Io[13/2]         14.0     498801.4720     2.5542   1.174E+03    45     0    748
3d2(1G)5f_2Do[5/2]           6.0     498831.8660     2.5533   1.174E+03    45     0    749
3d2(1G)5f_2Fo[5/2]           6.0     499371.7560     2.5371   1.182E+03    45     0    750
3d2(1G)5f_2Hbo[11/2]        12.0     499538.0400     2.5321   1.184E+03    45     0    751
3d2(3F)7s_4Fe[3/2]           4.0     499863.3710     2.5224   1.189E+03    46     0    752
3d2(3F)7s_4Fe[5/2]           6.0     500025.2660     2.5175   1.191E+03    46     0    753
3d4s4p_2Fbo[7/2]             8.0     500038.2150     2.5171   1.191E+03    45     0    754
3d2(1G)5g_2Ie[11/2]         12.0     500696.8740     2.4974   1.200E+03    44     0    755
3d2(1G)5g_2Ie[13/2]         14.0     500698.2310     2.4973   1.200E+03    44     0    756
3d2(3F)7s_4Fe[7/2]           8.0     500702.4450     2.4972   1.201E+03    46     0    757
3d2(1G)5g_2He[9/2]          10.0     500758.7160     2.4955   1.201E+03    44     0    758
3d2(1G)5g_2He[11/2]         12.0     500759.8830     2.4955   1.201E+03    44     0    759
3d2(3F)7s_2Fe[5/2]           6.0     500837.5010     2.4931   1.202E+03    44     0    760
3d2(1G)5g_2Ke[13/2]         14.0     500863.3260     2.4924   1.203E+03    44     0    761
3d2(1G)5g_2Ke[15/2]         16.0     500864.2710     2.4923   1.203E+03    44     0    762
3d2(1G)5g_2Ge[7/2]           8.0     500958.2290     2.4895   1.204E+03    44     0    763
3d2(1G)5g_2Ge[9/2]          10.0     500959.0300     2.4895   1.204E+03    44     0    764
3d2(1G)5g_2Fe[7/2]           8.0     501229.4720     2.4814   1.208E+03    44     0    765
3d2(1G)5g_2Fe[5/2]           6.0     501233.1490     2.4813   1.208E+03    44     0    766
3d2(1G)5f_2Dbo[3/2]          4.0     501328.5830     2.4784   1.210E+03    45     0    767
3d2(1G)5g_2Le[15/2]         16.0     501452.6300     2.4747   1.211E+03    44     0    768
3d2(1G)5g_2Le[17/2]         18.0     501454.3160     2.4747   1.211E+03    44     0    769
3d2(1G)5g_2De[3/2]           4.0     501509.5490     2.4730   1.212E+03    44     0    770
3d2(1G)5g_2De[5/2]           6.0     501510.2250     2.4730   1.212E+03    44     0    771
3d2(3F)7s_4Fe[9/2]          10.0     501598.8240     2.4703   1.214E+03    46     0    772
3d2(1G)5g_2Pe[1/2]           2.0     501740.7830     2.4661   1.216E+03    44     0    773
3d2(1G)5g_2Pe[3/2]           4.0     501741.4860     2.4660   1.216E+03    44     0    774
3d2(1G)5g_2Se[1/2]           2.0     501869.8310     2.4622   1.218E+03    44     0    775
3d2(3F)7s_2Fe[7/2]           8.0     501898.4640     2.4613   1.218E+03    44     0    776
3d4s4p_2Pbo[1/2]             2.0     502115.6350     2.4548   1.221E+03    45     0    777
3d2(3F)6f_2Go[7/2]           8.0     502596.4400     2.4404   1.228E+03    45     0    778
3p5(1F)3d4_2Do[5/2]          6.0     502911.5160     2.4310   1.233E+03    45     0    779
3d4s4p_2Pbo[3/2]             4.0     502977.9870     2.4290   1.234E+03    45     0    780
3d2(3F)6f_2Go[9/2]          10.0     503061.8420     2.4265   1.236E+03    45     0    781
3d2(1S)5d_2De[3/2]           4.0     504097.3640     2.3954   1.252E+03    44     0    782
3d2(1S)5d_2De[5/2]           6.0     504151.2130     2.3938   1.252E+03    44     0    783
3d2(3F)6f_2So[1/2]           2.0     505036.3090     2.3673   1.266E+03    45     0    784
3d2(3F)6f_2Po[3/2]           4.0     505922.1250     2.3407   1.281E+03    45     0    785
3d2(3F)6f_2Fo[7/2]           8.0     506048.3630     2.3369   1.283E+03    45     0    786
3d2(3F)6f_2Po[1/2]           2.0     506280.9230     2.3300   1.287E+03    45     0    787
3d2(3F)7p_4Go[5/2]           6.0     506294.0920     2.3296   1.287E+03    47     0    788
3d2(3F)7p_4Fo[3/2]           4.0     506393.2720     2.3266   1.289E+03    47     0    789
3d2(3F)7p_4Fo[5/2]           6.0     506546.9060     2.3220   1.291E+03    47     0    790
3d2(3F)6f_4Po[3/2]           4.0     506614.2430     2.3200   1.292E+03    47     0    791
3d2(3F)7p_4Go[7/2]           8.0     506658.7480     2.3186   1.293E+03    47     0    792
3d2(3F)6f_4Po[5/2]           6.0     506665.0410     2.3184   1.293E+03    47     0    793
3d2(3F)6f_4Io[9/2]          10.0     506698.0340     2.3175   1.294E+03    47     0    794
3d2(3F)7p_4Do[1/2]           2.0     506741.9450     2.3161   1.294E+03    47     0    795
3d2(3F)6f_4Ho[7/2]           8.0     506743.1160     2.3161   1.294E+03    47     0    796
3d2(3F)7p_4Do[3/2]           4.0     506796.2790     2.3145   1.295E+03    47     0    797
3d2(3F)6f_4Po[1/2]           2.0     506978.4590     2.3090   1.298E+03    47     0    798
3d2(3F)6f_4Io[11/2]         12.0     507053.7280     2.3068   1.300E+03    47     0    799
3d2(3F)6f_4Ho[9/2]          10.0     507163.7890     2.3035   1.301E+03    47     0    800
3d2(3F)7p_4Fo[7/2]           8.0     507176.2470     2.3031   1.302E+03    47     0    801
3d2(3F)7p_4Fbo[5/2]          6.0     507215.6590     2.3019   1.302E+03    47     0    802
3d2(1D)6d_2Se[1/2]           2.0     507292.7170     2.2996   1.304E+03    44     0    803
3d2(3F)7p_4Go[9/2]          10.0     507317.0250     2.2989   1.304E+03    47     0    804
3d2(3F)7p_4Do[5/2]           6.0     507468.8660     2.2943   1.307E+03    47     0    805
3d2(3F)7p_2Go[7/2]           8.0     507502.6980     2.2933   1.307E+03    45     0    806
3d2(3F)7p_2Do[3/2]           4.0     507588.8100     2.2907   1.309E+03    45     0    807
3d2(3F)6f_4Io[13/2]         14.0     507621.7700     2.2898   1.309E+03    47     0    808
3d2(3F)6f_4Ho[11/2]         12.0     507705.2830     2.2873   1.311E+03    47     0    809
3d2(1D)6d_2Fe[5/2]           6.0     507725.2960     2.2867   1.311E+03    44     0    810
3d2(1D)6d_2Fe[7/2]           8.0     507845.9490     2.2830   1.313E+03    44     0    811
3d2(3F)6f_2Do[5/2]           6.0     507856.5480     2.2827   1.313E+03    45     0    812
3d2(1D)6d_2Pe[3/2]           4.0     507907.2710     2.2812   1.314E+03    48     0    813
3d2(3F)6f_2Do[3/2]           4.0     507925.4910     2.2807   1.315E+03    45     0    814
3d2(1D)6d_2Ge[9/2]          10.0     507983.9210     2.2789   1.316E+03    44     0    815
3d2(3F)7p_4Fo[9/2]          10.0     508082.7160     2.2759   1.317E+03    47     0    816
3d2(1D)6d_2Ge[7/2]           8.0     508130.3230     2.2745   1.318E+03    44     0    817
3d2(3F)7p_4Do[7/2]           8.0     508190.4160     2.2727   1.319E+03    47     0    818
3d2(3F)7p_4Go[11/2]         12.0     508194.1470     2.2726   1.319E+03    47     0    819
3d2(3F)6f_4Ho[13/2]         14.0     508309.8280     2.2691   1.321E+03    47     0    820
3d2(3F)7p_4Dbo[7/2]          8.0     508438.1760     2.2653   1.323E+03    47     0    821
3d2(1D)6d_2De[3/2]           4.0     508447.5140     2.2650   1.324E+03    48     0    822
3d2(3F)6f_4Io[15/2]         16.0     508447.9750     2.2650   1.324E+03    47     0    823
3d2(3F)6f_2Fo[5/2]           6.0     508526.6310     2.2626   1.325E+03    45     0    824
3d2(3F)7p_2Go[9/2]          10.0     508562.6940     2.2616   1.326E+03    45     0    825
3d2(1D)6d_2Pe[1/2]           2.0     508587.2340     2.2608   1.326E+03    48     0    826
3d2(3F)6f_4Do[1/2]           2.0     508623.5850     2.2597   1.327E+03    47     0    827
3d2(1D)6d_2De[5/2]           6.0     508732.9470     2.2564   1.329E+03    48     0    828
3d2(3F)7p_2Do[5/2]           6.0     508767.8910     2.2554   1.329E+03    45     0    829
3d2(3F)6f_4Do[3/2]           4.0     508809.1320     2.2542   1.330E+03    47     0    830
3d2(3F)6h_4Io[9/2]          10.0     508907.1470     2.2512   1.332E+03    47     0    831
3d2(3F)6h_2Io[11/2]         12.0     508907.7000     2.2512   1.332E+03    49     0    832
3d2(3F)6h_4Ko[11/2]         12.0     508912.1560     2.2511   1.332E+03    47     0    833
3d2(3F)6h_2Ko[13/2]         14.0     508912.9800     2.2511   1.332E+03    49     0    834
3d2(3F)6h_4Ho[7/2]           8.0     508937.8730     2.2503   1.332E+03    47     0    835
3d2(3F)6h_4Go[9/2]          10.0     508938.1240     2.2503   1.332E+03    47     0    836
3d2(3F)6f_4Go[5/2]           6.0     508945.5450     2.2501   1.332E+03    47     0    837
3d2(3F)6h_4Lo[13/2]         14.0     508957.7340     2.2497   1.333E+03    47     0    838
3d2(3F)6h_2Lo[15/2]         16.0     508958.6080     2.2497   1.333E+03    49     0    839
3d2(3F)6h_2Do[5/2]           6.0     508974.3150     2.2492   1.333E+03    49     0    840
3d2(3F)6h_4Do[7/2]           8.0     508974.7660     2.2492   1.333E+03    47     0    841
3d2(3F)6f_2Ho[9/2]          10.0     508979.3220     2.2491   1.333E+03    49     0    842
3d2(3F)6f_4Do[5/2]           6.0     509139.5700     2.2443   1.336E+03    47     0    843
3d2(3F)6f_4Do[7/2]           8.0     509158.1510     2.2437   1.336E+03    47     0    844
3d2(3F)6f_2Io[11/2]         12.0     509162.6680     2.2436   1.336E+03    49     0    845
3d2(3F)6g_4Ie[9/2]          10.0     509217.0170     2.2419   1.337E+03    46     0    846
3d2(3F)6g_4Ge[9/2]          10.0     509222.3600     2.2418   1.337E+03    46     0    847
3d2(3F)6g_4He[7/2]           8.0     509223.6910     2.2417   1.337E+03    46     0    848
3d2(3F)6g_2Ie[11/2]         12.0     509237.2480     2.2413   1.338E+03    48     0    849
3d2(3F)6f_4Go[7/2]           8.0     509262.7050     2.2406   1.338E+03    47     0    850
3d2(3F)6g_4Fe[7/2]           8.0     509294.1390     2.2396   1.339E+03    46     0    851
3d2(3F)6g_4Ke[11/2]         12.0     509296.3650     2.2396   1.339E+03    46     0    852
3d2(3F)6g_4Ge[5/2]           6.0     509297.0880     2.2395   1.339E+03    46     0    853
3d2(3F)6g_2Ke[13/2]         14.0     509318.4180     2.2389   1.339E+03    48     0    854
3d2(3F)6g_2Pe[3/2]           4.0     509347.7940     2.2380   1.340E+03    48     0    855
3d2(3F)6g_4Pe[5/2]           6.0     509353.1420     2.2379   1.340E+03    46     0    856
3d2(3P)6d_4Fe[3/2]           4.0     509421.2420     2.2358   1.341E+03    46     0    857
3d2(3P)6d_4Fe[5/2]           6.0     509521.9510     2.2328   1.343E+03    46     0    858
3d2(3F)6f_2Fbo[7/2]          8.0     509636.6240     2.2294   1.345E+03    49     0    859
3d2(3F)6f_4Go[9/2]          10.0     509665.2950     2.2285   1.345E+03    47     0    860
3d2(3F)6h_4Kbo[11/2]        12.0     509679.7040     2.2281   1.346E+03    47     0    861
3d2(3F)6h_4Ho[13/2]         14.0     509680.3430     2.2280   1.346E+03    47     0    862
3d2(3F)6h_4Ibo[9/2]         10.0     509687.3770     2.2278   1.346E+03    47     0    863
3d2(3F)6h_4Go[11/2]         12.0     509687.7530     2.2278   1.346E+03    47     0    864
3d2(3F)6h_4Ko[13/2]         14.0     509693.2210     2.2277   1.346E+03    47     0    865
3d2(3F)6h_4Ko[15/2]         16.0     509693.7420     2.2276   1.346E+03    47     0    866
3d2(3F)6h_4Hbo[7/2]          8.0     509707.0650     2.2272   1.346E+03    47     0    867
3d2(3F)6h_4Fo[9/2]          10.0     509707.4090     2.2272   1.346E+03    47     0    868
3d2(3F)6h_4Go[5/2]           6.0     509729.4450     2.2266   1.346E+03    47     0    869
3d2(3F)6h_4Dbo[7/2]          8.0     509729.9940     2.2266   1.346E+03    47     0    870
3d2(3F)6h_4Lo[15/2]         16.0     509731.3500     2.2265   1.346E+03    47     0    871
3d2(3F)6h_4Lo[17/2]         18.0     509731.7390     2.2265   1.346E+03    47     0    872
3d2(3F)6h_4Fo[3/2]           4.0     509749.3620     2.2260   1.347E+03    47     0    873
3d2(3F)6h_4Do[5/2]           6.0     509749.9620     2.2260   1.347E+03    47     0    874
3d2(3P)6d_4Fe[7/2]           8.0     509762.6160     2.2256   1.347E+03    46     0    875
3d2(3P)6d_4De[3/2]           4.0     509918.6030     2.2209   1.350E+03    46     0    876
3d2(3P)6d_4De[1/2]           2.0     509919.7030     2.2209   1.350E+03    46     0    877
3d2(3F)6g_4Ibe[9/2]         10.0     509989.2100     2.2188   1.351E+03    46     0    878
3d2(3F)6g_4Ie[11/2]         12.0     509993.8800     2.2186   1.351E+03    46     0    879
3d2(3F)6f_4Go[11/2]         12.0     510000.5990     2.2184   1.351E+03    47     0    880
3d2(3F)6g_4Ie[13/2]         14.0     510016.5010     2.2180   1.352E+03    46     0    881
3d2(3F)6g_4Fe[9/2]          10.0     510017.1730     2.2179   1.352E+03    46     0    882
3d2(3F)6g_2Ibe[11/2]        12.0     510019.4090     2.2179   1.352E+03    48     0    883
3d2(3P)6d_4De[5/2]           6.0     510022.9120     2.2178   1.352E+03    46     0    884
3d2(3F)6g_4Hbe[7/2]          8.0     510023.3490     2.2178   1.352E+03    46     0    885
3d2(3F)6g_4De[7/2]           8.0     510062.4170     2.2166   1.352E+03    46     0    886
3d2(3F)6g_4Gbe[5/2]          6.0     510068.5320     2.2164   1.353E+03    46     0    887
3d2(3F)6g_4Ke[15/2]         16.0     510078.4880     2.2161   1.353E+03    46     0    888
3d2(3F)6g_4Ke[13/2]         14.0     510088.2970     2.2158   1.353E+03    46     0    889
3d2(3F)6g_4Fe[3/2]           4.0     510098.2710     2.2155   1.353E+03    46     0    890
3d2(3F)6g_4Pbe[5/2]          6.0     510108.5580     2.2152   1.353E+03    46     0    891
3d2(3F)6g_4De[1/2]           2.0     510127.0200     2.2147   1.354E+03    46     0    892
3d2(3F)6g_4Pe[3/2]           4.0     510133.9430     2.2144   1.354E+03    46     0    893
3d2(3P)6d_2Pe[1/2]           2.0     510281.4430     2.2100   1.357E+03    48     0    894
3d2(3F)6f_2Io[13/2]         14.0     510314.1280     2.2090   1.357E+03    49     0    895
3d2(3P)6d_4Fe[9/2]          10.0     510335.9730     2.2084   1.358E+03    46     0    896
3d2(3P)6d_2Pe[3/2]           4.0     510366.0040     2.2075   1.358E+03    48     0    897
3d2(3P)6d_4De[7/2]           8.0     510427.6430     2.2056   1.359E+03    46     0    898
3d2(3F)6f_4Gbo[11/2]        12.0     510443.2090     2.2052   1.359E+03    47     0    899
3d2(3F)6f_2Fbo[5/2]          6.0     510457.2900     2.2048   1.360E+03    49     0    900
3d2(3F)6h_2Ho[11/2]         12.0     510643.9190     2.1992   1.363E+03    49     0    901
3d2(3F)6h_4Io[13/2]         14.0     510644.1180     2.1992   1.363E+03    47     0    902
3d2(3F)6h_2Io[13/2]         14.0     510644.6660     2.1991   1.363E+03    49     0    903
3d2(3F)6h_4Io[15/2]         16.0     510644.8590     2.1991   1.363E+03    47     0    904
3d2(3F)6h_2Go[9/2]          10.0     510660.1240     2.1987   1.364E+03    49     0    905
3d2(3F)6h_4Gbo[11/2]        12.0     510660.4250     2.1987   1.364E+03    47     0    906
3d2(3F)6h_2Ko[15/2]         16.0     510668.5930     2.1984   1.364E+03    49     0    907
3d2(3F)6h_4Ko[17/2]         18.0     510668.6030     2.1984   1.364E+03    47     0    908
3d2(3F)6h_4Go[7/2]           8.0     510682.6140     2.1980   1.364E+03    47     0    909
3d2(3F)6h_4Gbo[9/2]         10.0     510682.8710     2.1980   1.364E+03    47     0    910
3d2(3F)6h_4Fo[5/2]           6.0     510703.4330     2.1974   1.364E+03    47     0    911
3d2(3F)6h_4Fo[7/2]           8.0     510703.7650     2.1974   1.364E+03    47     0    912
3d2(3F)6h_2Lo[17/2]         18.0     510708.5190     2.1972   1.364E+03    49     0    913
3d2(3F)6h_4Lo[19/2]         20.0     510708.5590     2.1972   1.364E+03    47     0    914
3d2(3F)6h_4Fbo[3/2]          4.0     510718.8570     2.1969   1.365E+03    47     0    915
3d2(3F)6h_4Dbo[5/2]          6.0     510719.3110     2.1969   1.365E+03    47     0    916
3d2(3F)6h_4Do[1/2]           2.0     510728.3470     2.1966   1.365E+03    47     0    917
3d2(3F)6h_2Do[3/2]           4.0     510728.7920     2.1966   1.365E+03    49     0    918
3d2(3P)6d_4Pe[5/2]           6.0     510733.4360     2.1965   1.365E+03    46     0    919
3d2(3P)6d_4Pe[1/2]           2.0     510883.3850     2.1920   1.368E+03    46     0    920
3d2(3F)6g_4He[13/2]         14.0     510944.6970     2.1901   1.369E+03    46     0    921
3d2(3F)6g_2He[11/2]         12.0     510946.6960     2.1901   1.369E+03    48     0    922
3d2(3F)6g_2Ge[9/2]          10.0     510959.8260     2.1897   1.369E+03    48     0    923
3d2(3F)6g_4Ge[11/2]         12.0     510961.4290     2.1896   1.369E+03    46     0    924
3d2(3F)6g_4Ie[15/2]         16.0     510981.5780     2.1890   1.370E+03    46     0    925
3d2(3F)6g_4Fbe[9/2]         10.0     511008.4920     2.1882   1.370E+03    46     0    926
3d2(3F)6g_2Fe[7/2]           8.0     511014.3000     2.1881   1.370E+03    48     0    927
3d2(3F)6g_2Ie[13/2]         14.0     511014.6830     2.1880   1.370E+03    48     0    928
3d2(3P)6d_2Fe[5/2]           6.0     511029.4070     2.1876   1.370E+03    48     0    929
3d2(3P)6d_4Pe[3/2]           4.0     511032.8080     2.1875   1.370E+03    46     0    930
3d2(3F)6g_4Ke[17/2]         18.0     511049.0310     2.1870   1.371E+03    46     0    931
3d2(3F)6f_4Fo[3/2]           4.0     511051.1510     2.1870   1.371E+03    47     0    932
3d2(3F)6g_4Dbe[7/2]          8.0     511058.2310     2.1867   1.371E+03    46     0    933
3d2(3F)6g_4Fe[5/2]           6.0     511062.0430     2.1866   1.371E+03    46     0    934
3d2(3F)6f_2Gbo[9/2]         10.0     511069.2440     2.1864   1.371E+03    49     0    935
3d2(3F)6g_2Ke[15/2]         16.0     511082.6560     2.1860   1.371E+03    48     0    936
3d2(3F)6g_4De[3/2]           4.0     511088.9700     2.1858   1.372E+03    46     0    937
3d2(3F)6g_4De[5/2]           6.0     511091.7890     2.1857   1.372E+03    46     0    938
3d2(3F)6g_2Pe[1/2]           2.0     511096.8780     2.1856   1.372E+03    48     0    939
3d2(3F)6g_4Pe[1/2]           2.0     511103.6870     2.1854   1.372E+03    46     0    940
3d2(3F)6g_4Pbe[3/2]          4.0     511104.4240     2.1854   1.372E+03    46     0    941
3d2(3F)6f_2Gbo[7/2]          8.0     511308.0320     2.1793   1.376E+03    49     0    942
3d2(3P)6d_2Fe[7/2]           8.0     511343.1710     2.1782   1.376E+03    48     0    943
3d2(3F)6f_4Fo[5/2]           6.0     511473.6170     2.1743   1.379E+03    47     0    944
3d2(3F)6f_4So[3/2]           4.0     511630.5390     2.1696   1.382E+03    47     0    945
3d2(3F)6f_4Fo[7/2]           8.0     512083.4440     2.1560   1.391E+03    47     0    946
3d2(3P)6d_2De[5/2]           6.0     512343.7290     2.1482   1.396E+03    48     0    947
3d2(3P)6d_2De[3/2]           4.0     512439.9920     2.1453   1.397E+03    48     0    948
3d2(3F)6f_4Fo[9/2]          10.0     512851.9880     2.1330   1.406E+03    47     0    949
3d2(1D)7s_2De[5/2]           6.0     515804.2300     2.0445   1.466E+03    48     0    950
3d2(1D)7s_2De[3/2]           4.0     515822.6100     2.0439   1.467E+03    48     0    951
3d2(1G)6d_2Ge[7/2]           8.0     517173.4440     2.0034   1.496E+03    48     0    952
3d2(1G)6d_2Ge[9/2]          10.0     517234.0510     2.0016   1.498E+03    48     0    953
3d2(1G)6d_2He[9/2]          10.0     517447.1310     1.9952   1.503E+03    48     0    954
3d2(3P)7s_4Pe[1/2]           2.0     517467.0470     1.9946   1.503E+03    46     0    955
3d2(1G)6d_2Ie[11/2]         12.0     517548.7780     1.9922   1.505E+03    48     0    956
3d2(1G)6d_2He[11/2]         12.0     517563.1400     1.9917   1.505E+03    48     0    957
3d2(1G)6d_2Ie[13/2]         14.0     517593.0690     1.9908   1.506E+03    48     0    958
3d2(3P)7s_4Pe[3/2]           4.0     517732.7390     1.9866   1.509E+03    46     0    959
3d2(3F)6f_2Pbo[3/2]          4.0     517733.1530     1.9866   1.509E+03    49     0    960
3d2(1D)6f_2Po[1/2]           2.0     517742.6140     1.9863   1.509E+03    49     0    961
3d2(3P)7s_2Pe[1/2]           2.0     517907.4860     1.9814   1.513E+03    48     0    962
3d2(1G)6d_2Fe[5/2]           6.0     518171.9130     1.9735   1.519E+03    48     0    963
3d2(1G)6d_2Fe[7/2]           8.0     518283.5690     1.9701   1.522E+03    48     0    964
3d2(3P)7s_4Pe[5/2]           6.0     518388.4770     1.9670   1.524E+03    46     0    965
3d2(1S)6s_2Se[1/2]           2.0     518470.3920     1.9645   1.526E+03    48     0    966
3d2(3P)7s_2Pe[3/2]           4.0     518623.0520     1.9600   1.530E+03    48     0    967
3d2(3F)7d_4He[7/2]           8.0     518800.7020     1.9546   1.534E+03    46     0    968
3d2(3F)7d_4Ge[5/2]           6.0     518822.6220     1.9540   1.534E+03    46     0    969
3d2(3F)7d_4De[1/2]           2.0     519000.5180     1.9486   1.538E+03    46     0    970
3d2(3F)7d_4De[3/2]           4.0     519158.6970     1.9439   1.542E+03    46     0    971
3d2(3F)7d_4He[9/2]          10.0     519175.4510     1.9434   1.543E+03    46     0    972
3d2(3F)7d_4Ge[7/2]           8.0     519208.9430     1.9424   1.543E+03    46     0    973
3d2(3F)7d_4De[5/2]           6.0     519342.3360     1.9384   1.547E+03    46     0    974
3d2(1G)6d_2De[3/2]           4.0     519394.6990     1.9368   1.548E+03    48     0    975
3d2(1G)6d_2De[5/2]           6.0     519518.0090     1.9331   1.551E+03    48     0    976
3d2(3F)7d_4He[11/2]         12.0     519752.9290     1.9261   1.556E+03    46     0    977
3d2(3F)7d_4Ge[9/2]          10.0     519769.6020     1.9256   1.557E+03    46     0    978
3d2(3F)7d_4Pe[1/2]           2.0     519840.5450     1.9235   1.559E+03    46     0    979
3d2(3F)7d_2Fe[5/2]           6.0     519932.9210     1.9207   1.561E+03    48     0    980
3d2(3F)7d_4De[7/2]           8.0     519950.4940     1.9202   1.561E+03    46     0    981
3d2(3F)7d_4Fe[3/2]           4.0     520148.6230     1.9142   1.566E+03    46     0    982
3d2(3F)7d_2Pe[1/2]           2.0     520400.2570     1.9067   1.572E+03    48     0    983
3d2(3F)7d_4Pe[3/2]           4.0     520420.3960     1.9061   1.573E+03    46     0    984
3d2(3F)7d_2Ge[7/2]           8.0     520436.7090     1.9056   1.573E+03    48     0    985
3d2(3F)7d_4Ge[11/2]         12.0     520470.5540     1.9046   1.574E+03    46     0    986
3d2(3F)7d_4He[13/2]         14.0     520562.6190     1.9018   1.576E+03    46     0    987
3d2(3F)7d_4Fe[5/2]           6.0     520636.6390     1.8996   1.578E+03    46     0    988
3d2(3F)7d_2He[9/2]          10.0     520938.5000     1.8905   1.586E+03    48     0    989
3d2(3F)7d_2Gbe[7/2]          8.0     520991.7940     1.8889   1.587E+03    48     0    990
3d2(3F)7d_2De[3/2]           4.0     521059.7390     1.8869   1.589E+03    48     0    991
3d2(3F)7d_4Fe[7/2]           8.0     521245.1840     1.8813   1.594E+03    46     0    992
3d2(3F)7d_4Pe[5/2]           6.0     521435.6790     1.8756   1.598E+03    46     0    993
3d2(3F)7d_4Fe[9/2]          10.0     521455.9610     1.8750   1.599E+03    46     0    994
3d2(3F)7d_2Dbe[3/2]          4.0     521644.6060     1.8694   1.604E+03    48     0    995
3d2(3F)7d_2Ge[9/2]          10.0     521722.9010     1.8670   1.606E+03    48     0    996
3d2(3P)6f_2Go[7/2]           8.0     521723.6810     1.8670   1.606E+03    49     0    997
3d2(1D)7p_2Fo[5/2]           6.0     521976.3250     1.8594   1.612E+03    49     0    998
3d2(3F)7d_2He[11/2]         12.0     522002.1440     1.8586   1.613E+03    48     0    999
3d2(1D)7p_2Po[3/2]           4.0     522009.9140     1.8584   1.613E+03    49     0   1000
