 Level / Temperature (10^4 K)       0.50       1.00       2.00       5.00      10.00
 3s2_3p_2Po                    0.000E+00  0.000E+00  0.000E+00  0.000E+00  0.000E+00
 3s_3p2_4Pe                    3.455E-12  2.265E-12  1.445E-12  7.747E-13  5.095E-13
 3s_3p2_2De                    0.000E+00  0.000E+00  0.000E+00  0.000E+00  0.000E+00
 3s2_4s_2Se                    0.000E+00  0.000E+00  0.000E+00  0.000E+00  0.000E+00
 3s_3p2_2Se                    0.000E+00  0.000E+00  0.000E+00  0.000E+00  0.000E+00
 3s2_3d_2De                    0.000E+00  0.000E+00  0.000E+00  0.000E+00  0.000E+00
 3s2_4p_2Po                    0.000E+00  0.000E+00  0.000E+00  0.000E+00  0.000E+00
 3s_3p2_2Pe                    0.000E+00  0.000E+00  0.000E+00  0.000E+00  0.000E+00
 3s2_5s_2Se                    0.000E+00  0.000E+00  0.000E+00  0.000E+00  0.000E+00
 3s2_4d_2De                    0.000E+00  0.000E+00  0.000E+00  0.000E+00  0.000E+00
 3s2_4f_2Fo                    0.000E+00  0.000E+00  0.000E+00  0.000E+00  0.000E+00
 3s2_5p_2Po                    0.000E+00  0.000E+00  0.000E+00  0.000E+00  0.000E+00
 3s_3p(3Po)3d_2Do              0.000E+00  0.000E+00  0.000E+00  0.000E+00  0.000E+00
 3s2_6s_2Se                    0.000E+00  0.000E+00  0.000E+00  0.000E+00  0.000E+00
 3s2_5d_2De                    0.000E+00  0.000E+00  0.000E+00  0.000E+00  0.000E+00
 3s2_5f_2Fo                    0.000E+00  0.000E+00  0.000E+00  0.000E+00  0.000E+00
 3s2_6p_2Po                    0.000E+00  0.000E+00  0.000E+00  0.000E+00  0.000E+00
 3s2_5g_2Ge                    0.000E+00  0.000E+00  0.000E+00  0.000E+00  0.000E+00
 3s_3p(3Po)3d_4Fo              8.688E-11  7.837E-11  6.434E-11  4.071E-11  2.395E-11
 3s_3p(3Po)4s_4Po              2.002E-12  5.065E-12  1.266E-11  1.634E-11  1.135E-11
 3s2_7s_2Se                    0.000E+00  0.000E+00  0.000E+00  0.000E+00  0.000E+00
 3s2_6d_2De                    0.000E+00  0.000E+00  0.000E+00  0.000E+00  0.000E+00
 3s2_7p_2Po                    0.000E+00  0.000E+00  0.000E+00  0.000E+00  0.000E+00
 3s2_6f_2Fo                    0.000E+00  0.000E+00  0.000E+00  0.000E+00  0.000E+00
 3s2_6g_2Ge                    0.000E+00  0.000E+00  0.000E+00  0.000E+00  0.000E+00
 3s2_6h_2Ho                    0.000E+00  0.000E+00  0.000E+00  0.000E+00  0.000E+00
 3s_3p(3Po)4s_2Po              0.000E+00  0.000E+00  0.000E+00  0.000E+00  0.000E+00
 3s2_8s_2Se                    0.000E+00  0.000E+00  0.000E+00  0.000E+00  0.000E+00
 3s2_7d_2De                    0.000E+00  0.000E+00  0.000E+00  0.000E+00  0.000E+00
 3s2_7f_2Fo                    0.000E+00  0.000E+00  0.000E+00  0.000E+00  0.000E+00
 3s2_7h_2Ho                    0.000E+00  0.000E+00  0.000E+00  0.000E+00  0.000E+00
 3s2_7g_2Ge                    0.000E+00  0.000E+00  0.000E+00  0.000E+00  0.000E+00
 3s2_7i_2Ie                    0.000E+00  0.000E+00  0.000E+00  0.000E+00  0.000E+00
 3p3_4So                       8.742E-14  8.976E-13  3.887E-12  7.737E-12  6.320E-12
 3s2_8p_2Po                    0.000E+00  0.000E+00  0.000E+00  0.000E+00  0.000E+00
 3s2_9s_2Se                    0.000E+00  0.000E+00  0.000E+00  0.000E+00  0.000E+00
 3s_3p(3Po)3d_4Do              3.740E-11  3.540E-11  2.920E-11  2.821E-11  2.369E-11
 3s2_8d_2De                    0.000E+00  0.000E+00  0.000E+00  0.000E+00  0.000E+00
 3s_3p(3Po)3d_4Po              1.648E-12  3.470E-12  8.602E-12  1.322E-11  1.167E-11
 3s2_8f_2Fo                    0.000E+00  0.000E+00  0.000E+00  0.000E+00  0.000E+00
 3s2_8h_2Ho                    0.000E+00  0.000E+00  0.000E+00  0.000E+00  0.000E+00
 3s2_8i_2Ie                    0.000E+00  0.000E+00  0.000E+00  0.000E+00  0.000E+00
 3s2_8g_2Ge                    0.000E+00  0.000E+00  0.000E+00  0.000E+00  0.000E+00
 3s2_8z_2Z                     0.000E+00  0.000E+00  0.000E+00  0.000E+00  0.000E+00
 3s2_9p_2Po                    0.000E+00  0.000E+00  0.000E+00  0.000E+00  0.000E+00
 3s2_10s_2Se                   0.000E+00  0.000E+00  0.000E+00  0.000E+00  0.000E+00
 3s2_9d_2De                    0.000E+00  0.000E+00  0.000E+00  0.000E+00  0.000E+00
 3s_3p(3Po)3d_2Po              0.000E+00  0.000E+00  0.000E+00  0.000E+00  0.000E+00
 3s2_9f_2Fo                    0.000E+00  0.000E+00  0.000E+00  0.000E+00  0.000E+00
 3s2_9h_2Ho                    0.000E+00  0.000E+00  0.000E+00  0.000E+00  0.000E+00
 3s2_9i_2Ie                    0.000E+00  0.000E+00  0.000E+00  0.000E+00  0.000E+00
 3s2_9g_2Ge                    0.000E+00  0.000E+00  0.000E+00  0.000E+00  0.000E+00
 3s2_9z_2Z                     0.000E+00  0.000E+00  0.000E+00  0.000E+00  0.000E+00
 3s2_10p_2Po                   0.000E+00  0.000E+00  0.000E+00  0.000E+00  0.000E+00
 3s2_11s_2Se                   0.000E+00  0.000E+00  0.000E+00  0.000E+00  0.000E+00
 3s2_10d_2De                   0.000E+00  0.000E+00  0.000E+00  0.000E+00  0.000E+00
 3s2_10f_2Fo                   0.000E+00  0.000E+00  0.000E+00  0.000E+00  0.000E+00
 3s2_10h_2Ho                   0.000E+00  0.000E+00  0.000E+00  0.000E+00  0.000E+00
 3s2_10g_2Ge                   0.000E+00  0.000E+00  0.000E+00  0.000E+00  0.000E+00
 3s2_10i_2Ie                   0.000E+00  0.000E+00  0.000E+00  0.000E+00  0.000E+00
 3s2_10z_2Z                    0.000E+00  0.000E+00  0.000E+00  0.000E+00  0.000E+00
 3s2_11p_2Po                   0.000E+00  0.000E+00  0.000E+00  0.000E+00  0.000E+00
 3s2_11d_2De                   0.000E+00  0.000E+00  0.000E+00  0.000E+00  0.000E+00
 3s2_11f_2Fo                   0.000E+00  0.000E+00  0.000E+00  0.000E+00  0.000E+00
 3s2_11h_2Ho                   0.000E+00  0.000E+00  0.000E+00  0.000E+00  0.000E+00
 3s2_11g_2Ge                   0.000E+00  0.000E+00  0.000E+00  0.000E+00  0.000E+00
 3s2_11i_2Ie                   0.000E+00  0.000E+00  0.000E+00  0.000E+00  0.000E+00
 3s2_11z_2Z                    0.000E+00  0.000E+00  0.000E+00  0.000E+00  0.000E+00
 3s2_12w_2W                    0.000E+00  0.000E+00  0.000E+00  0.000E+00  0.000E+00
 3s2_13w_2W                    0.000E+00  0.000E+00  0.000E+00  0.000E+00  0.000E+00
 3s2_14w_2W                    0.000E+00  0.000E+00  0.000E+00  0.000E+00  0.000E+00
 3s2_15w_2W                    0.000E+00  0.000E+00  0.000E+00  0.000E+00  0.000E+00
 3s2_16w_2W                    0.000E+00  0.000E+00  0.000E+00  0.000E+00  0.000E+00
 3s2_17w_2W                    0.000E+00  0.000E+00  0.000E+00  0.000E+00  0.000E+00
 3s2_18w_2W                    0.000E+00  0.000E+00  0.000E+00  0.000E+00  0.000E+00
 3s2_19w_2W                    0.000E+00  0.000E+00  0.000E+00  0.000E+00  0.000E+00
 3s2_20w_2W                    0.000E+00  0.000E+00  0.000E+00  0.000E+00  0.000E+00
 3s2_21w_2W                    0.000E+00  0.000E+00  0.000E+00  0.000E+00  0.000E+00
 3s2_22w_2W                    0.000E+00  0.000E+00  0.000E+00  0.000E+00  0.000E+00
 3s2_23w_2W                    0.000E+00  0.000E+00  0.000E+00  0.000E+00  0.000E+00
 3s2_24w_2W                    0.000E+00  0.000E+00  0.000E+00  0.000E+00  0.000E+00
 3s2_25w_2W                    0.000E+00  0.000E+00  0.000E+00  0.000E+00  0.000E+00
 3s2_26w_2W                    0.000E+00  0.000E+00  0.000E+00  0.000E+00  0.000E+00
 3s2_27w_2W                    0.000E+00  0.000E+00  0.000E+00  0.000E+00  0.000E+00
 3s2_28w_2W                    0.000E+00  0.000E+00  0.000E+00  0.000E+00  0.000E+00
 3s2_29w_2W                    0.000E+00  0.000E+00  0.000E+00  0.000E+00  0.000E+00
 3s2_30w_2W                    0.000E+00  0.000E+00  0.000E+00  0.000E+00  0.000E+00
 3s_3p(3Po)3d_2Fo              0.000E+00  0.000E+00  0.000E+00  0.000E+00  0.000E+00
 3s_3p(3Po)4p_4De              4.214E-12  2.765E-12  2.069E-12  6.750E-12  1.144E-11
 3s_3p(3Po)4p_2Pe              2.239E-14  1.660E-14  1.291E-14  1.091E-14  1.237E-14
 3s_3p(3Po)4p_4Pe              0.000E+00  0.000E+00  0.000E+00  0.000E+00  0.000E+00
 3s_3p(3Po)4p_4Se              0.000E+00  0.000E+00  0.000E+00  0.000E+00  0.000E+00
 3p3_2Do                       0.000E+00  0.000E+00  0.000E+00  0.000E+00  0.000E+00
 Total Recom. Rate/ion=        1.357E-10  1.283E-10  1.222E-10  1.137E-10  8.894E-11
  
 These give the total recombination rate / ground state ion
  
 Recom. Rate/g.s. ion=         9.855E-38  3.456E-24  2.006E-17  2.198E-13  3.910E-12
