******************************************************************************************


******************************************************************************************

24-Nov-1999                            !Date
346                                    !Number of energy levels
6                                      !Entry number of link to super level
  
3s2_3p4_3Pe[2]               5.0          0.0000     9.8497   3.044E+02     1     0      1
3s2_3p4_3Pe[1]               3.0       1112.1750     9.8163   3.054E+02     1     0      2
3s2_3p4_3Pe[0]               1.0       1570.2290     9.8026   3.058E+02     1     0      3
3s2_3p4_1De[2]               5.0      14010.0040     9.4297   3.179E+02     2     0      4
3s2_3p4_1Se[0]               1.0      33265.7240     8.8524   3.387E+02     3     0      5
3s_3p5_3Po[2]                5.0     113800.4590     6.4380   4.657E+02     4     0      6
3s_3p5_3Po[1]                3.0     114797.3530     6.4081   4.678E+02     4     0      7
3s_3p5_3Po[0]                1.0     115328.0020     6.3922   4.690E+02     4     0      8
3s_3p5_1Po[1]                3.0     144022.3230     5.5320   5.419E+02     5     0      9
3s2_3p3(4So)3d_5Do[1]        3.0     144885.4680     5.5061   5.445E+02     5     0     10
3s2_3p3(4So)3d_5Do[2]        5.0     144890.6810     5.5060   5.445E+02     5     0     11
3s2_3p3(4So)3d_5Do[3]        7.0     144897.5190     5.5058   5.445E+02     5     0     12
3s2_3p3(4So)3d_5Do[4]        9.0     144911.2710     5.5054   5.445E+02     5     0     13
3s2_3p3(4So)3d_3Do[3]        7.0     156915.5180     5.1455   5.826E+02     6     0     14
3s2_3p3(4So)3d_3Do[2]        5.0     156922.5580     5.1453   5.827E+02     6     0     15
3s2_3p3(4So)3d_3Do[1]        3.0     157029.8110     5.1420   5.830E+02     6     0     16
3s2_3p3(2Do)3d_1So[0]        1.0     161849.9230     4.9975   5.999E+02     6     0     17
3s2_3p3(2Do)3d_3Fo[2]        5.0     162757.2930     4.9703   6.032E+02     7     0     18
3s2_3p3(2Do)3d_3Fo[3]        7.0     163076.1570     4.9608   6.043E+02     7     0     19
3s2_3p3(2Do)3d_3Fo[4]        9.0     163477.0100     4.9488   6.058E+02     7     0     20
3s2_3p3(2Do)3d_3Go[3]        7.0     172100.1180     4.6902   6.392E+02     8     0     21
3s2_3p3(2Do)3d_3Go[4]        9.0     172136.5690     4.6892   6.393E+02     8     0     22
3s2_3p3(2Do)3d_3Go[5]       11.0     172191.4870     4.6875   6.396E+02     8     0     23
3s2_3p3(4So)4s_5So[2]        5.0     174378.4980     4.6219   6.486E+02     8     0     24
3s2_3p3(2Do)3d_1Go[4]        9.0     175665.5830     4.5834   6.541E+02     8     0     25
3s2_3p3(2Po)3d_1Do[2]        5.0     179529.5110     4.4675   6.710E+02     9     0     26
3s2_3p3(4So)4s_3So[1]        3.0     180678.3160     4.4331   6.763E+02     9     0     27
3s2_3p3(2Po)3d_3Fo[4]        9.0     186402.8750     4.2615   7.035E+02    10     0     28
3s2_3p3(2Po)3d_3Fo[3]        7.0     186658.1910     4.2538   7.048E+02    10     0     29
3s2_3p3(2Po)3d_3Fo[2]        5.0     186904.0410     4.2464   7.060E+02    10     0     30
3s2_3p3(2Do)3d_3Do[1]        3.0     187172.0180     4.2384   7.073E+02    10     0     31
3s2_3p3(2Po)3d_3Po[0]        1.0     187800.0000     4.2196   7.105E+02    10     0     32
3s2_3p3(2Do)3d_3Do[2]        5.0     187823.9500     4.2189   7.106E+02    10     0     33
3s2_3p3(2Po)3d_3Po[1]        3.0     188517.8510     4.1981   7.141E+02    10     0     34
3s2_3p3(2Do)3d_3Do[3]        7.0     188714.8740     4.1922   7.151E+02    10     0     35
3s2_3p3(2Po)3d_3Po[2]        5.0     189380.8400     4.1722   7.186E+02    10     0     36
3s2_3p3(2Do)4s_3Do[1]        3.0     196590.6360     3.9560   7.578E+02    11     0     37
3s2_3p3(2Do)4s_3Do[2]        5.0     196615.2150     3.9553   7.580E+02    11     0     38
3s2_3p3(2Do)4s_3Do[3]        7.0     196680.8470     3.9533   7.583E+02    11     0     39
3s2_3p3(2Do)3d_1Fo           7.0     199667.3770     3.8638   7.759E+02    11     0     40
3s2_3p3(2Do)4s_1Do[2]        5.0     199763.4110     3.8609   7.765E+02    11     0     41
3s2_3p3(2Po)3d_1Fo[3]        7.0     200317.9320     3.8443   7.798E+02    11     0     42
3s2_3p3(2Do)3d_1Do           5.0     201822.2730     3.7992   7.891E+02    12     0     43
3s2_3p3(4So)4p_5Pe[1]        3.0     204569.9510     3.7168   8.066E+02    12     0     44
3s2_3p3(4So)4p_5Pe[2]        5.0     204655.7880     3.7143   8.071E+02    12     0     45
3s2_3p3(2Do)3d_3So[1]        3.0     204728.3240     3.7121   8.076E+02    12     0     46
3s2_3p3(4So)4p_5Pe[3]        7.0     204803.3420     3.7098   8.081E+02    12     0     47
3s2_3p3(2Po)4s_3Po[2]        5.0     207233.0040     3.6370   8.243E+02    13     0     48
3s2_3p3(2Po)4s_3Po[1]        3.0     207532.3280     3.6280   8.263E+02    13     0     49
3s2_3p3(2Po)4s_3Po[0]        1.0     207674.1940     3.6238   8.273E+02    13     0     50
3s2_3p3(4So)4p_3Pe[1]        3.0     209126.1520     3.5802   8.374E+02    13     0     51
3s2_3p3(4So)4p_3Pe[2]        5.0     209150.8830     3.5795   8.375E+02    13     0     52
3s2_3p3(4So)4p_3Pe[0]        1.0     209165.6080     3.5791   8.376E+02    13     0     53
3s2_3p3(2Po)3d_3Do[3]        7.0     210213.0870     3.5477   8.450E+02    13     0     54
3s2_3p3(2Po)3d_3Do[2]        5.0     211005.8310     3.5239   8.507E+02    13     0     55
3s2_3p3(2Po)4s_1Po[1]        3.0     211063.7660     3.5221   8.512E+02    13     0     56
3s2_3p3(2Po)3d_3Do[1]        3.0     211565.0450     3.5071   8.548E+02    13     0     57
3s2_3p3(2Do)3d_3Po[2]        5.0     213951.7760     3.4356   8.726E+02    14     0     58
3s2_3p3(2Do)3d_3Po[1]        3.0     214347.6090     3.4237   8.756E+02    14     0     59
3s2_3p3(2Do)3d_3Po[0]        1.0     214569.7340     3.4170   8.773E+02    14     0     60
3s2_3p3(2Do)3d_1Po[1]        3.0     219908.4740     3.2570   9.205E+02    15     0     61
3s2_3p3(2Do)4p_1Pe[1]        3.0     223663.1530     3.1444   9.534E+02    15     0     62
3s2_3p3(2Do)4p_3De[2]        5.0     225149.2100     3.0999   9.671E+02    16     0     63
3s2_3p3(2Do)4p_3De[1]        3.0     225156.5910     3.0997   9.672E+02    16     0     64
3s2_3p3(2Do)4p_3De[3]        7.0     225404.1130     3.0922   9.695E+02    16     0     65
3s2_3p3(2Do)4p_3Fe[2]        5.0     226357.0120     3.0637   9.785E+02    16     0     66
3s2_3p3(2Do)4p_3Fe[3]        7.0     226504.1630     3.0593   9.800E+02    16     0     67
3s2_3p3(2Do)4p_3Fe[4]        9.0     226646.6780     3.0550   9.813E+02    16     0     68
3s2_3p3(2Do)4p_1Fe[3]        7.0     227244.1680     3.0371   9.871E+02    16     0     69
3s2_3p3(2Do)4p_3Pe[2]        5.0     231342.1650     2.9142   1.029E+03    17     0     70
3s2_3p3(2Do)4p_3Pe[1]        3.0     231627.3670     2.9057   1.032E+03    17     0     71
3s2_3p3(2Do)4p_3Pe[0]        1.0     231754.8350     2.9018   1.033E+03    17     0     72
3s2_3p3(2Do)4p_1De[2]        5.0     236064.6270     2.7726   1.081E+03    17     0     73
3s2_3p3(2Po)4p_3Se[1]        3.0     239194.0480     2.6788   1.119E+03    18     0     74
3s2_3p3(2Po)3d_1Po           3.0     239762.5570     2.6618   1.126E+03    18     0     75
3s2_3p3(2Po)4p_3De[1]        3.0     240152.0130     2.6501   1.131E+03    18     0     76
3s2_3p3(2Po)4p_3De[2]        5.0     240258.4620     2.6469   1.133E+03    18     0     77
3s2_3p3(2Po)4p_3De[3]        7.0     240292.3760     2.6459   1.133E+03    18     0     78
3s2_3p3(2Po)4p_1Pe[1]        3.0     241807.1850     2.6005   1.153E+03    18     0     79
3s2_3p3(2Po)4p_3Pe[0]        1.0     242924.5790     2.5670   1.168E+03    18     0     80
3s2_3p3(2Po)4p_3Pe[1]        3.0     243147.0640     2.5603   1.171E+03    18     0     81
3s2_3p3(2Po)4p_3Pe[2]        5.0     243425.7990     2.5520   1.175E+03    18     0     82
3s2_3p3(2Po)4p_1De[2]        5.0     244358.0780     2.5240   1.188E+03    19     0     83
3s_3p4(4Pe)3d_5De           25.0     244598.0330     2.5168   1.191E+03    19     0     84
3s2_3p3(4So)4d_5Do[1]        3.0     246033.8790     2.4738   1.212E+03    19     0     85
3s2_3p3(4So)4d_5Do[2]        5.0     246036.2750     2.4737   1.212E+03    19     0     86
3s2_3p3(4So)4d_5Do[3]        7.0     246039.9140     2.4736   1.212E+03    19     0     87
3s2_3p3(4So)4d_5Do[4]        9.0     246045.6240     2.4734   1.212E+03    19     0     88
3s_3p4(2Se)4s_1Se            1.0     248269.6400     2.4067   1.246E+03    19     0     89
3s2_3p3(4So)5s_5So[2]        5.0     250719.5770     2.3333   1.285E+03    20     0     90
3s2_3p3(4So)4d_3Do[2]        5.0     252254.7940     2.2873   1.311E+03    20     0     91
3s2_3p3(4So)4d_3Do[1]        3.0     252274.1720     2.2867   1.311E+03    20     0     92
3s2_3p3(4So)4d_3Do[3]        7.0     252289.8880     2.2862   1.311E+03    20     0     93
3s2_3p3(4So)5s_3So[1]        3.0     252576.2460     2.2776   1.316E+03    20     0     94
3s2_3p3(2Po)4p_1Se[0]        1.0     255107.8310     2.2017   1.362E+03    20     0     95
3s_3p4(4Pe)3d_5Fe           35.0     261434.2450     2.0121   1.490E+03    21     0     96
3s2_3p3(4So)5p_5Pe          15.0     261675.6090     2.0048   1.495E+03    21     0     97
3s2_3p3(4So)5p_3Pe           9.0     264387.8940     1.9235   1.559E+03    21     0     98
3s2_3p3(4So)4f_3Fe          21.0     264769.3730     1.9121   1.568E+03    21     0     99
3s2_3p3(2Do)4d_1So           1.0     265908.6960     1.8779   1.596E+03    21     0    100
3s2_3p3(2Do)4d_3Fo[2]        5.0     266723.9190     1.8535   1.617E+03    22     0    101
3s2_3p3(2Do)4d_3Fo[3]        7.0     266878.7530     1.8489   1.622E+03    22     0    102
3s2_3p3(2Do)4d_3Fo[4]        9.0     267072.0850     1.8431   1.627E+03    22     0    103
3s2_3p3(2Do)4d_3Go[3]        7.0     267782.8040     1.8218   1.646E+03    22     0    104
3s2_3p3(2Do)4d_3Go[4]        9.0     267833.7010     1.8202   1.647E+03    22     0    105
3s2_3p3(2Do)4d_3Go[5]       11.0     267896.3810     1.8183   1.649E+03    22     0    106
3s2_3p3(2Do)4d_1Go           9.0     268055.4110     1.8136   1.653E+03    22     0    107
3s2_3p3(4So)4f_5Fe          35.0     268108.5930     1.8120   1.654E+03    22     0    108
3s2_3p3(2Do)4d_3Do[1]        3.0     268979.6610     1.7859   1.679E+03    22     0    109
3s2_3p3(2Do)4d_3Do[3]        7.0     269002.1370     1.7852   1.679E+03    22     0    110
3s2_3p3(2Do)4d_3Do[2]        5.0     269013.9270     1.7848   1.680E+03    22     0    111
3s_3p4(4Pe)4s_5Pe           15.0     269148.7110     1.7808   1.683E+03    22     0    112
3s2_3p3(2Do)4d_1Po           3.0     271221.7880     1.7187   1.744E+03    22     0    113
3s2_3p3(2Do)4d_3Po[2]        5.0     271509.1170     1.7100   1.753E+03    22     0    114
3s2_3p3(2Do)4d_3Po[1]        3.0     271672.7130     1.7051   1.758E+03    22     0    115
3s2_3p3(2Do)4d_3Po[0]        1.0     271697.8270     1.7044   1.759E+03    22     0    116
3s2_3p3(2Do)4d_3So[1]        3.0     272069.2870     1.6932   1.771E+03    23     0    117
3s2_3p3(2Do)4d_1Do           5.0     272115.6560     1.6919   1.772E+03    23     0    118
3s2_3p3(2Do)5s_3Do[1]        3.0     272129.6710     1.6914   1.772E+03    23     0    119
3s2_3p3(2Do)5s_3Do[2]        5.0     272190.1290     1.6896   1.774E+03    23     0    120
3s2_3p3(2Do)5s_3Do[3]        7.0     272252.5770     1.6878   1.776E+03    23     0    121
3s_3p4(4Pe)4s_3Pe            9.0     273396.1160     1.6535   1.813E+03    23     0    122
3s2_3p3(2Do)5s_1Do           5.0     274579.4170     1.6180   1.853E+03    23     0    123
3s2_3p3(2Do)4d_1Fo           7.0     275768.8540     1.5823   1.895E+03    23     0    124
3s2_3p3(4So)5d_5Do          25.0     278798.1860     1.4915   2.010E+03    24     0    125
3s_3p4(4Pe)3d_3Fe           21.0     280116.4870     1.4520   2.065E+03    24     0    126
3s2_3p3(4So)6s_5So           5.0     280923.4230     1.4278   2.100E+03    24     0    127
3s2_3p3(4So)5d_3Do          15.0     280933.6500     1.4275   2.100E+03    24     0    128
3s2_3p3(2Po)4d_3Fo[2]        5.0     281463.0710     1.4116   2.124E+03    24     0    129
3s2_3p3(2Po)4d_3Fo[3]        7.0     281474.7010     1.4113   2.124E+03    24     0    130
3s2_3p3(2Po)4d_3Fo[4]        9.0     281485.0000     1.4110   2.125E+03    24     0    131
3s2_3p3(2Po)4d_3Po[0]        1.0     281949.5890     1.3970   2.146E+03    24     0    132
3s2_3p3(2Po)4d_3Po[1]        3.0     282001.9920     1.3955   2.148E+03    24     0    133
3s2_3p3(4So)6s_3So           3.0     282026.9510     1.3947   2.149E+03    24     0    134
3s2_3p3(2Po)4d_3Po[2]        5.0     282100.7970     1.3925   2.153E+03    24     0    135
3s2_3p3(2Do)5p_3De          15.0     282861.5000     1.3697   2.189E+03    24     0    136
3s2_3p3(2Po)4d_1Do           5.0     283071.1600     1.3634   2.199E+03    24     0    137
3s2_3p3(2Do)5p_1Pe           3.0     283366.7290     1.3546   2.213E+03    24     0    138
3s2_3p3(2Do)5p_3Fe          21.0     283907.7540     1.3383   2.240E+03    25     0    139
3s2_3p3(2Po)4d_3Do[3]        7.0     283921.1440     1.3379   2.241E+03    25     0    140
3s2_3p3(2Po)4d_3Do[2]        5.0     284097.5970     1.3326   2.250E+03    25     0    141
3s2_3p3(2Po)4d_3Do[1]        3.0     284118.5100     1.3320   2.251E+03    25     0    142
3s2_3p3(2Do)5p_1Fe           7.0     284204.3470     1.3294   2.255E+03    25     0    143
3s_3p4(2De)4s_3De           15.0     284489.6890     1.3209   2.270E+03    25     0    144
3s2_3p3(2Do)5p_3Pe           9.0     284617.5300     1.3171   2.276E+03    25     0    145
3s2_3p3(2Do)4f_3Ge          27.0     284650.2580     1.3161   2.278E+03    25     0    146
3s2_3p3(2Po)4d_1Fo           7.0     285797.7630     1.2817   2.339E+03    25     0    147
3s2_3p3(2Po)5s_3Po[0]        1.0     285831.2000     1.2807   2.341E+03    25     0    148
3s2_3p3(2Po)5s_3Po[1]        3.0     285882.9370     1.2791   2.344E+03    25     0    149
3s2_3p3(2Po)5s_3Po[2]        5.0     286009.8650     1.2753   2.351E+03    25     0    150
3s2_3p3(2Do)4f_1Pe           3.0     286020.7180     1.2750   2.351E+03    25     0    151
3s2_3p3(2Do)4f_3He          33.0     286098.4460     1.2727   2.356E+03    25     0    152
3s2_3p3(2Do)4f_1He          11.0     286110.7190     1.2723   2.356E+03    25     0    153
3s2_3p3(2Do)4f_3De          15.0     286141.4010     1.2714   2.358E+03    25     0    154
3s2_3p3(2Do)4f_3Fe          21.0     286403.2200     1.2635   2.373E+03    25     0    155
3s2_3p3(4So)6p_5Pe          15.0     286416.5160     1.2631   2.373E+03    25     0    156
3s2_3p3(2Do)4f_1De           5.0     286420.6070     1.2630   2.374E+03    25     0    157
3s2_3p3(2Do)4f_1Fe           7.0     286520.8340     1.2600   2.379E+03    25     0    158
3s2_3p3(2Do)4f_1Ge           9.0     286747.8810     1.2532   2.392E+03    25     0    159
3s2_3p3(2Do)4f_3Pe           9.0     286873.6770     1.2494   2.399E+03    25     0    160
3s2_3p3(4So)5f_5Fe          35.0     287595.7260     1.2278   2.442E+03    25     0    161
3s2_3p3(2Po)5s_1Po           3.0     287681.6350     1.2252   2.447E+03    25     0    162
3s2_3p3(2Do)5p_1De           5.0     287786.9760     1.2220   2.453E+03    25     0    163
3s2_3p3(4So)5f_3Fe          21.0     287878.0000     1.2193   2.459E+03    25     0    164
3s2_3p3(4So)5g_5Go          45.0     288144.9330     1.2113   2.475E+03    25     0    165
3s2_3p3(4So)5g_3Go          27.0     288157.2050     1.2109   2.476E+03    25     0    166
3s2_3p3(4So)6p_3Pe           9.0     288286.0700     1.2071   2.484E+03    25     0    167
3s2_3p3(2Po)4d_1Po           3.0     291586.4250     1.1081   2.705E+03    26     0    168
3s_3p4(4Pe)3d_5Pe           15.0     294140.1870     1.0316   2.906E+03    26     0    169
3s_3p4(2De)3d_3Ge           27.0     294219.9600     1.0292   2.913E+03    26     0    170
3s2_3p3(4So)6d_5Do          25.0     295304.0560     0.9967   3.008E+03    26     0    171
3s2_3p3(4So)7s_5So           5.0     296457.6970     0.9621   3.116E+03    26     0    172
3s2_3p3(4So)6d_3Do          15.0     296489.4020     0.9612   3.119E+03    26     0    173
3s2_3p3(4So)7s_3So           3.0     296993.6090     0.9460   3.169E+03    27     0    174
3s2_3p3(2Po)5p_3Se           3.0     297385.3150     0.9343   3.209E+03    27     0    175
3s2_3p3(2Po)5p_3De          15.0     297787.2480     0.9222   3.251E+03    27     0    176
3s2_3p3(2Po)5p_1Pe           3.0     297958.0450     0.9171   3.269E+03    27     0    177
3s2_3p3(2Po)5p_3Pe           9.0     298057.2500     0.9141   3.279E+03    27     0    178
3s2_3p3(2Po)4f_1Ge           9.0     298378.3870     0.9045   3.314E+03    27     0    179
3s2_3p3(2Po)5p_1De           5.0     299421.5740     0.8732   3.433E+03    27     0    180
3s2_3p3(2Po)4f_3Fe          21.0     299820.4390     0.8613   3.481E+03    27     0    181
3s2_3p3(4So)7p_5Pe          15.0     299853.1670     0.8603   3.485E+03    27     0    182
3s2_3p3(2Po)4f_1Fe           7.0     299923.7350     0.8582   3.493E+03    27     0    183
3s2_3p3(4So)6f_5Fe          35.0     300009.6450     0.8556   3.504E+03    27     0    184
3s2_3p3(2Po)4f_3De          15.0     300064.8720     0.8540   3.511E+03    27     0    185
3s2_3p3(2Do)5d_1So           1.0     300088.3950     0.8533   3.514E+03    27     0    186
3s2_3p3(4So)7p_3Pe           9.0     300207.0320     0.8497   3.528E+03    27     0    187
3s2_3p3(4So)6f_3Fe          21.0     300302.1460     0.8468   3.540E+03    27     0    188
3s2_3p3(4So)6g_5Go          45.0     300485.2150     0.8414   3.563E+03    27     0    189
3s2_3p3(4So)6g_3Go          27.0     300497.4880     0.8410   3.565E+03    27     0    190
3s2_3p3(2Do)5d_3Fo          21.0     300499.5330     0.8409   3.565E+03    27     0    191
3s2_3p3(4So)6h_3He          33.0     300506.6920     0.8407   3.566E+03    27     0    192
3s2_3p3(2Po)4f_1De           5.0     300627.3750     0.8371   3.581E+03    27     0    193
3s2_3p3(2Do)5d_3Go          27.0     300863.6260     0.8300   3.612E+03    27     0    194
3s2_3p3(2Po)4f_3Ge          27.0     300868.7400     0.8299   3.613E+03    27     0    195
3s2_3p3(2Do)5d_1Go           9.0     301033.3990     0.8249   3.634E+03    27     0    196
3s2_3p3(2Do)5d_3Do          15.0     301065.1040     0.8240   3.638E+03    27     0    197
3s2_3p3(2Do)5d_1Po           3.0     302010.1080     0.7956   3.768E+03    28     0    198
3s_3p4(2De)3d_1Ge            9.0     302167.6090     0.7909   3.790E+03    28     0    199
3s2_3p3(2Do)5d_3So           3.0     302186.0180     0.7904   3.793E+03    28     0    200
3s2_3p3(2Do)5d_3Po           9.0     302277.0410     0.7876   3.806E+03    28     0    201
3s2_3p3(2Do)5d_1Do           5.0     302625.7930     0.7772   3.857E+03    28     0    202
3s2_3p3(2Do)6s_3Do          15.0     302765.9070     0.7730   3.878E+03    28     0    203
3s2_3p3(2Po)5p_1Se           1.0     303253.7500     0.7584   3.953E+03    28     0    204
3s2_3p3(2Do)6s_1Do           5.0     303882.7300     0.7395   4.054E+03    28     0    205
3s2_3p3(2Do)5d_1Fo           7.0     303942.0490     0.7377   4.064E+03    28     0    206
3s2_3p3(4So)7d_5Do          25.0     304731.5980     0.7141   4.198E+03    28     0    207
3s_3p4(4Pe)3d_3Pe            9.0     304826.7120     0.7112   4.215E+03    28     0    208
3s2_3p3(4So)8s_5So           5.0     305449.5560     0.6925   4.329E+03    28     0    209
3s2_3p3(4So)7d_3Do          15.0     305631.6020     0.6871   4.363E+03    28     0    210
3s_3p4(2De)3d_3Fe           21.0     305826.9440     0.6812   4.401E+03    28     0    211
3s2_3p3(4So)8s_3So           3.0     305828.9890     0.6812   4.401E+03    28     0    212
3s2_3p3(2Do)5f_1Fe           7.0     307114.5630     0.6426   4.665E+03    29     0    213
3s_3p4(2De)4s_1De            5.0     307170.8130     0.6409   4.677E+03    29     0    214
3s2_3p3(4So)8p_5Pe          15.0     307499.1100     0.6311   4.750E+03    29     0    215
3s2_3p3(4So)7f_5Fe          35.0     307575.8150     0.6288   4.768E+03    29     0    216
3s2_3p3(4So)7f_3Fe          21.0     307639.2240     0.6269   4.782E+03    29     0    217
3s2_3p3(4So)8p_3Pe           9.0     307646.3840     0.6267   4.784E+03    29     0    218
3s2_3p3(4So)7g_5Go          45.0     307929.6800     0.6182   4.850E+03    29     0    219
3s2_3p3(4So)7g_3Go          27.0     307938.8850     0.6179   4.852E+03    29     0    220
3s2_3p3(4So)7h_3He          33.0     307946.0440     0.6177   4.853E+03    29     0    221
3s2_3p3(2Do)6p_3De          15.0     308158.7720     0.6113   4.904E+03    29     0    222
3s2_3p3(2Do)6p_1Pe           3.0     308353.0910     0.6055   4.951E+03    29     0    223
3s2_3p3(2Do)6p_3Fe          21.0     308447.1830     0.6027   4.974E+03    29     0    224
3s2_3p3(2Do)5f_3De          15.0     308458.4330     0.6023   4.977E+03    29     0    225
3s2_3p3(2Do)5f_1Pe           3.0     308520.8190     0.6005   4.993E+03    29     0    226
3s2_3p3(2Do)6p_1Fe           7.0     308747.8660     0.5937   5.050E+03    29     0    227
3s2_3p3(2Do)5f_3He          33.0     308980.0260     0.5867   5.110E+03    29     0    228
3s2_3p3(2Do)5f_1He          11.0     308985.1400     0.5865   5.111E+03    29     0    229
3s2_3p3(2Do)5f_1De           5.0     309426.9600     0.5733   5.229E+03    29     0    230
3s2_3p3(2Do)5f_3Pe           9.0     309433.0960     0.5731   5.231E+03    29     0    231
3s2_3p3(2Do)5f_3Ge          27.0     309476.0510     0.5718   5.243E+03    29     0    232
3s2_3p3(2Do)5f_1Ge           9.0     309721.5070     0.5645   5.311E+03    29     0    233
3s2_3p3(2Do)5g_3Ho          33.0     309770.5980     0.5630   5.325E+03    29     0    234
3s2_3p3(2Do)5g_3Fo          21.0     309775.7110     0.5628   5.326E+03    29     0    235
3s2_3p3(2Do)5g_1Fo           7.0     309781.8480     0.5627   5.328E+03    29     0    236
3s2_3p3(2Do)5g_1Ho          11.0     309785.9390     0.5625   5.329E+03    29     0    237
3s2_3p3(2Do)5g_3Go          27.0     309785.9390     0.5625   5.329E+03    29     0    238
3s2_3p3(2Do)5g_1Do           5.0     309794.1200     0.5623   5.332E+03    29     0    239
3s2_3p3(2Do)5g_3Do          15.0     309798.2110     0.5622   5.333E+03    29     0    240
3s2_3p3(2Do)5g_1Go           9.0     309799.2340     0.5621   5.333E+03    29     0    241
3s2_3p3(2Do)6p_3Pe           9.0     310137.7580     0.5520   5.431E+03    29     0    242
3s2_3p3(2Do)5f_3Fe          21.0     310388.3280     0.5445   5.506E+03    29     0    243
3s2_3p3(2Do)6p_1De           5.0     310573.4420     0.5389   5.563E+03    29     0    244
3s2_3p3(4So)8d_5Do          25.0     310639.9200     0.5369   5.583E+03    29     0    245
3s2_3p3(4So)9s_5So           5.0     311125.7170     0.5224   5.739E+03    29     0    246
3s2_3p3(4So)8d_3Do          15.0     311132.8760     0.5222   5.741E+03    29     0    247
3s2_3p3(4So)9s_3So           3.0     311353.7870     0.5155   5.815E+03    29     0    248
3s_3p4(2De)3d_1Fe            7.0     311397.7640     0.5142   5.830E+03    29     0    249
3s2_3p3(4So)9p_5Pe          15.0     312477.7690     0.4818   6.222E+03    30     0    250
3s2_3p3(4So)8f_5Fe          35.0     312500.2690     0.4812   6.231E+03    30     0    251
3s2_3p3(4So)8f_3Fe          21.0     312508.4510     0.4809   6.234E+03    30     0    252
3s_3p4(4Pe)3d_3De           15.0     312601.5190     0.4781   6.270E+03    30     0    253
3s2_3p3(4So)8g_5Go          45.0     312762.0880     0.4733   6.334E+03    30     0    254
3s2_3p3(4So)8g_3Go          27.0     312770.2700     0.4731   6.337E+03    30     0    255
3s2_3p3(4So)8h_3He          33.0     312775.3840     0.4729   6.339E+03    30     0    256
3s2_3p3(4So)9p_3Pe           9.0     312838.7930     0.4710   6.365E+03    30     0    257
3s2_3p3(4So)9d_5Do          25.0     314588.6870     0.4185   7.163E+03    30     0    258
3s2_3p3(2Po)5d_3Fo          21.0     314631.6420     0.4173   7.185E+03    30     0    259
3s2_3p3(4So)9d_3Do          15.0     314747.2110     0.4138   7.245E+03    30     0    260
3s2_3p3(2Po)5d_1Do           5.0     314807.5520     0.4120   7.277E+03    30     0    261
3s2_3p3(2Po)5d_3Po           9.0     314923.1210     0.4085   7.338E+03    30     0    262
3s2_3p3(4So)10s_5So          5.0     314938.4620     0.4081   7.347E+03    30     0    263
3s2_3p3(4So)10s_3So          3.0     315085.7350     0.4036   7.427E+03    30     0    264
3s2_3p3(2Po)5d_3Do          15.0     315438.5780     0.3931   7.627E+03    30     0    265
3s2_3p3(4So)9f_3Fe          21.0     315841.5340     0.3810   7.869E+03    30     0    266
3s2_3p3(4So)10p_5Pe         15.0     315878.3520     0.3799   7.892E+03    30     0    267
3s2_3p3(4So)9f_5Fe          35.0     315879.3750     0.3799   7.892E+03    30     0    268
3s2_3p3(4So)10p_3Pe          9.0     316055.2850     0.3746   8.003E+03    30     0    269
3s2_3p3(4So)9g_5Go          45.0     316075.7400     0.3740   8.017E+03    30     0    270
3s2_3p3(4So)9g_3Go          27.0     316081.8760     0.3738   8.020E+03    30     0    271
3s2_3p3(4So)9h_3He          33.0     316085.9670     0.3737   8.023E+03    30     0    272
3s2_3p3(2Po)5d_1Fo           7.0     316283.3540     0.3677   8.152E+03    30     0    273
3s2_3p3(2Do)6d_1So           1.0     316755.8560     0.3536   8.479E+03    30     0    274
3s2_3p3(2Po)6s_3Po           9.0     316816.1970     0.3518   8.522E+03    30     0    275
3s2_3p3(2Po)6s_1Po           3.0     316947.1070     0.3478   8.619E+03    30     0    276
3s2_3p3(2Do)6d_3Do          15.0     317123.0170     0.3426   8.751E+03    30     0    277
3s2_3p3(2Do)6d_3Fo          21.0     317133.2440     0.3423   8.759E+03    30     0    278
3s2_3p3(2Do)6d_3Go          27.0     317198.6990     0.3403   8.810E+03    30     0    279
3s2_3p3(2Do)6d_1Go           9.0     317286.6540     0.3377   8.878E+03    30     0    280
3s2_3p3(4So)10d_5Do         25.0     317357.2230     0.3356   8.934E+03    30     0    281
3s2_3p3(2Do)6d_3So           3.0     317534.1550     0.3302   9.078E+03    31     0    282
3s2_3p3(4So)11s_5So          5.0     317623.1330     0.3276   9.152E+03    31     0    283
3s2_3p3(4So)10d_3Do         15.0     317738.7020     0.3241   9.250E+03    31     0    284
3s2_3p3(2Do)6d_1Po           3.0     317787.7930     0.3226   9.292E+03    31     0    285
3s2_3p3(4So)11s_3So          3.0     317859.3840     0.3205   9.354E+03    31     0    286
3s2_3p3(2Do)6d_3Po           9.0     317953.4750     0.3177   9.437E+03    31     0    287
3s2_3p3(4So)10f_3Fe         21.0     318228.5900     0.3094   9.689E+03    31     0    288
3s2_3p3(2Do)7s_3Do          15.0     318229.6130     0.3094   9.690E+03    31     0    289
3s2_3p3(2Do)7s_1Do           5.0     318253.1360     0.3087   9.712E+03    31     0    290
3s2_3p3(4So)10f_5Fe         35.0     318296.0900     0.3074   9.752E+03    31     0    291
3s2_3p3(4So)11p_5Pe         15.0     318304.2720     0.3072   9.760E+03    31     0    292
3s2_3p3(4So)11p_3Pe          9.0     318397.3410     0.3044   9.850E+03    31     0    293
3s2_3p3(4So)10g_5Go         45.0     318446.4320     0.3029   9.897E+03    31     0    294
3s2_3p3(4So)10g_3Go         27.0     318450.5230     0.3028   9.902E+03    31     0    295
3s2_3p3(4So)10h_3He         33.0     318453.5910     0.3027   9.905E+03    31     0    296
3s2_3p3(2Do)6d_1Fo           7.0     318759.3880     0.2935   1.021E+04    31     0    297
3s2_3p3(2Do)6d_1Do           5.0     318828.9340     0.2914   1.029E+04    31     0    298
3s2_3p3(2Po)5d_1Po           3.0     318862.6840     0.2904   1.032E+04    31     0    299
3s_3p4(2Pe)4s_1Pe            3.0     319693.1420     0.2655   1.129E+04    31     0    300
3s2_3p3(2Do)7p_3De          15.0     320842.6930     0.2311   1.297E+04    31     0    301
3s2_3p3(2Do)7p_1Pe           3.0     321077.9210     0.2240   1.338E+04    31     0    302
3s2_3p3(2Do)7p_1Fe           7.0     321433.8320     0.2133   1.405E+04    31     0    303
3s2_3p3(2Do)6f_1He          11.0     321554.5140     0.2097   1.429E+04    31     0    304
3s2_3p3(2Do)6f_1De           5.0     321559.6280     0.2096   1.431E+04    31     0    305
3s_3p4(4Pe)4p_5Po           15.0     321565.7640     0.2094   1.432E+04    31     0    306
3s2_3p3(2Do)6f_3De          15.0     321572.9230     0.2092   1.433E+04    31     0    307
3s2_3p3(2Do)6f_3Ge          27.0     321652.6960     0.2068   1.450E+04    31     0    308
3s2_3p3(2Do)6f_1Fe           7.0     321847.0150     0.2010   1.492E+04    31     0    309
3s2_3p3(2Do)6f_1Ge           9.0     321963.6070     0.1975   1.518E+04    31     0    310
3s2_3p3(2Do)6g_3Fo          21.0     322091.4480     0.1936   1.548E+04    31     0    311
3s2_3p3(2Do)6g_3Ho          33.0     322093.4940     0.1936   1.549E+04    31     0    312
3s2_3p3(2Do)6g_1Fo           7.0     322096.5620     0.1935   1.550E+04    31     0    313
3s2_3p3(2Do)6g_1Ho          11.0     322108.8350     0.1931   1.553E+04    31     0    314
3s2_3p3(2Do)6g_1Go           9.0     322134.4030     0.1923   1.559E+04    31     0    315
3s2_3p3(2Do)6g_1Do           5.0     322135.4260     0.1923   1.559E+04    31     0    316
3s2_3p3(2Do)6h_3Ge          27.0     322142.5850     0.1921   1.561E+04    31     0    317
3s2_3p3(2Do)6h_1Ge           9.0     322142.5850     0.1921   1.561E+04    31     0    318
3s2_3p3(2Do)6h_1Fe           7.0     322143.6080     0.1921   1.561E+04    31     0    319
3s2_3p3(2Do)6h_1He          11.0     322144.6300     0.1920   1.561E+04    31     0    320
3s2_3p3(2Po)6p_3Se           3.0     322198.8350     0.1904   1.575E+04    31     0    321
3s2_3p3(2Do)7p_1De           5.0     322298.0400     0.1874   1.599E+04    31     0    322
3s2_3p3(2Po)6p_3De          15.0     322497.4730     0.1815   1.652E+04    31     0    323
3s2_3p3(2Po)6p_1Pe           3.0     322866.6790     0.1704   1.760E+04    32     0    324
3s2_3p3(2Po)5f_3De          15.0     322886.1110     0.1698   1.766E+04    32     0    325
3s2_3p3(2Po)5f_1Fe           7.0     322997.5890     0.1665   1.801E+04    32     0    326
3s2_3p3(2Po)6p_1De           5.0     323005.7710     0.1662   1.804E+04    32     0    327
3s2_3p3(2Po)5f_3Ge          27.0     323193.9530     0.1606   1.867E+04    32     0    328
3s2_3p3(2Po)5f_1Ge           9.0     323521.2270     0.1508   1.989E+04    32     0    329
3s2_3p3(2Po)5f_1De           5.0     323852.5930     0.1408   2.129E+04    32     0    330
3s2_3p3(2Po)5g_1Go           9.0     323905.7750     0.1392   2.153E+04    32     0    331
3s2_3p3(2Po)5g_3Ho          33.0     323908.8430     0.1391   2.155E+04    32     0    332
3s2_3p3(2Po)5g_1Ho          11.0     323917.0250     0.1389   2.158E+04    32     0    333
3s2_3p3(2Po)5g_3Fo          21.0     323924.1840     0.1387   2.162E+04    32     0    334
3s2_3p3(2Po)5g_1Fo           7.0     323936.4570     0.1383   2.168E+04    32     0    335
3s2_3p3(2Do)6f_1Pe           3.0     324750.5510     0.1139   2.632E+04    32     0    336
3s2_3p3(2Po)6p_1Se           1.0     325027.7110     0.1056   2.839E+04    32     0    337
3s_3p4(2De)3d_3De           15.0     325114.6440     0.1030   2.911E+04    32     0    338
3s2_3p3(2Do)7d_1So           1.0     326268.2850     0.0684   4.383E+04    32     0    339
3s2_3p3(2Do)7d_3Fo          21.0     326378.7400     0.0651   4.606E+04    32     0    340
3s2_3p3(2Do)7d_1Go           9.0     326599.6500     0.0585   5.127E+04    32     0    341
3s2_3p3(2Do)7d_1Po           3.0     326823.6290     0.0518   5.792E+04    32     0    342
3s2_3p3(2Do)7d_3Po           9.0     326881.9240     0.0500   5.995E+04    32     0    343
3s2_3p3(2Do)7d_1Do           5.0     326978.0610     0.0471   6.362E+04    32     0    344
3s2_3p3(2Do)7d_1Fo           7.0     327418.8590     0.0339   8.841E+04    32     0    345
3s2_3p3(2Do)8s_1Do           5.0     327487.3820     0.0319   9.411E+04    32     0    346
