**************************************************************************************

          Super levels assignments for NkV
          E%LS option with /\E=5.0%
          For Model construction.

**************************************************************************************

17-Oct-2001                            !Date
1000                                   !Number of energy levels
6                                      !Entry number of link to super level
  
3d6_5De[4]               9.0          0.0000    18.3923   1.630E+02     1     0      1
3d6_5De[3]               7.0        889.7000    18.3656   1.632E+02     1     0      2
3d6_5De[2]               5.0       1489.9000    18.3476   1.634E+02     1     0      3
3d6_5De[1]               3.0       1871.5000    18.3362   1.635E+02     1     0      4
3d6_5De[0]               1.0       2057.6000    18.3306   1.635E+02     1     0      5
3d6_3P2e[2]              5.0      26153.0000    17.6082   1.703E+02     2     0      6
3d6_3He[6]              13.0      27111.2000    17.5795   1.705E+02     3     0      7
3d6_3He[5]              11.0      27578.2000    17.5655   1.707E+02     3     0      8
3d6_3He[4]               9.0      27858.8000    17.5571   1.708E+02     3     0      9
3d6_3P2e[1]              3.0      28697.6000    17.5319   1.710E+02     2     0     10
3d6_3F2e[4]              9.0      29123.7000    17.5192   1.711E+02     4     0     11
3d6_3F2e[3]              7.0      29570.8000    17.5058   1.713E+02     4     0     12
3d6_3P2e[0]              1.0      29640.0000    17.5037   1.713E+02     2     0     13
3d6_3F2e[2]              5.0      29899.2000    17.4959   1.714E+02     4     0     14
3d6_3Ge[5]              11.0      33256.5000    17.3953   1.723E+02     5     0     15
3d6_3Ge[4]               9.0      34061.7000    17.3711   1.726E+02     5     0     16
3d6_3Ge[3]               7.0      34416.4000    17.3605   1.727E+02     5     0     17
3d6_1Ie[6]              13.0      41252.2000    17.1556   1.747E+02     6     0     18
3d6_3De[2]               5.0      41626.9000    17.1443   1.749E+02     7     0     19
3d6_3De[1]               3.0      41701.1000    17.1421   1.749E+02     7     0     20
3d6_3De[3]               7.0      41920.2000    17.1355   1.750E+02     7     0     21
3d6_1G2e[4]              9.0      42208.1000    17.1269   1.750E+02     6     0     22
3d6_1S2e[0]              1.0      47699.7000    16.9623   1.767E+02     8     0     23
3d6_1D2e[2]              5.0      48607.0000    16.9351   1.770E+02     8     0     24
3d6_1Fe[3]               7.0      57924.1000    16.6557   1.800E+02     9     0     25
3d6_3P1e[0]              1.0      66737.8000    16.3915   1.829E+02    10     0     26
3d6_3P1e[1]              3.0      67547.9000    16.3672   1.832E+02    10     0     27
3d6_3F1e[2]              5.0      68632.1000    16.3347   1.835E+02    10     0     28
3d6_3F1e[4]              9.0      68718.7000    16.3321   1.836E+02    10     0     29
3d6_3F1e[3]              7.0      68854.7000    16.3281   1.836E+02    10     0     30
3d6_3P1e[2]              5.0      69156.1000    16.3190   1.837E+02    10     0     31
3d6_1G1e[4]              9.0      77899.5000    16.0569   1.867E+02    11     0     32
3d6_1D1e[2]              5.0     104420.5000    15.2618   1.964E+02    12     0     33
3d6(1S)_1Se[0]           1.0     133646.1520    14.3857   2.084E+02    13     0     34
3d5(6S)4s_7Se[3]         7.0     164525.9000    13.4599   2.227E+02    14     0     35
3d5(6S)4s_5Se[2]         5.0     178019.8000    13.0554   2.296E+02    15     0     36
3d5(4G)4s_5Ge[6]        13.0     208046.4000    12.1552   2.466E+02    16     0     37
3d5(4G)4s_5Ge[5]        11.0     208131.0000    12.1527   2.467E+02    16     0     38
3d5(4G)4s_5Ge[2]         5.0     208151.5000    12.1520   2.467E+02    16     0     39
3d5(4G)4s_5Ge[4]         9.0     208163.7000    12.1517   2.467E+02    16     0     40
3d5(4G)4s_5Ge[3]         7.0     208164.6000    12.1516   2.467E+02    16     0     41
3d5(4P)4s_5Pe[3]         7.0     212095.8000    12.0338   2.491E+02    16     0     42
3d5(4P)4s_5Pe[2]         5.0     212253.4000    12.0291   2.492E+02    16     0     43
3d5(4P)4s_5Pe[1]         3.0     212455.7000    12.0230   2.493E+02    16     0     44
3d5(4D)4s_5De[4]         9.0     216189.9000    11.9111   2.517E+02    16     0     45
3d5(4D)4s_5De[0]         1.0     216305.7000    11.9076   2.518E+02    16     0     46
3d5(4D)4s_5De[1]         3.0     216434.7000    11.9037   2.518E+02    16     0     47
3d5(4D)4s_5De[2]         5.0     216590.5000    11.8990   2.519E+02    16     0     48
3d5(4D)4s_5De[3]         7.0     216596.0000    11.8989   2.520E+02    16     0     49
3d5(4G)4s_3Ge[5]        11.0     217048.7000    11.8853   2.522E+02    17     0     50
3d5(4G)4s_3Ge[3]         7.0     217101.0000    11.8837   2.523E+02    17     0     51
3d5(4G)4s_3Ge[4]         9.0     217129.1000    11.8829   2.523E+02    17     0     52
3d5(4P)4s_3Pe[2]         5.0     221087.6000    11.7642   2.548E+02    17     0     53
3d5(4P)4s_3Pe[1]         3.0     221429.0000    11.7540   2.551E+02    17     0     54
3d5(4P)4s_3Pe[0]         1.0     221580.6320    11.7494   2.552E+02    17     0     55
3d5(4D)4s_3De[3]         7.0     225200.7000    11.6409   2.575E+02    17     0     56
3d5(4D)4s_3De[1]         3.0     225545.1000    11.6306   2.578E+02    17     0     57
3d5(4D)4s_3De[2]         5.0     225616.5000    11.6285   2.578E+02    17     0     58
3d5(2I)4s_3Ie[6]        13.0     229408.8000    11.5148   2.604E+02    18     0     59
3d5(2I)4s_3Ie[5]        11.0     229413.0000    11.5146   2.604E+02    18     0     60
3d5(2I)4s_3Ie[7]        15.0     229440.6000    11.5138   2.604E+02    18     0     61
3d5(2D3)4s_3De[3]        7.0     232545.9000    11.4207   2.625E+02    18     0     62
3d5(2D3)4s_3De[2]        5.0     232655.6000    11.4174   2.626E+02    18     0     63
3d5(2D3)4s_3De[1]        3.0     232910.8000    11.4098   2.628E+02    18     0     64
3d5(2I)4s_1Ie[6]        13.0     233839.2000    11.3819   2.634E+02    19     0     65
3d5(4F)4s_5Fe[5]        11.0     234082.1000    11.3747   2.636E+02    20     0     66
3d5(4F)4s_5Fe[4]         9.0     234125.4000    11.3734   2.636E+02    20     0     67
3d5(4F)4s_5Fe[3]         7.0     234275.2000    11.3689   2.637E+02    20     0     68
3d5(4F)4s_5Fe[2]         5.0     234412.7000    11.3648   2.638E+02    20     0     69
3d5(4F)4s_5Fe[1]         3.0     235116.5000    11.3437   2.643E+02    20     0     70
3d5(2F1)4s_3Fe[4]        9.0     235420.6000    11.3345   2.645E+02    18     0     71
3d5(2F1)4s_3Fe[2]        5.0     235736.5000    11.3251   2.647E+02    18     0     72
3d5(2F1)4s_3Fe[3]        7.0     236454.1000    11.3036   2.652E+02    18     0     73
3d5(2D3)4s_1De[2]        5.0     239107.7000    11.2240   2.671E+02    19     0     74
3d5(2F1)4s_1Fe[3]        7.0     240193.8000    11.1914   2.679E+02    19     0     75
3d5(2H)4s_3He[4]         9.0     240959.6000    11.1685   2.684E+02    21     0     76
3d5(2H)4s_3He[5]        11.0     241082.2000    11.1648   2.685E+02    21     0     77
3d5(2H)4s_3He[6]        13.0     241773.6000    11.1441   2.690E+02    21     0     78
3d5(2G2)4s_3Ge[3]        7.0     242290.4000    11.1286   2.694E+02    21     0     79
3d5(2G2)4s_3Ge[4]        9.0     242504.3000    11.1222   2.695E+02    21     0     80
3d5(6S)4p_7Po[2]         5.0     242837.0000    11.1122   2.698E+02    22     0     81
3d5(2G2)4s_3Ge[5]       11.0     242862.6000    11.1114   2.698E+02    21     0     82
3d5(4F)4s_3Fe[2]         5.0     243266.2000    11.0993   2.701E+02    21     0     83
3d5(4F)4s_3Fe[4]         9.0     243331.5000    11.0974   2.701E+02    21     0     84
3d5(4F)4s_3Fe[3]         7.0     243370.5000    11.0962   2.702E+02    21     0     85
3d5(6S)4p_7Po[3]         7.0     243608.5000    11.0891   2.703E+02    22     0     86
3d5(6S)4p_7Po[4]         9.0     244900.5000    11.0503   2.713E+02    22     0     87
3d5(2H)4s_1He[5]        11.0     246240.9000    11.0102   2.723E+02    23     0     88
3d5(2G2)4s_1Ge[4]        9.0     247049.1000    10.9859   2.729E+02    23     0     89
3d5(2F2)4s_3Fe[3]        7.0     247104.9000    10.9842   2.729E+02    21     0     90
3d5(2F2)4s_3Fe[2]        5.0     247165.0000    10.9824   2.730E+02    21     0     91
3d5(2F2)4s_3Fe[4]        9.0     247281.8000    10.9789   2.731E+02    21     0     92
3d5(2F2)4s_1Fe[3]        7.0     251654.9000    10.8478   2.764E+02    23     0     93
3d5(6S)4p_5Po[3]         7.0     253862.7000    10.7817   2.781E+02    24     0     94
3d5(2S)4s_3Se[1]         3.0     253905.2000    10.7804   2.781E+02    25     0     95
3d5(6S)4p_5Po[2]         5.0     254495.6000    10.7627   2.785E+02    24     0     96
3d5(6S)4p_5Po[1]         3.0     254885.0000    10.7510   2.789E+02    24     0     97
3d5(2S)4s_1Se[0]         1.0     258885.4210    10.6311   2.820E+02    26     0     98
3d5(2D2)4s_3De[1]        3.0     263700.9000    10.4867   2.859E+02    25     0     99
3d5(2D2)4s_3De[2]        5.0     263735.7000    10.4857   2.859E+02    25     0    100
3d5(2D2)4s_3De[3]        7.0     263805.8000    10.4836   2.860E+02    25     0    101
3d5(2D2)4s_1De[2]        5.0     268273.9000    10.3496   2.897E+02    26     0    102
3d5(2G1)4s_3Ge[5]       11.0     274695.4000    10.1571   2.952E+02    27     0    103
3d5(2G1)4s_3Ge[4]        9.0     274738.6000    10.1558   2.952E+02    27     0    104
3d5(2G1)4s_3Ge[3]        7.0     274773.5000    10.1548   2.952E+02    27     0    105
3d5(2G1)4s_1Ge[4]        9.0     279199.5000    10.0221   2.991E+02    28     0    106
3d5(4G)4p_5Go[2]         5.0     284215.5000     9.8717   3.037E+02    29     0    107
3d5(4G)4p_5Go[3]         7.0     284249.0000     9.8707   3.037E+02    29     0    108
3d5(4G)4p_5Go[4]         9.0     284308.9000     9.8689   3.038E+02    29     0    109
3d5(4G)4p_5Go[5]        11.0     284402.5000     9.8661   3.039E+02    29     0    110
3d5(4G)4p_5Go[6]        13.0     284579.5000     9.8608   3.040E+02    29     0    111
3d5(4G)4p_5Ho[3]         7.0     286293.6000     9.8094   3.056E+02    29     0    112
3d5(4G)4p_5Ho[4]         9.0     286706.6000     9.7970   3.060E+02    29     0    113
3d5(4G)4p_5Ho[5]        11.0     287127.2000     9.7844   3.064E+02    29     0    114
3d5(4G)4p_5Ho[6]        13.0     287645.9000     9.7689   3.069E+02    29     0    115
3d5(4P)4p_5Do[1]         3.0     287755.5000     9.7656   3.070E+02    29     0    116
3d5(4P)4p_5Do[2]         5.0     287782.1000     9.7648   3.070E+02    29     0    117
3d5(4G)4p_5Fo[5]        11.0     287906.9000     9.7610   3.071E+02    29     0    118
3d5(4G)4po[3]            7.0     287960.0000     9.7594   3.072E+02    30     0    119
3d5(4G)4p_5Ho[7]        15.0     288021.6000     9.7576   3.072E+02    29     0    120
3d5(4G)4p_5Fo[4]         9.0     288161.6000     9.7534   3.074E+02    29     0    121
3d5(4P)4p_5So[2]         5.0     288877.9000     9.7319   3.081E+02    29     0    122
3d5(4G)4p_5Fo[1]         3.0     289163.0000     9.7234   3.083E+02    29     0    123
3d5(4G)4p_5Fo[2]         5.0     289247.1000     9.7209   3.084E+02    29     0    124
3d5(4G)4p_5Fo[3]         7.0     289298.0000     9.7193   3.084E+02    29     0    125
3d5(4P)4p_5Do[0]         1.0     290262.0000     9.6904   3.094E+02    29     0    126
3d5(4P)4p_5Do[4]         9.0     290292.5410     9.6895   3.094E+02    29     0    127
3d5(4P)4p_5Po[3]         7.0     290757.0000     9.6756   3.098E+02    29     0    128
3d5(4G)4p_3Fo[2]         5.0     291097.7000     9.6654   3.102E+02    31     0    129
3d5(4G)4p_3Fo[3]         7.0     291328.5000     9.6585   3.104E+02    31     0    130
3d5(4P)4p_5Po[2]         5.0     291390.0000     9.6566   3.105E+02    29     0    131
3d5(4P)4p_5Po[1]         3.0     291541.7000     9.6521   3.106E+02    29     0    132
3d5(4G)4p_3Fo[4]         9.0     291554.6000     9.6517   3.106E+02    31     0    133
3d5(4G)4p_3Ho[6]        13.0     291891.4000     9.6416   3.109E+02    31     0    134
3d5(4G)4p_3Ho[5]        11.0     292353.4000     9.6277   3.114E+02    31     0    135
3d5(4G)4p_3Ho[4]         9.0     292631.0000     9.6194   3.117E+02    31     0    136
3d5(4P)4p_3Po[2]         5.0     292983.0000     9.6089   3.120E+02    31     0    137
3d5(4P)4p_3Po[1]         3.0     293420.0000     9.5958   3.124E+02    31     0    138
3d5(4D)4p_5Fo[1]         3.0     293833.8000     9.5834   3.128E+02    29     0    139
3d5(4P)4p_3Po[0]         1.0     293867.0000     9.5824   3.129E+02    31     0    140
3d5(4D)4p_5Fo[2]         5.0     294086.0000     9.5758   3.131E+02    29     0    141
3d5(4D)4p_5Fo[3]         7.0     294443.3000     9.5651   3.134E+02    29     0    142
3d5(4D)4p_5Fo[4]         9.0     294939.6000     9.5502   3.139E+02    29     0    143
3d5(4D)4p_5Fo[5]        11.0     295444.3000     9.5351   3.144E+02    29     0    144
3d5(2P)4s_3Pe[2]         5.0     296278.8450     9.5101   3.152E+02    32     0    145
3d5(2P)4s_3Pe[1]         3.0     296352.2310     9.5079   3.153E+02    32     0    146
3d5(2P)4s_3Pe[0]         1.0     296400.4350     9.5064   3.154E+02    32     0    147
3d5(4D)4p_5Do[3]         7.0     296574.0000     9.5012   3.155E+02    29     0    148
3d5(4G)4p_3Go[3]         7.0     296847.1000     9.4930   3.158E+02    31     0    149
3d5(4G)4p_3Go[4]         9.0     296897.0000     9.4915   3.159E+02    31     0    150
3d5(4D)4p_5Do[4]         9.0     296919.3000     9.4909   3.159E+02    29     0    151
3d5(4G)4p_3Go[5]        11.0     296932.9000     9.4904   3.159E+02    31     0    152
3d5(4D)4p_5Do[2]         5.0     297013.9000     9.4880   3.160E+02    29     0    153
3d5(4D)4p_5Do[1]         3.0     297417.9000     9.4759   3.164E+02    29     0    154
3d5(4P)4p_3Do[3]         7.0     297418.1000     9.4759   3.164E+02    31     0    155
3d5(4P)4p_3Do[2]         5.0     297842.5000     9.4632   3.168E+02    31     0    156
3d5(4D)4p_5Po[1]         3.0     297982.8000     9.4590   3.169E+02    33     0    157
3d5(4D)4p_5Do[0]         1.0     298060.0000     9.4567   3.170E+02    29     0    158
3d5(4P)4po[1]            3.0     298600.6000     9.4404   3.176E+02    30     0    159
3d5(4D)4p_3Do[3]         7.0     298972.3000     9.4293   3.179E+02    31     0    160
3d5(4D)4p_5Po[2]         5.0     299045.6000     9.4271   3.180E+02    33     0    161
3d5(4D)4po[3]            7.0     300201.0000     9.3925   3.192E+02    30     0    162
3d5(4D)4p_3Do[2]         5.0     300224.9000     9.3918   3.192E+02    31     0    163
3d5(4D)4p_3Do[1]         3.0     300563.3000     9.3816   3.196E+02    31     0    164
3d5(2P)4s_1Pe[1]         3.0     300749.2700     9.3760   3.197E+02    34     0    165
3d5(4D)4p_3Fo[4]         9.0     300918.1000     9.3710   3.199E+02    31     0    166
3d5(4D)4p_3Fo[3]         7.0     301470.2000     9.3544   3.205E+02    31     0    167
3d5(4D)4p_3Fo[2]         5.0     301553.0000     9.3519   3.206E+02    31     0    168
3d5(4P)4p_3So[1]         3.0     303249.5000     9.3011   3.223E+02    31     0    169
3d5(4D)4p_3Po[0]         1.0     305386.9000     9.2370   3.246E+02    35     0    170
3d5(2I)4p_3Ko[6]        13.0     305590.8000     9.2309   3.248E+02    35     0    171
3d5(4D)4p_3Po[1]         3.0     305838.1000     9.2235   3.250E+02    35     0    172
3d5(2I)4p_3Ko[7]        15.0     305996.3000     9.2187   3.252E+02    35     0    173
3d5(2I)4p_3Io[5]        11.0     306049.0000     9.2171   3.253E+02    35     0    174
3d5(4D)4p_3Po[2]         5.0     306377.8000     9.2073   3.256E+02    35     0    175
3d5(2D1)4s_3De[3]        7.0     306962.9000     9.1898   3.262E+02    32     0    176
3d5(2D1)4s_3De[2]        5.0     307025.2000     9.1879   3.263E+02    32     0    177
3d5(2D1)4s_3De[1]        3.0     307105.1000     9.1855   3.264E+02    32     0    178
3d5(2I)4p_3Io[6]        13.0     307399.7000     9.1767   3.267E+02    35     0    179
3d5(2D3)4p_3Fo[2]        5.0     307731.1000     9.1667   3.270E+02    35     0    180
3d5(2I)4p_3Ko[8]        17.0     308138.8000     9.1545   3.275E+02    35     0    181
3d5(2I)4p_3Io[7]        15.0     308317.3000     9.1491   3.277E+02    35     0    182
3d5(2D3)4p_3Fo[3]        7.0     308592.0000     9.1409   3.280E+02    35     0    183
3d5(2I)4p_1Ho[5]        11.0     308804.1000     9.1346   3.282E+02    36     0    184
3d5(2D3)4po[2]           5.0     308943.0000     9.1304   3.283E+02    37     0    185
3d5(2I)4p_3Ho[6]        13.0     309264.0000     9.1208   3.287E+02    35     0    186
3d5(2I)4p_1Ko[7]        15.0     309743.6000     9.1064   3.292E+02    36     0    187
3d5(2I)4p_3Ho[5]        11.0     309919.5000     9.1011   3.294E+02    35     0    188
3d5(2I)4p_3Ho[4]         9.0     309952.5000     9.1001   3.294E+02    35     0    189
3d5(2D3)4p_3Fo[4]        9.0     310212.6000     9.0923   3.297E+02    35     0    190
3d5(2D1)4s_1De[2]        5.0     311470.3000     9.0546   3.311E+02    34     0    191
3d5(2D3)4p_3Po[2]        5.0     311966.5000     9.0397   3.316E+02    35     0    192
3d5(2F1)4p_1Go[4]        9.0     312008.3000     9.0385   3.317E+02    36     0    193
3d5(2D3)4po[1]           3.0     312291.0000     9.0300   3.320E+02    37     0    194
3d5(2F1)4p_3Go[3]        7.0     312463.3000     9.0249   3.322E+02    35     0    195
3d5(4F)4p_5Go[2]         5.0     312778.2000     9.0154   3.325E+02    38     0    196
3d5(4F)4p_5Go[3]         7.0     312889.4000     9.0121   3.327E+02    38     0    197
3d5(2F1)4po[3]           7.0     312953.6000     9.0102   3.327E+02    37     0    198
3d5(4F)4p_5Go[4]         9.0     313281.3000     9.0003   3.331E+02    38     0    199
3d5(4F)4p_5Go[5]        11.0     313464.7000     8.9948   3.333E+02    38     0    200
3d5(2D3)4p_3Po[0]        1.0     313577.3000     8.9915   3.334E+02    35     0    201
3d5(2D3)4pbo[1]          3.0     313679.0000     8.9884   3.335E+02    39     0    202
3d5(2D3)4p_3Do[2]        5.0     313686.6000     8.9882   3.335E+02    35     0    203
3d5(2F1)4pbo[3]          7.0     313919.8000     8.9812   3.338E+02    39     0    204
3d5(2F1)4po[4]           9.0     314208.8000     8.9725   3.341E+02    37     0    205
3d5(2I)4p_1Io[6]        13.0     314392.0000     8.9670   3.343E+02    36     0    206
3d5(4F)4p_5Fo[3]         7.0     314562.8000     8.9619   3.345E+02    38     0    207
3d5(4F)4p_5Fo[4]         9.0     314599.2000     8.9608   3.346E+02    38     0    208
3d5(2F1)4p_3Go[5]       11.0     314702.2000     8.9577   3.347E+02    35     0    209
3d5(4F)4p_5Go[6]        13.0     314756.4000     8.9561   3.347E+02    38     0    210
3d5(4F)4p_5Fo[2]         5.0     314834.7000     8.9538   3.348E+02    38     0    211
3d5(4F)4p_5Fo[1]         3.0     315152.8000     8.9442   3.352E+02    38     0    212
3d5(4F)4p_5Fo[5]        11.0     315168.2000     8.9438   3.352E+02    38     0    213
3d5(2F1)4p_3Do[1]        3.0     315300.7000     8.9398   3.353E+02    35     0    214
3d5(2F1)4pco[3]          7.0     315326.2000     8.9390   3.354E+02    39     0    215
3d5(2F1)4po[2]           5.0     315366.1000     8.9378   3.354E+02    37     0    216
3d5(2G2)4p_3Ho[4]        9.0     315370.1000     8.9377   3.354E+02    40     0    217
3d5(2H)4p_3Ho[5]        11.0     315990.5000     8.9191   3.361E+02    40     0    218
3d5(2D3)4po[4]           9.0     316068.8000     8.9168   3.362E+02    37     0    219
3d5(2F1)4pbo[2]          5.0     316165.4000     8.9139   3.363E+02    39     0    220
3d5(2F1)4pdo[3]          7.0     316280.3000     8.9104   3.365E+02    39     0    221
3d5(2H)4p_3Go[5]        11.0     316726.6000     8.8970   3.370E+02    35     0    222
3d5(4F)4p_5Do[4]         9.0     316744.0000     8.8965   3.370E+02    38     0    223
3d5(2H)4po[4]            9.0     316887.8000     8.8922   3.371E+02    37     0    224
3d5(4F)4p_5Do[3]         7.0     317232.0000     8.8819   3.375E+02    38     0    225
3d5(2H)4p_3Ho[6]        13.0     317327.3000     8.8790   3.376E+02    40     0    226
3d5(4F)4po[3]            7.0     317376.8000     8.8776   3.377E+02    37     0    227
3d5(4F)4p_5Do[0]         1.0     317462.3000     8.8750   3.378E+02    38     0    228
3d5(4F)4p_5Do[1]         3.0     317477.9000     8.8745   3.378E+02    38     0    229
3d5(4F)4p_5Do[2]         5.0     317517.5000     8.8733   3.379E+02    38     0    230
3d5(2D3)4p_1Po[1]        3.0     319073.4000     8.8267   3.396E+02    36     0    231
3d5(2H)4p_3Io[5]        11.0     319076.2000     8.8266   3.396E+02    40     0    232
3d5(2G2)4po[4]           9.0     319138.7000     8.8247   3.397E+02    37     0    233
3d5(4F)4p_3Go[3]         7.0     319620.2000     8.8103   3.403E+02    35     0    234
3d5(4F)4p_3Go[5]        11.0     319652.7000     8.8093   3.403E+02    35     0    235
3d5(2H)4p_3Io[6]        13.0     319860.4000     8.8031   3.406E+02    40     0    236
3d5(4F)4p_3Go[4]         9.0     319899.1000     8.8019   3.406E+02    35     0    237
3d5(2F1)4p_1Do[2]        5.0     319926.5000     8.8011   3.406E+02    36     0    238
3d5(2G2)4p_3Fo[3]        7.0     320513.8000     8.7835   3.413E+02    40     0    239
3d5(2H)4p_3Io[7]        15.0     320783.1000     8.7754   3.416E+02    40     0    240
3d5(2G2)4p_3Fo[2]        5.0     321018.3000     8.7684   3.419E+02    40     0    241
3d5(2G2)4p_3Fo[4]        9.0     321056.4000     8.7672   3.419E+02    40     0    242
3d5(2F1)4p_1Fo[3]        7.0     321081.9000     8.7665   3.420E+02    36     0    243
3d5(2H)4p_1Io[6]        13.0     322324.2000     8.7292   3.434E+02    36     0    244
3d5(4F)4p_3Do[2]         5.0     322436.4000     8.7259   3.436E+02    40     0    245
3d5(4F)4p_3Do[3]         7.0     322617.6000     8.7204   3.438E+02    40     0    246
3d5(4F)4p_3Fo[4]         9.0     322820.8000     8.7143   3.440E+02    40     0    247
3d5(4F)4p_3Do[1]         3.0     322984.5000     8.7094   3.442E+02    40     0    248
3d5(4F)4p_3Fo[3]         7.0     323532.2000     8.6930   3.449E+02    40     0    249
3d5(4F)4p_3Fo[2]         5.0     323853.1000     8.6834   3.452E+02    40     0    250
3d5(2G2)4p_3Ho[5]       11.0     323908.6000     8.6817   3.453E+02    40     0    251
3d5(2H)4p_3Ho[4]         9.0     323926.3000     8.6812   3.453E+02    40     0    252
3d5(2G2)4p_3Go[5]       11.0     324980.2000     8.6496   3.466E+02    40     0    253
3d5(2G2)4p_3Ho[6]       13.0     325148.4000     8.6446   3.468E+02    40     0    254
3d5(2G2)4p_3Go[3]        7.0     325211.9000     8.6427   3.469E+02    40     0    255
3d5(2G2)4p_3Go[4]        9.0     325222.9000     8.6423   3.469E+02    40     0    256
3d5(2F2)4po[4]           9.0     325558.6000     8.6323   3.473E+02    41     0    257
3d5(2F2)4p_3Fo[2]        5.0     325982.2000     8.6196   3.478E+02    40     0    258
3d5(2F2)4p_3Fo[3]        7.0     326029.9000     8.6181   3.479E+02    40     0    259
3d5(2G2)4p_1Ho[5]       11.0     326337.1000     8.6089   3.482E+02    42     0    260
3d5(2G2)4p_1Fo[3]        7.0     326739.0000     8.5969   3.487E+02    42     0    261
3d5(2F2)4p_3Fo[4]        9.0     326876.3000     8.5928   3.489E+02    40     0    262
3d5(2F2)4p_1Do[2]        5.0     327122.7000     8.5854   3.492E+02    42     0    263
3d5(2H)4p_1Ho[5]        11.0     327356.6000     8.5784   3.495E+02    42     0    264
3d5(2F2)4p_3Do[1]        3.0     329462.3000     8.5152   3.521E+02    40     0    265
3d5(2F2)4p_3Go[3]        7.0     329614.3000     8.5107   3.523E+02    40     0    266
3d5(2S)4p_3Po[0]         1.0     329618.5000     8.5106   3.523E+02    43     0    267
3d5(2F2)4p_3Do[2]        5.0     329776.3000     8.5058   3.525E+02    40     0    268
3d5(2F2)4p_3Do[3]        7.0     329872.9000     8.5029   3.526E+02    40     0    269
3d5(2F2)4p_3Go[4]        9.0     330297.6000     8.4902   3.531E+02    40     0    270
3d5(2S)4p_3Po[1]         3.0     330370.7000     8.4880   3.532E+02    43     0    271
3d5(2F2)4p_3Go[5]       11.0     330718.1000     8.4776   3.536E+02    40     0    272
3d5(2S)4p_3Po[2]         5.0     331678.2000     8.4488   3.548E+02    43     0    273
3d5(2H)4p_1Go[4]         9.0     332995.6000     8.4093   3.565E+02    42     0    274
3d5(2S)4p_1Po[1]         3.0     334477.2000     8.3649   3.584E+02    42     0    275
3d5(2F2)4p_1Fo[3]        7.0     334727.6000     8.3574   3.587E+02    42     0    276
3d5(2D2)4p_3Fo[2]        5.0     342894.6000     8.1125   3.695E+02    43     0    277
3d5(2D2)4p_3Fo[3]        7.0     343281.0000     8.1010   3.701E+02    43     0    278
3d5(2D2)4p_3Do[1]        3.0     343478.2000     8.0950   3.703E+02    43     0    279
3d5(2D2)4p_3Do[2]        5.0     343905.7000     8.0822   3.709E+02    43     0    280
3d5(2D2)4p_3Do[3]        7.0     344805.3000     8.0553   3.722E+02    43     0    281
3d5(2D2)4p_3Fo[4]        9.0     344911.2000     8.0521   3.723E+02    43     0    282
3d5(2D2)4p_1Fo[3]        7.0     345936.1000     8.0214   3.737E+02    44     0    283
3d5(2D2)4p_3Po[2]        5.0     346912.4000     7.9921   3.751E+02    45     0    284
3d5(2D2)4p_3Po[0]        1.0     346920.2000     7.9919   3.751E+02    45     0    285
3d5(2D2)4p_3Po[1]        3.0     346959.5000     7.9907   3.752E+02    45     0    286
3d5(2D2)4p_1Po[1]        3.0     348477.9000     7.9452   3.773E+02    44     0    287
3d5(2D2)4p_1Do[2]        5.0     349546.0000     7.9131   3.789E+02    44     0    288
3d5(2G1)4p_3Ho[4]        9.0     353071.6000     7.8074   3.840E+02    45     0    289
3d5(2G1)4p_3Fo[4]        9.0     353347.1000     7.7992   3.844E+02    45     0    290
3d5(2G1)4p_3Ho[5]       11.0     353548.7000     7.7931   3.847E+02    45     0    291
3d5(2G1)4p_3Fo[3]        7.0     353944.1000     7.7813   3.853E+02    45     0    292
3d5(2G1)4p_3Ho[6]       13.0     354989.6000     7.7499   3.868E+02    45     0    293
3d5(6S)4d_7De[1]         3.0     355089.8840     7.7469   3.870E+02    46     0    294
3d5(6S)4d_7De[2]         5.0     355129.1060     7.7458   3.870E+02    46     0    295
3d5(2G1)4p_3Fo[2]        5.0     355150.0000     7.7451   3.871E+02    45     0    296
3d5(6S)4d_7De[3]         7.0     355189.2820     7.7440   3.871E+02    46     0    297
3d5(6S)4d_7De[4]         9.0     355272.2680     7.7415   3.873E+02    46     0    298
3d5(6S)4d_7De[5]        11.0     355380.9800     7.7382   3.874E+02    46     0    299
3d5(2G1)4p_3Go[3]        7.0     355398.0000     7.7377   3.874E+02    45     0    300
3d5(2G1)4p_3Go[4]        9.0     355765.2000     7.7267   3.880E+02    45     0    301
3d5(2G1)4p_3Go[5]       11.0     356036.3000     7.7186   3.884E+02    45     0    302
3d5(2G1)4p_1Ho[5]       11.0     358475.6000     7.6454   3.921E+02    44     0    303
3d5(2G1)4p_1Go[4]        9.0     358760.0000     7.6369   3.926E+02    44     0    304
3d5(2G1)4p_1Fo[3]        7.0     360059.7000     7.5979   3.946E+02    44     0    305
3d5(6S)4d_5De[4]         9.0     363489.7820     7.4951   4.000E+02    47     0    306
3d5(6S)4d_5De[3]         7.0     363525.8700     7.4940   4.000E+02    47     0    307
3d5(6S)4d_5De[2]         5.0     363557.7870     7.4931   4.001E+02    47     0    308
3d5(6S)4d_5De[1]         3.0     363580.5620     7.4924   4.001E+02    47     0    309
3d5(6S)4d_5De[0]         1.0     363592.4850     7.4920   4.001E+02    47     0    310
3d5(2P)4p_3Po[0]         1.0     368440.5000     7.3467   4.081E+02    48     0    311
3d5(2P)4p_3Po[1]         3.0     368749.7000     7.3374   4.086E+02    48     0    312
3d5(2P)4p_3Po[2]         5.0     369649.1000     7.3105   4.101E+02    48     0    313
3d5(2P)4p_1So[0]         1.0     373979.7940     7.1806   4.175E+02    49     0    314
3d5(2P)4p_3Do[2]         5.0     374803.7000     7.1559   4.189E+02    48     0    315
3d5(2P)4p_3Do[1]         3.0     374828.1000     7.1552   4.190E+02    48     0    316
3d5(2P)4p_3Do[3]         7.0     376471.6000     7.1059   4.219E+02    48     0    317
3d5(2P)4p_1Do[2]         5.0     377059.1000     7.0883   4.229E+02    49     0    318
3d5(2P)4p_3So[1]         3.0     378555.0000     7.0435   4.256E+02    48     0    319
3d5(2P)4p_1Po[1]         3.0     380165.6000     6.9952   4.286E+02    49     0    320
3d5(2D1)4p_3Fo[2]        5.0     386968.8000     6.7912   4.414E+02    50     0    321
3d5(2D1)4p_3Fo[3]        7.0     387333.4000     6.7803   4.422E+02    50     0    322
3d5(2D1)4p_3Fo[4]        9.0     388698.9000     6.7394   4.448E+02    50     0    323
3d5(2D1)4p_3Do[1]        3.0     388746.1000     6.7380   4.449E+02    50     0    324
3d5(2D1)4p_3Do[2]        5.0     389571.8000     6.7132   4.466E+02    50     0    325
3d5(6S)5s_7Se[3]         7.0     389975.3590     6.7011   4.474E+02    51     0    326
3d5(2D1)4p_3Do[3]        7.0     390478.2000     6.6860   4.484E+02    50     0    327
3d5(2D1)4p_1Do[2]        5.0     390675.1000     6.6801   4.488E+02    49     0    328
3d5(2D1)4p_3Po[2]        5.0     392413.5000     6.6280   4.523E+02    50     0    329
3d5(6S)5s_5Se[2]         5.0     392919.6470     6.6128   4.533E+02    52     0    330
3d5(2D1)4p_1Fo[3]        7.0     392957.1000     6.6117   4.534E+02    53     0    331
3d5(2D)4p_3Po[1]         3.0     393099.7700     6.6074   4.537E+02    50     0    332
3d5(2D)4p_3Po[0]         1.0     393648.8130     6.5910   4.549E+02    50     0    333
3d5(4G)4d_5He[3]         7.0     396893.5240     6.4937   4.617E+02    52     0    334
3d5(4G)4d_5He[4]         9.0     396982.4950     6.4910   4.619E+02    52     0    335
3d5(4G)4d_5He[5]        11.0     397078.4280     6.4882   4.621E+02    52     0    336
3d5(4G)4d_5He[6]        13.0     397175.8950     6.4852   4.623E+02    52     0    337
3d5(4G)4d_5He[7]        15.0     397277.2890     6.4822   4.625E+02    52     0    338
3d5(4G)4d_5Fe[5]        11.0     397997.6730     6.4606   4.640E+02    52     0    339
3d5(4G)4d_5Ie[4]         9.0     398044.1830     6.4592   4.641E+02    52     0    340
3d5(4G)4d_5Fe[1]         3.0     398057.4510     6.4588   4.642E+02    52     0    341
3d5(4G)4d_5Fe[4]         9.0     398061.2880     6.4587   4.642E+02    52     0    342
3d5(4G)4d_5Fe[2]         5.0     398072.8270     6.4583   4.642E+02    52     0    343
3d5(4G)4d_5Fe[3]         7.0     398076.9350     6.4582   4.642E+02    52     0    344
3d5(4G)4d_5Ie[5]        11.0     398150.6400     6.4560   4.644E+02    52     0    345
3d5(4G)4d_5Ie[6]        13.0     398254.1340     6.4529   4.646E+02    52     0    346
3d5(4G)4d_5Ie[7]        15.0     398340.6680     6.4503   4.648E+02    52     0    347
3d5(4G)4d_5Ie[8]        17.0     398392.2410     6.4488   4.649E+02    52     0    348
3d5(4G)4d_5Ge[2]         5.0     398437.9390     6.4474   4.650E+02    52     0    349
3d5(4G)4d_5Ge[3]         7.0     398477.6310     6.4462   4.651E+02    52     0    350
3d5(4G)4d_5Ge[4]         9.0     398519.1500     6.4450   4.652E+02    52     0    351
3d5(4G)4d_5Ge[5]        11.0     398556.0550     6.4439   4.652E+02    52     0    352
3d5(4G)4d_5Ge[6]        13.0     398579.6080     6.4432   4.653E+02    52     0    353
3d5(2D)4p_1Po[1]         3.0     398963.1150     6.4317   4.661E+02    53     0    354
3d5(4G)4d_3De[3]         7.0     399379.9700     6.4192   4.670E+02    54     0    355
3d5(4G)4d_3De[2]         5.0     399765.7700     6.4076   4.679E+02    54     0    356
3d5(4G)4d_3De[1]         3.0     399914.6720     6.4031   4.682E+02    54     0    357
3d5(4P)4d_5Pe[3]         7.0     400702.1700     6.3795   4.699E+02    52     0    358
3d5(4G)4d_5De[4]         9.0     400787.1350     6.3770   4.701E+02    52     0    359
3d5(4P)4d_5Fe[3]         7.0     400939.7080     6.3724   4.705E+02    52     0    360
3d5(4P)4d_5Fe[2]         5.0     401001.8220     6.3705   4.706E+02    52     0    361
3d5(4P)4d_5Fe[1]         3.0     401032.4000     6.3696   4.707E+02    52     0    362
3d5(4G)4d_3Ie[7]        15.0     401047.0080     6.3692   4.707E+02    54     0    363
3d5(4G)4d_3Ie[5]        11.0     401087.4140     6.3680   4.708E+02    54     0    364
3d5(4G)4d_3Ie[6]        13.0     401107.1640     6.3674   4.708E+02    54     0    365
3d5(4P)4d_5Pe[2]         5.0     401294.8870     6.3617   4.712E+02    52     0    366
3d5(4P)4d_5Fbe[3]        7.0     401568.2880     6.3536   4.719E+02    52     0    367
3d5(4G)4d_5De[1]         3.0     401608.9200     6.3523   4.719E+02    52     0    368
3d5(4G)4d_5De[2]         5.0     401653.8170     6.3510   4.720E+02    52     0    369
3d5(4P)4d_5Fe[4]         9.0     401660.0310     6.3508   4.721E+02    52     0    370
3d5(4G)4d_5De[0]         1.0     401692.6790     6.3498   4.721E+02    52     0    371
3d5(4P)4d_5Fe[5]        11.0     401930.3840     6.3427   4.727E+02    52     0    372
3d5(4P)4d_5Pe[1]         3.0     401940.3610     6.3424   4.727E+02    52     0    373
3d5(4G)4d_3Ge[3]         7.0     402959.6340     6.3118   4.750E+02    54     0    374
3d5(4G)4d_3Ge[4]         9.0     403052.2950     6.3091   4.752E+02    54     0    375
3d5(4G)4d_3Ge[5]        11.0     403128.7380     6.3068   4.754E+02    54     0    376
3d5(4G)4d_3Fe[2]         5.0     403958.5960     6.2819   4.772E+02    54     0    377
3d5(4G)4d_3Fe[3]         7.0     404061.7520     6.2788   4.775E+02    54     0    378
3d5(4G)4d_3Fe[4]         9.0     404224.1130     6.2739   4.778E+02    54     0    379
3d5(4P)4d_5De[0]         1.0     404255.9080     6.2730   4.779E+02    52     0    380
3d5(4P)4d_5De[1]         3.0     404414.6250     6.2682   4.783E+02    52     0    381
3d5(4P)4d_5De[2]         5.0     404701.2910     6.2596   4.789E+02    52     0    382
3d5(4P)4d_3De[3]         7.0     404919.8070     6.2531   4.794E+02    54     0    383
3d5(4G)4d_3He[4]         9.0     405008.4440     6.2504   4.796E+02    54     0    384
3d5(4P)4d_5De[3]         7.0     405081.1610     6.2482   4.798E+02    52     0    385
3d5(4G)4d_3He[5]        11.0     405082.5330     6.2482   4.798E+02    54     0    386
3d5(4G)4d_3He[6]        13.0     405160.3780     6.2459   4.800E+02    54     0    387
3d5(4P)4d_3De[2]         5.0     405452.0600     6.2371   4.807E+02    54     0    388
3d5(4P)4d_5De[4]         9.0     405595.8810     6.2328   4.810E+02    52     0    389
3d5(4D)4d_5Ge[2]         5.0     405780.7120     6.2273   4.814E+02    52     0    390
3d5(4P)4d_3De[1]         3.0     405841.5410     6.2254   4.816E+02    54     0    391
3d5(4D)4d_5Ge[3]         7.0     405963.8190     6.2218   4.818E+02    52     0    392
3d5(4D)4d_5Ge[4]         9.0     406166.6660     6.2157   4.823E+02    52     0    393
3d5(4D)4d_5Ge[6]        13.0     406268.0560     6.2127   4.826E+02    52     0    394
3d5(4D)4d_5Ge[5]        11.0     406305.9100     6.2115   4.826E+02    52     0    395
3d5(4D)4d_5Pe[1]         3.0     406561.0850     6.2039   4.832E+02    52     0    396
3d5(4D)4d_5Pe[2]         5.0     406920.6000     6.1931   4.841E+02    52     0    397
3d5(4D)4d_5Fe[5]        11.0     407621.3030     6.1721   4.857E+02    52     0    398
3d5(4P)4d_3Fe[4]         9.0     407771.0500     6.1676   4.861E+02    54     0    399
3d5(4D)4d_5Pe[3]         7.0     407863.4300     6.1648   4.863E+02    52     0    400
3d5(4P)4d_3Pe[1]         3.0     408036.8160     6.1596   4.867E+02    54     0    401
3d5(4P)4d_3Fe[3]         7.0     408044.0380     6.1594   4.867E+02    54     0    402
3d5(4P)4d_3Pe[2]         5.0     408298.8220     6.1518   4.873E+02    54     0    403
3d5(4D)4d_5Fe[2]         5.0     408337.7780     6.1506   4.874E+02    52     0    404
3d5(4D)4d_5Se[2]         5.0     408416.5970     6.1482   4.876E+02    52     0    405
3d5(4D)4d_5Fe[4]         9.0     408461.3860     6.1469   4.877E+02    52     0    406
3d5(4D)4d_5Fe[1]         3.0     408580.7780     6.1433   4.880E+02    52     0    407
3d5(4D)4d_5Fe[3]         7.0     408652.6310     6.1412   4.882E+02    52     0    408
3d5(4P)4d_3Fe[2]         5.0     408816.1060     6.1363   4.886E+02    54     0    409
3d5(4P)4d_3Pe[0]         1.0     408938.7320     6.1326   4.889E+02    54     0    410
3d5(4D)4d_3Se[1]         3.0     410353.1780     6.0902   4.923E+02    54     0    411
3d5(4D)4d_3Ge[5]        11.0     411337.7590     6.0607   4.947E+02    54     0    412
3d5(4D)4d_3Ge[4]         9.0     411393.1580     6.0590   4.948E+02    54     0    413
3d5(4D)4d_3Ge[3]         7.0     411457.0610     6.0571   4.949E+02    54     0    414
3d5(4D)4d_3Fe[4]         9.0     412045.1430     6.0395   4.964E+02    54     0    415
3d5(4D)4d_3Fe[3]         7.0     412186.3610     6.0352   4.967E+02    54     0    416
3d5(4D)4d_3Fe[2]         5.0     412450.7200     6.0273   4.974E+02    54     0    417
3d5(4D)4d_3Pe[1]         3.0     414039.6070     5.9797   5.014E+02    54     0    418
3d5(4D)4d_3Pe[0]         1.0     414145.9600     5.9765   5.016E+02    54     0    419
3d5(4D)4d_3Pe[2]         5.0     414198.0030     5.9749   5.018E+02    54     0    420
3d5(4D)4d_3De[1]         3.0     414298.0530     5.9719   5.020E+02    54     0    421
3d5(4D)4d_3De[2]         5.0     414880.1870     5.9545   5.035E+02    54     0    422
3d5(4D)4d_3De[3]         7.0     415506.6710     5.9357   5.051E+02    54     0    423
3d5(2I)4d_3Ie[5]        11.0     416803.5980     5.8968   5.084E+02    54     0    424
3d5(2I)4d_3Ie[6]        13.0     417148.9710     5.8865   5.093E+02    54     0    425
3d5(2I)4d_3Ie[7]        15.0     417308.9470     5.8817   5.097E+02    54     0    426
3d5(2I)4d_1He[5]        11.0     417522.7440     5.8753   5.103E+02    55     0    427
3d5(2I)4d_3Le[7]        15.0     417618.9490     5.8724   5.105E+02    54     0    428
3d5(2I)4d_3Le[8]        17.0     417817.6640     5.8664   5.110E+02    54     0    429
3d5(2I)4d_3Le[9]        19.0     418095.5110     5.8581   5.118E+02    54     0    430
3d5(2I)4d_3Ke[6]        13.0     418191.0530     5.8552   5.120E+02    54     0    431
3d5(2I)4d_3Ke[7]        15.0     418427.2440     5.8481   5.126E+02    54     0    432
3d5(4D)4d_5De[0]         1.0     418478.2730     5.8466   5.128E+02    56     0    433
3d5(4D)4d_5De[1]         3.0     418542.4130     5.8447   5.129E+02    56     0    434
3d5(2I)4d_3Ke[8]        17.0     418659.0550     5.8412   5.132E+02    54     0    435
3d5(4D)4d_5De[2]         5.0     418664.4290     5.8410   5.133E+02    56     0    436
3d5(4D)4d_5De[3]         7.0     418809.8220     5.8367   5.136E+02    56     0    437
3d5(4D)4d_5De[4]         9.0     418996.9180     5.8311   5.141E+02    56     0    438
3d5(2I)4d_1Ke[7]        15.0     419397.8380     5.8190   5.152E+02    55     0    439
3d5(2I)4d_1Le[8]        17.0     419419.5190     5.8184   5.153E+02    55     0    440
3d5(6S)5p_7Po[2]         5.0     419961.2310     5.8021   5.167E+02    57     0    441
3d5(6S)5p_7Po[3]         7.0     420251.5060     5.7934   5.175E+02    57     0    442
3d5(2D)4d_3Ge[3]         7.0     420313.2140     5.7916   5.176E+02    58     0    443
3d5(2D)4d_3Se[1]         3.0     420402.3610     5.7889   5.179E+02    58     0    444
3d5(2D)4d_3Ge[4]         9.0     420526.7520     5.7852   5.182E+02    58     0    445
3d5(2D)4d_3Ge[5]        11.0     420604.8560     5.7829   5.184E+02    58     0    446
3d5(6S)5p_7Po[4]         9.0     420763.1700     5.7781   5.188E+02    57     0    447
3d5(2I)4d_1Ge[4]         9.0     420885.6280     5.7744   5.192E+02    55     0    448
3d5(2I)4d_3Ge[3]         7.0     421414.3520     5.7586   5.206E+02    58     0    449
3d5(2D)4d_3Sbe[1]        3.0     421806.8200     5.7468   5.217E+02    58     0    450
3d5(2I)4d_3Ge[4]         9.0     421891.3890     5.7443   5.219E+02    58     0    451
3d5(2D)4d_3De[3]         7.0     422187.9410     5.7354   5.227E+02    58     0    452
3d5(2I)4d_3Ge[5]        11.0     422209.6050     5.7347   5.228E+02    58     0    453
3d5(2F)4d_3Fe[2]         5.0     422269.9150     5.7329   5.229E+02    58     0    454
3d5(2D)4d_1Fe[3]         7.0     422588.1550     5.7234   5.238E+02    55     0    455
3d5(2D)4d_3Fe[2]         5.0     423487.0460     5.6964   5.263E+02    59     0    456
3d5(2F)4d_3He[4]         9.0     423509.1980     5.6958   5.263E+02    58     0    457
3d5(2D)4d_3De[1]         3.0     423516.0480     5.6956   5.264E+02    58     0    458
3d5(6S)5p_5Po[3]         7.0     423533.0000     5.6951   5.264E+02    60     0    459
3d5(2D)4d_3Fe[3]         7.0     423679.2870     5.6907   5.268E+02    59     0    460
3d5(6S)5p_5Po[2]         5.0     423782.0000     5.6876   5.271E+02    60     0    461
3d5(2F)4d_3He[6]        13.0     423825.3120     5.6863   5.272E+02    58     0    462
3d5(2F)4d_3He[5]        11.0     423913.8140     5.6837   5.275E+02    58     0    463
3d5(6S)5p_5Po[1]         3.0     423935.0000     5.6830   5.275E+02    60     0    464
3d5(4F)4d_5Fe[4]         9.0     423963.1340     5.6822   5.276E+02    56     0    465
3d5(2D)4d_3Pe[1]         3.0     424134.2070     5.6770   5.281E+02    61     0    466
3d5(2D)4d_3Pe[0]         1.0     424261.2380     5.6732   5.284E+02    61     0    467
3d5(4F)4d_5Fe[5]        11.0     424279.8950     5.6727   5.285E+02    56     0    468
3d5(4F)4d_5Fe[2]         5.0     424309.1740     5.6718   5.286E+02    56     0    469
3d5(4F)4d_5Fe[3]         7.0     424563.8060     5.6642   5.293E+02    56     0    470
3d5(4F)4d_5Fbe[2]        5.0     424584.0080     5.6636   5.293E+02    56     0    471
3d5(4F)4d_5Fbe[4]        9.0     424627.6000     5.6623   5.295E+02    56     0    472
3d5(4F)4d_5Fbe[5]       11.0     424708.8180     5.6598   5.297E+02    56     0    473
3d5(4F)4d_5Fe[1]         3.0     424711.1840     5.6597   5.297E+02    56     0    474
3d5(4F)4d_5He[4]         9.0     424785.9260     5.6575   5.299E+02    56     0    475
3d5(4F)4d_5He[3]         7.0     424787.7350     5.6575   5.299E+02    56     0    476
3d5(2D)4d_3De[2]         5.0     424968.9890     5.6520   5.304E+02    58     0    477
3d5(4F)4d_5He[7]        15.0     424976.1300     5.6518   5.304E+02    56     0    478
3d5(4F)4d_5He[6]        13.0     424996.4350     5.6512   5.305E+02    56     0    479
3d5(2F)4d_3De[1]         3.0     425014.2490     5.6507   5.305E+02    58     0    480
3d5(4F)4d_5Pe[3]         7.0     425136.5370     5.6470   5.309E+02    56     0    481
3d5(4F)4d_5He[5]        11.0     425219.4470     5.6445   5.311E+02    56     0    482
3d5(4F)4d_5Pe[2]         5.0     425322.7440     5.6414   5.314E+02    56     0    483
3d5(4F)4d_5Ge[6]        13.0     425404.5450     5.6390   5.316E+02    56     0    484
3d5(4F)4d_5Ge[5]        11.0     425567.8970     5.6341   5.321E+02    56     0    485
3d5(2F)4d_3Fe[4]         9.0     425574.6810     5.6339   5.321E+02    58     0    486
3d5(4F)4d_5Ge[3]         7.0     425580.4110     5.6337   5.321E+02    56     0    487
3d5(4F)4d_5Pe[1]         3.0     425659.0520     5.6313   5.324E+02    56     0    488
3d5(4F)4d_5Ge[4]         9.0     425732.9580     5.6291   5.326E+02    56     0    489
3d5(4F)4d_5Hbe[3]        7.0     425786.7910     5.6275   5.327E+02    56     0    490
3d5(4F)4d_5Ge[2]         5.0     425858.4580     5.6254   5.329E+02    56     0    491
3d5(2F)4d_3Fbe[4]        9.0     425951.0800     5.6226   5.332E+02    58     0    492
3d5(4F)4d_5Gbe[3]        7.0     426117.4370     5.6176   5.337E+02    56     0    493
3d5(2I)4d_3He[5]        11.0     426139.1250     5.6169   5.337E+02    58     0    494
3d5(2I)4d_1Ie[6]        13.0     426228.7530     5.6143   5.340E+02    55     0    495
3d5(2F)4d_3Ge[4]         9.0     426328.5990     5.6113   5.343E+02    58     0    496
3d5(4F)4d_3He[6]        13.0     426630.6160     5.6022   5.351E+02    58     0    497
3d5(2F)4d_3Hbe[4]        9.0     426782.5780     5.5976   5.356E+02    58     0    498
3d5(2F)4d_3Fe[3]         7.0     426859.1490     5.5954   5.358E+02    58     0    499
3d5(2F)4d_3Dbe[1]        3.0     426902.7610     5.5940   5.359E+02    58     0    500
3d5(2F)4d_3Fbe[2]        5.0     427043.7050     5.5898   5.363E+02    58     0    501
3d5(2F)4d_3Hbe[5]       11.0     427048.8610     5.5897   5.363E+02    58     0    502
3d5(2F)4d_1Fe[3]         7.0     427272.7320     5.5830   5.370E+02    55     0    503
3d5(2H)4d_3Ie[5]        11.0     427491.5970     5.5764   5.376E+02    58     0    504
3d5(4F)4d_3De[2]         5.0     427539.9500     5.5749   5.377E+02    58     0    505
3d5(4F)4d_3He[4]         9.0     427741.1380     5.5689   5.383E+02    58     0    506
3d5(4F)4d_3Ge[5]        11.0     427766.3890     5.5682   5.384E+02    58     0    507
3d5(2H)4d_3Ie[6]        13.0     427917.8950     5.5636   5.388E+02    58     0    508
3d5(4F)4d_3Ge[4]         9.0     427953.0710     5.5626   5.389E+02    58     0    509
3d5(4F)4d_3Ge[3]         7.0     428275.2510     5.5529   5.399E+02    58     0    510
3d5(4F)4d_3He[5]        11.0     428315.6570     5.5517   5.400E+02    58     0    511
3d5(2H)4d_3Ie[7]        15.0     428353.1450     5.5506   5.401E+02    58     0    512
3d5(4F)4d_3Dbe[2]        5.0     428508.9880     5.5459   5.406E+02    58     0    513
3d5(4F)4d_3De[3]         7.0     428515.7270     5.5457   5.406E+02    58     0    514
3d5(4F)4d_3Hbe[4]        9.0     428648.2930     5.5417   5.410E+02    58     0    515
3d5(4F)4d_3De[1]         3.0     428680.5570     5.5407   5.411E+02    58     0    516
3d5(4F)4d_3Hbe[6]       13.0     428883.7700     5.5347   5.417E+02    58     0    517
3d5(2H)4d_1Fe[3]         7.0     429852.8470     5.5056   5.445E+02    55     0    518
3d5(2H)4d_3Ke[6]        13.0     430206.6310     5.4950   5.456E+02    58     0    519
3d5(4F)4d_3Fe[2]         5.0     430425.6270     5.4884   5.462E+02    58     0    520
3d5(2H)4d_3Ke[7]        15.0     430458.8490     5.4874   5.463E+02    58     0    521
3d5(2H)4d_1He[5]        11.0     430698.9640     5.4802   5.470E+02    55     0    522
3d5(2H)4d_3Ke[8]        17.0     430724.8810     5.4795   5.471E+02    58     0    523
3d5(4F)4d_3Fe[3]         7.0     430766.8110     5.4782   5.472E+02    58     0    524
3d5(4F)4d_3Fe[4]         9.0     431407.7190     5.4590   5.492E+02    58     0    525
3d5(2H)4d_1Ke[7]        15.0     431608.0930     5.4530   5.498E+02    55     0    526
3d5(2G)4d_3De[2]         5.0     431872.3920     5.4451   5.506E+02    58     0    527
3d5(2G)4d_3He[6]        13.0     432035.4390     5.4402   5.511E+02    58     0    528
3d5(2G)4d_3He[5]        11.0     432084.6460     5.4387   5.512E+02    58     0    529
3d5(2G)4d_3De[1]         3.0     432092.0020     5.4385   5.512E+02    58     0    530
3d5(2G)4d_3He[4]         9.0     432185.5040     5.4357   5.515E+02    58     0    531
3d5(2G)4d_3De[3]         7.0     432352.9000     5.4307   5.520E+02    58     0    532
3d5(2F)4d_1De[2]         5.0     432441.1410     5.4280   5.523E+02    55     0    533
3d5(2H)4d_3Ge[3]         7.0     432626.1360     5.4225   5.529E+02    58     0    534
3d5(4G)5s_5Ge[2]         5.0     432836.1670     5.4162   5.535E+02    56     0    535
3d5(4G)5s_5Ge[4]         9.0     432873.2680     5.4151   5.536E+02    56     0    536
3d5(4G)5s_5Ge[3]         7.0     432892.8100     5.4145   5.537E+02    56     0    537
3d5(4G)5s_5Ge[5]        11.0     432944.6040     5.4129   5.538E+02    56     0    538
3d5(4G)5s_5Ge[6]        13.0     432945.1920     5.4129   5.538E+02    56     0    539
3d5(4G)5s_5Gbe[4]        9.0     433002.7180     5.4112   5.540E+02    56     0    540
3d5(2G)4d_1He[5]        11.0     433117.0560     5.4077   5.544E+02    55     0    541
3d5(4F)4d_3Pe[0]         1.0     433196.6370     5.4054   5.546E+02    58     0    542
3d5(4F)4d_3Pe[1]         3.0     433211.0710     5.4049   5.547E+02    58     0    543
3d5(2H)4d_3Ge[5]        11.0     433254.5780     5.4036   5.548E+02    58     0    544
3d5(4F)4d_3Pe[2]         5.0     433376.5490     5.4000   5.552E+02    58     0    545
3d5(2G)4d_3Ie[6]        13.0     433801.6370     5.3872   5.565E+02    62     0    546
3d5(2G)4d_1De[2]         5.0     433887.7960     5.3846   5.568E+02    55     0    547
3d5(2G)4d_3Ie[7]        15.0     433963.2520     5.3824   5.570E+02    62     0    548
3d5(2G)4d_1Hbe[5]       11.0     434107.9090     5.3780   5.574E+02    55     0    549
3d5(2F)4d_3Fce[4]        9.0     434419.2160     5.3687   5.584E+02    58     0    550
3d5(4G)5s_3Ge[3]         7.0     434722.3210     5.3596   5.594E+02    58     0    551
3d5(4G)5s_3Ge[4]         9.0     434784.3290     5.3578   5.595E+02    58     0    552
3d5(4G)5s_3Ge[5]        11.0     434826.4960     5.3565   5.597E+02    58     0    553
3d5(2F)4d_3Fbe[3]        7.0     434831.2140     5.3564   5.597E+02    58     0    554
3d5(4G)5s_3Gbe[4]        9.0     434870.9070     5.3552   5.598E+02    58     0    555
3d5(2F)4d_3Fce[2]        5.0     435508.5630     5.3360   5.618E+02    58     0    556
3d5(2G)4d_1Ie[6]        13.0     435897.9440     5.3244   5.631E+02    55     0    557
3d5(4F)4d_5De[4]         9.0     436331.0950     5.3114   5.644E+02    56     0    558
3d5(4F)4d_5De[3]         7.0     436670.8630     5.3012   5.655E+02    56     0    559
3d5(4P)5s_5Pe[2]         5.0     436909.9730     5.2940   5.663E+02    56     0    560
3d5(4P)5s_5Pe[3]         7.0     437025.7060     5.2906   5.667E+02    56     0    561
3d5(4P)5s_5Pe[1]         3.0     437147.3690     5.2869   5.670E+02    56     0    562
3d5(2F)4d_1Fbe[3]        7.0     437158.6880     5.2866   5.671E+02    55     0    563
3d5(4F)4d_5De[2]         5.0     437239.0860     5.2842   5.673E+02    56     0    564
3d5(2F)4d_3Hce[4]        9.0     437239.7630     5.2841   5.673E+02    58     0    565
3d5(4F)4d_5De[1]         3.0     437384.5300     5.2798   5.678E+02    56     0    566
3d5(4F)4d_5De[0]         1.0     437405.3690     5.2792   5.679E+02    56     0    567
3d5(2F)4d_3Hce[5]       11.0     437485.3150     5.2768   5.681E+02    58     0    568
3d5(6S)4f_7Fo[0]         1.0     437522.7400     5.2757   5.683E+02    57     0    569
3d5(6S)4f_7Fo[1]         3.0     437523.1100     5.2757   5.683E+02    57     0    570
3d5(6S)4f_7Fo[2]         5.0     437523.8520     5.2756   5.683E+02    57     0    571
3d5(6S)4f_7Fo[3]         7.0     437524.9700     5.2756   5.683E+02    57     0    572
3d5(6S)4f_7Fo[4]         9.0     437526.4720     5.2756   5.683E+02    57     0    573
3d5(6S)4f_7Fo[5]        11.0     437528.3720     5.2755   5.683E+02    57     0    574
3d5(6S)4f_7Fo[6]        13.0     437530.6950     5.2754   5.683E+02    57     0    575
3d5(2F)4d_3Ge[3]         7.0     437553.2280     5.2748   5.684E+02    58     0    576
3d5(2F)4d_3Gbe[4]        9.0     437675.8590     5.2711   5.688E+02    58     0    577
3d5(2F)4d_3Ge[5]        11.0     437811.7950     5.2670   5.692E+02    58     0    578
3d5(2F)4d_3Hbe[6]       13.0     437838.2970     5.2662   5.693E+02    58     0    579
3d5(2F)4d_1Pe[1]         3.0     438645.2130     5.2420   5.719E+02    63     0    580
3d5(2F)4d_1He[5]        11.0     438755.4060     5.2387   5.723E+02    63     0    581
3d5(4P)5s_3Pe[2]         5.0     438964.0290     5.2325   5.729E+02    58     0    582
3d5(4P)5s_3Pe[0]         1.0     439194.4870     5.2255   5.737E+02    58     0    583
3d5(4P)5s_3Pe[1]         3.0     439233.2330     5.2244   5.738E+02    58     0    584
3d5(6S)4f_5Fo[2]         5.0     439419.0000     5.2188   5.744E+02    60     0    585
3d5(6S)4f_5Fo[1]         3.0     439420.0000     5.2188   5.744E+02    60     0    586
3d5(6S)4f_5Fo[3]         7.0     439423.0000     5.2187   5.745E+02    60     0    587
3d5(6S)4f_5Fo[4]         9.0     439427.0000     5.2186   5.745E+02    60     0    588
3d5(6S)4f_5Fo[5]        11.0     439434.0000     5.2184   5.745E+02    60     0    589
3d5(2F)4d_3Pe[0]         1.0     440512.5880     5.1860   5.781E+02    59     0    590
3d5(2F)4d_3Dce[1]        3.0     440580.3030     5.1840   5.783E+02    58     0    591
3d5(2F)4d_3De[2]         5.0     440721.6970     5.1798   5.788E+02    58     0    592
3d5(2F)4d_3Pe[1]         3.0     441190.1430     5.1657   5.803E+02    59     0    593
3d5(2S)4d_3De[3]         7.0     441366.5620     5.1604   5.809E+02    62     0    594
3d5(4D)5s_5De[4]         9.0     441402.7270     5.1593   5.811E+02    64     0    595
3d5(2F)4d_3Pe[2]         5.0     441416.7060     5.1589   5.811E+02    59     0    596
3d5(4D)5s_5De[0]         1.0     441711.8980     5.1501   5.821E+02    64     0    597
3d5(4D)5s_5De[3]         7.0     441734.3880     5.1494   5.822E+02    64     0    598
3d5(4D)5s_5De[1]         3.0     441750.8080     5.1489   5.822E+02    64     0    599
3d5(4D)5s_5De[2]         5.0     441782.4750     5.1480   5.824E+02    64     0    600
3d5(2S)4d_1De[2]         5.0     441863.8920     5.1455   5.826E+02    63     0    601
3d5(4F)4d_3Fbe[4]        9.0     443550.8300     5.0949   5.884E+02    59     0    602
3d5(4F)4d_3Fbe[3]        7.0     443559.2070     5.0947   5.884E+02    59     0    603
3d5(4D)5s_3De[3]         7.0     443680.8750     5.0910   5.889E+02    59     0    604
3d5(4F)4d_3Fbe[2]        5.0     443686.4250     5.0909   5.889E+02    59     0    605
3d5(4D)5s_3De[1]         3.0     443904.3890     5.0843   5.896E+02    59     0    606
3d5(4D)5s_3De[2]         5.0     443991.6650     5.0817   5.899E+02    59     0    607
3d5(2H)4d_1Ge[4]         9.0     446325.5610     5.0118   5.982E+02    63     0    608
3d5(2D)4d_1Se[0]         1.0     446721.8500     4.9999   5.996E+02    63     0    609
3d5(2G)4d_3Ge[5]        11.0     447539.6280     4.9754   6.026E+02    62     0    610
3d5(2G)4d_3Ge[4]         9.0     447653.0820     4.9720   6.030E+02    62     0    611
3d5(2H)4d_3He[6]        13.0     447787.3880     4.9679   6.035E+02    62     0    612
3d5(2G)4d_3Ge[3]         7.0     447936.1690     4.9635   6.040E+02    62     0    613
3d5(2D)4d_3Fbe[2]        5.0     448269.8800     4.9535   6.052E+02    62     0    614
3d5(2G)4d_3Fe[4]         9.0     448494.4230     4.9467   6.060E+02    65     0    615
3d5(2D)4d_3Fbe[3]        7.0     448518.2490     4.9460   6.061E+02    62     0    616
3d5(2G)4d_3Gbe[5]       11.0     448663.9430     4.9417   6.067E+02    65     0    617
3d5(2G)4d_3Gbe[4]        9.0     448846.7040     4.9362   6.073E+02    65     0    618
3d4(5D)4s2_5De[0]        1.0     448950.4030     4.9331   6.077E+02    64     0    619
3d4(5D)4s2_5De[1]        3.0     449212.6650     4.9252   6.087E+02    64     0    620
3d5(2F)4d_3Pbe[2]        5.0     449596.2270     4.9137   6.101E+02    62     0    621
3d4(5D)4s2_5De[2]        5.0     449723.2690     4.9099   6.106E+02    64     0    622
3d4(5D)4s2_5De[3]        7.0     450407.0050     4.8894   6.131E+02    64     0    623
3d4(5D)4s2_5De[4]        9.0     451265.2640     4.8637   6.164E+02    64     0    624
3d5(2F)4d_3Pbe[1]        3.0     451314.9850     4.8622   6.166E+02    62     0    625
3d5(2S)4d_3De[1]         3.0     451575.7270     4.8544   6.176E+02    62     0    626
3d5(2S)4d_3De[2]         5.0     451755.4760     4.8490   6.183E+02    62     0    627
3d5(2S)4d_3Dbe[3]        7.0     451883.8330     4.8451   6.187E+02    62     0    628
3d5(2I)4d_1Ibe[6]       13.0     451920.7700     4.8440   6.189E+02    63     0    629
3d5(2F)4d_3Pbe[0]        1.0     452178.1720     4.8363   6.199E+02    62     0    630
3d5(2D)4d_1Fbe[3]        7.0     452311.9540     4.8323   6.204E+02    63     0    631
3d5(2I)5s_3Ie[5]        11.0     452487.3380     4.8270   6.211E+02    62     0    632
3d5(2I)5s_3Ie[6]        13.0     452554.8370     4.8250   6.213E+02    62     0    633
3d5(2I)5s_3Ie[7]        15.0     452659.7650     4.8219   6.217E+02    62     0    634
3d5(2D)4d_3Sce[1]        3.0     453659.8030     4.7919   6.256E+02    62     0    635
3d5(2I)5s_1Ie[6]        13.0     453891.0830     4.7850   6.265E+02    63     0    636
3d5(2D)4d_1Pe[1]         3.0     454189.0420     4.7760   6.277E+02    63     0    637
3d5(2D)4d_3Gbe[3]        7.0     455284.0340     4.7432   6.320E+02    62     0    638
3d5(2D)4d_3Gbe[4]        9.0     455395.9390     4.7398   6.325E+02    62     0    639
3d5(2D)4d_3Gbe[5]       11.0     455517.1220     4.7362   6.330E+02    62     0    640
3d5(2D)5s_3De[3]         7.0     455869.9010     4.7256   6.344E+02    65     0    641
3d5(2D)5s_3De[2]         5.0     456061.3640     4.7199   6.352E+02    65     0    642
3d5(2D)5s_3De[1]         3.0     456708.4910     4.7005   6.378E+02    65     0    643
3d5(2S)4d_1Dbe[2]        5.0     456795.1220     4.6979   6.381E+02    63     0    644
3d5(2D)4d_1Ge[4]         9.0     456923.9960     4.6940   6.387E+02    63     0    645
3d5(2D)5s_1De[2]         5.0     457481.5900     4.6773   6.410E+02    63     0    646
3d5(2D)4d_3Fe[4]         9.0     457763.5110     4.6689   6.421E+02    59     0    647
3d5(2D)4d_3Fce[3]        7.0     458095.7980     4.6589   6.435E+02    65     0    648
3d5(2D)4d_3Fce[2]        5.0     458186.9110     4.6562   6.439E+02    65     0    649
3d5(2D)4d_3Dbe[3]        7.0     458325.2070     4.6520   6.444E+02    65     0    650
3d5(2D)4d_3Dbe[2]        5.0     458594.7110     4.6439   6.456E+02    65     0    651
3d5(2D)4d_3Dbe[1]        3.0     458766.2830     4.6388   6.463E+02    65     0    652
3d5(2F)5s_3Fe[4]         9.0     458865.7510     4.6358   6.467E+02    65     0    653
3d5(2F)5s_3Fe[3]         7.0     459224.9250     4.6251   6.482E+02    65     0    654
3d5(4F)5s_5Fe[5]        11.0     459403.1650     4.6197   6.489E+02    64     0    655
3d5(2H)4d_1Gbe[4]        9.0     459459.8180     4.6180   6.492E+02    63     0    656
3d5(4F)5s_5Fe[4]         9.0     459538.4210     4.6157   6.495E+02    64     0    657
3d5(4F)5s_5Fe[3]         7.0     459700.6960     4.6108   6.502E+02    64     0    658
3d5(4F)5s_5Fe[2]         5.0     459708.4040     4.6106   6.502E+02    64     0    659
3d5(4F)5s_5Fe[1]         3.0     459972.3020     4.6026   6.513E+02    64     0    660
3d5(2F)5s_3Fe[2]         5.0     460707.8840     4.5806   6.545E+02    65     0    661
3d5(2F)5s_1Fe[3]         7.0     460796.0640     4.5779   6.549E+02    66     0    662
3d5(4F)5s_3Fe[4]         9.0     461567.0050     4.5548   6.582E+02    65     0    663
3d5(4F)5s_3Fe[3]         7.0     461795.6630     4.5480   6.592E+02    65     0    664
3d5(4F)5s_3Fe[2]         5.0     462017.4950     4.5413   6.601E+02    65     0    665
3d5(2D)4d_3Pbe[0]        1.0     462096.5920     4.5390   6.605E+02    65     0    666
3d5(4G)5p_5Go[3]         7.0     462228.8820     4.5350   6.611E+02    67     0    667
3d5(4G)5p_5Go[2]         5.0     462245.9070     4.5345   6.611E+02    67     0    668
3d5(4G)5p_5Go[4]         9.0     462276.2330     4.5336   6.613E+02    67     0    669
3d5(2D)4d_3Pbe[1]        3.0     462331.6370     4.5319   6.615E+02    65     0    670
3d5(4G)5p_5Go[5]        11.0     462335.2360     4.5318   6.615E+02    67     0    671
3d5(4G)5p_5Go[6]        13.0     462426.6730     4.5291   6.619E+02    67     0    672
3d5(4G)5p_5Ho[3]         7.0     462575.2270     4.5246   6.626E+02    67     0    673
3d5(4G)5p_5Ho[4]         9.0     462802.1060     4.5178   6.636E+02    67     0    674
3d5(2D)4d_3Pe[2]         5.0     462917.3800     4.5144   6.641E+02    61     0    675
3d5(4G)5p_5Ho[5]        11.0     463004.5950     4.5117   6.645E+02    67     0    676
3d5(4G)5p_5Ho[6]        13.0     463238.1650     4.5047   6.655E+02    67     0    677
3d5(4G)5p_5Ho[7]        15.0     463321.7320     4.5022   6.659E+02    67     0    678
3d5(4G)5p_5Fo[5]        11.0     463485.0090     4.4973   6.666E+02    67     0    679
3d5(4G)5p_5Fo[4]         9.0     463681.0420     4.4915   6.675E+02    67     0    680
3d5(4G)5p_5Fo[3]         7.0     463800.3250     4.4879   6.680E+02    67     0    681
3d5(4G)5p_5Fo[2]         5.0     463890.1270     4.4852   6.684E+02    67     0    682
3d5(4G)5p_5Fo[1]         3.0     463965.2260     4.4829   6.687E+02    67     0    683
3d5(6S)5d_7De[1]         3.0     464339.4300     4.4717   6.704E+02    68     0    684
3d5(6S)5d_7De[2]         5.0     464356.7460     4.4712   6.705E+02    68     0    685
3d5(6S)5d_7De[3]         7.0     464383.2250     4.4704   6.706E+02    68     0    686
3d5(6S)5d_7De[4]         9.0     464419.5700     4.4693   6.708E+02    68     0    687
3d5(2H)5s_3He[4]         9.0     464432.3620     4.4689   6.708E+02    65     0    688
3d5(2H)5s_3He[5]        11.0     464446.6730     4.4685   6.709E+02    65     0    689
3d5(2G)4d_1Fe[3]         7.0     464456.9290     4.4682   6.709E+02    66     0    690
3d5(6S)5d_7De[5]        11.0     464466.9310     4.4679   6.710E+02    68     0    691
3d5(4G)5p_3Ho[6]        13.0     464562.4170     4.4650   6.714E+02    69     0    692
3d5(4G)5p_3Ho[5]        11.0     464696.9200     4.4610   6.720E+02    69     0    693
3d5(4G)5p_3Fo[2]         5.0     464717.3900     4.4604   6.721E+02    69     0    694
3d5(4G)5p_3Ho[4]         9.0     464723.8620     4.4602   6.722E+02    69     0    695
3d5(2G)4d_3Ie[5]        11.0     464840.0490     4.4567   6.727E+02    62     0    696
3d5(4G)5p_3Fo[3]         7.0     464843.9020     4.4566   6.727E+02    69     0    697
3d5(2G)4d_3Ibe[6]       13.0     464853.2940     4.4563   6.727E+02    65     0    698
3d5(2G)4d_3Ibe[7]       15.0     464921.6320     4.4543   6.730E+02    65     0    699
3d5(4G)5p_3Fo[4]         9.0     464932.3830     4.4539   6.731E+02    69     0    700
3d5(2H)5s_3He[6]        13.0     465171.0470     4.4468   6.742E+02    65     0    701
3d5(2H)5s_1He[5]        11.0     465292.6120     4.4431   6.747E+02    66     0    702
3d5(2G)5s_3Ge[3]         7.0     466103.6360     4.4188   6.784E+02    65     0    703
3d5(4G)5p_3Go[3]         7.0     466162.4300     4.4171   6.787E+02    69     0    704
3d5(2D)4d_1De[2]         5.0     466193.5470     4.4161   6.789E+02    66     0    705
3d5(4P)5p_5Do[2]         5.0     466214.0100     4.4155   6.790E+02    67     0    706
3d5(4G)5p_3Go[5]        11.0     466228.6830     4.4151   6.790E+02    69     0    707
3d5(4G)5p_3Go[4]         9.0     466240.2610     4.4147   6.791E+02    69     0    708
3d5(4P)5p_5Do[1]         3.0     466283.8830     4.4134   6.793E+02    67     0    709
3d5(2G)5s_3Ge[4]         9.0     466297.2230     4.4130   6.793E+02    65     0    710
3d5(4P)5p_5Do[3]         7.0     466337.3680     4.4118   6.795E+02    67     0    711
3d5(4P)5p_5Do[0]         1.0     466340.7950     4.4117   6.795E+02    67     0    712
3d5(2G)5s_3Ge[5]        11.0     466408.1710     4.4097   6.798E+02    65     0    713
3d5(4P)5p_5So[2]         5.0     466490.3460     4.4072   6.802E+02    67     0    714
3d5(4P)5p_5Do[4]         9.0     467187.3800     4.3863   6.835E+02    67     0    715
3d5(4P)5p_5Po[3]         7.0     467415.4530     4.3795   6.845E+02    67     0    716
3d5(2G)4d_1Hce[5]       11.0     467437.0580     4.3789   6.846E+02    66     0    717
3d5(2D)4d_1Fce[3]        7.0     467439.6890     4.3788   6.846E+02    66     0    718
3d5(4P)5p_5Po[1]         3.0     467466.3190     4.3780   6.848E+02    67     0    719
3d5(4P)5p_5Po[2]         5.0     467479.6740     4.3776   6.848E+02    67     0    720
3d5(2G)4d_3Hbe[4]        9.0     467553.0250     4.3754   6.852E+02    65     0    721
3d5(2G)4d_3Hbe[5]       11.0     467640.7900     4.3727   6.856E+02    65     0    722
3d5(2G)4d_3Hbe[6]       13.0     467672.3590     4.3718   6.857E+02    65     0    723
3d5(2G)5s_1Ge[4]         9.0     467747.1320     4.3696   6.861E+02    66     0    724
3d5(2G)4d_3Gce[5]       11.0     468124.3740     4.3583   6.879E+02    65     0    725
3d5(2G)4d_3Gce[4]        9.0     468205.8620     4.3558   6.883E+02    65     0    726
3d5(4P)5p_3Po[2]         5.0     468257.0070     4.3543   6.885E+02    69     0    727
3d5(2G)4d_3Gbe[3]        7.0     468438.8970     4.3488   6.894E+02    65     0    728
3d5(4P)5p_3Po[1]         3.0     468688.1110     4.3414   6.906E+02    69     0    729
3d5(4P)5p_3Po[0]         1.0     468990.9000     4.3323   6.920E+02    69     0    730
3d5(4P)5p_3Do[3]         7.0     469053.9420     4.3304   6.923E+02    69     0    731
3d5(4P)5p_3Do[2]         5.0     469324.0340     4.3223   6.936E+02    69     0    732
3d5(4P)5p_3Do[1]         3.0     469494.0820     4.3172   6.944E+02    69     0    733
3d5(2G)4d_3Dbe[1]        3.0     469558.9000     4.3152   6.947E+02    65     0    734
3d5(2G)4d_3Dbe[2]        5.0     469622.8930     4.3133   6.950E+02    65     0    735
3d5(2G)4d_3Dbe[3]        7.0     469689.1920     4.3113   6.954E+02    65     0    736
3d5(6S)5d_5De[4]         9.0     469789.0830     4.3083   6.958E+02    70     0    737
3d5(6S)5d_5De[3]         7.0     469819.0610     4.3074   6.960E+02    70     0    738
3d5(6S)5d_5De[2]         5.0     469844.7440     4.3067   6.961E+02    70     0    739
3d5(6S)5d_5De[1]         3.0     469863.7570     4.3061   6.962E+02    70     0    740
3d5(6S)5d_5De[0]         1.0     469872.6950     4.3058   6.962E+02    70     0    741
3d5(2D)4d_1Sbe[0]        1.0     470005.7860     4.3018   6.969E+02    66     0    742
3d5(4P)5p_3So[1]         3.0     470554.3110     4.2854   6.996E+02    69     0    743
3d5(2F)5s_3Fbe[2]        5.0     471031.6760     4.2711   7.019E+02    65     0    744
3d5(2F)5s_3Fbe[3]        7.0     471053.6020     4.2704   7.020E+02    65     0    745
3d5(4D)5p_5Fo[1]         3.0     471090.9640     4.2693   7.022E+02    67     0    746
3d5(2F)5s_3Fbe[4]        9.0     471095.2590     4.2692   7.022E+02    65     0    747
3d5(4D)5p_5Fo[2]         5.0     471259.9950     4.2642   7.030E+02    67     0    748
3d5(4D)5p_5Do[3]         7.0     471270.0310     4.2639   7.031E+02    67     0    749
3d5(4D)5p_5Fo[4]         9.0     471304.9880     4.2629   7.033E+02    67     0    750
3d5(4D)5p_5Fo[3]         7.0     471483.6560     4.2575   7.041E+02    67     0    751
3d5(4D)5p_5Fo[5]        11.0     471621.0900     4.2534   7.048E+02    67     0    752
3d5(4D)5p_5Po[2]         5.0     471636.6120     4.2530   7.049E+02    67     0    753
3d5(2G)4d_1Ibe[6]       13.0     471789.0450     4.2484   7.057E+02    66     0    754
3d5(4D)5p_5Do[4]         9.0     471843.5080     4.2468   7.059E+02    67     0    755
3d5(4D)5p_5Po[1]         3.0     471849.7750     4.2466   7.060E+02    67     0    756
3d5(2F)5s_1Fbe[3]        7.0     472218.9680     4.2355   7.078E+02    66     0    757
3d5(4D)5p_5Do[0]         1.0     472245.4250     4.2347   7.079E+02    67     0    758
3d5(4D)5p_5Do[1]         3.0     472413.3200     4.2297   7.088E+02    67     0    759
3d5(4D)5p_5Do[2]         5.0     472616.6940     4.2236   7.098E+02    67     0    760
3d5(4D)5p_5Po[3]         7.0     472690.3320     4.2214   7.102E+02    67     0    761
3d5(4D)5p_3Do[3]         7.0     473250.5670     4.2046   7.130E+02    69     0    762
3d5(4D)5p_3Fo[4]         9.0     473564.7430     4.1952   7.146E+02    69     0    763
3d5(4D)5p_3Do[2]         5.0     473612.3830     4.1937   7.149E+02    69     0    764
3d5(4D)5p_3Do[1]         3.0     473859.3410     4.1863   7.161E+02    69     0    765
3d5(4D)5p_3Fo[3]         7.0     473984.1130     4.1826   7.168E+02    69     0    766
3d5(4D)5p_3Fo[2]         5.0     474035.9430     4.1810   7.170E+02    69     0    767
3d5(4D)5p_3Po[0]         1.0     474181.8360     4.1767   7.178E+02    69     0    768
3d5(4D)5p_3Po[1]         3.0     474671.9160     4.1620   7.203E+02    69     0    769
3d5(2G)4d_3Fe[2]         5.0     474703.5990     4.1610   7.205E+02    65     0    770
3d5(2G)4d_3Fbe[4]        9.0     474850.8460     4.1566   7.212E+02    71     0    771
3d5(2G)4d_3Fe[3]         7.0     474854.2780     4.1565   7.213E+02    65     0    772
3d5(4D)5p_3Po[2]         5.0     474986.6650     4.1525   7.220E+02    69     0    773
3d5(2G)4d_1Dbe[2]        5.0     475683.8000     4.1316   7.256E+02    66     0    774
3d4(3P)4s2_3Pe[0]        1.0     478038.6210     4.0610   7.382E+02    71     0    775
3d5(2S)5s_3Se[1]         3.0     478385.6720     4.0506   7.401E+02    71     0    776
3d5(6S)6s_7Se[3]         7.0     478578.4100     4.0448   7.412E+02    68     0    777
3d4(3H)4s2_3He[4]        9.0     479499.0190     4.0172   7.463E+02    71     0    778
3d5(4G)4f_5Io[4]         9.0     479510.0380     4.0169   7.463E+02    67     0    779
3d5(2S)5s_1Se[0]         1.0     479543.6410     4.0159   7.465E+02    66     0    780
3d5(4G)4f_5Io[5]        11.0     479569.1910     4.0151   7.467E+02    67     0    781
3d4(3P)4s2_3Pe[1]        3.0     479593.3210     4.0144   7.468E+02    71     0    782
3d5(4G)4f_5Io[6]        13.0     479623.8720     4.0135   7.470E+02    67     0    783
3d5(4G)4f_5Io[7]        15.0     479660.3030     4.0124   7.472E+02    67     0    784
3d5(4G)4f_5Io[8]        17.0     479675.9920     4.0119   7.473E+02    67     0    785
3d5(4G)4f_5Ho[3]         7.0     479743.3950     4.0099   7.476E+02    67     0    786
3d5(4G)4f_5Ho[4]         9.0     479771.6930     4.0091   7.478E+02    67     0    787
3d5(4G)4f_5Ko[5]        11.0     479784.0890     4.0087   7.479E+02    67     0    788
3d5(4G)4f_5Go[2]         5.0     479808.3860     4.0080   7.480E+02    67     0    789
3d5(4G)4f_5Ho[5]        11.0     479809.2980     4.0079   7.480E+02    67     0    790
3d5(4G)4f_5Go[6]        13.0     479836.3540     4.0071   7.481E+02    67     0    791
3d5(4G)4f_5Ko[6]        13.0     479842.2180     4.0070   7.482E+02    67     0    792
3d5(4G)4f_5Go[3]         7.0     479850.6250     4.0067   7.482E+02    67     0    793
3d5(4G)4f_5Ho[6]        13.0     479868.4830     4.0062   7.483E+02    67     0    794
3d5(4G)4f_5Ho[7]        15.0     479871.7810     4.0061   7.483E+02    67     0    795
3d5(4G)4f_5Go[4]         9.0     479877.5400     4.0059   7.484E+02    67     0    796
3d5(4G)4f_5Go[5]        11.0     479881.0370     4.0058   7.484E+02    67     0    797
3d5(4G)4f_5Ko[9]        19.0     479888.8250     4.0056   7.484E+02    67     0    798
3d5(4G)4f_5Ko[7]        15.0     479892.3000     4.0055   7.485E+02    67     0    799
3d5(4G)4f_5Ko[8]        17.0     479915.3820     4.0048   7.486E+02    67     0    800
3d5(6S)6s_5Se[2]         5.0     479976.3740     4.0029   7.489E+02    70     0    801
3d5(4G)4f_5Fo[5]        11.0     480091.1480     3.9995   7.496E+02    67     0    802
3d5(4G)4f_5Fo[1]         3.0     480096.4190     3.9993   7.496E+02    67     0    803
3d4(3H)4s2_3He[5]       11.0     480097.8630     3.9993   7.496E+02    71     0    804
3d5(4G)4f_5Fo[4]         9.0     480098.8150     3.9993   7.496E+02    67     0    805
3d5(4G)4f_5Fo[2]         5.0     480104.5880     3.9991   7.497E+02    67     0    806
3d5(4G)4f_5Fo[3]         7.0     480106.9240     3.9990   7.497E+02    67     0    807
3d5(4G)4f_3Ko[6]        13.0     480262.4080     3.9944   7.505E+02    69     0    808
3d5(4G)4f_3Ko[7]        15.0     480338.5660     3.9921   7.510E+02    69     0    809
3d5(4G)4f_3Ko[8]        17.0     480339.8230     3.9920   7.510E+02    69     0    810
3d5(4G)4f_3Po[0]         1.0     480668.8780     3.9822   7.528E+02    69     0    811
3d5(4G)4f_3Po[2]         5.0     480685.5840     3.9817   7.529E+02    69     0    812
3d5(4G)4f_3Po[1]         3.0     480714.5170     3.9808   7.531E+02    69     0    813
3d4(3H)4s2_3He[6]       13.0     480724.5810     3.9805   7.532E+02    71     0    814
3d5(4G)4f_5Do[3]         7.0     480772.2860     3.9791   7.534E+02    67     0    815
3d5(4G)4f_5Do[4]         9.0     480775.6040     3.9790   7.534E+02    67     0    816
3d5(4G)4f_5Do[2]         5.0     480784.7210     3.9787   7.535E+02    67     0    817
3d5(4G)4f_5Do[1]         3.0     480815.3890     3.9778   7.537E+02    67     0    818
3d5(4G)4f_5Do[0]         1.0     480830.3780     3.9773   7.538E+02    67     0    819
3d5(4G)4f_3Do[3]         7.0     481083.1060     3.9698   7.552E+02    69     0    820
3d5(4G)4f_3Do[2]         5.0     481176.8270     3.9669   7.557E+02    69     0    821
3d5(4G)4f_3Do[1]         3.0     481225.7380     3.9655   7.560E+02    69     0    822
3d5(4G)4f_3Ho[4]         9.0     481368.1310     3.9612   7.568E+02    69     0    823
3d5(4G)4f_3Fo[4]         9.0     481447.3770     3.9588   7.573E+02    69     0    824
3d5(4G)4f_3Ho[5]        11.0     481454.0940     3.9586   7.573E+02    69     0    825
3d5(4G)4f_3Fo[3]         7.0     481464.3930     3.9583   7.574E+02    69     0    826
3d5(4G)4f_3Ho[6]        13.0     481506.5010     3.9571   7.576E+02    69     0    827
3d5(4G)4f_3Fo[2]         5.0     481514.5270     3.9568   7.577E+02    69     0    828
3d5(4G)4f_3Go[3]         7.0     481561.2130     3.9554   7.579E+02    69     0    829
3d5(4G)4f_3Io[5]        11.0     481576.2570     3.9550   7.580E+02    69     0    830
3d5(4G)4f_3Go[4]         9.0     481578.3720     3.9549   7.580E+02    69     0    831
3d5(4G)4f_3Go[5]        11.0     481600.4720     3.9542   7.582E+02    69     0    832
3d5(4G)4f_5Po[1]         3.0     481645.8240     3.9529   7.584E+02    67     0    833
3d5(4G)4f_3Io[6]        13.0     481651.8580     3.9527   7.584E+02    69     0    834
3d5(4G)4f_5Po[2]         5.0     481673.4590     3.9521   7.586E+02    67     0    835
3d5(4G)4f_5Po[3]         7.0     481683.6120     3.9518   7.586E+02    67     0    836
3d5(4G)4f_3Io[7]        15.0     481738.5380     3.9501   7.589E+02    69     0    837
3d5(2I)5p_3Ko[6]        13.0     481883.3790     3.9458   7.598E+02    69     0    838
3d4(3P)4s2_3Pe[2]        5.0     482142.4840     3.9380   7.613E+02    71     0    839
3d5(2I)5p_3Ko[7]        15.0     482156.1910     3.9376   7.614E+02    69     0    840
3d4(3F)4s2_3Fe[2]        5.0     482226.8040     3.9355   7.618E+02    71     0    841
3d5(2I)5p_3Io[5]        11.0     482272.2550     3.9341   7.620E+02    69     0    842
3d4(3F)4s2_3Fe[3]        7.0     482334.8420     3.9322   7.624E+02    71     0    843
3d4(3F)4s2_3Fe[4]        9.0     482607.9600     3.9240   7.640E+02    71     0    844
3d5(2I)5p_3Io[6]        13.0     482686.1460     3.9217   7.644E+02    69     0    845
3d5(2I)5p_3Ko[8]        17.0     482926.9890     3.9145   7.659E+02    69     0    846
3d5(2I)5p_3Io[7]        15.0     483030.0120     3.9114   7.665E+02    69     0    847
3d5(2I)5p_1Ko[7]        15.0     483313.4530     3.9029   7.681E+02    72     0    848
3d5(2I)5p_3Ho[6]        13.0     483346.6080     3.9019   7.683E+02    69     0    849
3d5(2G)4d_1Ge[4]         9.0     483436.8800     3.8992   7.689E+02    66     0    850
3d5(2I)5p_3Ho[5]        11.0     483443.5640     3.8990   7.689E+02    69     0    851
3d5(4P)4f_5Go[3]         7.0     483477.5590     3.8980   7.691E+02    67     0    852
3d5(4P)4f_5Go[2]         5.0     483490.9700     3.8976   7.692E+02    67     0    853
3d5(4P)4f_5Go[4]         9.0     483492.8620     3.8975   7.692E+02    67     0    854
3d5(4P)4f_5Do[4]         9.0     483611.4260     3.8940   7.699E+02    67     0    855
3d5(4P)4f_5Go[5]        11.0     483636.0520     3.8932   7.700E+02    67     0    856
3d5(2I)5p_3Ho[4]         9.0     483671.7850     3.8922   7.702E+02    69     0    857
3d5(4P)4f_5Do[3]         7.0     483741.7720     3.8901   7.707E+02    67     0    858
3d5(4P)4f_5Go[6]        13.0     483819.0280     3.8877   7.711E+02    67     0    859
3d5(4P)4f_5Do[2]         5.0     483889.2510     3.8856   7.715E+02    67     0    860
3d5(2I)5p_1Ho[5]        11.0     483989.1250     3.8826   7.721E+02    72     0    861
3d5(4P)4f_5Do[1]         3.0     484033.8710     3.8813   7.724E+02    67     0    862
3d5(4P)4f_5Do[0]         1.0     484146.8510     3.8779   7.731E+02    67     0    863
3d5(4P)4f_3Fo[4]         9.0     484223.6400     3.8756   7.735E+02    69     0    864
3d5(4P)4f_5Fo[1]         3.0     484434.0730     3.8693   7.748E+02    67     0    865
3d5(4P)4f_5Fo[5]        11.0     484475.5790     3.8681   7.750E+02    67     0    866
3d5(4P)4f_5Fo[2]         5.0     484518.3810     3.8668   7.753E+02    67     0    867
3d5(4P)4f_5Fo[3]         7.0     484571.2740     3.8652   7.756E+02    67     0    868
3d5(4P)4f_5Fo[4]         9.0     484587.0270     3.8647   7.757E+02    67     0    869
3d5(4P)4f_3Fo[3]         7.0     484669.6440     3.8622   7.762E+02    69     0    870
3d5(2I)5p_1Io[6]        13.0     484811.6330     3.8580   7.771E+02    72     0    871
3d5(2F)5p_3Fo[2]         5.0     484948.9450     3.8539   7.779E+02    73     0    872
3d5(2D)5p_3Fo[3]         7.0     485097.2850     3.8494   7.788E+02    69     0    873
3d5(4P)4f_3Fo[2]         5.0     485097.7590     3.8494   7.788E+02    69     0    874
3d5(4P)4f_3Go[5]        11.0     485339.0400     3.8422   7.803E+02    69     0    875
3d5(4P)4f_3Go[4]         9.0     485364.1190     3.8414   7.804E+02    69     0    876
3d5(4P)4f_3Go[3]         7.0     485394.4760     3.8405   7.806E+02    69     0    877
3d5(4P)4f_3Do[3]         7.0     485510.6170     3.8370   7.813E+02    69     0    878
3d5(4P)4f_3Do[2]         5.0     485593.7290     3.8345   7.818E+02    69     0    879
3d5(4P)4f_3Do[1]         3.0     485818.5490     3.8278   7.832E+02    69     0    880
3d5(2D)5p_3Fo[2]         5.0     485918.7440     3.8248   7.838E+02    69     0    881
3d5(2D)5p_3Fo[4]         9.0     486022.7980     3.8217   7.845E+02    69     0    882
3d5(2P)4d_1Pe[1]         3.0     486118.2610     3.8188   7.850E+02    74     0    883
3d4(3G)4s2_3Ge[3]        7.0     486169.9620     3.8173   7.854E+02    71     0    884
3d5(2D)5p_3Do[3]         7.0     486480.9480     3.8079   7.873E+02    69     0    885
3d5(2D)5p_1Do[2]         5.0     486483.8300     3.8078   7.873E+02    72     0    886
3d5(2D)5p_3Po[1]         3.0     486497.2780     3.8074   7.874E+02    69     0    887
3d4(3G)4s2_3Ge[4]        9.0     486798.1190     3.7984   7.893E+02    71     0    888
3d5(2P)4d_3De[1]         3.0     486866.8870     3.7964   7.897E+02    71     0    889
3d5(2P)4d_3De[2]         5.0     487093.3710     3.7896   7.911E+02    71     0    890
3d5(2D)5p_3Do[1]         3.0     487106.9420     3.7892   7.912E+02    69     0    891
3d5(2D)5p_3Po[0]         1.0     487249.9900     3.7849   7.921E+02    69     0    892
3d4(3G)4s2_3Ge[5]       11.0     487298.6970     3.7834   7.924E+02    71     0    893
3d5(2D)5p_3Do[2]         5.0     487402.4360     3.7803   7.930E+02    69     0    894
3d5(2P)4d_3De[3]         7.0     487410.7780     3.7801   7.931E+02    71     0    895
3d5(2D)5p_1Fo[3]         7.0     487451.8050     3.7788   7.933E+02    72     0    896
3d5(2D)5s_3Dbe[1]        3.0     487928.7450     3.7645   7.964E+02    71     0    897
3d5(2D)5p_1Po[1]         3.0     487951.1140     3.7639   7.965E+02    72     0    898
3d5(2D)5s_3Dbe[2]        5.0     487974.3580     3.7632   7.966E+02    71     0    899
3d5(2D)5s_3Dbe[3]        7.0     488058.9540     3.7606   7.972E+02    71     0    900
3d5(4D)4f_5Ho[7]        15.0     488176.6410     3.7571   7.979E+02    75     0    901
3d5(2F)5p_3Fo[4]         9.0     488221.7290     3.7557   7.982E+02    73     0    902
3d5(4D)4f_5Go[6]        13.0     488284.6030     3.7539   7.986E+02    75     0    903
3d5(4D)4f_5Ho[3]         7.0     488324.3510     3.7527   7.989E+02    75     0    904
3d5(4D)4f_5Ho[6]        13.0     488385.2420     3.7508   7.993E+02    75     0    905
3d5(4D)4f_5Ho[4]         9.0     488385.5270     3.7508   7.993E+02    75     0    906
3d5(4D)4f_5Ho[5]        11.0     488412.6080     3.7500   7.994E+02    75     0    907
3d5(4D)4f_5Go[5]        11.0     488502.4170     3.7473   8.000E+02    75     0    908
3d5(4D)4f_5Po[1]         3.0     488529.5730     3.7465   8.002E+02    75     0    909
3d5(2F)5p_3Do[3]         7.0     488538.7800     3.7462   8.002E+02    73     0    910
3d5(4D)4f_5Po[3]         7.0     488592.6830     3.7446   8.006E+02    75     0    911
3d5(4D)4f_5Po[2]         5.0     488623.7870     3.7437   8.008E+02    75     0    912
3d5(4D)4f_5Go[4]         9.0     488669.7130     3.7423   8.011E+02    75     0    913
3d5(4D)4f_5Do[2]         5.0     488702.7280     3.7413   8.013E+02    75     0    914
3d5(4D)4f_5Do[0]         1.0     488709.5560     3.7411   8.013E+02    75     0    915
3d5(4D)4f_5Do[1]         3.0     488715.5390     3.7409   8.014E+02    75     0    916
3d5(4D)4f_5Do[3]         7.0     488750.8400     3.7399   8.016E+02    75     0    917
3d5(4D)4f_5Go[2]         5.0     488968.6170     3.7334   8.030E+02    75     0    918
3d5(4D)4f_5Fo[4]         9.0     488977.6900     3.7331   8.031E+02    75     0    919
3d5(4D)4f_5Go[3]         7.0     488986.5780     3.7328   8.031E+02    75     0    920
3d5(2F)5p_3Go[5]        11.0     488998.1240     3.7325   8.032E+02    73     0    921
3d5(4D)4f_5Fo[5]        11.0     489045.2430     3.7311   8.035E+02    75     0    922
3d5(2F)5p_3Fbo[4]        9.0     489046.0270     3.7310   8.035E+02    73     0    923
3d5(2D)5s_1Dbe[2]        5.0     489102.7960     3.7293   8.039E+02    74     0    924
3d5(4F)5p_5Fo[4]         9.0     489205.8320     3.7262   8.045E+02    75     0    925
3d5(4D)4f_5Gbo[2]        5.0     489229.3930     3.7255   8.047E+02    75     0    926
3d5(4F)5p_5Go[3]         7.0     489232.0320     3.7255   8.047E+02    75     0    927
3d5(4D)4f_5Fo[3]         7.0     489290.0700     3.7237   8.051E+02    75     0    928
3d5(4D)4f_5Fo[2]         5.0     489350.4160     3.7219   8.055E+02    75     0    929
3d5(4F)5p_5Fo[5]        11.0     489360.9540     3.7216   8.055E+02    75     0    930
3d5(4D)4f_5Fo[1]         3.0     489390.3750     3.7207   8.057E+02    75     0    931
3d5(4D)4f_5Do[4]         9.0     489393.4500     3.7206   8.058E+02    75     0    932
3d5(4F)5p_5Fo[3]         7.0     489458.4690     3.7187   8.062E+02    75     0    933
3d5(4F)5p_5Go[4]         9.0     489504.8890     3.7173   8.065E+02    75     0    934
3d5(4D)4f_3Go[5]        11.0     489518.2060     3.7169   8.066E+02    73     0    935
3d5(4D)4f_3Go[4]         9.0     489556.6740     3.7157   8.068E+02    73     0    936
3d5(4F)5p_5Fo[2]         5.0     489675.0500     3.7122   8.076E+02    75     0    937
3d5(4D)4f_3Fo[2]         5.0     489680.6680     3.7120   8.076E+02    73     0    938
3d5(4F)5p_5Go[6]        13.0     489703.3930     3.7113   8.078E+02    75     0    939
3d5(4D)4f_3Go[3]         7.0     489705.4250     3.7113   8.078E+02    73     0    940
3d5(4D)4f_3Po[2]         5.0     489771.1980     3.7093   8.082E+02    73     0    941
3d5(4D)4f_3Ho[6]        13.0     489786.0340     3.7089   8.083E+02    73     0    942
3d5(4D)4f_3Po[0]         1.0     489800.9610     3.7084   8.084E+02    73     0    943
3d5(4F)5p_5Fbo[5]       11.0     489826.4980     3.7076   8.086E+02    75     0    944
3d5(4D)4f_3Po[1]         3.0     489887.1520     3.7058   8.090E+02    73     0    945
3d5(4D)4f_3Ho[4]         9.0     489927.5030     3.7046   8.092E+02    73     0    946
3d5(4F)5p_5Fo[1]         3.0     489928.6930     3.7046   8.092E+02    75     0    947
3d5(2F)5p_3Fo[3]         7.0     489988.7160     3.7028   8.096E+02    73     0    948
3d5(4D)4f_3Ho[5]        11.0     490012.1680     3.7021   8.098E+02    73     0    949
3d5(4D)4f_3Pbo[2]        5.0     490014.1350     3.7020   8.098E+02    73     0    950
3d5(4D)4f_3Fo[3]         7.0     490210.6750     3.6961   8.111E+02    73     0    951
3d5(4F)5p_5Do[4]         9.0     490247.3430     3.6950   8.113E+02    75     0    952
3d5(2F)5p_3Go[3]         7.0     490341.6250     3.6922   8.120E+02    73     0    953
3d5(4D)4f_3Do[1]         3.0     490442.1770     3.6892   8.126E+02    73     0    954
3d5(4F)5p_5Do[2]         5.0     490443.3040     3.6891   8.126E+02    75     0    955
3d5(4D)4f_3Fo[4]         9.0     490467.3700     3.6884   8.128E+02    73     0    956
3d5(4D)4f_3Do[2]         5.0     490561.7050     3.6856   8.134E+02    73     0    957
3d5(2P)4d_3Fe[3]         7.0     490570.4790     3.6853   8.135E+02    71     0    958
3d5(2P)4d_3Fe[2]         5.0     490627.8630     3.6836   8.139E+02    71     0    959
3d5(4F)5p_5Do[3]         7.0     490713.5860     3.6810   8.144E+02    75     0    960
3d5(4F)5p_5Do[1]         3.0     490754.1910     3.6798   8.147E+02    75     0    961
3d5(4F)5p_5Do[0]         1.0     490838.7080     3.6773   8.153E+02    75     0    962
3d5(4D)4f_3Do[3]         7.0     490861.4840     3.6766   8.154E+02    73     0    963
3d5(2P)4d_3Fe[4]         9.0     490876.7830     3.6762   8.155E+02    71     0    964
3d5(2F)5p_1Do[2]         5.0     490950.5270     3.6739   8.160E+02    72     0    965
3d5(2F)5p_1Go[4]         9.0     490952.9070     3.6739   8.160E+02    72     0    966
3d5(2F)5p_3Do[2]         5.0     491165.7420     3.6675   8.174E+02    73     0    967
3d5(4F)5p_3Do[1]         3.0     491221.8120     3.6658   8.178E+02    73     0    968
3d5(4F)5p_3Go[5]        11.0     491325.9460     3.6627   8.185E+02    73     0    969
3d5(2P)4d_1Fe[3]         7.0     491331.5060     3.6625   8.185E+02    74     0    970
3d5(2F)5p_1Fo[3]         7.0     491465.8230     3.6585   8.194E+02    72     0    971
3d5(4F)5p_3Go[4]         9.0     491633.2730     3.6535   8.206E+02    73     0    972
3d5(4F)5p_3Go[3]         7.0     491950.0530     3.6440   8.227E+02    73     0    973
3d5(4F)5p_3Fo[4]         9.0     492117.0440     3.6390   8.238E+02    73     0    974
3d5(4F)5p_3Do[3]         7.0     492170.4790     3.6374   8.242E+02    73     0    975
3d5(4F)5p_3Do[2]         5.0     492326.2100     3.6327   8.253E+02    73     0    976
3d5(4F)5p_3Fo[3]         7.0     492572.2380     3.6253   8.269E+02    73     0    977
3d5(4F)5p_3Fo[2]         5.0     492650.7240     3.6230   8.275E+02    73     0    978
3d5(4F)5p_3Dbo[1]        3.0     492759.8790     3.6197   8.282E+02    73     0    979
3d5(2P)4d_3Pe[0]         1.0     493089.2130     3.6098   8.305E+02    71     0    980
3d5(2P)4d_3Pe[1]         3.0     493182.0190     3.6070   8.311E+02    71     0    981
3d5(2H)5p_3Io[5]        11.0     493415.1500     3.6001   8.327E+02    73     0    982
3d5(2H)5p_3Ho[4]         9.0     493521.9350     3.5969   8.335E+02    73     0    983
3d5(2P)4d_3Pe[2]         5.0     493549.8290     3.5960   8.337E+02    71     0    984
3d5(6S)6p_7Po[2]         5.0     493672.0890     3.5924   8.345E+02    76     0    985
3d5(6S)6p_7Po[3]         7.0     493811.3020     3.5882   8.355E+02    76     0    986
3d5(6S)6p_7Po[4]         9.0     494057.7550     3.5808   8.372E+02    76     0    987
3d5(2H)5p_3Io[6]        13.0     494118.2330     3.5790   8.376E+02    73     0    988
3d5(2H)5p_3Go[4]         9.0     494279.8770     3.5741   8.388E+02    73     0    989
3d5(2H)5p_3Go[5]        11.0     494425.1820     3.5698   8.398E+02    73     0    990
3d5(2H)5p_3Ho[5]        11.0     494612.6570     3.5642   8.411E+02    73     0    991
3d5(2H)5p_3Go[3]         7.0     494680.5030     3.5621   8.416E+02    73     0    992
3d4(3D)4s2_3De[3]        7.0     495065.8610     3.5506   8.444E+02    71     0    993
3d5(2H)5p_3Gbo[4]        9.0     495212.9760     3.5462   8.454E+02    73     0    994
3d5(2H)5p_3Ibo[6]       13.0     495230.1210     3.5456   8.455E+02    73     0    995
3d4(3D)4s2_3De[2]        5.0     495241.7650     3.5453   8.456E+02    71     0    996
3d5(2H)5p_3Io[7]        15.0     495288.2570     3.5439   8.459E+02    73     0    997
3d5(2H)5p_1Io[6]        13.0     495332.4570     3.5426   8.463E+02    72     0    998
3d5(6S)6p_5Po[3]         7.0     495342.8520     3.5423   8.463E+02    75     0    999
3d4(1I)4s2_1Ie[6]       13.0     495389.7600     3.5409   8.467E+02    74     0   1000
