********************************************************************************
                                                                                
                 LS supel level assignments for SI                   
                                                                                
                             g        E(cm^-1)    10^15 Hz     eV       Lam(A)  
********************************************************************************
                                                                                
17-Oct-2000                                      !Format date                   
24-Nov-2011                            !Date
477                                    !Number of energy levels
6                                      !Entry number of link to super level
  
3s2_3p4_3Pe[2]               5.0          0.0000     2.5050   1.197E+03     1     0      1
3s2_3p4_3Pe[1]               3.0        396.0550     2.4932   1.202E+03     1     0      2
3s2_3p4_3Pe[0]               1.0        573.6400     2.4878   1.205E+03     1     0      3
3s2_3p4_1De[2]               5.0       9238.6090     2.2281   1.346E+03     2     0      4
3s2_3p4_1Se[0]               1.0      22179.9540     1.8401   1.629E+03     3     0      5
3s2_3p3(4S)4s_5So[2]         5.0      52623.6400     0.9274   3.233E+03     4     0      6
3s2_3p3(4S)4s_3So[1]         3.0      55330.8110     0.8463   3.543E+03     5     0      7
3s2_3p3(4S)4p_5Pe[1]         3.0      63446.0650     0.6030   4.972E+03     6     0      8
3s2_3p3(4S)4p_5Pe[2]         5.0      63457.1420     0.6026   4.975E+03     6     0      9
3s2_3p3(4S)4p_5Pe[3]         7.0      63475.0510     0.6021   4.979E+03     6     0     10
3s2_3p3(4S)4p_3Pe[1]         3.0      64888.9640     0.5597   5.356E+03     7     0     11
3s2_3p3(4S)4p_3Pe[0]         1.0      64891.3860     0.5596   5.357E+03     7     0     12
3s2_3p3(4S)4p_3Pe[2]         5.0      64892.5820     0.5596   5.357E+03     7     0     13
3s2_3p3(2D)4s_3Do[1]         3.0      67816.3510     0.4720   6.352E+03     8     0     14
3s2_3p3(2D)4s_3Do[2]         5.0      67825.1880     0.4717   6.356E+03     8     0     15
3s2_3p3(2D)4s_3Do[3]         7.0      67842.8670     0.4712   6.363E+03     8     0     16
3s2_3p3(4S)3d_5Do[4]         9.0      67877.6350     0.4701   6.377E+03     9     0     17
3s2_3p3(4S)3d_5Do[0]         1.0      67884.1580     0.4699   6.380E+03     9     0     18
3s2_3p3(4S)3d_5Do[1]         3.0      67885.5350     0.4699   6.380E+03     9     0     19
3s2_3p3(4S)3d_5Do[2]         5.0      67887.8050     0.4698   6.381E+03     9     0     20
3s2_3p3(4S)3d_5Do[3]         7.0      67890.0160     0.4697   6.382E+03     9     0     21
3s2_3p3(2D)4s_1Do[2]         5.0      69237.8860     0.4293   6.983E+03    10     0     22
3s2_3p3(4S)3d_3Do[1]         3.0      70164.6580     0.4016   7.466E+03    11     0     23
3s2_3p3(4S)3d_3Do[2]         5.0      70166.1950     0.4015   7.467E+03    11     0     24
3s2_3p3(4S)3d_3Do[3]         7.0      70173.9680     0.4013   7.471E+03    11     0     25
3s2_3p3(4S)5s_5So[2]         5.0      70702.7900     0.3854   7.778E+03    12     0     26
3s2_3p3(4S)5s_3So[1]         3.0      71351.3990     0.3660   8.192E+03    13     0     27
3s_3p5_3Po[2]                5.0      72023.4950     0.3458   8.669E+03    14     0     28
3s_3p5_3Po[1]                3.0      72382.3280     0.3351   8.947E+03    14     0     29
3s_3p5_3Po[0]                1.0      72571.6300     0.3294   9.101E+03    14     0     30
3s2_3p3(4S)5p_5Pe[1]         3.0      73911.2590     0.2892   1.037E+04    15     0     31
3s2_3p3(4S)5p_5Pe[2]         5.0      73914.9280     0.2891   1.037E+04    15     0     32
3s2_3p3(4S)5p_5Pe[3]         7.0      73920.9610     0.2889   1.038E+04    15     0     33
3s2_3p3(4S)5p_3Pe[2]         5.0      74268.5470     0.2785   1.076E+04    16     0     34
3s2_3p3(4S)5p_3Pe[1]         3.0      74269.6000     0.2785   1.076E+04    16     0     35
3s2_3p3(4S)5p_3Pe[0]         1.0      74271.6510     0.2784   1.077E+04    16     0     36
3s2_3p3(4S)4d_5Do[4]         9.0      74973.1400     0.2574   1.165E+04    17     0     37
3s2_3p3(4S)4d_5Do[3]         7.0      74974.1000     0.2574   1.165E+04    17     0     38
3s2_3p3(4S)4d_5Do[2]         5.0      74975.1900     0.2573   1.165E+04    17     0     39
3s2_3p3(4S)4d_5Do[1]         3.0      74976.0600     0.2573   1.165E+04    17     0     40
3s2_3p3(4S)4d_5Do[0]         1.0      74976.6100     0.2573   1.165E+04    17     0     41
3s2_3p3(4S)4d_3Do[1]         3.0      75951.9500     0.2281   1.315E+04    18     0     42
3s2_3p3(4S)4d_3Do[2]         5.0      75952.3500     0.2280   1.315E+04    18     0     43
3s2_3p3(4S)4d_3Do[3]         7.0      75956.5300     0.2279   1.315E+04    18     0     44
3s2_3p3(4S)6s_5So[2]         5.0      76464.0600     0.2127   1.409E+04    19     0     45
3s2_3p3(4S)4f_5Fe[4]         9.0      76654.7670     0.2070   1.448E+04    20     0     46
3s2_3p3(4S)4f_5Fe[5]        11.0      76654.7690     0.2070   1.448E+04    20     0     47
3s2_3p3(4S)4f_5Fe[3]         7.0      76654.7940     0.2070   1.448E+04    20     0     48
3s2_3p3(4S)4f_5Fe[2]         5.0      76654.8110     0.2070   1.448E+04    20     0     49
3s2_3p3(4S)4f_5Fe[1]         3.0      76654.8470     0.2070   1.448E+04    20     0     50
3s2_3p3(4S)4f_3Fe[4]         9.0      76656.3240     0.2069   1.449E+04    21     0     51
3s2_3p3(4S)4f_3Fe[3]         7.0      76656.3300     0.2069   1.449E+04    21     0     52
3s2_3p3(4S)4f_3Fe[2]         5.0      76656.3580     0.2069   1.449E+04    21     0     53
3s2_3p3(4S)6s_3So[1]         3.0      76720.6500     0.2050   1.462E+04    22     0     54
3s2_3p3(2P)4s_3Po[0]         1.0      77135.5200     0.1926   1.557E+04    23     0     55
3s2_3p3(2P)4s_3Po[1]         3.0      77150.1400     0.1921   1.560E+04    23     0     56
3s2_3p3(2P)4s_3Po[2]         5.0      77181.1500     0.1912   1.568E+04    23     0     57
3s2_3p3(4S)6p_5Pe[1]         3.0      77850.7400     0.1711   1.752E+04    24     0     58
3s2_3p3(4S)6p_5Pe[2]         5.0      77853.2340     0.1711   1.753E+04    24     0     59
3s2_3p3(2D)4p_1Pe[1]         3.0      77854.9060     0.1710   1.753E+04    25     0     60
3s2_3p3(4S)6p_5Pe[3]         7.0      77856.4460     0.1710   1.754E+04    24     0     61
3s2_3p3(4S)6p_3Pe[2]         5.0      77890.5320     0.1699   1.764E+04    26     0     62
3s2_3p3(4S)6p_3Pe[0]         1.0      77902.2080     0.1696   1.768E+04    26     0     63
3s2_3p3(4S)6p_3Pe[1]         3.0      77913.5430     0.1692   1.771E+04    26     0     64
3s2_3p3(2D)4p_3De[2]         5.0      78152.0710     0.1621   1.849E+04    27     0     65
3s2_3p3(2D)4p_3De[1]         3.0      78152.3360     0.1621   1.850E+04    27     0     66
3s2_3p3(2D)4p_3De[3]         7.0      78203.1800     0.1606   1.867E+04    27     0     67
3s2_3p3(4S)5d_5Do[4]         9.0      78270.1000     0.1586   1.891E+04    28     0     68
3s2_3p3(4S)5d_5Do[3]         7.0      78270.5200     0.1585   1.891E+04    28     0     69
3s2_3p3(4S)5d_5Do[1]         3.0      78270.9520     0.1585   1.891E+04    28     0     70
3s2_3p3(4S)5d_5Do[2]         5.0      78270.9900     0.1585   1.891E+04    28     0     71
3s2_3p3(4S)5d_5Do[0]         1.0      78271.1040     0.1585   1.891E+04    28     0     72
3s2_3p3(2P)4s_1Po[1]         3.0      78288.4400     0.1580   1.897E+04    29     0     73
3s2_3p3(2D)4p_3Fe[2]         5.0      78409.8900     0.1544   1.942E+04    30     0     74
3s2_3p3(2D)4p_3Fe[3]         7.0      78435.8100     0.1536   1.952E+04    30     0     75
3s2_3p3(2D)4p_3Fe[4]         9.0      78463.0400     0.1528   1.962E+04    30     0     76
3s2_3p3(2D)4p_1Fe[3]         7.0      78639.9230     0.1475   2.033E+04    31     0     77
3s2_3p3(4S)5d_3Do[2]         5.0      78691.3700     0.1459   2.054E+04    32     0     78
3s2_3p3(4S)5d_3Do[3]         7.0      78691.8000     0.1459   2.055E+04    32     0     79
3s2_3p3(4S)5d_3Do[1]         3.0      78692.5300     0.1459   2.055E+04    32     0     80
3s2_3p3(4S)5g_3Go[5]        11.0      78845.9120     0.1413   2.122E+04    33     0     81
3s2_3p3(4S)5g_5Go[6]        13.0      78845.9121     0.1413   2.122E+04    34     0     82
3s2_3p3(4S)5g_3Go[4]         9.0      78845.9140     0.1413   2.122E+04    33     0     83
3s2_3p3(4S)5g_5Go[5]        11.0      78845.9150     0.1413   2.122E+04    34     0     84
3s2_3p3(4S)5g_5Go[3]         7.0      78845.9170     0.1413   2.122E+04    34     0     85
3s2_3p3(4S)5g_5Go[4]         9.0      78845.9171     0.1413   2.122E+04    34     0     86
3s2_3p3(4S)5g_5Go[2]         5.0      78845.9200     0.1413   2.122E+04    34     0     87
3s2_3p3(4S)5g_3Go[3]         7.0      78845.9201     0.1413   2.122E+04    33     0     88
3s2_3p3(4S)7s_5So[2]         5.0      79058.0400     0.1349   2.222E+04    35     0     89
3s2_3p3(4S)5f_5Fe[3]         7.0      79142.8100     0.1324   2.264E+04    36     0     90
3s2_3p3(4S)5f_5Fe[2]         5.0      79142.8101     0.1324   2.264E+04    36     0     91
3s2_3p3(4S)5f_5Fe[1]         3.0      79142.8102     0.1324   2.264E+04    36     0     92
3s2_3p3(4S)5f_5Fe[4]         9.0      79142.8103     0.1324   2.264E+04    36     0     93
3s2_3p3(4S)5f_5Fe[5]        11.0      79142.8104     0.1324   2.264E+04    36     0     94
3s2_3p3(4S)5f_3Fe[3]         7.0      79143.9300     0.1324   2.265E+04    37     0     95
3s2_3p3(4S)5f_3Fe[2]         5.0      79143.9301     0.1324   2.265E+04    37     0     96
3s2_3p3(4S)5f_3Fe[4]         9.0      79143.9302     0.1324   2.265E+04    37     0     97
3s2_3p3(4S)7s_3So[1]         3.0      79185.3500     0.1311   2.286E+04    38     0     98
3s2_3p3(2D)4p_3Pe[2]         5.0      79375.8000     0.1254   2.390E+04    39     0     99
3s2_3p3(2D)4p_3Pe[1]         3.0      79405.3000     0.1245   2.407E+04    39     0    100
3s2_3p3(2D)4p_3Pe[0]         1.0      79418.0100     0.1241   2.415E+04    39     0    101
3s2_3p3(4S)7p_5Pe[1]         3.0      79783.0890     0.1132   2.648E+04    40     0    102
3s2_3p3(4S)7p_5Pe[2]         5.0      79784.0310     0.1132   2.649E+04    40     0    103
3s2_3p3(4S)7p_5Pe[3]         7.0      79785.5200     0.1131   2.650E+04    40     0    104
3s2_3p3(4S)6d_5Do[4]         9.0      79992.1500     0.1069   2.804E+04    41     0    105
3s2_3p3(4S)6d_5Do[3]         7.0      79992.3200     0.1069   2.804E+04    41     0    106
3s2_3p3(4S)6d_5Do[1]         3.0      79992.4460     0.1069   2.804E+04    41     0    107
3s2_3p3(4S)6d_5Do[2]         5.0      79992.5000     0.1069   2.804E+04    41     0    108
3s2_3p3(4S)6d_5Do[0]         1.0      79992.5100     0.1069   2.804E+04    41     0    109
3s2_3p3(4S)7p_3Pe[2]         5.0      80112.9300     0.1033   2.902E+04    42     0    110
3s2_3p3(4S)7p_3Pe[1]         3.0      80120.2100     0.1031   2.908E+04    42     0    111
3s2_3p3(4S)7p_3Pe[0]         1.0      80123.8600     0.1030   2.911E+04    42     0    112
3s2_3p3(4S)6d_3Do[3]         7.0      80182.1600     0.1012   2.961E+04    43     0    113
3s2_3p3(4S)6d_3Do[2]         5.0      80183.8300     0.1012   2.963E+04    43     0    114
3s2_3p3(4S)6d_3Do[1]         3.0      80185.6000     0.1011   2.964E+04    43     0    115
3s2_3p3(4S)6g_3Go[5]        11.0      80187.8430     0.1011   2.966E+04    44     0    116
3s2_3p3(4S)6g_5Go[6]        13.0      80187.8431     0.1011   2.966E+04    45     0    117
3s2_3p3(4S)6g_5Go[5]        11.0      80187.8440     0.1011   2.966E+04    45     0    118
3s2_3p3(4S)6g_3Go[4]         9.0      80187.8441     0.1011   2.966E+04    44     0    119
3s2_3p3(4S)6g_5Go[3]         7.0      80187.8450     0.1011   2.966E+04    45     0    120
3s2_3p3(4S)6g_5Go[4]         9.0      80187.8460     0.1011   2.966E+04    45     0    121
3s2_3p3(4S)6g_5Go[2]         5.0      80187.8470     0.1011   2.966E+04    45     0    122
3s2_3p3(4S)6g_3Go[3]         7.0      80187.8471     0.1011   2.966E+04    44     0    123
3s2_3p3(4S)8s_5So[2]         5.0      80449.1000     0.0932   3.215E+04    46     0    124
3s2_3p3(4S)6f_5Fe[3]         7.0      80494.3100     0.0919   3.263E+04    47     0    125
3s2_3p3(4S)6f_5Fe[2]         5.0      80494.3101     0.0919   3.263E+04    47     0    126
3s2_3p3(4S)6f_5Fe[1]         3.0      80494.3102     0.0919   3.263E+04    47     0    127
3s2_3p3(4S)6f_5Fe[4]         9.0      80494.3103     0.0919   3.263E+04    47     0    128
3s2_3p3(4S)6f_5Fe[5]        11.0      80494.3104     0.0919   3.263E+04    47     0    129
3s2_3p3(4S)6f_3Fe[3]         7.0      80495.2400     0.0919   3.264E+04    48     0    130
3s2_3p3(4S)6f_3Fe[2]         5.0      80495.2401     0.0919   3.264E+04    48     0    131
3s2_3p3(4S)6f_3Fe[4]         9.0      80495.2402     0.0919   3.264E+04    48     0    132
3s2_3p3(4S)8s_3So[1]         3.0      80521.4600     0.0911   3.292E+04    49     0    133
3s2_3p3(4S)6h_5He[4]         9.0      80564.8910     0.0898   3.340E+04    50     0    134
3s2_3p3(4S)6h_3He[5]        11.0      80564.8911     0.0898   3.340E+04    51     0    135
3s2_3p3(4S)6h_5He[5]        11.0      80564.8912     0.0898   3.340E+04    50     0    136
3s2_3p3(4S)6h_5He[6]        13.0      80564.8913     0.0898   3.340E+04    50     0    137
3s2_3p3(4S)6h_5He[7]        15.0      80564.8920     0.0898   3.340E+04    50     0    138
3s2_3p3(4S)6h_5He[3]         7.0      80564.8921     0.0898   3.340E+04    50     0    139
3s2_3p3(4S)6h_3He[4]         9.0      80564.8922     0.0898   3.340E+04    51     0    140
3s2_3p3(4S)6h_3He[6]        13.0      80564.8923     0.0898   3.340E+04    51     0    141
3s2_3p3(2D)4p_1De[2]         5.0      80712.5690     0.0853   3.513E+04    52     0    142
3s2_3p3(4S)7d_5Do[3]         7.0      80995.2800     0.0769   3.900E+04    53     0    143
3s2_3p3(4S)7d_5Do[4]         9.0      80995.2801     0.0769   3.900E+04    53     0    144
3s2_3p3(4S)7d_5Do[0]         1.0      80995.4100     0.0769   3.901E+04    53     0    145
3s2_3p3(4S)7d_5Do[1]         3.0      80995.4101     0.0769   3.901E+04    53     0    146
3s2_3p3(4S)7d_5Do[2]         5.0      80995.4102     0.0769   3.901E+04    53     0    147
3s2_3p3(4S)8p_3Pe[0]         1.0      80995.6000     0.0769   3.901E+04    54     0    148
3s2_3p3(4S)8p_3Pe[1]         3.0      80995.6001     0.0769   3.901E+04    54     0    149
3s2_3p3(4S)8p_3Pe[2]         5.0      80996.0300     0.0768   3.902E+04    54     0    150
3s2_3p3(4S)7g_3Go[5]        11.0      80997.0420     0.0768   3.903E+04    55     0    151
3s2_3p3(4S)7g_5Go[6]        13.0      80997.0430     0.0768   3.903E+04    56     0    152
3s2_3p3(4S)7g_3Go[4]         9.0      80997.0431     0.0768   3.903E+04    55     0    153
3s2_3p3(4S)7g_5Go[5]        11.0      80997.0440     0.0768   3.903E+04    56     0    154
3s2_3p3(4S)7g_3Go[3]         7.0      80997.0441     0.0768   3.903E+04    55     0    155
3s2_3p3(4S)7g_5Go[4]         9.0      80997.0450     0.0768   3.903E+04    56     0    156
3s2_3p3(4S)7g_5Go[2]         5.0      80997.0460     0.0768   3.903E+04    56     0    157
3s2_3p3(4S)7g_5Go[3]         7.0      80997.0461     0.0768   3.903E+04    56     0    158
3s2_3p3(4S)8p_5Pe[3]         7.0      80997.4270     0.0768   3.904E+04    57     0    159
3s2_3p3(4S)7i_5Io[5]        11.0      80998.8470     0.0768   3.906E+04    58     0    160
3s2_3p3(4S)7i_3Io[5]        11.0      80998.8471     0.0768   3.906E+04    59     0    161
3s2_3p3(4S)7i_3Io[6]        13.0      80998.8472     0.0768   3.906E+04    59     0    162
3s2_3p3(4S)7i_5Io[6]        13.0      80998.8473     0.0768   3.906E+04    58     0    163
3s2_3p3(4S)7i_5Io[7]        15.0      80998.8474     0.0768   3.906E+04    58     0    164
3s2_3p3(4S)7i_3Io[7]        15.0      80998.8475     0.0768   3.906E+04    59     0    165
3s2_3p3(4S)7i_5Io[8]        17.0      80998.8476     0.0768   3.906E+04    58     0    166
3s2_3p3(4S)7i_5Io[4]         9.0      80998.8477     0.0768   3.906E+04    58     0    167
3s2_3p3(4S)7d_3Do[3]         7.0      81080.2900     0.0743   4.034E+04    60     0    168
3s2_3p3(4S)7d_3Do[2]         5.0      81082.4600     0.0742   4.038E+04    60     0    169
3s2_3p3(4S)7d_3Do[1]         3.0      81084.6700     0.0742   4.041E+04    60     0    170
3s2_3p3(4S)8p_b3Pe[1]        3.0      81280.0780     0.0683   4.388E+04    61     0    171
3s2_3p3(4S)9s_5So[2]         5.0      81281.5600     0.0683   4.391E+04    62     0    172
3s2_3p3(4S)8p_b3Pe[2]        5.0      81284.3790     0.0682   4.396E+04    61     0    173
3s2_3p3(4S)7f_5Fe[3]         7.0      81308.8400     0.0675   4.444E+04    63     0    174
3s2_3p3(4S)7f_5Fe[2]         5.0      81308.8401     0.0675   4.444E+04    63     0    175
3s2_3p3(4S)7f_5Fe[1]         3.0      81308.8402     0.0675   4.444E+04    63     0    176
3s2_3p3(4S)7f_5Fe[4]         9.0      81308.8403     0.0675   4.444E+04    63     0    177
3s2_3p3(4S)7f_5Fe[5]        11.0      81308.8404     0.0675   4.444E+04    63     0    178
3s2_3p3(4S)7f_3Fe[3]         7.0      81309.5700     0.0674   4.445E+04    64     0    179
3s2_3p3(4S)7f_3Fe[2]         5.0      81309.5701     0.0674   4.445E+04    64     0    180
3s2_3p3(4S)7f_3Fe[4]         9.0      81309.5702     0.0674   4.445E+04    64     0    181
3s2_3p3(4S)9s_3So[1]         3.0      81326.8100     0.0669   4.480E+04    65     0    182
3s2_3p3(4S)7h_5He[4]         9.0      81373.6910     0.0655   4.576E+04    66     0    183
3s2_3p3(4S)7h_3He[5]        11.0      81373.6911     0.0655   4.576E+04    67     0    184
3s2_3p3(4S)7h_5He[5]        11.0      81373.6912     0.0655   4.576E+04    66     0    185
3s2_3p3(4S)7h_5He[6]        13.0      81373.6913     0.0655   4.576E+04    66     0    186
3s2_3p3(4S)7h_5He[7]        15.0      81373.6920     0.0655   4.576E+04    66     0    187
3s2_3p3(4S)7h_5He[3]         7.0      81373.6921     0.0655   4.576E+04    66     0    188
3s2_3p3(4S)7h_3He[4]         9.0      81373.6922     0.0655   4.576E+04    67     0    189
3s2_3p3(4S)7h_3He[6]        13.0      81373.6923     0.0655   4.576E+04    67     0    190
3s2_3p3(2D)3d_1Po[1]         3.0      81438.3000     0.0636   4.715E+04    68     0    191
3s2_3p3(4S)8g_3Go[5]        11.0      81522.4650     0.0611   4.910E+04    69     0    192
3s2_3p3(4S)8g_5Go[6]        13.0      81522.4660     0.0611   4.910E+04    70     0    193
3s2_3p3(4S)8g_3Go[3]         7.0      81522.4661     0.0611   4.910E+04    69     0    194
3s2_3p3(4S)8g_3Go[4]         9.0      81522.4662     0.0611   4.910E+04    69     0    195
3s2_3p3(4S)8g_5Go[5]        11.0      81522.4670     0.0611   4.910E+04    70     0    196
3s2_3p3(4S)8g_5Go[4]         9.0      81522.4671     0.0611   4.910E+04    70     0    197
3s2_3p3(4S)8g_5Go[2]         5.0      81522.4680     0.0611   4.910E+04    70     0    198
3s2_3p3(4S)8g_5Go[3]         7.0      81522.4681     0.0611   4.910E+04    70     0    199
3s2_3p3(4S)8i_5Io[5]        11.0      81523.8470     0.0610   4.913E+04    71     0    200
3s2_3p3(4S)8i_3Io[5]        11.0      81523.8471     0.0610   4.913E+04    72     0    201
3s2_3p3(4S)8i_3Io[6]        13.0      81523.8472     0.0610   4.913E+04    72     0    202
3s2_3p3(4S)8i_5Io[6]        13.0      81523.8473     0.0610   4.913E+04    71     0    203
3s2_3p3(4S)8i_5Io[7]        15.0      81523.8474     0.0610   4.913E+04    71     0    204
3s2_3p3(4S)8i_3Io[7]        15.0      81523.8475     0.0610   4.913E+04    72     0    205
3s2_3p3(4S)8i_5Io[8]        17.0      81523.8476     0.0610   4.913E+04    71     0    206
3s2_3p3(4S)8i_5Io[4]         9.0      81523.8477     0.0610   4.913E+04    71     0    207
3s2_3p3(4S)9p_5Pe[1]         3.0      81592.2170     0.0590   5.084E+04    73     0    208
3s2_3p3(4S)9p_5Pe[2]         5.0      81592.6990     0.0590   5.085E+04    73     0    209
3s2_3p3(4S)9p_5Pe[3]         7.0      81593.4380     0.0589   5.087E+04    73     0    210
3s2_3p3(4S)8d_5Do[4]         9.0      81628.7000     0.0579   5.180E+04    74     0    211
3s2_3p3(4S)8d_5Do[0]         1.0      81628.8300     0.0579   5.181E+04    74     0    212
3s2_3p3(4S)8d_5Do[1]         3.0      81628.8301     0.0579   5.181E+04    74     0    213
3s2_3p3(4S)8d_5Do[3]         7.0      81628.8302     0.0579   5.181E+04    74     0    214
3s2_3p3(4S)8d_5Do[2]         5.0      81628.9200     0.0579   5.181E+04    74     0    215
3s2_3p3(4S)8d_3Do[3]         7.0      81663.0500     0.0568   5.274E+04    75     0    216
3s2_3p3(4S)8d_3Do[2]         5.0      81665.6100     0.0568   5.281E+04    75     0    217
3s2_3p3(4S)8d_3Do[1]         3.0      81667.9300     0.0567   5.288E+04    75     0    218
3s2_3p3(4S)9p_3Pe[0]         1.0      81780.6360     0.0533   5.623E+04    76     0    219
3s2_3p3(4S)9p_3Pe[1]         3.0      81782.8640     0.0533   5.630E+04    76     0    220
3s2_3p3(4S)9p_3Pe[2]         5.0      81788.3000     0.0531   5.647E+04    76     0    221
3s2_3p3(4S)10s_5So[2]        5.0      81819.2000     0.0522   5.747E+04    77     0    222
3s2_3p3(4S)8f_3Fe[4]         9.0      81824.0550     0.0520   5.764E+04    78     0    223
3s2_3p3(4S)8f_3Fe[3]         7.0      81824.0560     0.0520   5.764E+04    78     0    224
3s2_3p3(4S)8f_3Fe[2]         5.0      81824.0561     0.0520   5.764E+04    78     0    225
3s2_3p3(4S)8f_5Fe[3]         7.0      81837.6000     0.0516   5.809E+04    79     0    226
3s2_3p3(4S)8f_5Fe[2]         5.0      81837.6001     0.0516   5.809E+04    79     0    227
3s2_3p3(4S)8f_5Fe[1]         3.0      81837.6002     0.0516   5.809E+04    79     0    228
3s2_3p3(4S)8f_5Fe[4]         9.0      81837.6003     0.0516   5.809E+04    79     0    229
3s2_3p3(4S)8f_5Fe[5]        11.0      81837.6004     0.0516   5.809E+04    79     0    230
3s2_3p3(4S)10s_3So[1]        3.0      81849.6800     0.0512   5.850E+04    80     0    231
3s2_3p3(4S)9g_3Go[5]        11.0      81882.7440     0.0503   5.965E+04    81     0    232
3s2_3p3(4S)9g_3Go[4]         9.0      81882.7441     0.0503   5.965E+04    81     0    233
3s2_3p3(4S)9g_5Go[5]        11.0      81882.7450     0.0503   5.965E+04    82     0    234
3s2_3p3(4S)9g_5Go[6]        13.0      81882.7451     0.0503   5.965E+04    82     0    235
3s2_3p3(4S)9g_3Go[3]         7.0      81882.7452     0.0503   5.965E+04    81     0    236
3s2_3p3(4S)9g_5Go[2]         5.0      81882.7460     0.0503   5.965E+04    82     0    237
3s2_3p3(4S)9g_5Go[3]         7.0      81882.7461     0.0503   5.965E+04    82     0    238
3s2_3p3(4S)9g_5Go[4]         9.0      81882.7462     0.0503   5.965E+04    82     0    239
3s2_3p3(4S)9i_5Io[5]        11.0      81883.5470     0.0502   5.968E+04    83     0    240
3s2_3p3(4S)9i_3Io[5]        11.0      81883.5471     0.0502   5.968E+04    84     0    241
3s2_3p3(4S)9i_3Io[6]        13.0      81883.5472     0.0502   5.968E+04    84     0    242
3s2_3p3(4S)9i_5Io[7]        15.0      81883.5473     0.0502   5.968E+04    83     0    243
3s2_3p3(4S)9i_3Io[7]        15.0      81883.5474     0.0502   5.968E+04    84     0    244
3s2_3p3(4S)9i_5Io[8]        17.0      81883.5475     0.0502   5.968E+04    83     0    245
3s2_3p3(4S)9i_5Io[6]        13.0      81883.5476     0.0502   5.968E+04    83     0    246
3s2_3p3(4S)9i_5Io[4]         9.0      81883.5477     0.0502   5.968E+04    83     0    247
3s2_3p3(4S)8k_3Ke[7]        15.0      81898.6920     0.0498   6.023E+04    85     0    248
3s2_3p3(4S)8k_5Ke[7]        15.0      81898.6921     0.0498   6.023E+04    86     0    249
3s2_3p3(4S)8k_5Ke[8]        17.0      81898.6922     0.0498   6.023E+04    86     0    250
3s2_3p3(4S)8k_3Ke[8]        17.0      81898.6923     0.0498   6.023E+04    85     0    251
3s2_3p3(4S)8k_5Ke[9]        19.0      81898.6924     0.0498   6.023E+04    86     0    252
3s2_3p3(4S)8k_5Ke[5]        11.0      81898.6925     0.0498   6.023E+04    86     0    253
3s2_3p3(4S)8k_5Ke[6]        13.0      81898.6926     0.0498   6.023E+04    86     0    254
3s2_3p3(4S)8k_3Ke[6]        13.0      81898.6927     0.0498   6.023E+04    85     0    255
3s2_3p3(4S)8h_3He[5]        11.0      81898.7910     0.0498   6.023E+04    87     0    256
3s2_3p3(4S)8h_5He[6]        13.0      81898.7911     0.0498   6.023E+04    88     0    257
3s2_3p3(4S)8h_5He[7]        15.0      81898.7920     0.0498   6.023E+04    88     0    258
3s2_3p3(4S)8h_5He[3]         7.0      81898.7921     0.0498   6.023E+04    88     0    259
3s2_3p3(4S)8h_5He[4]         9.0      81898.7922     0.0498   6.023E+04    88     0    260
3s2_3p3(4S)8h_3He[4]         9.0      81898.7923     0.0498   6.023E+04    87     0    261
3s2_3p3(4S)8h_5He[5]        11.0      81898.7924     0.0498   6.023E+04    88     0    262
3s2_3p3(4S)8h_3He[6]        13.0      81898.7925     0.0498   6.023E+04    87     0    263
3s2_3p3(4S)10p_5Pe[1]        3.0      82047.3080     0.0453   6.615E+04    89     0    264
3s2_3p3(4S)10p_5Pe[2]        5.0      82047.6450     0.0453   6.616E+04    89     0    265
3s2_3p3(4S)10p_5Pe[3]        7.0      82048.1640     0.0453   6.618E+04    89     0    266
3s2_3p3(4S)9d_5Do[3]         7.0      82053.7400     0.0451   6.643E+04    90     0    267
3s2_3p3(4S)9d_5Do[4]         9.0      82053.7401     0.0451   6.643E+04    90     0    268
3s2_3p3(4S)9d_5Do[0]         1.0      82053.9200     0.0451   6.644E+04    90     0    269
3s2_3p3(4S)9d_5Do[1]         3.0      82053.9201     0.0451   6.644E+04    90     0    270
3s2_3p3(4S)9d_5Do[2]         5.0      82053.9202     0.0451   6.644E+04    90     0    271
3s2_3p3(4S)9d_3Do[3]         7.0      82061.7000     0.0449   6.678E+04    91     0    272
3s2_3p3(4S)9d_3Do[2]         5.0      82063.4000     0.0448   6.686E+04    91     0    273
3s2_3p3(4S)9d_3Do[1]         3.0      82067.2200     0.0447   6.703E+04    91     0    274
3s2_3p3(4S)10p_3Pe[0]        1.0      82168.0180     0.0417   7.189E+04    92     0    275
3s2_3p3(4S)10p_3Pe[1]        3.0      82169.8940     0.0416   7.198E+04    92     0    276
3s2_3p3(4S)10p_3Pe[2]        5.0      82174.4800     0.0415   7.222E+04    92     0    277
3s2_3p3(4S)9f_5Fe[5]        11.0      82183.7460     0.0412   7.271E+04    93     0    278
3s2_3p3(4S)9f_5Fe[4]         9.0      82183.7490     0.0412   7.271E+04    93     0    279
3s2_3p3(4S)9f_5Fe[3]         7.0      82183.7520     0.0412   7.271E+04    93     0    280
3s2_3p3(4S)9f_5Fe[2]         5.0      82183.7530     0.0412   7.271E+04    93     0    281
3s2_3p3(4S)9f_5Fe[1]         3.0      82183.7540     0.0412   7.271E+04    93     0    282
3s2_3p3(4S)9f_3Fe[3]         7.0      82184.0970     0.0412   7.273E+04    94     0    283
3s2_3p3(4S)9f_3Fe[2]         5.0      82184.0971     0.0412   7.273E+04    94     0    284
3s2_3p3(4S)9f_3Fe[4]         9.0      82184.0972     0.0412   7.273E+04    94     0    285
3s2_3p3(4S)11s_5So[2]        5.0      82197.3090     0.0408   7.343E+04    95     0    286
3s2_3p3(4S)11s_3So[1]        3.0      82208.1700     0.0405   7.402E+04    96     0    287
3s2_3p3(4S)9h_3He[5]        11.0      82258.5910     0.0390   7.689E+04    97     0    288
3s2_3p3(4S)9h_5He[6]        13.0      82258.5911     0.0390   7.689E+04    98     0    289
3s2_3p3(4S)9k_3Ke[7]        15.0      82258.5920     0.0390   7.689E+04    99     0    290
3s2_3p3(4S)9h_3He[6]        13.0      82258.5920     0.0390   7.689E+04    97     0    291
3s2_3p3(4S)9k_5Ke[7]        15.0      82258.5921     0.0390   7.689E+04   100     0    292
3s2_3p3(4S)9h_5He[7]        15.0      82258.5922     0.0390   7.689E+04    98     0    293
3s2_3p3(4S)9k_5Ke[8]        17.0      82258.5923     0.0390   7.689E+04   100     0    294
3s2_3p3(4S)9k_3Ke[8]        17.0      82258.5924     0.0390   7.689E+04    99     0    295
3s2_3p3(4S)9k_5Ke[9]        19.0      82258.5925     0.0390   7.689E+04   100     0    296
3s2_3p3(4S)9h_5He[3]         7.0      82258.5926     0.0390   7.689E+04    98     0    297
3s2_3p3(4S)9h_5He[4]         9.0      82258.5927     0.0390   7.689E+04    98     0    298
3s2_3p3(4S)9h_3He[4]         9.0      82258.5928     0.0390   7.689E+04    97     0    299
3s2_3p3(4S)9h_5He[5]        11.0      82258.5929     0.0390   7.689E+04    98     0    300
3s2_3p3(4S)9k_5Ke[5]        11.0      82258.5930     0.0390   7.689E+04   100     0    301
3s2_3p3(4S)9k_5Ke[6]        13.0      82258.5931     0.0390   7.689E+04   100     0    302
3s2_3p3(4S)9k_3Ke[6]        13.0      82258.5932     0.0390   7.689E+04    99     0    303
3s2_3p3(4S)10d_3Do[3]        7.0      82350.7700     0.0362   8.276E+04   101     0    304
3s2_3p3(4S)10d_3Do[2]        5.0      82352.3500     0.0362   8.287E+04   101     0    305
3s2_3p3(4S)10d_5Do[4]        9.0      82353.1000     0.0362   8.292E+04   102     0    306
3s2_3p3(4S)10d_3Do[1]        3.0      82353.2500     0.0362   8.293E+04   101     0    307
3s2_3p3(4S)11p_5Pe[1]        3.0      82364.2270     0.0358   8.369E+04   103     0    308
3s2_3p3(4S)11p_5Pe[2]        5.0      82364.4670     0.0358   8.371E+04   103     0    309
3s2_3p3(4S)11p_5Pe[3]        7.0      82364.8390     0.0358   8.373E+04   103     0    310
3s2_3p3(4S)11d_5Do[3]        7.0      82382.2840     0.0353   8.498E+04   104     0    311
3s2_3p3(4S)11d_5Do[2]        5.0      82382.2880     0.0353   8.498E+04   104     0    312
3s2_3p3(4S)11d_5Do[1]        3.0      82382.2910     0.0353   8.498E+04   104     0    313
3s2_3p3(4S)11d_5Do[0]        1.0      82382.2930     0.0353   8.498E+04   104     0    314
3s2_3p3(4S)10f_5Fe[5]       11.0      82441.3040     0.0335   8.946E+04   105     0    315
3s2_3p3(4S)10f_5Fe[4]        9.0      82441.3060     0.0335   8.946E+04   105     0    316
3s2_3p3(4S)10f_5Fe[3]        7.0      82441.3080     0.0335   8.946E+04   105     0    317
3s2_3p3(4S)10f_5Fe[2]        5.0      82441.3090     0.0335   8.946E+04   105     0    318
3s2_3p3(4S)10f_5Fe[1]        3.0      82441.3100     0.0335   8.946E+04   105     0    319
3s2_3p3(4S)10f_3Fe[3]        7.0      82441.5720     0.0335   8.948E+04   106     0    320
3s2_3p3(4S)10f_3Fe[2]        5.0      82441.5721     0.0335   8.948E+04   106     0    321
3s2_3p3(4S)10f_3Fe[4]        9.0      82441.5722     0.0335   8.948E+04   106     0    322
3s2_3p3(4S)12s_5So[2]        5.0      82446.7440     0.0333   8.990E+04   107     0    323
3s2_3p3(4S)11p_3Pe[0]        1.0      82448.5570     0.0333   9.005E+04   108     0    324
3s2_3p3(4S)11p_3Pe[1]        3.0      82450.1120     0.0332   9.017E+04   108     0    325
3s2_3p3(4S)11p_3Pe[2]        5.0      82453.9240     0.0331   9.048E+04   108     0    326
3s2_3p3(4S)12s_3So[1]        3.0      82455.2460     0.0331   9.059E+04   109     0    327
3s2_3p3(4S)12d_5Do[4]        9.0      82525.3550     0.0310   9.674E+04   110     0    328
3s2_3p3(4S)12d_5Do[3]        7.0      82525.3560     0.0310   9.674E+04   110     0    329
3s2_3p3(4S)12d_5Do[2]        5.0      82525.3580     0.0310   9.674E+04   110     0    330
3s2_3p3(4S)12d_5Do[1]        3.0      82525.3600     0.0310   9.674E+04   110     0    331
3s2_3p3(4S)12d_5Do[0]        1.0      82525.3610     0.0310   9.674E+04   110     0    332
3s2_3p3(4S)11d_3Do[3]        7.0      82561.9000     0.0299   1.003E+05   111     0    333
3s2_3p3(4S)11d_3Do[2]        5.0      82563.6000     0.0298   1.005E+05   111     0    334
3s2_3p3(4S)11d_3Do[1]        3.0      82564.4000     0.0298   1.005E+05   111     0    335
3s2_3p3(2D)4d_3Fo[2]         5.0      82568.2630     0.0297   1.009E+05   112     0    336
3s2_3p3(4S)12p_5Pe[1]        3.0      82593.7100     0.0289   1.036E+05   113     0    337
3s2_3p3(4S)12p_5Pe[2]        5.0      82593.9030     0.0289   1.036E+05   113     0    338
3s2_3p3(4S)12p_5Pe[3]        7.0      82594.2000     0.0289   1.036E+05   113     0    339
3s2_3p3(2D)3d_1Fo[3]         7.0      82604.4100     0.0286   1.047E+05   114     0    340
3s2_3p3(4S)11f_5Fe[5]       11.0      82635.6550     0.0277   1.083E+05   115     0    341
3s2_3p3(4S)11f_5Fe[4]        9.0      82635.6570     0.0277   1.083E+05   115     0    342
3s2_3p3(4S)11f_5Fe[3]        7.0      82635.6580     0.0277   1.083E+05   115     0    343
3s2_3p3(4S)11f_5Fe[2]        5.0      82635.6590     0.0277   1.083E+05   115     0    344
3s2_3p3(4S)11f_5Fe[1]        3.0      82635.6600     0.0277   1.083E+05   115     0    345
3s2_3p3(4S)11f_3Fe[3]        7.0      82635.8580     0.0277   1.083E+05   116     0    346
3s2_3p3(4S)11f_3Fe[2]        5.0      82635.8581     0.0277   1.083E+05   116     0    347
3s2_3p3(4S)11f_3Fe[4]        9.0      82635.8582     0.0277   1.083E+05   116     0    348
3s2_3p3(4S)13s_5So[2]        5.0      82644.5320     0.0274   1.093E+05   117     0    349
3s2_3p3(4S)13s_3So[1]        3.0      82651.0030     0.0272   1.101E+05   118     0    350
3s2_3p3(4S)12p_3Pe[0]        1.0      82656.5070     0.0271   1.108E+05   119     0    351
3s2_3p3(4S)12p_3Pe[1]        3.0      82657.8200     0.0270   1.110E+05   119     0    352
3s2_3p3(4S)12p_3Pe[2]        5.0      82661.0460     0.0269   1.114E+05   119     0    353
3s2_3p3(2D)4d_3Fo[4]         9.0      82685.7530     0.0262   1.145E+05   112     0    354
3s2_3p3(2D)4d_1So[0]         1.0      82701.2510     0.0257   1.166E+05   120     0    355
3s2_3p3(4S)12d_3Do[3]        7.0      82723.2000     0.0251   1.196E+05   121     0    356
3s2_3p3(4S)12d_3Do[1]        3.0      82724.6000     0.0250   1.198E+05   121     0    357
3s2_3p3(4S)12d_3Do[2]        5.0      82725.0000     0.0250   1.199E+05   121     0    358
3s2_3p3(4S)13d_5Do[2]        5.0      82752.3030     0.0242   1.239E+05   122     0    359
3s2_3p3(4S)13d_5Do[1]        3.0      82752.3040     0.0242   1.239E+05   122     0    360
3s2_3p3(4S)13d_5Do[3]        7.0      82752.3041     0.0242   1.239E+05   122     0    361
3s2_3p3(4S)13d_5Do[0]        1.0      82752.3060     0.0242   1.239E+05   122     0    362
3s2_3p3(4S)13d_5Do[4]        9.0      82752.3160     0.0242   1.239E+05   122     0    363
3s2_3p3(4S)13p_5Pe[1]        3.0      82765.3360     0.0238   1.260E+05   123     0    364
3s2_3p3(4S)13p_5Pe[2]        5.0      82765.4800     0.0238   1.260E+05   123     0    365
3s2_3p3(4S)13p_5Pe[3]        7.0      82765.7040     0.0238   1.260E+05   123     0    366
3s2_3p3(4S)12f_5Fe[5]       11.0      82779.7760     0.0234   1.283E+05   124     0    367
3s2_3p3(4S)12f_5Fe[4]        9.0      82779.7770     0.0234   1.283E+05   124     0    368
3s2_3p3(4S)12f_5Fe[3]        7.0      82779.7780     0.0234   1.283E+05   124     0    369
3s2_3p3(4S)12f_5Fe[2]        5.0      82779.7790     0.0234   1.283E+05   124     0    370
3s2_3p3(4S)12f_5Fe[1]        3.0      82779.7791     0.0234   1.283E+05   124     0    371
3s2_3p3(4S)12f_3Fe[3]        7.0      82779.9470     0.0234   1.283E+05   125     0    372
3s2_3p3(4S)12f_3Fe[2]        5.0      82779.9471     0.0234   1.283E+05   125     0    373
3s2_3p3(4S)12f_3Fe[4]        9.0      82779.9472     0.0234   1.283E+05   125     0    374
3s2_3p3(4S)14s_5So[2]        5.0      82785.4750     0.0232   1.293E+05   126     0    375
3s2_3p3(4S)14s_3So[1]        3.0      82790.6860     0.0230   1.301E+05   127     0    376
3s2_3p3(4S)13p_3Pe[0]        1.0      82814.5990     0.0223   1.343E+05   128     0    377
3s2_3p3(4S)13p_3Pe[1]        3.0      82815.7520     0.0223   1.345E+05   128     0    378
3s2_3p3(4S)13p_3Pe[2]        5.0      82818.5840     0.0222   1.350E+05   128     0    379
3s2_3p3(4S)13d_3Do[3]        7.0      82849.0000     0.0213   1.408E+05   129     0    380
3s2_3p3(4S)13d_3Do[1]        3.0      82850.3000     0.0212   1.411E+05   129     0    381
3s2_3p3(4S)13d_3Do[2]        5.0      82850.3001     0.0212   1.411E+05   129     0    382
3s2_3p3(4S)14d_5Do[2]        5.0      82874.4680     0.0205   1.461E+05   130     0    383
3s2_3p3(4S)14d_5Do[3]        7.0      82874.4681     0.0205   1.461E+05   130     0    384
3s2_3p3(4S)14d_5Do[1]        3.0      82874.4690     0.0205   1.461E+05   130     0    385
3s2_3p3(4S)14d_5Do[0]        1.0      82874.4700     0.0205   1.461E+05   130     0    386
3s2_3p3(4S)14d_5Do[4]        9.0      82874.4720     0.0205   1.461E+05   130     0    387
3s2_3p3(4S)13f_5Fe[5]       11.0      82892.8690     0.0200   1.501E+05   131     0    388
3s2_3p3(4S)13f_5Fe[3]        7.0      82892.8710     0.0200   1.501E+05   131     0    389
3s2_3p3(4S)13f_5Fe[4]        9.0      82892.8711     0.0200   1.501E+05   131     0    390
3s2_3p3(4S)13f_5Fe[2]        5.0      82892.8720     0.0200   1.501E+05   131     0    391
3s2_3p3(4S)13f_5Fe[1]        3.0      82892.8721     0.0200   1.501E+05   131     0    392
3s2_3p3(4S)13f_3Fe[3]        7.0      82893.0020     0.0200   1.501E+05   132     0    393
3s2_3p3(4S)13f_3Fe[2]        5.0      82893.0021     0.0200   1.501E+05   132     0    394
3s2_3p3(4S)13f_3Fe[4]        9.0      82893.0022     0.0200   1.501E+05   132     0    395
3s2_3p3(4S)14p_5Pe[1]        3.0      82897.1150     0.0198   1.511E+05   133     0    396
3s2_3p3(4S)14p_5Pe[2]        5.0      82897.2110     0.0198   1.511E+05   133     0    397
3s2_3p3(4S)14p_5Pe[3]        7.0      82897.3600     0.0198   1.511E+05   133     0    398
3s2_3p3(4S)15s_5So[2]        5.0      82898.9580     0.0198   1.515E+05   134     0    399
3s2_3p3(4S)15s_3So[1]        3.0      82903.2210     0.0197   1.525E+05   135     0    400
3s2_3p3(4S)14p_3Pe[0]        1.0      82937.7240     0.0186   1.609E+05   136     0    401
3s2_3p3(4S)14p_3Pe[1]        3.0      82938.7860     0.0186   1.612E+05   136     0    402
3s2_3p3(4S)14p_3Pe[2]        5.0      82941.3790     0.0185   1.619E+05   136     0    403
3s2_3p3(4S)14d_3Do[1]        3.0      82948.7000     0.0183   1.638E+05   137     0    404
3s2_3p3(4S)14d_3Do[2]        5.0      82948.7001     0.0183   1.638E+05   137     0    405
3s2_3p3(4S)14d_3Do[3]        7.0      82948.7002     0.0183   1.638E+05   137     0    406
3s2_3p3(4S)15d_5Do[1]        3.0      82981.8220     0.0173   1.732E+05   138     0    407
3s2_3p3(4S)15d_5Do[2]        5.0      82981.8221     0.0173   1.732E+05   138     0    408
3s2_3p3(4S)15d_5Do[3]        7.0      82981.8222     0.0173   1.732E+05   138     0    409
3s2_3p3(4S)15d_5Do[0]        1.0      82981.8230     0.0173   1.732E+05   138     0    410
3s2_3p3(4S)15d_5Do[4]        9.0      82981.8240     0.0173   1.732E+05   138     0    411
3s2_3p3(4S)14f_5Fe[5]       11.0      82983.4380     0.0173   1.737E+05   139     0    412
3s2_3p3(4S)14f_5Fe[3]        7.0      82983.4390     0.0173   1.737E+05   139     0    413
3s2_3p3(4S)14f_5Fe[4]        9.0      82983.4391     0.0173   1.737E+05   139     0    414
3s2_3p3(4S)14f_5Fe[2]        5.0      82983.4400     0.0173   1.737E+05   139     0    415
3s2_3p3(4S)14f_5Fe[1]        3.0      82983.4401     0.0173   1.737E+05   139     0    416
3s2_3p3(4S)14f_3Fe[3]        7.0      82983.5440     0.0173   1.737E+05   140     0    417
3s2_3p3(4S)14f_3Fe[2]        5.0      82983.5441     0.0173   1.737E+05   140     0    418
3s2_3p3(4S)14f_3Fe[4]        9.0      82983.5442     0.0173   1.737E+05   140     0    419
3s2_3p3(4S)16s_5So[2]        5.0      82990.2590     0.0171   1.758E+05   141     0    420
3s2_3p3(4S)16s_3So[1]        3.0      82994.0470     0.0169   1.770E+05   142     0    421
3s2_3p3(4S)15p_5Pe[1]        3.0      83000.3180     0.0168   1.790E+05   143     0    422
3s2_3p3(4S)15p_5Pe[2]        5.0      83000.4150     0.0167   1.790E+05   143     0    423
3s2_3p3(4S)15p_5Pe[3]        7.0      83000.5640     0.0167   1.790E+05   143     0    424
3s2_3p3(4S)15p_3Pe[0]        1.0      83036.8230     0.0157   1.915E+05   144     0    425
3s2_3p3(4S)15p_3Pe[1]        3.0      83037.8850     0.0156   1.919E+05   144     0    426
3s2_3p3(4S)16d_3Do[3]        7.0      83040.2230     0.0156   1.927E+05   145     0    427
3s2_3p3(4S)15p_3Pe[2]        5.0      83040.4470     0.0155   1.928E+05   144     0    428
3s2_3p3(4S)16d_3Do[2]        5.0      83040.6270     0.0155   1.929E+05   145     0    429
3s2_3p3(4S)16d_3Do[1]        3.0      83040.8680     0.0155   1.930E+05   145     0    430
3s2_3p3(4S)15f_5Fe[5]       11.0      83056.0600     0.0151   1.988E+05   146     0    431
3s2_3p3(4S)15f_5Fe[4]        9.0      83056.0610     0.0151   1.988E+05   146     0    432
3s2_3p3(4S)15f_5Fe[3]        7.0      83056.0620     0.0151   1.988E+05   146     0    433
3s2_3p3(4S)15f_5Fe[2]        5.0      83056.0621     0.0151   1.988E+05   146     0    434
3s2_3p3(4S)15f_5Fe[1]        3.0      83056.0622     0.0151   1.988E+05   146     0    435
3s2_3p3(4S)15f_3Fe[3]        7.0      83056.1510     0.0151   1.988E+05   147     0    436
3s2_3p3(4S)15f_3Fe[2]        5.0      83056.1511     0.0151   1.988E+05   147     0    437
3s2_3p3(4S)15f_3Fe[4]        9.0      83056.1512     0.0151   1.988E+05   147     0    438
3s2_3p3(4S)16d_5Do[2]        5.0      83059.2140     0.0150   2.000E+05   148     0    439
3s2_3p3(4S)16d_5Do[3]        7.0      83059.2141     0.0150   2.000E+05   148     0    440
3s2_3p3(4S)16d_5Do[0]        1.0      83059.2150     0.0150   2.000E+05   148     0    441
3s2_3p3(4S)16d_5Do[1]        3.0      83059.2151     0.0150   2.000E+05   148     0    442
3s2_3p3(4S)16d_5Do[4]        9.0      83059.2152     0.0150   2.000E+05   148     0    443
3s2_3p3(2D)4d_3Go[3]         7.0      83080.1060     0.0144   2.088E+05   149     0    444
3s2_3p3(4S)16p_5Pe[1]        3.0      83082.8340     0.0143   2.100E+05   150     0    445
3s2_3p3(4S)16p_5Pe[2]        5.0      83082.8820     0.0143   2.100E+05   150     0    446
3s2_3p3(4S)16p_5Pe[3]        7.0      83082.9560     0.0143   2.100E+05   150     0    447
3s2_3p3(2D)4d_3Go[4]         9.0      83091.7850     0.0140   2.140E+05   149     0    448
3s2_3p3(4S)17d_3Do[3]        7.0      83101.7110     0.0137   2.186E+05   151     0    449
3s2_3p3(4S)17d_3Do[2]        5.0      83101.9920     0.0137   2.188E+05   151     0    450
3s2_3p3(4S)17d_3Do[1]        3.0      83102.1610     0.0137   2.188E+05   151     0    451
3s2_3p3(2D)4d_3Go[5]        11.0      83104.4180     0.0136   2.199E+05   149     0    452
3s2_3p3(4S)16f_5Fe[5]       11.0      83116.3030     0.0133   2.258E+05   152     0    453
3s2_3p3(4S)16f_5Fe[3]        7.0      83116.3040     0.0133   2.258E+05   152     0    454
3s2_3p3(4S)16f_5Fe[2]        5.0      83116.3041     0.0133   2.258E+05   152     0    455
3s2_3p3(4S)16f_5Fe[4]        9.0      83116.3042     0.0133   2.258E+05   152     0    456
3s2_3p3(4S)16f_5Fe[1]        3.0      83116.3050     0.0133   2.258E+05   152     0    457
3s2_3p3(4S)16f_3Fe[3]        7.0      83116.3710     0.0133   2.259E+05   153     0    458
3s2_3p3(4S)16f_3Fe[2]        5.0      83116.3711     0.0133   2.259E+05   153     0    459
3s2_3p3(4S)16f_3Fe[4]        9.0      83116.3712     0.0133   2.259E+05   153     0    460
3s2_3p3(4S)17d_5Do[0]        1.0      83117.6780     0.0132   2.265E+05   154     0    461
3s2_3p3(4S)17d_5Do[1]        3.0      83117.6781     0.0132   2.265E+05   154     0    462
3s2_3p3(4S)17d_5Do[2]        5.0      83117.6782     0.0132   2.265E+05   154     0    463
3s2_3p3(4S)17d_5Do[3]        7.0      83117.6783     0.0132   2.265E+05   154     0    464
3s2_3p3(4S)17d_5Do[4]        9.0      83117.6790     0.0132   2.265E+05   154     0    465
3s2_3p3(4S)16p_3Pe[0]        1.0      83137.5120     0.0126   2.372E+05   155     0    466
3s2_3p3(4S)16p_3Pe[1]        3.0      83141.3260     0.0125   2.394E+05   155     0    467
3s2_3p3(4S)16p_3Pe[2]        5.0      83151.8780     0.0122   2.456E+05   155     0    468
3s2_3p3(4S)17f_5Fe[4]        9.0      83165.1320     0.0118   2.538E+05   156     0    469
3s2_3p3(4S)17f_5Fe[5]       11.0      83165.1321     0.0118   2.538E+05   156     0    470
3s2_3p3(4S)17f_5Fe[3]        7.0      83165.1330     0.0118   2.538E+05   156     0    471
3s2_3p3(4S)17f_5Fe[2]        5.0      83165.1331     0.0118   2.538E+05   156     0    472
3s2_3p3(4S)17f_5Fe[1]        3.0      83165.1332     0.0118   2.538E+05   156     0    473
3s2_3p3(4S)17f_3Fe[3]        7.0      83165.1950     0.0118   2.539E+05   157     0    474
3s2_3p3(4S)17f_3Fe[2]        5.0      83165.1951     0.0118   2.539E+05   157     0    475
3s2_3p3(4S)17f_3Fe[4]        9.0      83165.1952     0.0118   2.539E+05   157     0    476
3s2_3p3(2D)4d_1Go[4]         9.0      83303.2170     0.0077   3.908E+05   158     0    477
