
********************************************************************************

             Super level assignmenet for NIV (LS coupling)

********************************************************************************

18-DEC-1996                                      !Date
116                                              !Number of energy levels
6                                                !Entry number of link to super level
  
2s2s1Se[0]         1.0          0.00000000    18.7330   1.600E+02     1     0
2s2p3Po[0]         1.0      67209.20000000    16.7181   1.793E+02     2     0
2s2p3Po[1]         3.0      67272.30000000    16.7162   1.793E+02     2     0
2s2p3Po[2]         5.0      67416.30000000    16.7119   1.794E+02     2     0
2s2p1Po[1]         3.0     130693.90000000    14.8149   2.024E+02     3     0
2p2p3Pe[0]         1.0     175535.40000000    13.4706   2.226E+02     4     0
2p2p3Pe[1]         3.0     175608.10000000    13.4684   2.226E+02     4     0
2p2p3Pe[2]         5.0     175732.90000000    13.4647   2.227E+02     4     0
2p2p1De[2]         5.0     188882.50000000    13.0705   2.294E+02     5     0
2p2p1Se[0]         1.0     235369.30000000    11.6768   2.567E+02     6     0
2s3s3Se[1]         3.0     377284.80000000     7.4223   4.039E+02     7     0
2s3s1Se[0]         1.0     388854.60000000     7.0754   4.237E+02     8     0
2s3p1Po[1]         3.0     404522.40000000     6.6057   4.538E+02     9     0
2s3p3Po[0]         1.0     405971.60000000     6.5623   4.568E+02    10     0
2s3p3Po[1]         3.0     405987.50000000     6.5618   4.569E+02    10     0
2s3p3Po[2]         5.0     406022.80000000     6.5608   4.569E+02    10     0
2s3d3De[1]         3.0     420045.80000000     6.1404   4.882E+02    11     0
2s3d3De[2]         5.0     420049.60000000     6.1402   4.882E+02    11     0
2s3d3De[3]         7.0     420058.00000000     6.1400   4.883E+02    11     0
2s3d1De[2]         5.0     429159.60000000     5.8671   5.110E+02    12     0
2p3s3Po[0]         1.0     465291.80000000     4.7839   6.267E+02    13     0
2p3s3Po[1]         3.0     465371.00000000     4.7815   6.270E+02    13     0
2p3s3Po[2]         5.0     465536.60000000     4.7766   6.276E+02    13     0
2p3s1Po[1]         3.0     473029.30000000     4.5519   6.586E+02    14     0
2p3p1Pe[1]         3.0     480884.20000000     4.3165   6.945E+02    15     0
2p3p3De[1]         3.0     484498.20000000     4.2081   7.124E+02    16     0
2p3p3De[2]         5.0     484594.20000000     4.2052   7.129E+02    16     0
2p3p3De[3]         7.0     484746.20000000     4.2007   7.137E+02    16     0
2s4s3Se[1]         3.0     487690.30000000     4.1124   7.290E+02    17     0
2p3p3Pe[0]         1.0     494253.70000000     3.9157   7.656E+02    18     0
2p3p3Pe[1]         3.0     494309.20000000     3.9140   7.660E+02    18     0
2p3p3Pe[2]         5.0     494402.00000000     3.9112   7.665E+02    18     0
2s4s1Se[0]         1.0     495057.70000000     3.8916   7.704E+02    19     0
2p3d3Fo[2]         5.0     495406.20000000     3.8811   7.724E+02    20     0
2p3d3Fo[3]         7.0     495482.60000000     3.8788   7.729E+02    20     0
2p3d3Fo[4]         9.0     495585.70000000     3.8757   7.735E+02    20     0
2p3p3Se[1]         3.0     498036.90000000     3.8022   7.885E+02    21     0
2p3d1Do[2]         5.0     498310.30000000     3.7940   7.902E+02    22     0
2p3p1De[2]         5.0     499705.90000000     3.7522   7.990E+02    23     0
2s4p3Po[0]         1.0     503680.40000000     3.6331   8.252E+02    24     0
2s4p3Po[1]         3.0     503691.90000000     3.6327   8.253E+02    24     0
2s4p3Po[2]         5.0     503699.80000000     3.6325   8.253E+02    24     0
2p3d3Do[1]         3.0     505554.00000000     3.5769   8.381E+02    25     0
2p3d3Do[2]         5.0     505588.20000000     3.5759   8.384E+02    25     0
2p3d3Do[3]         7.0     505630.60000000     3.5746   8.387E+02    25     0
2p3d1Fo[3]         7.0     506284.80000000     3.5550   8.433E+02    26     0
2s4p1Po[1]         3.0     507028.00000000     3.5327   8.486E+02    27     0
2s4d3De[1]         3.0     511440.00000000     3.4004   8.816E+02    28     0
2s4d3De[2]         5.0     511446.00000000     3.4002   8.817E+02    28     0
2s4d3De[3]         7.0     511448.00000000     3.4002   8.817E+02    28     0
2p3d3Po[2]         5.0     511509.30000000     3.3983   8.822E+02    29     0
2p3d3Po[1]         3.0     511560.40000000     3.3968   8.826E+02    29     0
2p3d3Po[0]         1.0     511591.20000000     3.3959   8.828E+02    29     0
2s4d1De[2]         5.0     514647.70000000     3.3043   9.073E+02    30     0
2p3p1Se[0]         1.0     515569.80000000     3.2766   9.149E+02    31     0
2s4f3Fo[2]         5.0     516552.60000000     3.2472   9.232E+02    32     0
2s4f3Fo[3]         7.0     516560.80000000     3.2469   9.233E+02    32     0
2s4f3Fo[4]         9.0     516572.00000000     3.2466   9.234E+02    32     0
2p3d1Po[1]         3.0     518610.50000000     3.1855   9.411E+02    33     0
2s4f1Fo[3]         7.0     521862.80000000     3.0880   9.708E+02    34     0
2s5s3Se            3.0     544813.00000000     2.3999   1.249E+03    35     0
2s5s1Se            1.0     546731.30000000     2.3424   1.280E+03    36     0
2s5p3Po            9.0     548976.00000000     2.2751   1.318E+03    37     0
2s5p1Po            3.0     550232.60000000     2.2375   1.340E+03    38     0
2s5d3De           15.0     552790.00000000     2.1608   1.387E+03    39     0
2s5d1De            5.0     554300.70000000     2.1155   1.417E+03    40     0
2s5g1Ge            9.0     554339.00000000     2.1143   1.418E+03    41     0
2s5g3Ge           27.0     554340.00000000     2.1143   1.418E+03    42     0
2s5f3Fo           21.0     554572.00000000     2.1074   1.423E+03    43     0
2s5f1Fo            7.0     554995.70000000     2.0947   1.431E+03    44     0
2s6s3Se            3.0     570381.00000000     1.6334   1.835E+03    45     0
2s6s1Se            1.0     571172.10000000     1.6097   1.862E+03    46     0
2s6p1Po            3.0     572731.10000000     1.5630   1.918E+03    47     0
2s6p3Po            9.0     572852.00000000     1.5593   1.923E+03    48     0
2s6d3De           15.0     575031.00000000     1.4940   2.007E+03    49     0
2s6g1Ge            9.0     575808.00000000     1.4707   2.038E+03    50     0
2s6g3Ge           27.0     575809.00000000     1.4707   2.038E+03    51     0
2s6d1De            5.0     575872.40000000     1.4688   2.041E+03    52     0
2s6f1Fo            7.0     575999.30000000     1.4650   2.046E+03    53     0
2s6h1Ho           11.0     576042.90000000     1.4637   2.048E+03    54     0
2s6h3Ho           33.0     576043.00000000     1.4637   2.048E+03    55     0
2s6f3Fo           21.0     576094.00000000     1.4621   2.050E+03    56     0
2p4s3Po            9.0     578127.00000000     1.4012   2.140E+03    57     0
2p4s1Po            3.0     580817.50000000     1.3205   2.270E+03    58     0
2p4p1Pe            3.0     584661.60000000     1.2053   2.487E+03    59     0
2s7s3Se            3.0     584977.00000000     1.1958   2.507E+03    60     0
2s7s1Se            1.0     584983.30000000     1.1957   2.507E+03    61     0
2p4p3De           15.0     585842.00000000     1.1699   2.563E+03    62     0
2s7p3Po            9.0     587006.00000000     1.1350   2.641E+03    63     0
2s7p1Po            3.0     587979.40000000     1.1058   2.711E+03    64     0
2s7d3De           15.0     588383.00000000     1.0937   2.741E+03    65     0
2p4d1Do            5.0     588689.00000000     1.0846   2.764E+03    66     0
2s7f1Fo            7.0     588714.00000000     1.0838   2.766E+03    67     0
2s7g3Ge           27.0     588828.00000000     1.0804   2.775E+03    68     0
2s7d1De            5.0     588884.00000000     1.0787   2.779E+03    69     0
2s7g1Ge            9.0     588896.00000000     1.0784   2.780E+03    70     0
2s7h3Ho           33.0     588994.00000000     1.0754   2.788E+03    71     0
2s7h1Ho           11.0     588994.00000000     1.0754   2.788E+03    72     0
2p4p3Pe            9.0     589007.00000000     1.0750   2.789E+03    73     0
2s7i3Ie           39.0     589021.00000000     1.0746   2.790E+03    74     0
2s7i1Ie           13.0     589021.00000000     1.0746   2.790E+03    75     0
2s7f3Fo           21.0     589034.00000000     1.0742   2.791E+03    76     0
2p4d3Fo           21.0     589590.00000000     1.0575   2.835E+03    77     0
2p4d1Fo            7.0     591047.80000000     1.0138   2.957E+03    78     0
2p4p1De            5.0     591060.90000000     1.0135   2.958E+03    79     0
2p4d3Do           15.0     593736.00000000     0.9333   3.212E+03    80     0
2p4f1Fe            7.0     593973.00000000     0.9261   3.237E+03    81     0
2p4f3Fe           21.0     594152.00000000     0.9208   3.256E+03    82     0
2p4p1Se            1.0     594182.60000000     0.9199   3.259E+03    83     0
2p4d3Po            9.0     594518.00000000     0.9098   3.295E+03    84     0
2p4p3Se            3.0     595296.00000000     0.8865   3.382E+03    85     0
2p4f3Ge           27.0     596195.00000000     0.8595   3.488E+03    86     0
2p4f3De           15.0     596743.00000000     0.8431   3.556E+03    87     0
2p4f1Ge            9.0     596997.00000000     0.8355   3.588E+03    88     0
2p4f1De            5.0     597576.00000000     0.8181   3.664E+03    89     0
2p4d1Po            3.0     598538.20000000     0.7893   3.798E+03    90     0
