      2      4.012E-03      0.000E+00     -100.0000
      3      1.154E+00      0.000E+00     -100.0000
      4      1.551E+02      0.000E+00     -100.0000
      5      4.789E+08      0.000E+00     -100.0000
      6      1.789E+09      0.000E+00     -100.0000
      7      2.508E+09      0.000E+00     -100.0000
      8      1.135E+09      0.000E+00     -100.0000
      9      3.703E+09      0.000E+00     -100.0000
     10      1.141E+10      0.000E+00     -100.0000
     11      5.647E+07      0.000E+00     -100.0000
     12      1.503E+08      0.000E+00     -100.0000
     13      4.724E+09      0.000E+00     -100.0000
     14      3.348E+08      0.000E+00     -100.0000
     15      2.985E+08      0.000E+00     -100.0000
     16      1.557E+08      0.000E+00     -100.0000
     17      2.220E+08      0.000E+00     -100.0000
     18      1.160E+08      0.000E+00     -100.0000
     19      3.028E+09      0.000E+00     -100.0000
     20      4.287E+09      0.000E+00     -100.0000
     21      2.570E+09      0.000E+00     -100.0000
     22      3.756E+09      0.000E+00     -100.0000
     23      2.456E+09      0.000E+00     -100.0000
     24      5.111E+08      0.000E+00     -100.0000
     25      7.677E+08      0.000E+00     -100.0000
     26      3.024E+08      0.000E+00     -100.0000
     27      1.141E+08      0.000E+00     -100.0000
     28      7.826E+08      0.000E+00     -100.0000
     29      2.110E+08      0.000E+00     -100.0000
     30      1.122E+08      0.000E+00     -100.0000
     31      1.124E+09      0.000E+00     -100.0000
     32      9.325E+07      0.000E+00     -100.0000
     33      3.976E+07      0.000E+00     -100.0000
     34      1.294E+09      0.000E+00     -100.0000
     35      2.162E+09      0.000E+00     -100.0000
     36      1.303E+09      0.000E+00     -100.0000
     37      4.128E+08      0.000E+00     -100.0000
     38      5.066E+08      0.000E+00     -100.0000
     39      1.897E+09      0.000E+00     -100.0000
     40      2.511E+08      0.000E+00     -100.0000
     41      1.166E+09      0.000E+00     -100.0000
     42      2.303E+08      0.000E+00     -100.0000
     43      2.417E+08      0.000E+00     -100.0000
     44      6.746E+08      0.000E+00     -100.0000
     45      1.652E+09      0.000E+00     -100.0000
     47      2.109E+08      0.000E+00     -100.0000
     48      5.979E+07      0.000E+00     -100.0000
     49      7.751E+07      0.000E+00     -100.0000
     50      4.267E+08      0.000E+00     -100.0000
     51      1.581E+08      0.000E+00     -100.0000
     52      3.333E+08      0.000E+00     -100.0000
