
 Recombination rates for N2

 Photoionization route is 1
 Name of of final state is 2s2_2p_2Po/2s2s2p2Po
 Statistical weight for final state is 6.
 Excitation energy for final state is 0.000x 10^15 Hz

 Dielectronic lines for states permitted to auotionze in LS coupling included

       T(10^4K)                   Type    1.0000E+00    2.0000E+00    4.0000E+00    8.0000E+00

     1  2p^2_3Pe[0]                  1    7.2108E-14    5.6031E-14    4.2359E-14    2.9197E-14
     2  2p^2_3Pe[1]                  1    2.1623E-13    1.6803E-13    1.2703E-13    8.7596E-14
     3  2p^2_3Pe[2]                  1    3.6014E-13    2.7985E-13    2.1157E-13    1.4602E-13
     4  2p^2_1De[2]                  1    3.1115E-13    2.2630E-13    1.6685E-13    1.2388E-13
     5  2p^2_1Se[0]                  1    5.4363E-14    3.9883E-14    2.9765E-14    2.2416E-14
     6  2p^3_5So[2]                  0    2.6680E-17    1.2194E-15    8.3683E-15    2.3862E-14
     7  2p^3_3Do[3]                  0    6.2230E-13    5.0436E-13    3.5244E-13    1.9899E-13
     8  2p^3_3Do[2]                  0    4.4442E-13    3.6020E-13    2.5152E-13    1.4207E-13
     9  2p^3_3Do[1]                  0    2.6665E-13    2.1611E-13    1.5090E-13    8.5238E-14
    10  2p^3_3Po[1]                  0    1.2957E-13    1.3972E-13    1.0859E-13    8.1639E-14
    11  2p^3_3Po[2]                  0    2.1595E-13    2.3287E-13    1.8098E-13    1.3607E-13
    12  2p^3_3Po[0]                  0    4.3187E-14    4.6569E-14    3.6178E-14    2.7214E-14
    13  2p^3_1Do[2]                  0    2.7902E-14    5.4948E-14    7.2255E-14    1.2879E-13
    14  2p3s3Po[0]                   5    7.6091E-15    8.3993E-15    9.7231E-15    7.2794E-15
    15  2p3s3Po[1]                   5    2.2814E-14    2.5170E-14    2.8933E-14    2.2118E-14
    16  2p3s3Po[2]                   5    3.7918E-14    4.1772E-14    4.6248E-14    3.8696E-14
    17  2p3s1Po[1]                   5    2.8766E-15    2.4305E-15    2.3355E-15    2.5637E-15
    18  2p^3_3So[1]                  0    2.9633E-14    3.3352E-14    2.7674E-14    9.6204E-14
    19  2p3p1Pe[1]                   5    5.3468E-15    4.5631E-15    4.2672E-15    4.1041E-15
    20  2p3p3De[1]                   5    5.2959E-15    6.3576E-15    7.6362E-15    4.0694E-15
    21  2p3p3De[2]                   5    8.8141E-15    1.0578E-14    1.2647E-14    6.7757E-15
    22  2p3p3De[3]                   5    1.2311E-14    1.4763E-14    1.7417E-14    9.4755E-15
    23  2p^3_1Po[1]                  0    1.2309E-19    1.4829E-16    5.6782E-15    5.3797E-14
    24  2p3p3Se[1]                   5    6.9380E-15    6.2209E-15    6.3815E-15    7.0651E-15
    25  2p3p3Pe[0]                   5    3.3105E-15    3.1415E-15    3.6135E-15    4.8129E-15
    26  2p3p3Pe[1]                   5    9.9229E-15    9.4176E-15    1.0834E-14    1.4431E-14
    27  2p3p3Pe[2]                   5    1.6514E-14    1.5677E-14    1.8039E-14    2.4030E-14
    28  2p3p1De[2]                   5    2.0305E-14    2.0438E-14    2.6331E-14    4.1654E-14
    29  2p3p1Se[0]                   5    5.2343E-15    5.7252E-15    8.6255E-15    1.7093E-14
    30  2p3d3Fo[2]                   5    3.9106E-14    6.4268E-14    2.0074E-13    9.5480E-13
    31  2p3d3Fo[3]                   5    5.4675E-14    8.9941E-14    2.8121E-13    1.3380E-12
    32  2p3d3Fo[4]                   5    7.0168E-14    1.1558E-13    3.6187E-13    1.7227E-12
    33  2p3d1Do[2]                   5    3.5454E-14    5.9984E-14    1.9043E-13    8.7388E-13
    34  2p3d3Do[1]                   5    2.0335E-14    3.4660E-14    1.0899E-13    4.7891E-13
    35  2p3d3Do[2]                   5    3.3874E-14    5.7760E-14    1.8169E-13    7.9843E-13
    36  2p3d3Do[3]                   5    4.7392E-14    8.0850E-14    2.5444E-13    1.1183E-12
    37  2p3d3Po[2]                   5    2.9671E-14    5.2402E-14    1.6704E-13    7.0964E-13
    38  2p3d3Po[1]                   5    1.7782E-14    3.1434E-14    1.0027E-13    4.2605E-13
    39  2p3d3Po[0]                   5    5.9239E-15    1.0477E-14    3.3434E-14    1.4206E-13
    40  2p3d1Fo[3]                   5    3.8699E-14    7.1016E-14    2.3911E-13    1.0768E-12
    41  2p3d1Po[1]                   5    1.5947E-14    3.5441E-14    1.9288E-13    1.9496E-12
    42  2p4s3Po[0]                   5    7.9684E-16    8.8393E-16    1.2566E-15    2.0905E-15
    43  2p4s3Po[1]                   5    2.3861E-15    2.6480E-15    3.7660E-15    6.2659E-15
    44  2p4s3Po[2]                   5    3.9597E-15    4.3987E-15    6.2617E-15    1.0421E-14
    45  2p4s1Po[1]                   5    2.2903E-15    2.7508E-15    4.5927E-15    9.8632E-15
    46  2p4p1Pe[1]                   5    2.2747E-15    2.6876E-15    4.2196E-15    8.1058E-15
    47  2p4p3De[1]                   5    2.1452E-15    2.7948E-15    5.4287E-15    1.4757E-14
    48  2p4p3De[2]                   5    3.5684E-15    4.6524E-15    9.0446E-15    2.4596E-14
    49  2p4p3De[3]                   5    4.9776E-15    6.4987E-15    1.2654E-14    3.4438E-14
    50  2p4p3Pe[0]                   5    1.0160E-15    1.2450E-15    2.0470E-15    4.0773E-15
    51  2p4p3Pe[1]                   5    3.0448E-15    3.7323E-15    6.1384E-15    1.2228E-14
    52  2p4p3Pe[2]                   5    5.0606E-15    6.2083E-15    1.0219E-14    2.0360E-14
    53  2p4p3Se[1]                   5    2.8076E-15    3.4247E-15    5.5750E-15    1.0941E-14
    54  2p4p1De[2]                   5    9.2405E-15    1.2948E-14    2.6067E-14    6.4926E-14
    55  2p^2_3s5Pe[1]                0    1.7292E-18    8.9282E-17    6.9911E-16    2.3004E-15
    56  2p^2_3s5Pe[2]                0    2.8600E-18    1.4826E-16    1.1631E-15    3.8300E-15
    57  2p^2_3s5Pe[3]                0    3.9658E-18    2.0661E-16    1.6247E-15    5.3551E-15
    58  2p4p1Se[0]                   5    2.9188E-15    5.6209E-15    2.2483E-14    1.3365E-13
    59  2p4d3Fo[2]                   5    3.4749E-14    1.3733E-13    1.7657E-12    2.3359E-11
    60  2p4d3Fo[3]                   5    4.8617E-14    1.9284E-13    2.4868E-12    3.2812E-11
    61  2p4d3Fo[4]                   5    6.2454E-14    2.4894E-13    3.2232E-12    4.2379E-11
    62  2p4d1Do[2]                   5    3.5288E-14    1.5182E-13    2.1976E-12    3.0453E-11
    63  2p4d3Do[1]                   5    2.1455E-14    9.5482E-14    1.3799E-12    1.8435E-11
    64  2p4d3Do[2]                   5    3.5753E-14    1.5936E-13    2.3058E-12    3.0766E-11
    65  2p4d3Do[3]                   5    5.0043E-14    2.2354E-13    3.2394E-12    4.3152E-11
    66  2p4d3Po[2]                   5    3.2998E-14    1.1801E-13    1.0084E-12    8.9265E-12
    67  2p4d3Po[1]                   5    1.9789E-14    7.0926E-14    6.0701E-13    5.3653E-12
    68  2p4d3Po[0]                   5    6.5944E-15    2.3664E-14    2.0269E-13    1.7902E-12
    69  2p4f1Fe                      2    3.2758E-15    1.8425E-15    9.4240E-16    4.3703E-16
    70  2p4f3Fe                      2    9.8175E-15    5.5213E-15    2.8237E-15    1.3093E-15
    71  2p4d1Fo                      5    4.2097E-14    1.3030E-13    7.6485E-13    4.6674E-12
    72  2p4f3Ge                      2    1.2461E-14    6.9984E-15    3.5741E-15    1.6550E-15
    73  2p4d1Po                      5    1.6587E-14    4.4993E-14    1.9700E-13    8.7086E-13
    74  2p4f1Ge                      2    4.1400E-15    2.3244E-15    1.1866E-15    5.4930E-16
    75  2p4f3De                      2    6.8918E-15    3.8689E-15    1.9749E-15    9.1408E-16
    76  2p4f1De                      2    2.2905E-15    1.2855E-15    6.5595E-16    3.0351E-16
    77  2p^2_3s3Pe                   0    5.0542E-18    2.6838E-16    2.2200E-15    7.9718E-15
    78  2p^3_'3Po                    2    8.3715E-15    4.8734E-15    2.6159E-15    1.2881E-15
    79  2p^2_3p3So                   0    1.2285E-18    6.0925E-17    4.3051E-16    1.1033E-15
    80  2p^2_3p5Do                   0    1.4841E-17    8.2144E-16    6.7691E-15    2.2160E-14
    81  2p^2_3p5Po                   0    1.0306E-17    5.5982E-16    4.6062E-15    1.4926E-14
    82  2p^2_3p3Do                   0    7.5727E-15    2.5481E-15    1.3095E-14    2.7806E-14
    83  2p^2_3p5So                   0    5.7335E-18    3.5241E-16    3.6355E-15    1.6282E-14
    84  2p^2_3p3Po                   0    8.0188E-18    3.3057E-16    1.7254E-15    3.1218E-15

        Sum                               3.8757E-12    4.9278E-12    2.3835E-11    2.5662E-10
 


 Summary of recombination rates for packed levels.

       T(10^4K)                   Type    1.0000E+00    2.0000E+00    4.0000E+00    8.0000E+00

     1  2p^2_3Pe                     1    6.4848E-13    5.0391E-13    3.8095E-13    2.6281E-13
     2  2p^2_1De                     1    3.1115E-13    2.2630E-13    1.6685E-13    1.2388E-13
     3  2p^2_1Se                     1    5.4363E-14    3.9883E-14    2.9765E-14    2.2416E-14
     4  2p^3_5So                     0    2.6680E-17    1.2194E-15    8.3683E-15    2.3862E-14
     5  2p^3_3Do                     0    1.3334E-12    1.0807E-12    7.5485E-13    4.2630E-13
     6  2p^3_3Po                     0    3.8871E-13    4.1916E-13    3.2575E-13    2.4492E-13
     7  2p^3_1Do                     0    2.7902E-14    5.4948E-14    7.2255E-14    1.2879E-13
     8  2p3s3Po                      5    6.8341E-14    7.5342E-14    8.4903E-14    6.8093E-14
     9  2p3s1Po                      5    2.8766E-15    2.4305E-15    2.3355E-15    2.5637E-15
    10  2p^3_3So                     0    2.9633E-14    3.3352E-14    2.7674E-14    9.6204E-14
    11  2p3p1Pe                      5    5.3468E-15    4.5631E-15    4.2672E-15    4.1041E-15
    12  2p3p3De                      5    2.6421E-14    3.1699E-14    3.7700E-14    2.0321E-14
    13  2p^3_1Po                     0    1.2309E-19    1.4829E-16    5.6782E-15    5.3797E-14
    14  2p3p3Se                      5    6.9380E-15    6.2209E-15    6.3815E-15    7.0651E-15
    15  2p3p3Pe                      5    2.9748E-14    2.8236E-14    3.2486E-14    4.3274E-14
    16  2p3p1De                      5    2.0305E-14    2.0438E-14    2.6331E-14    4.1654E-14
    17  2p3p1Se                      5    5.2343E-15    5.7252E-15    8.6255E-15    1.7093E-14
    18  2p3d3Fo                      5    1.6395E-13    2.6979E-13    8.4381E-13    4.0155E-12
    19  2p3d1Do                      5    3.5454E-14    5.9984E-14    1.9043E-13    8.7388E-13
    20  2p3d3Do                      5    1.0160E-13    1.7327E-13    5.4512E-13    2.3956E-12
    21  2p3d3Po                      5    5.3377E-14    9.4313E-14    3.0075E-13    1.2777E-12
    22  2p3d1Fo                      5    3.8699E-14    7.1016E-14    2.3911E-13    1.0768E-12
    23  2p3d1Po                      5    1.5947E-14    3.5441E-14    1.9288E-13    1.9496E-12
    24  2p4s3Po                      5    7.1426E-15    7.9306E-15    1.1284E-14    1.8778E-14
    25  2p4s1Po                      5    2.2903E-15    2.7508E-15    4.5927E-15    9.8632E-15
    26  2p4p1Pe                      5    2.2747E-15    2.6876E-15    4.2196E-15    8.1058E-15
    27  2p4p3De                      5    1.0691E-14    1.3946E-14    2.7127E-14    7.3791E-14
    28  2p4p3Pe                      5    9.1213E-15    1.1186E-14    1.8404E-14    3.6665E-14
    29  2p4p3Se                      5    2.8076E-15    3.4247E-15    5.5750E-15    1.0941E-14
    30  2p4p1De                      5    9.2405E-15    1.2948E-14    2.6067E-14    6.4926E-14
    31  2p^2_3s5Pe                   0    8.5551E-18    4.4415E-16    3.4869E-15    1.1485E-14
    32  2p4p1Se                      5    2.9188E-15    5.6209E-15    2.2483E-14    1.3365E-13
    33  2p4d3Fo                      5    1.4582E-13    5.7911E-13    7.4758E-12    9.8550E-11
    34  2p4d1Do                      5    3.5288E-14    1.5182E-13    2.1976E-12    3.0453E-11
    35  2p4d3Do                      5    1.0725E-13    4.7839E-13    6.9251E-12    9.2353E-11
    36  2p4d3Po                      5    5.9381E-14    2.1260E-13    1.8181E-12    1.6082E-11
    37  2p4f1Fe                      2    3.2758E-15    1.8425E-15    9.4240E-16    4.3703E-16
    38  2p4f3Fe                      2    9.8175E-15    5.5213E-15    2.8237E-15    1.3093E-15
    39  2p4d1Fo                      5    4.2097E-14    1.3030E-13    7.6485E-13    4.6674E-12
    40  2p4f3Ge                      2    1.2461E-14    6.9984E-15    3.5741E-15    1.6550E-15
    41  2p4d1Po                      5    1.6587E-14    4.4993E-14    1.9700E-13    8.7086E-13
    42  2p4f1Ge                      2    4.1400E-15    2.3244E-15    1.1866E-15    5.4930E-16
    43  2p4f3De                      2    6.8918E-15    3.8689E-15    1.9749E-15    9.1408E-16
    44  2p4f1De                      2    2.2905E-15    1.2855E-15    6.5595E-16    3.0351E-16
    45  2p^2_3s3Pe                   0    5.0542E-18    2.6838E-16    2.2200E-15    7.9718E-15
    46  2p^3_'3Po                    2    8.3715E-15    4.8734E-15    2.6159E-15    1.2881E-15
    47  2p^2_3p3So                   0    1.2285E-18    6.0925E-17    4.3051E-16    1.1033E-15
    48  2p^2_3p5Do                   0    1.4841E-17    8.2144E-16    6.7691E-15    2.2160E-14
    49  2p^2_3p5Po                   0    1.0306E-17    5.5982E-16    4.6062E-15    1.4926E-14
    50  2p^2_3p3Do                   0    7.5727E-15    2.5481E-15    1.3095E-14    2.7806E-14
    51  2p^2_3p5So                   0    5.7335E-18    3.5241E-16    3.6355E-15    1.6282E-14
    52  2p^2_3p3Po                   0    8.0188E-18    3.3057E-16    1.7254E-15    3.1218E-15

        Sum                               3.8757E-12    4.9278E-12    2.3835E-11    2.5662E-10
