                                                                                
********************************************************************************
                                                                                
                 Energy Levels and statistical weights for CaIII                
                                                                                
********************************************************************************
                                                                                
15-Apr-1999                            !Date
232                                    !Number of energy levels
6                                      !Entry number of link to super level
  
3s2_3p6_1Se[0]                  1.0          0.0000    12.3099   2.435E+02     1     0      1
3s2_3p5_3d_3Po[0]               1.0     203373.2200     6.2129   4.825E+02     2     0      2
3s2_3p5_3d_3Po[1]               3.0     203851.9500     6.1986   4.836E+02     2     0      3
3s2_3p5_3d_3Po[2]               5.0     204842.6400     6.1689   4.860E+02     2     0      4
3s2_3p5_3d_3Fo[4]               9.0     212310.0400     5.9450   5.043E+02     3     0      5
3s2_3p5_3d_3Fo[3]               7.0     213379.4000     5.9129   5.070E+02     3     0      6
3s2_3p5_3d_3Fo[2]               5.0     214334.0600     5.8843   5.095E+02     3     0      7
3s2_3p5_3d_1Do[2]               5.0     225826.2200     5.5398   5.412E+02     4     0      8
3s2_3p5_3d_3Do[3]               7.0     226333.5600     5.5246   5.427E+02     5     0      9
3s2_3p5_3d_3Do[2]               5.0     227388.5600     5.4930   5.458E+02     5     0     10
3s2_3p5_3d_3Do[1]               3.0     227432.1100     5.4917   5.459E+02     5     0     11
3s2_3p5_3d_1Fo[3]               7.0     228413.9500     5.4622   5.488E+02     4     0     12
3s2_3p5_4s_3Po[2]               5.0     242547.1900     5.0385   5.950E+02     6     0     13
3s2_3p5_4s_3Po[1]               3.0     243930.4400     4.9971   5.999E+02     6     0     14
3s2_3p5_4s_3Po[0]               1.0     245611.8800     4.9466   6.061E+02     6     0     15
3s2_3p5_4s_1Po[1]               3.0     247696.3900     4.8842   6.138E+02     7     0     16
3s2_3p5_4p_3Se[1]               3.0     272188.7000     4.1499   7.224E+02     8     0     17
3s2_3p5_4p_3De[3]               7.0     277022.4000     4.0050   7.485E+02     9     0     18
3s2_3p5_4p_3De[2]               5.0     277380.8600     3.9942   7.506E+02     9     0     19
3s2_3p5_4p_3De[1]               3.0     278621.0100     3.9571   7.576E+02     9     0     20
3s2_3p5_3d_1Po[1]               3.0     279353.6400     3.9351   7.618E+02    10     0     21
3s2_3p5_4p_1De[2]               5.0     279741.8000     3.9235   7.641E+02    11     0     22
3s2_3p5_4p_1Pe[1]               3.0     281139.5500     3.8815   7.724E+02    11     0     23
3s2_3p5_4p_3Pe[2]               5.0     281882.2400     3.8593   7.768E+02    12     0     24
3s2_3p5_4p_3Pe[0]               1.0     282075.1500     3.8535   7.780E+02    12     0     25
3s2_3p5_4p_3Pe[1]               3.0     282571.4300     3.8386   7.810E+02    12     0     26
3s2_3p5_4p_1Se[0]               1.0     290934.3000     3.5879   8.356E+02    13     0     27
3s2_3p5_4d_3Po[0]               1.0     322663.2800     2.6367   1.137E+03    14     0     28
3s2_3p5_4d_3Po[1]               3.0     323003.5600     2.6265   1.141E+03    14     0     29
3s2_3p5_4d_3Po[2]               5.0     323655.0600     2.6070   1.150E+03    14     0     30
3s2_3p5_4d_3Fo[4]               9.0     324110.2400     2.5933   1.156E+03    14     0     31
3s2_3p5_4d_3Fo[3]               7.0     324660.4700     2.5768   1.163E+03    14     0     32
3s2_3p5_4d_3Fo[2]               5.0     325467.6700     2.5526   1.174E+03    14     0     33
3s2_3p5_4d_1Fo[3]               7.0     326186.3200     2.5311   1.184E+03    15     0     34
3s2_3p5_4d_3Do[1]               3.0     327962.1100     2.4778   1.210E+03    16     0     35
3s2_3p5_4d_1Do[2]               5.0     328090.9900     2.4740   1.212E+03    15     0     36
3s2_3p5_4d_3Do[3]               7.0     328588.7600     2.4591   1.219E+03    16     0     37
3s2_3p5_4d_3Do[2]               5.0     328606.7800     2.4585   1.219E+03    16     0     38
3s2_3p5_5s_3Po                  9.0     329595.9000     2.4289   1.234E+03    16     0     39
3s2_3p5_5s_1Po                  3.0     330676.9000     2.3965   1.251E+03    15     0     40
3s2_3p5_4d_1Po[1]               3.0     336749.1100     2.2144   1.354E+03    17     0     41
3s2_3p5_5p_3Se                  3.0     339769.9000     2.1239   1.412E+03    18     0     42
3s2_3p5_4d_1Po                  3.0     341458.9000     2.0732   1.446E+03    17     0     43
3s2_3p5_5p_3De                 15.0     341621.9000     2.0683   1.449E+03    18     0     44
3s2_3p5_5p_1De                  5.0     342403.9000     2.0449   1.466E+03    19     0     45
3s2_3p5_5p_3Pe                  9.0     342807.9000     2.0328   1.475E+03    18     0     46
3s2_3p5_5p_1Pe                  3.0     342807.9000     2.0328   1.475E+03    19     0     47
3s2_3p5_5p_1Se                  1.0     346560.9000     1.9203   1.561E+03    19     0     48
3s2_3p5_4f_3De                 15.0     347490.9000     1.8924   1.584E+03    20     0     49
3s2_3p5_4f_3Ge                 27.0     348029.9000     1.8762   1.598E+03    20     0     50
3s2_3p5_4f_1De                  5.0     348146.9000     1.8727   1.601E+03    21     0     51
3s2_3p5_4f_1Ge                  9.0     348154.9000     1.8725   1.601E+03    21     0     52
3s2_3p5_4f_1Fe                  7.0     348981.9000     1.8477   1.623E+03    21     0     53
3s2_3p5_4f_3Fe                 21.0     348981.9000     1.8477   1.623E+03    20     0     54
3s2_3p5_5d_3Po                  9.0     359675.9000     1.5271   1.963E+03    22     0     55
3s2_3p5_5d_3Fo                 21.0     360382.9000     1.5059   1.991E+03    22     0     56
3s2_3p5_5d_1Fo                  7.0     361196.9000     1.4815   2.024E+03    23     0     57
3s2_3p5_5d_1Do                  5.0     361446.9000     1.4740   2.034E+03    23     0     58
3s2_3p5_5d_3Do                 15.0     361446.9000     1.4740   2.034E+03    22     0     59
3s2_3p5_6s_3Po                  9.0     361782.9000     1.4639   2.048E+03    22     0     60
3s2_3p5_6s_1Po                  3.0     362237.9000     1.4503   2.067E+03    23     0     61
3s2_3p5_5d_1Po                  3.0     366398.9000     1.3255   2.262E+03    24     0     62
3s2_3p5_6p_3Se                  3.0     366634.9000     1.3185   2.274E+03    25     0     63
3s2_3p5_6p_3De                 15.0     367566.9000     1.2905   2.323E+03    25     0     64
3s2_3p5_6p_1De                  5.0     367944.9000     1.2792   2.344E+03    26     0     65
3s2_3p5_6p_1Pe                  3.0     368138.9000     1.2734   2.354E+03    26     0     66
3s2_3p5_6p_3Pe                  9.0     368138.9000     1.2734   2.354E+03    25     0     67
3s2_3p5_6p_1Se                  1.0     369883.9000     1.2211   2.455E+03    26     0     68
3s2_3p5_5f_3De                 15.0     370016.9000     1.2171   2.463E+03    25     0     69
3s2_3p5_5f_3Ge                 27.0     370457.9000     1.2039   2.490E+03    25     0     70
3s2_3p5_5f_1Ge                  9.0     370551.9000     1.2010   2.496E+03    26     0     71
3s2_3p5_5f_1De                  5.0     370609.9000     1.1993   2.500E+03    26     0     72
3s2_3p5_5g_3Fo                 21.0     370849.9000     1.1921   2.515E+03    27     0     73
3s2_3p5_5g_1Fo                  7.0     370854.9000     1.1920   2.515E+03    24     0     74
3s2_3p5_5g_3Ho                 33.0     370874.9000     1.1914   2.516E+03    27     0     75
3s2_3p5_5g_1Ho                 11.0     370876.9000     1.1913   2.517E+03    24     0     76
3s2_3p5_5f_1Fe                  7.0     370953.9000     1.1890   2.521E+03    26     0     77
3s2_3p5_5f_3Fe                 21.0     370953.9000     1.1890   2.521E+03    25     0     78
3s2_3p5_5g_1Go                  9.0     370981.9000     1.1881   2.523E+03    24     0     79
3s2_3p5_5g_3Go                 27.0     370981.9000     1.1881   2.523E+03    27     0     80
3s2_3p5_6d_3Po                  9.0     376763.9000     1.0148   2.954E+03    28     0     81
3s2_3p5_6d_3Fo                 21.0     377158.9000     1.0030   2.989E+03    28     0     82
3s2_3p5_6d_1Fo                  7.0     377569.9000     0.9906   3.026E+03    29     0     83
3s2_3p5_6d_3Do                 15.0     377703.9000     0.9866   3.039E+03    28     0     84
3s2_3p5_6d_1Do                  5.0     377703.9000     0.9866   3.039E+03    29     0     85
3s2_3p5_7s_3Po                  9.0     377898.9000     0.9808   3.057E+03    28     0     86
3s2_3p5_7s_1Po                  3.0     378134.9000     0.9737   3.079E+03    29     0     87
3s2_3p5_6d_1Po                  3.0     380144.9000     0.9134   3.282E+03    29     0     88
3s2_3p5_7p_3Se                  3.0     380554.9000     0.9012   3.327E+03    30     0     89
3s2_3p5_7p_3De                 15.0     381121.9000     0.8842   3.391E+03    30     0     90
3s2_3p5_7p_1De                  5.0     381332.9000     0.8778   3.415E+03    31     0     91
3s2_3p5_7p_3Pe                  9.0     381441.9000     0.8746   3.428E+03    30     0     92
3s2_3p5_7p_1Pe                  3.0     381441.9000     0.8746   3.428E+03    31     0     93
3s2_3p5_6f_3De                 15.0     382310.9000     0.8485   3.533E+03    30     0     94
3s2_3p5_7p_1Se                  1.0     382357.9000     0.8471   3.539E+03    31     0     95
3s2_3p5_6f_3Ge                 27.0     382676.9000     0.8375   3.579E+03    30     0     96
3s2_3p5_6f_1Ge                  9.0     382740.9000     0.8356   3.588E+03    31     0     97
3s2_3p5_6f_1De                  5.0     382793.9000     0.8340   3.595E+03    31     0     98
3s2_3p5_6g_3Fo                 21.0     382924.9000     0.8301   3.612E+03    32     0     99
3s2_3p5_6g_1Fo                  7.0     382929.9000     0.8300   3.612E+03    33     0    100
3s2_3p5_6g_3Ho                 33.0     382945.9000     0.8295   3.614E+03    32     0    101
3s2_3p5_6g_1Ho                 11.0     382946.9000     0.8294   3.614E+03    33     0    102
3s2_3p5_6f_3Fe                 21.0     382965.9000     0.8289   3.617E+03    30     0    103
3s2_3p5_6f_1Fe                  7.0     382965.9000     0.8289   3.617E+03    31     0    104
3s2_3p5_6h_3Ge                 27.0     382972.9000     0.8287   3.618E+03    30     0    105
3s2_3p5_6h_1Ge                  9.0     382972.9000     0.8287   3.618E+03    31     0    106
3s2_3p5_6h_3He                 33.0     382979.9000     0.8285   3.619E+03    30     0    107
3s2_3p5_6h_1He                 11.0     382979.9000     0.8285   3.619E+03    31     0    108
3s2_3p5_6g_1Go                  9.0     383031.9000     0.8269   3.626E+03    33     0    109
3s2_3p5_6g_3Go                 27.0     383031.9000     0.8269   3.626E+03    32     0    110
3s2_3p5_7d_3Po                  9.0     386445.9000     0.7245   4.138E+03    32     0    111
3s2_3p5_7d_3Fo                 21.0     386691.9000     0.7172   4.180E+03    32     0    112
3s2_3p5_7d_1Fo                  7.0     386930.9000     0.7100   4.222E+03    33     0    113
3s2_3p5_7d_1Do                  5.0     387011.9000     0.7076   4.237E+03    33     0    114
3s2_3p5_7d_3Do                 15.0     387011.9000     0.7076   4.237E+03    32     0    115
3s2_3p5_8s_3Po                  9.0     387134.9000     0.7039   4.259E+03    32     0    116
3s2_3p5_8s_1Po                  3.0     387272.9000     0.6998   4.284E+03    33     0    117
3s2_3p5_7d_1Po                  3.0     388394.9000     0.6661   4.501E+03    34     0    118
3s2_3p5_8p_3Se                  3.0     388710.9000     0.6566   4.566E+03    35     0    119
3s2_3p5_8p_3De                 15.0     389112.9000     0.6446   4.651E+03    35     0    120
3s2_3p5_8p_1De                  5.0     389242.9000     0.6407   4.679E+03    36     0    121
3s2_3p5_8p_3Pe                  9.0     389309.9000     0.6387   4.694E+03    35     0    122
3s2_3p5_8p_1Pe                  3.0     389309.9000     0.6387   4.694E+03    36     0    123
3s2_3p5_7f_3De                 15.0     389737.9000     0.6259   4.790E+03    35     0    124
3s2_3p5_8p_1Se                  1.0     389820.9000     0.6234   4.809E+03    36     0    125
3s2_3p5_7f_3Ge                 27.0     390047.9000     0.6166   4.862E+03    35     0    126
3s2_3p5_7f_1Ge                  9.0     390091.9000     0.6152   4.873E+03    36     0    127
3s2_3p5_7f_1De                  5.0     390131.9000     0.6140   4.882E+03    36     0    128
3s2_3p5_7g_3Fo                 21.0     390212.9000     0.6116   4.902E+03    37     0    129
3s2_3p5_7g_1Fo                  7.0     390216.9000     0.6115   4.903E+03    34     0    130
3s2_3p5_7g_3Ho                 33.0     390226.9000     0.6112   4.905E+03    37     0    131
3s2_3p5_7g_1Ho                 11.0     390228.9000     0.6111   4.906E+03    34     0    132
3s2_3p5_7f_1Fe                  7.0     390231.9000     0.6110   4.906E+03    36     0    133
3s2_3p5_7f_3Fe                 21.0     390231.9000     0.6110   4.906E+03    35     0    134
3s2_3p5_7h_3Ge                 27.0     390246.9000     0.6106   4.910E+03    35     0    135
3s2_3p5_7h_1Ge                  9.0     390246.9000     0.6106   4.910E+03    36     0    136
3s2_3p5_7i_1Ho                 11.0     390249.9000     0.6105   4.911E+03    34     0    137
3s2_3p5_7i_3Ho                 33.0     390249.9000     0.6105   4.911E+03    37     0    138
3s2_3p5_7h_3He                 33.0     390254.9000     0.6104   4.912E+03    35     0    139
3s2_3p5_7h_1He                 11.0     390254.9000     0.6104   4.912E+03    36     0    140
3s2_3p5_7g_1Go                  9.0     390288.9000     0.6093   4.920E+03    34     0    141
3s2_3p5_7g_3Go                 27.0     390288.9000     0.6093   4.920E+03    37     0    142
3s2_3p5_8d_3Po                  9.0     392470.9000     0.5439   5.512E+03    37     0    143
3s2_3p5_8d_3Fo                 21.0     392635.9000     0.5390   5.562E+03    37     0    144
3s2_3p5_8d_1Fo                  7.0     392786.9000     0.5344   5.609E+03    34     0    145
3s2_3p5_8d_1Do                  5.0     392840.9000     0.5328   5.626E+03    34     0    146
3s2_3p5_8d_3Do                 15.0     392840.9000     0.5328   5.626E+03    37     0    147
3s2_3p5_9s_3Po                  9.0     392921.9000     0.5304   5.652E+03    37     0    148
3s2_3p5_9s_1Po                  3.0     393009.9000     0.5278   5.680E+03    34     0    149
3s2_3p5_8d_1Po                  3.0     393700.9000     0.5070   5.913E+03    38     0    150
3s2_3p5_9p_3Se                  3.0     393886.9000     0.5015   5.978E+03    39     0    151
3s2_3p5_9p_3De                 15.0     394221.9000     0.4914   6.100E+03    39     0    152
3s2_3p5_9p_1De                  5.0     394307.9000     0.4888   6.133E+03    40     0    153
3s2_3p5_9p_1Pe                  3.0     394352.9000     0.4875   6.150E+03    40     0    154
3s2_3p5_9p_3Pe                  9.0     394352.9000     0.4875   6.150E+03    39     0    155
3s2_3p5_8f_3De                 15.0     394563.9000     0.4812   6.230E+03    39     0    156
3s2_3p5_9p_1Se                  1.0     394637.9000     0.4790   6.259E+03    40     0    157
3s2_3p5_8f_3Ge                 27.0     394829.9000     0.4732   6.335E+03    39     0    158
3s2_3p5_8f_1Ge                  9.0     394860.9000     0.4723   6.348E+03    40     0    159
3s2_3p5_8f_1De                  5.0     394889.9000     0.4714   6.360E+03    40     0    160
3s2_3p5_8g_3Fo                 21.0     394944.9000     0.4698   6.382E+03    37     0    161
3s2_3p5_8g_1Fo                  7.0     394947.9000     0.4697   6.383E+03    38     0    162
3s2_3p5_8f_1Fe                  7.0     394953.9000     0.4695   6.386E+03    40     0    163
3s2_3p5_8f_3Fe                 21.0     394953.9000     0.4695   6.386E+03    39     0    164
3s2_3p5_8g_3Ho                 33.0     394954.9000     0.4695   6.386E+03    37     0    165
3s2_3p5_8g_1Ho                 11.0     394955.9000     0.4694   6.386E+03    38     0    166
3s2_3p5_8h_3Ge                 27.0     394967.9000     0.4691   6.391E+03    39     0    167
3s2_3p5_8h_1Ge                  9.0     394968.9000     0.4690   6.392E+03    40     0    168
3s2_3p5_8i_1Ho                 11.0     394970.9000     0.4690   6.393E+03    38     0    169
3s2_3p5_8i_3Ho                 33.0     394970.9000     0.4690   6.393E+03    37     0    170
3s2_3p5_8h_3He                 33.0     394975.9000     0.4688   6.395E+03    39     0    171
3s2_3p5_8h_1He                 11.0     394975.9000     0.4688   6.395E+03    40     0    172
3s2_3p5_8g_3Go                 27.0     394998.9000     0.4681   6.404E+03    37     0    173
3s2_3p5_8g_1Go                  9.0     394998.9000     0.4681   6.404E+03    38     0    174
3s2_3p5_9d_3Po                  9.0     396476.9000     0.4238   7.074E+03    41     0    175
3s2_3p5_9d_3Fo                 21.0     396591.9000     0.4204   7.132E+03    41     0    176
3s2_3p5_9d_1Fo                  7.0     396693.9000     0.4173   7.184E+03    38     0    177
3s2_3p5_9d_3Do                 15.0     396730.9000     0.4162   7.203E+03    41     0    178
3s2_3p5_9d_1Do                  5.0     396730.9000     0.4162   7.203E+03    38     0    179
3s2_3p510s_3Po                  9.0     396787.9000     0.4145   7.233E+03    41     0    180
3s2_3p510s_1Po                  3.0     396847.9000     0.4127   7.264E+03    38     0    181
3s2_3p5_9d_1Po                  3.0     397303.9000     0.3990   7.513E+03    38     0    182
3s2_3p510p_3Se                  3.0     397323.9000     0.3984   7.524E+03    39     0    183
3s2_3p510p_3De                 15.0     397687.9000     0.3875   7.736E+03    39     0    184
3s2_3p510p_1De                  5.0     397747.9000     0.3857   7.772E+03    40     0    185
3s2_3p510p_3Pe                  9.0     397778.9000     0.3848   7.791E+03    39     0    186
3s2_3p510p_1Pe                  3.0     397778.9000     0.3848   7.791E+03    40     0    187
3s2_3p5_9f_3De                 15.0     397874.9000     0.3819   7.850E+03    39     0    188
3s2_3p510p_1Se                  1.0     397924.9000     0.3804   7.881E+03    40     0    189
3s2_3p5_9f_3Ge                 27.0     398105.9000     0.3750   7.995E+03    39     0    190
3s2_3p5_9f_1Ge                  9.0     398128.9000     0.3743   8.009E+03    40     0    191
3s2_3p5_9f_1De                  5.0     398149.9000     0.3737   8.023E+03    40     0    192
3s2_3p5_9g_3Fo                 21.0     398188.9000     0.3725   8.048E+03    41     0    193
3s2_3p5_9g_1Fo                  7.0     398190.9000     0.3724   8.049E+03    38     0    194
3s2_3p5_9f_1Fe                  7.0     398192.9000     0.3724   8.051E+03    40     0    195
3s2_3p5_9f_3Fe                 21.0     398192.9000     0.3724   8.051E+03    39     0    196
3s2_3p5_9g_3Ho                 33.0     398195.9000     0.3723   8.053E+03    41     0    197
3s2_3p5_9g_1Ho                 11.0     398195.9000     0.3723   8.053E+03    38     0    198
3s2_3p5_9h_3Ge                 27.0     398205.9000     0.3720   8.059E+03    39     0    199
3s2_3p5_9h_1Ge                  9.0     398205.9000     0.3720   8.059E+03    40     0    200
3s2_3p5_9i_1Ho                 11.0     398207.9000     0.3719   8.060E+03    38     0    201
3s2_3p5_9i_3Ho                 33.0     398207.9000     0.3719   8.060E+03    41     0    202
3s2_3p5_9h_3He                 33.0     398211.9000     0.3718   8.063E+03    39     0    203
3s2_3p5_9h_1He                 11.0     398211.9000     0.3718   8.063E+03    40     0    204
3s2_3p5_9g_3Go                 27.0     398227.9000     0.3713   8.074E+03    41     0    205
3s2_3p5_9g_1Go                  9.0     398227.9000     0.3713   8.074E+03    38     0    206
3s2_3p510d_3Po                  9.0     399274.9000     0.3399   8.819E+03    41     0    207
3s2_3p510d_3Fo                 21.0     399358.9000     0.3374   8.885E+03    41     0    208
3s2_3p510d_1Fo                  7.0     399430.9000     0.3353   8.942E+03    42     0    209
3s2_3p510d_1Do                  5.0     399457.9000     0.3345   8.964E+03    42     0    210
3s2_3p510d_3Do                 15.0     399457.9000     0.3345   8.964E+03    41     0    211
3s2_3p511p_3Se                  3.0     399470.9000     0.3341   8.974E+03    43     0    212
3s2_3p511s_3Po                  9.0     399498.9000     0.3332   8.997E+03    41     0    213
3s2_3p511s_1Po                  3.0     399541.9000     0.3319   9.032E+03    42     0    214
3s2_3p510d_1Po                  3.0     399857.9000     0.3225   9.297E+03    42     0    215
3s2_3p511p_3De                 15.0     400147.9000     0.3138   9.555E+03    43     0    216
3s2_3p511p_1De                  5.0     400190.9000     0.3125   9.594E+03    44     0    217
3s2_3p511p_1Pe                  3.0     400212.9000     0.3118   9.614E+03    44     0    218
3s2_3p511p_3Pe                  9.0     400212.9000     0.3118   9.614E+03    43     0    219
3s2_3p510f_3De                 15.0     400245.9000     0.3108   9.645E+03    43     0    220
3s2_3p511p_1Se                  1.0     400259.9000     0.3104   9.658E+03    44     0    221
3s2_3p510f_3Ge                 27.0     400447.9000     0.3048   9.837E+03    43     0    222
3s2_3p510f_1Ge                  9.0     400463.9000     0.3043   9.852E+03    44     0    223
3s2_3p510f_1De                  5.0     400479.9000     0.3038   9.868E+03    44     0    224
3s2_3p510g_3Fo                 21.0     400508.9000     0.3029   9.896E+03    41     0    225
3s2_3p510g_1Fo                  7.0     400510.9000     0.3029   9.898E+03    42     0    226
3s2_3p510f_1Fe                  7.0     400510.9000     0.3029   9.898E+03    44     0    227
3s2_3p510f_3Fe                 21.0     400510.9000     0.3029   9.898E+03    43     0    228
3s2_3p510g_3Ho                 33.0     400513.9000     0.3028   9.901E+03    41     0    229
3s2_3p510g_1Ho                 11.0     400514.9000     0.3028   9.902E+03    42     0    230
3s2_3p510h_3Ge                 27.0     400521.9000     0.3026   9.909E+03    43     0    231
3s2_3p510h_1Ge                  9.0     400521.9000     0.3026   9.909E+03    44     0    232
