Level / Temperature (10^4 K)        0.50       1.00       2.00       5.00      10.00
3d2_3Fe                        2.931E-13  2.076E-13  1.466E-13  9.269E-14  6.553E-14
3d2_1De                        6.593E-14  4.670E-14  3.298E-14  2.085E-14  1.474E-14
3d2_3Pe                        1.168E-13  8.277E-14  5.845E-14  3.695E-14  2.613E-14
3d2_1Ge                        1.138E-13  8.058E-14  5.691E-14  3.598E-14  2.544E-14
3d2_1Se                        1.102E-14  7.806E-15  5.514E-15  3.486E-15  2.465E-15
3d4s_3De                       1.578E-13  1.117E-13  7.893E-14  4.991E-14  3.529E-14
3d4s_1De                       5.114E-14  3.620E-14  2.558E-14  1.617E-14  1.143E-14
3d4p_1Do                       3.763E-14  2.657E-14  1.878E-14  1.188E-14  8.397E-15
3d4p_3Do                       1.106E-13  7.805E-14  5.516E-14  3.488E-14  2.466E-14
3d4p_3Fo                       1.539E-13  1.086E-13  7.675E-14  4.853E-14  3.431E-14
3d4p_3Po                       6.381E-14  4.503E-14  3.182E-14  2.012E-14  1.423E-14
3d4p_1Fo                       4.851E-14  3.423E-14  2.419E-14  1.530E-14  1.082E-14
3d4p_1Po                       2.063E-14  1.456E-14  1.029E-14  6.507E-15  4.601E-15
4s2_1Se                        5.513E-15  3.892E-15  2.751E-15  1.740E-15  1.230E-15
3d4d_1Fe                       2.702E-14  1.909E-14  1.349E-14  8.534E-15  6.034E-15
3d4d_3De                       5.717E-14  4.038E-14  2.855E-14  1.805E-14  1.277E-14
3d4d_3Ge                       1.017E-13  7.186E-14  5.080E-14  3.213E-14  2.272E-14
3d4d_1Pe                       1.131E-14  7.991E-15  5.649E-15  3.572E-15  2.526E-15
3d4d_3Se                       1.104E-14  7.798E-15  5.513E-15  3.486E-15  2.465E-15
3d4d_3Fe                       7.410E-14  5.235E-14  3.701E-14  2.340E-14  1.655E-14
3d5s_3De                       5.216E-14  3.685E-14  2.605E-14  1.647E-14  1.165E-14
3d5s_1De                       1.725E-14  1.219E-14  8.616E-15  5.449E-15  3.853E-15
3d4d_1De                       1.700E-14  1.201E-14  8.491E-15  5.370E-15  3.797E-15
3d4d_3Pe                       3.046E-14  2.152E-14  1.522E-14  9.622E-15  6.804E-15
3d4d_1Ge                       3.010E-14  2.127E-14  1.504E-14  9.509E-15  6.724E-15
4s4p_3Po                       2.937E-14  2.075E-14  1.467E-14  9.278E-15  6.561E-15
3d4d_1Se                       3.131E-15  2.212E-15  1.564E-15  9.890E-16  6.993E-16
3d5p_1Do                       1.363E-14  9.632E-15  6.810E-15  4.307E-15  3.045E-15
3d5p_3Do                       4.041E-14  2.855E-14  2.019E-14  1.277E-14  9.028E-15
3d5p_3Fo                       5.612E-14  3.966E-14  2.804E-14  1.773E-14  1.254E-14
3d5p_3Po                       2.359E-14  1.667E-14  1.178E-14  7.452E-15  5.270E-15
3d5p_1Po                       7.820E-15  5.526E-15  3.907E-15  2.471E-15  1.747E-15
3d5p_1Fo                       1.815E-14  1.283E-14  9.069E-15  5.735E-15  4.055E-15
4s4p_1Po                       6.589E-15  4.657E-15  3.292E-15  2.082E-15  1.472E-15
3d4f_1Go                       1.927E-14  1.362E-14  9.630E-15  6.090E-15  4.306E-15
3d4f_3Fo                       4.462E-14  3.154E-14  2.230E-14  1.410E-14  9.971E-15
3d4f_3Go                       5.704E-14  4.032E-14  2.850E-14  1.803E-14  1.275E-14
3d4f_3Ho                       6.921E-14  4.892E-14  3.458E-14  2.187E-14  1.547E-14
3d4f_1Do                       1.049E-14  7.417E-15  5.244E-15  3.317E-15  2.345E-15
3d4f_1Fo                       1.467E-14  1.037E-14  7.332E-15  4.637E-15  3.279E-15
3d4f_3Do                       3.125E-14  2.208E-14  1.561E-14  9.875E-15  6.982E-15
3d4f_3Po                       1.847E-14  1.306E-14  9.231E-15  5.838E-15  4.128E-15
3d4f_1Ho                       2.257E-14  1.595E-14  1.128E-14  7.134E-15  5.045E-15
3d4f_1Po                       5.889E-15  4.162E-15  2.943E-15  1.861E-15  1.316E-15
3d5d_1Fe                       1.177E-14  8.319E-15  5.882E-15  3.720E-15  2.630E-15
3d5d_3De                       2.497E-14  1.765E-14  1.248E-14  7.891E-15  5.580E-15
3d5d_3Ge                       4.460E-14  3.153E-14  2.229E-14  1.410E-14  9.969E-15
3d5d_1Pe                       4.957E-15  3.504E-15  2.478E-15  1.567E-15  1.108E-15
3d5d_3Se                       4.876E-15  3.446E-15  2.437E-15  1.541E-15  1.090E-15
3d5d_3Fe                       3.330E-14  2.354E-14  1.664E-14  1.052E-14  7.442E-15
3d6s_3De                       2.359E-14  1.668E-14  1.179E-14  7.458E-15  5.273E-15
3d6s_1De                       7.819E-15  5.527E-15  3.908E-15  2.472E-15  1.748E-15
3d5d_3Pe                       1.392E-14  9.838E-15  6.956E-15  4.399E-15  3.111E-15
3d5d_1De                       7.689E-15  5.436E-15  3.843E-15  2.431E-15  1.719E-15
3d5d_1Ge                       1.372E-14  9.697E-15  6.856E-15  4.336E-15  3.066E-15
3d5d_1Se                       1.469E-15  1.038E-15  7.342E-16  4.643E-16  3.283E-16
3d6p_1Do                       6.462E-15  4.568E-15  3.230E-15  2.043E-15  1.444E-15
3d6p_3Do                       1.914E-14  1.353E-14  9.568E-15  6.051E-15  4.279E-15
3d6p_3Fo                       2.672E-14  1.889E-14  1.336E-14  8.448E-15  5.974E-15
3d6p_3Po                       1.130E-14  7.986E-15  5.646E-15  3.571E-15  2.525E-15
3d6p_1Fo                       8.710E-15  6.158E-15  4.354E-15  2.753E-15  1.947E-15
3d6p_1Po                       3.690E-15  2.609E-15  1.845E-15  1.167E-15  8.249E-16
3d5f_1Go                       9.830E-15  6.949E-15  4.914E-15  3.108E-15  2.197E-15
3d5f_3Fo                       2.273E-14  1.607E-14  1.136E-14  7.185E-15  5.080E-15
3d5f_3Ho                       3.549E-14  2.509E-14  1.774E-14  1.122E-14  7.933E-15
3d5f_3Go                       2.894E-14  2.046E-14  1.447E-14  9.150E-15  6.470E-15
3d5f_1Do                       5.364E-15  3.792E-15  2.681E-15  1.696E-15  1.199E-15
3d5f_3Do                       1.594E-14  1.127E-14  7.969E-15  5.040E-15  3.564E-15
3d5f_1Fo                       7.464E-15  5.277E-15  3.731E-15  2.360E-15  1.669E-15
3d(D1)5g_2{4}e                 2.120E-14  1.499E-14  1.060E-14  6.703E-15  4.740E-15
3d(D1)5g_2{3}e                 1.693E-14  1.197E-14  8.462E-15  5.352E-15  3.784E-15
3d(D1)5g_2{5}e                 2.530E-14  1.788E-14  1.264E-14  7.997E-15  5.655E-15
3d5f_3Po                       9.459E-15  6.687E-15  4.728E-15  2.990E-15  2.114E-15
3d(D1)5g_2{2}e                 1.262E-14  8.923E-15  6.309E-15  3.990E-15  2.821E-15
3d5f_1Ho                       1.151E-14  8.139E-15  5.755E-15  3.640E-15  2.574E-15
3d(D2)5g_2{4}e                 2.089E-14  1.477E-14  1.044E-14  6.605E-15  4.670E-15
3d(D2)5g_2{5}e                 2.504E-14  1.770E-14  1.252E-14  7.916E-15  5.597E-15
3d(D2)5g_2{3}e                 1.667E-14  1.178E-14  8.333E-15  5.270E-15  3.726E-15
3d5f_1Po                       3.115E-15  2.202E-15  1.557E-15  9.848E-16  6.963E-16
3d(D2)5g_2{2}e                 1.245E-14  8.800E-15  6.222E-15  3.935E-15  2.783E-15
3d(D2)5g_2{6}e                 2.903E-14  2.052E-14  1.451E-14  9.178E-15  6.490E-15
3d(D2)5g_2{1}e                 8.269E-15  5.846E-15  4.133E-15  2.614E-15  1.848E-15
4p2(1D)_1De                    4.681E-15  3.309E-15  2.340E-15  1.480E-15  1.046E-15
4p2(3P)_3Pe                    8.093E-15  5.722E-15  4.046E-15  2.559E-15  1.809E-15
3d6d_1Fe                       6.124E-15  4.330E-15  3.061E-15  1.936E-15  1.369E-15
3d6d_3De                       1.299E-14  9.183E-15  6.493E-15  4.107E-15  2.904E-15
3d6d_3Ge                       2.326E-14  1.645E-14  1.163E-14  7.355E-15  5.201E-15
3d6d_1Pe                       2.581E-15  1.825E-15  1.290E-15  8.161E-16  5.771E-16
3d6d_3Se                       2.550E-15  1.803E-15  1.275E-15  8.061E-16  5.700E-16
3d7s_3De                       1.257E-14  8.884E-15  6.281E-15  3.973E-15  2.809E-15
3d7s_1De                       4.145E-15  2.930E-15  2.072E-15  1.310E-15  9.266E-16
3d6d_3Fe                       1.720E-14  1.216E-14  8.600E-15  5.439E-15  3.846E-15
3d6d_1De                       3.961E-15  2.800E-15  1.980E-15  1.252E-15  8.854E-16
3d6d_3Pe                       7.056E-15  4.989E-15  3.527E-15  2.231E-15  1.578E-15
3d6d_1Ge                       7.104E-15  5.023E-15  3.551E-15  2.246E-15  1.588E-15
3d6d_1Se                       7.583E-16  5.361E-16  3.791E-16  2.398E-16  1.695E-16
3d7p_1Do                       3.589E-15  2.538E-15  1.794E-15  1.135E-15  8.024E-16
3d7p_3Do                       7.066E-15  4.996E-15  3.533E-15  2.234E-15  1.580E-15
3d7p_3Fo                       1.483E-14  1.049E-14  7.414E-15  4.689E-15  3.316E-15
3d7p_3Po                       6.283E-15  4.442E-15  3.141E-15  1.986E-15  1.405E-15
3d7p_1Dbo                      3.520E-15  2.489E-15  1.760E-15  1.113E-15  7.870E-16
3d7p_1Fo                       4.839E-15  3.421E-15  2.419E-15  1.530E-15  1.082E-15
3d7p_1Po                       2.055E-15  1.453E-15  1.027E-15  6.498E-16  4.594E-16
3d6f_1Go                       5.662E-15  4.003E-15  2.830E-15  1.790E-15  1.266E-15
3d6f_3Fo                       1.306E-14  9.232E-15  6.528E-15  4.129E-15  2.919E-15
3d6f_3Ho                       2.045E-14  1.446E-14  1.023E-14  6.467E-15  4.573E-15
3d6f_3Go                       1.658E-14  1.172E-14  8.290E-15  5.243E-15  3.707E-15
3d6f_1Do                       3.093E-15  2.187E-15  1.546E-15  9.778E-16  6.914E-16
3d6f_3Do                       6.093E-15  4.308E-15  3.046E-15  1.927E-15  1.362E-15
3d(D1)6g_2{4}e                 1.226E-14  8.666E-15  6.128E-15  3.876E-15  2.740E-15
3d(D1)6g_2{3}e                 9.789E-15  6.921E-15  4.894E-15  3.095E-15  2.189E-15
3d6f_3Fbo                      4.274E-15  3.022E-15  2.137E-15  1.351E-15  9.555E-16
3d6f_1Dbo                      3.052E-15  2.158E-15  1.526E-15  9.651E-16  6.824E-16
3d(D1)6h_2{5}o                 1.465E-14  1.036E-14  7.322E-15  4.631E-15  3.275E-15
3d(D1)6g_2{5}e                 1.463E-14  1.035E-14  7.316E-15  4.627E-15  3.272E-15
3d(D1)6h_2{4}o                 1.220E-14  8.623E-15  6.097E-15  3.856E-15  2.727E-15
3d6g_3De                       9.020E-15  6.378E-15  4.509E-15  2.852E-15  2.017E-15
3d6g_3Fe                       3.044E-15  2.152E-15  1.522E-15  9.624E-16  6.805E-16
3d(D1)6h_2{6}o                 1.704E-14  1.205E-14  8.517E-15  5.387E-15  3.809E-15
3d(D1)6h_2{3}o                 9.727E-15  6.877E-15  4.863E-15  3.075E-15  2.175E-15
3d6f_3Po                       5.431E-15  3.840E-15  2.715E-15  1.717E-15  1.214E-15
3d6f_1Ho                       6.600E-15  4.667E-15  3.300E-15  2.087E-15  1.476E-15
3d(D2)6g_2{4}e                 5.400E-15  3.818E-15  2.700E-15  1.707E-15  1.207E-15
3d(D2)6g_2{5}e                 1.439E-14  1.017E-14  7.194E-15  4.550E-15  3.217E-15
3d6g_1He                       6.595E-15  4.663E-15  3.297E-15  2.085E-15  1.475E-15
3d(D2)6g_2{3}e                 9.581E-15  6.774E-15  4.790E-15  3.029E-15  2.142E-15
3d(D2)6h_2{5}o                 1.434E-14  1.014E-14  7.170E-15  4.535E-15  3.207E-15
3d(D2)6h_2{6}o                 1.672E-14  1.182E-14  8.360E-15  5.287E-15  3.739E-15
3d(D2)6h_2{4}o                 1.194E-14  8.442E-15  5.969E-15  3.775E-15  2.670E-15
3d6g_3Fbe                      2.983E-15  2.109E-15  1.492E-15  9.433E-16  6.670E-16
3d(D2)6g_2{2}e                 4.177E-15  2.953E-15  2.088E-15  1.321E-15  9.338E-16
3d(D2)6g_2{6}e                 1.670E-14  1.181E-14  8.348E-15  5.280E-15  3.733E-15
3d(D2)6h_2{3}o                 9.534E-15  6.741E-15  4.767E-15  3.015E-15  2.132E-15
3d6f_1Po                       1.787E-15  1.264E-15  8.936E-16  5.651E-16  3.996E-16
3d(D2)6h_2{7}o                 1.905E-14  1.347E-14  9.525E-15  6.024E-15  4.260E-15
3d(D2)6h_2{2}o                 7.136E-15  5.045E-15  3.567E-15  2.256E-15  1.595E-15
3d7d_3Ge                       1.379E-14  9.748E-15  6.893E-15  4.359E-15  3.083E-15
3d7d_3De                       7.676E-15  5.427E-15  3.838E-15  2.427E-15  1.716E-15
3d7d_3Gbe                      3.603E-15  2.548E-15  1.802E-15  1.139E-15  8.057E-16
3d7d_1Pe                       1.530E-15  1.082E-15  7.649E-16  4.838E-16  3.421E-16
3d8s_3De                       7.506E-15  5.307E-15  3.753E-15  2.373E-15  1.678E-15
3d7d_3Se                       1.508E-15  1.066E-15  7.537E-16  4.767E-16  3.371E-16
3d7d_3Fe                       1.028E-14  7.266E-15  5.138E-15  3.249E-15  2.298E-15
3d8s_1De                       2.461E-15  1.740E-15  1.230E-15  7.781E-16  5.502E-16
3d7d_3Pe                       4.266E-15  3.016E-15  2.133E-15  1.349E-15  9.538E-16
3d7d_1De                       2.389E-15  1.689E-15  1.195E-15  7.555E-16  5.342E-16
3d7d_1Ge                       4.253E-15  3.007E-15  2.126E-15  1.345E-15  9.509E-16
3d7d_1Se                       4.611E-16  3.261E-16  2.306E-16  1.458E-16  1.031E-16
3d8p_1Do                       2.199E-15  1.555E-15  1.100E-15  6.955E-16  4.918E-16
3d8p_3Do                       4.309E-15  3.047E-15  2.154E-15  1.362E-15  9.634E-16
3d8p_3Fo                       9.070E-15  6.413E-15  4.535E-15  2.868E-15  2.028E-15
3d8p_3Po                       3.845E-15  2.719E-15  1.922E-15  1.216E-15  8.597E-16
3d8p_1Dbo                      2.141E-15  1.514E-15  1.070E-15  6.769E-16  4.787E-16
3d8p_1Fo                       2.953E-15  2.088E-15  1.477E-15  9.338E-16  6.603E-16
3d8p_1Po                       1.256E-15  8.880E-16  6.279E-16  3.971E-16  2.808E-16
3d7f_1Go                       3.546E-15  2.508E-15  1.773E-15  1.121E-15  7.929E-16
3d7f_3Fo                       8.154E-15  5.765E-15  4.077E-15  2.578E-15  1.823E-15
3d7f_3Ho                       1.278E-14  9.039E-15  6.391E-15  4.042E-15  2.858E-15
3d7f_3Go                       1.033E-14  7.306E-15  5.166E-15  3.267E-15  2.310E-15
3d7f_3Po                       3.442E-15  2.434E-15  1.721E-15  1.088E-15  7.695E-16
3d7f_3Do                       1.159E-15  8.193E-16  5.794E-16  3.664E-16  2.591E-16
3d7g_3He                       1.259E-14  8.899E-15  6.293E-15  3.980E-15  2.814E-15
3d7g_3Ge                       6.817E-15  4.820E-15  3.408E-15  2.156E-15  1.524E-15
3d7g_3Fe                       5.391E-15  3.812E-15  2.695E-15  1.705E-15  1.205E-15
3d7g_3Ie                       1.482E-14  1.048E-14  7.409E-15  4.686E-15  3.314E-15
3d7g_3De                       3.808E-15  2.692E-15  1.904E-15  1.204E-15  8.514E-16
3d(D1)7h_2{5}o                 9.220E-15  6.519E-15  4.610E-15  2.915E-15  2.062E-15
3d(D1)7h_2{4}o                 7.678E-15  5.429E-15  3.839E-15  2.428E-15  1.717E-15
3d(D1)7h_2{6}o                 1.073E-14  7.586E-15  5.364E-15  3.392E-15  2.399E-15
3d(D1)7h_2{3}o                 6.126E-15  4.332E-15  3.063E-15  1.937E-15  1.370E-15
3d7i_3Ke                       1.703E-14  1.204E-14  8.514E-15  5.385E-15  3.808E-15
3d7i_3Ie                       9.779E-15  6.914E-15  4.889E-15  3.092E-15  2.186E-15
3d7i_3He                       1.239E-14  8.762E-15  6.195E-15  3.918E-15  2.771E-15
3d7i_3Le                       1.928E-14  1.363E-14  9.637E-15  6.095E-15  4.310E-15
3d7i_3Ge                       1.013E-14  7.163E-15  5.065E-15  3.204E-15  2.265E-15
3d7i_1Ge                       3.440E-15  2.432E-15  1.720E-15  1.088E-15  7.692E-16
3d7f_1Do                       1.900E-15  1.343E-15  9.498E-16  6.007E-16  4.248E-16
3d7f_3Fbo                      2.659E-15  1.880E-15  1.329E-15  8.408E-16  5.945E-16
3d7f_1Fo                       2.642E-15  1.868E-15  1.321E-15  8.355E-16  5.908E-16
3d7f_3Pbo                      1.882E-15  1.331E-15  9.410E-16  5.951E-16  4.208E-16
3d7g_1Ge                       3.369E-15  2.382E-15  1.684E-15  1.065E-15  7.532E-16
3d7g_3Hbe                      4.117E-15  2.911E-15  2.058E-15  1.302E-15  9.204E-16
3d7f_1Ho                       4.114E-15  2.909E-15  2.057E-15  1.301E-15  9.198E-16
3d7g_3Gbe                      2.617E-15  1.850E-15  1.308E-15  8.274E-16  5.850E-16
3d7g_3Fbe                      5.229E-15  3.697E-15  2.614E-15  1.653E-15  1.169E-15
3d(D2)7h_2{5}o                 8.959E-15  6.335E-15  4.479E-15  2.833E-15  2.003E-15
3d(D2)7h_2{6}o                 1.045E-14  7.387E-15  5.223E-15  3.303E-15  2.336E-15
3d7g_3Dbe                      2.611E-15  1.846E-15  1.306E-15  8.257E-16  5.839E-16
3d(D2)7h_2{4}o                 7.460E-15  5.275E-15  3.730E-15  2.359E-15  1.668E-15
3d7g_1Ie                       4.843E-15  3.424E-15  2.421E-15  1.531E-15  1.083E-15
3d(D2)7h_2{3}o                 5.958E-15  4.213E-15  2.979E-15  1.884E-15  1.332E-15
3d7g_1De                       1.861E-15  1.316E-15  9.305E-16  5.885E-16  4.161E-16
3d(D2)7h_2{7}o                 1.191E-14  8.420E-15  5.954E-15  3.766E-15  2.663E-15
3d7f_1Po                       1.115E-15  7.887E-16  5.577E-16  3.527E-16  2.494E-16
3d(D2)7h_2{2}o                 4.461E-15  3.154E-15  2.230E-15  1.411E-15  9.974E-16
3d7i_1Ie                       4.826E-15  3.413E-15  2.413E-15  1.526E-15  1.079E-15
3d7i_1Ke                       5.567E-15  3.936E-15  2.783E-15  1.760E-15  1.245E-15
3d7i_3Hbe                      4.824E-15  3.411E-15  2.412E-15  1.526E-15  1.079E-15
3d7i_3Ibe                      4.082E-15  2.886E-15  2.041E-15  1.291E-15  9.128E-16
3d7i_1Le                       6.301E-15  4.455E-15  3.150E-15  1.992E-15  1.409E-15
3d8d_3De                       4.905E-15  3.468E-15  2.452E-15  1.551E-15  1.097E-15
3d8d_3Ge                       8.818E-15  6.235E-15  4.409E-15  2.788E-15  1.972E-15
3d8d_3Gbe                      2.311E-15  1.634E-15  1.155E-15  7.307E-16  5.167E-16
3d9s_3De                       4.871E-15  3.445E-15  2.436E-15  1.540E-15  1.089E-15
3d8d_3Se                       9.813E-16  6.938E-16  4.906E-16  3.103E-16  2.194E-16
3d8d_1Pe                       9.613E-16  6.797E-16  4.806E-16  3.040E-16  2.149E-16
3d8d_3Fe                       6.602E-15  4.668E-15  3.301E-15  2.088E-15  1.476E-15
3d9s_1De                       1.581E-15  1.118E-15  7.903E-16  4.998E-16  3.534E-16
3d8d_1Se                       3.154E-16  2.230E-16  1.577E-16  9.973E-17  7.052E-17
3d8d_1De                       1.539E-15  1.088E-15  7.694E-16  4.866E-16  3.441E-16
3d8d_3Pe                       2.740E-15  1.937E-15  1.370E-15  8.664E-16  6.126E-16
3d8d_1Ge                       2.734E-15  1.933E-15  1.367E-15  8.646E-16  6.114E-16
3d9p_1Do                       1.445E-15  1.022E-15  7.224E-16  4.569E-16  3.230E-16
3d9p_3Do                       2.813E-15  1.989E-15  1.406E-15  8.895E-16  6.290E-16
3d9p_3Fo                       5.940E-15  4.200E-15  2.970E-15  1.878E-15  1.328E-15
3d9p_3Po                       2.518E-15  1.780E-15  1.259E-15  7.962E-16  5.630E-16
3d9p_1Dbo                      1.393E-15  9.852E-16  6.966E-16  4.406E-16  3.115E-16
4s(2S)4d_3De                   4.151E-15  2.935E-15  2.075E-15  1.313E-15  9.281E-16
3d9p_1Fo                       1.927E-15  1.362E-15  9.633E-16  6.092E-16  4.308E-16
3d9p_1Po                       8.200E-16  5.798E-16  4.100E-16  2.593E-16  1.833E-16
3d8f_1Go                       2.366E-15  1.673E-15  1.183E-15  7.481E-16  5.290E-16
3d8f_3Fo                       5.418E-15  3.831E-15  2.709E-15  1.713E-15  1.212E-15
3d8f_3Ho                       8.500E-15  6.010E-15  4.250E-15  2.688E-15  1.901E-15
3d8f_3Go                       6.849E-15  4.843E-15  3.425E-15  2.166E-15  1.531E-15
3d8f_3Po                       2.290E-15  1.620E-15  1.145E-15  7.243E-16  5.121E-16
3d8g_3He                       8.388E-15  5.931E-15  4.194E-15  2.653E-15  1.876E-15
3d8f_3Do                       7.742E-16  5.474E-16  3.871E-16  2.448E-16  1.731E-16
3d8g_3Ge                       4.534E-15  3.206E-15  2.267E-15  1.434E-15  1.014E-15
3d8g_3Fe                       3.557E-15  2.515E-15  1.778E-15  1.125E-15  7.953E-16
3d8g_3Ie                       9.883E-15  6.988E-15  4.941E-15  3.125E-15  2.210E-15
3d8h_3Io                       9.862E-15  6.973E-15  4.931E-15  3.118E-15  2.205E-15
3d8g_1De                       1.284E-15  9.076E-16  6.418E-16  4.059E-16  2.870E-16
3d8h_3Ho                       5.516E-15  3.901E-15  2.758E-15  1.744E-15  1.233E-15
3d8h_3Go                       6.762E-15  4.782E-15  3.381E-15  2.138E-15  1.512E-15
3d8i_3Ke                       1.136E-14  8.034E-15  5.681E-15  3.593E-15  2.540E-15
3d8h_3Ko                       1.136E-14  8.032E-15  5.679E-15  3.592E-15  2.540E-15
3d8i_3Ie                       6.512E-15  4.604E-15  3.256E-15  2.059E-15  1.456E-15
3d8i_3He                       8.250E-15  5.833E-15  4.125E-15  2.609E-15  1.845E-15
3d8k_3Lo                       1.287E-14  9.102E-15  6.436E-15  4.071E-15  2.878E-15
3d8k_3Ko                       7.513E-15  5.313E-15  3.756E-15  2.376E-15  1.680E-15
3d8k_3Io                       9.744E-15  6.890E-15  4.872E-15  3.081E-15  2.179E-15
3d8h_3Fo                       5.256E-15  3.716E-15  2.628E-15  1.662E-15  1.175E-15
3d8h_1Fo                       1.793E-15  1.268E-15  8.966E-16  5.670E-16  4.010E-16
3d8i_3Le                       1.286E-14  9.095E-15  6.431E-15  4.068E-15  2.876E-15
3d8k_3Mo                       1.438E-14  1.017E-14  7.189E-15  4.547E-15  3.215E-15
3d8g_3De                       3.757E-15  2.657E-15  1.878E-15  1.188E-15  8.401E-16
3d8k_3Ho                       8.243E-15  5.828E-15  4.121E-15  2.606E-15  1.843E-15
3d8k_1Ho                       2.816E-15  1.991E-15  1.408E-15  8.904E-16  6.296E-16
3d8i_1Ge                       2.304E-15  1.629E-15  1.152E-15  7.285E-16  5.151E-16
3d8i_3Ge                       6.747E-15  4.771E-15  3.373E-15  2.133E-15  1.509E-15
3d8f_1Do                       1.257E-15  8.885E-16  6.283E-16  3.974E-16  2.810E-16
3d8f_3Fbo                      1.759E-15  1.244E-15  8.793E-16  5.561E-16  3.932E-16
3d8f_1Fo                       1.748E-15  1.236E-15  8.740E-16  5.527E-16  3.908E-16
3d8f_3Pbo                      1.246E-15  8.810E-16  6.229E-16  3.940E-16  2.786E-16
3d8g_1Ge                       2.232E-15  1.578E-15  1.116E-15  7.058E-16  4.991E-16
3d8g_3Hbe                      2.728E-15  1.929E-15  1.364E-15  8.626E-16  6.099E-16
3d8f_1Ho                       2.725E-15  1.927E-15  1.362E-15  8.617E-16  6.093E-16
3d8g_3Gbe                      1.734E-15  1.226E-15  8.670E-16  5.483E-16  3.877E-16
3d8g_3Fbe                      2.229E-15  1.576E-15  1.115E-15  7.049E-16  4.985E-16
3d8g_1Ie                       3.211E-15  2.270E-15  1.605E-15  1.015E-15  7.179E-16
3d8g_3Dbe                      1.727E-15  1.221E-15  8.633E-16  5.460E-16  3.861E-16
3d8h_1Ho                       2.713E-15  1.918E-15  1.357E-15  8.580E-16  6.067E-16
3d8h_1Io                       3.205E-15  2.267E-15  1.603E-15  1.014E-15  7.167E-16
3d8h_3Hbo                      2.219E-15  1.569E-15  1.109E-15  7.015E-16  4.961E-16
3d8h_3Gbo                      2.712E-15  1.917E-15  1.356E-15  8.574E-16  6.063E-16
3d8f_1Po                       7.392E-16  5.227E-16  3.696E-16  2.337E-16  1.653E-16
3d8i_1Ie                       3.201E-15  2.263E-15  1.600E-15  1.012E-15  7.156E-16
3d8i_1Ke                       3.692E-15  2.611E-15  1.846E-15  1.167E-15  8.255E-16
3d8i_3Ibe                      2.707E-15  1.914E-15  1.354E-15  8.561E-16  6.053E-16
3d8i_3Hbe                      3.200E-15  2.262E-15  1.600E-15  1.012E-15  7.154E-16
3d8k_1Ko                       3.691E-15  2.610E-15  1.845E-15  1.167E-15  8.253E-16
3d8h_1Ko                       3.691E-15  2.610E-15  1.845E-15  1.167E-15  8.253E-16
3d8k_3Kbo                      3.198E-15  2.262E-15  1.599E-15  1.011E-15  7.152E-16
3d8k_3Ibo                      3.690E-15  2.609E-15  1.845E-15  1.167E-15  8.252E-16
3d8k_1Lo                       4.182E-15  2.957E-15  2.091E-15  1.323E-15  9.352E-16
3d8k_1Mo                       4.671E-15  3.303E-15  2.335E-15  1.477E-15  1.044E-15
3d8i_1Le                       4.179E-15  2.955E-15  2.089E-15  1.321E-15  9.344E-16
3d9d_1Se                       2.346E-16  1.659E-16  1.173E-16  7.419E-17  5.246E-17
3d9d_3Ge                       5.969E-15  4.220E-15  2.984E-15  1.887E-15  1.335E-15
3d9d_3De                       3.315E-15  2.344E-15  1.658E-15  1.048E-15  7.413E-16
3d9d_1Fe                       1.570E-15  1.110E-15  7.848E-16  4.964E-16  3.510E-16
3d9d_3Se                       6.665E-16  4.713E-16  3.333E-16  2.108E-16  1.490E-16
3d9d_3Fe                       4.475E-15  3.164E-15  2.238E-15  1.415E-15  1.001E-15
3d9d_1Pe                       6.477E-16  4.580E-16  3.238E-16  2.048E-16  1.448E-16
3d9d_3Pe                       1.858E-15  1.314E-15  9.289E-16  5.875E-16  4.154E-16
3d9d_1De                       1.045E-15  7.391E-16  5.227E-16  3.306E-16  2.337E-16
3d9d_1Ge                       1.849E-15  1.307E-15  9.242E-16  5.845E-16  4.133E-16
4s(2S)5s_3Se                   5.923E-16  4.188E-16  2.961E-16  1.873E-16  1.324E-16
3d9f_3Ho                       5.931E-15  4.194E-15  2.965E-15  1.875E-15  1.326E-15
3d9f_3Fo                       2.200E-15  1.555E-15  1.100E-15  6.956E-16  4.919E-16
3d9f_3Hbo                      1.651E-15  1.168E-15  8.256E-16  5.221E-16  3.692E-16
3d9f_3Go                       4.759E-15  3.365E-15  2.379E-15  1.505E-15  1.064E-15
3d9f_3Po                       1.598E-15  1.130E-15  7.989E-16  5.052E-16  3.573E-16
3d9g_3He                       5.858E-15  4.142E-15  2.929E-15  1.853E-15  1.310E-15
3d9g_3Ge                       4.708E-15  3.329E-15  2.354E-15  1.489E-15  1.053E-15
3d9g_3Fe                       2.486E-15  1.758E-15  1.243E-15  7.861E-16  5.559E-16
3d9f_3Do                       1.406E-15  9.944E-16  7.032E-16  4.447E-16  3.145E-16
3d9g_3Ie                       6.905E-15  4.883E-15  3.453E-15  2.184E-15  1.544E-15
3d9g_1De                       9.019E-16  6.378E-16  4.510E-16  2.852E-16  2.017E-16
3d9h_3Io                       6.892E-15  4.873E-15  3.446E-15  2.179E-15  1.541E-15
3d9g_3De                       2.629E-15  1.859E-15  1.314E-15  8.314E-16  5.879E-16
3d9h_3Ho                       3.847E-15  2.720E-15  1.923E-15  1.216E-15  8.601E-16
3d9h_3Go                       4.716E-15  3.335E-15  2.358E-15  1.491E-15  1.055E-15
3d9i_3Ke                       7.942E-15  5.616E-15  3.971E-15  2.511E-15  1.776E-15
3d9h_3Ko                       7.941E-15  5.615E-15  3.970E-15  2.511E-15  1.776E-15
3d9l_3Me                       1.006E-14  7.116E-15  5.031E-15  3.182E-15  2.250E-15
3d9i_3He                       5.753E-15  4.068E-15  2.876E-15  1.819E-15  1.286E-15
3d9i_3Ie                       4.542E-15  3.211E-15  2.271E-15  1.436E-15  1.016E-15
3d9l_3Le                       5.944E-15  4.203E-15  2.972E-15  1.880E-15  1.329E-15
3d9l_3Ke                       7.838E-15  5.542E-15  3.919E-15  2.479E-15  1.753E-15
3d9k_3Lo                       9.000E-15  6.364E-15  4.500E-15  2.846E-15  2.012E-15
3d9h_3Fo                       3.667E-15  2.593E-15  1.833E-15  1.159E-15  8.199E-16
3d9h_1Fo                       1.259E-15  8.901E-16  6.294E-16  3.981E-16  2.815E-16
3d9k_3Ko                       5.241E-15  3.706E-15  2.621E-15  1.657E-15  1.172E-15
3d9k_3Io                       6.795E-15  4.804E-15  3.397E-15  2.149E-15  1.519E-15
3d9i_3Le                       8.993E-15  6.359E-15  4.496E-15  2.844E-15  2.011E-15
3d9k_3Mo                       1.005E-14  7.109E-15  5.027E-15  3.179E-15  2.248E-15
3d9l_3Ne                       1.111E-14  7.858E-15  5.556E-15  3.514E-15  2.485E-15
3d9k_1Ho                       1.977E-15  1.398E-15  9.883E-16  6.251E-16  4.420E-16
3d9k_3Ho                       5.749E-15  4.065E-15  2.874E-15  1.818E-15  1.285E-15
3d9i_1Ge                       1.617E-15  1.143E-15  8.085E-16  5.114E-16  3.616E-16
3d9i_3Ge                       4.706E-15  3.327E-15  2.353E-15  1.488E-15  1.052E-15
3d9l_1Ie                       2.336E-15  1.652E-15  1.168E-15  7.386E-16  5.223E-16
3d9l_3Ie                       6.789E-15  4.800E-15  3.394E-15  2.147E-15  1.518E-15
3d9f_1Go                       1.576E-15  1.114E-15  7.879E-16  4.983E-16  3.524E-16
3d9f_1Do                       8.706E-16  6.156E-16  4.353E-16  2.753E-16  1.947E-16
3d9f_3Fbo                      1.218E-15  8.616E-16  6.092E-16  3.853E-16  2.724E-16
3d9f_1Fo                       1.212E-15  8.567E-16  6.058E-16  3.831E-16  2.709E-16
3d9g_3Hbe                      1.892E-15  1.338E-15  9.462E-16  5.984E-16  4.232E-16
3d9g_3Gbe                      1.203E-15  8.508E-16  6.016E-16  3.805E-16  2.690E-16
3d9g_3Fbe                      1.547E-15  1.094E-15  7.734E-16  4.891E-16  3.459E-16
3d9f_1Ho                       1.890E-15  1.336E-15  9.448E-16  5.975E-16  4.225E-16
3d9g_3Dbe                      1.200E-15  8.486E-16  6.000E-16  3.795E-16  2.683E-16
3d9g_1Ie                       2.228E-15  1.576E-15  1.114E-15  7.047E-16  4.983E-16
3d9h_1Ho                       1.883E-15  1.332E-15  9.416E-16  5.955E-16  4.211E-16
3d9h_1Io                       2.225E-15  1.573E-15  1.113E-15  7.036E-16  4.975E-16
3d9h_3Hbo                      1.540E-15  1.089E-15  7.700E-16  4.870E-16  3.444E-16
3d9h_3Gbo                      1.882E-15  1.331E-15  9.411E-16  5.952E-16  4.209E-16
3d9f_1Po                       5.131E-16  3.628E-16  2.565E-16  1.622E-16  1.147E-16
3d9i_1Ie                       2.222E-15  1.571E-15  1.111E-15  7.026E-16  4.968E-16
3d9l_1Le                       2.905E-15  2.054E-15  1.453E-15  9.187E-16  6.496E-16
3d9i_1Ke                       2.563E-15  1.812E-15  1.281E-15  8.105E-16  5.731E-16
3d9i_3Hbe                      2.221E-15  1.571E-15  1.111E-15  7.024E-16  4.967E-16
3d9i_3Ibe                      1.879E-15  1.329E-15  9.397E-16  5.943E-16  4.202E-16
3d9l_3Lbe                      2.563E-15  1.812E-15  1.281E-15  8.104E-16  5.731E-16
3d9l_3Kbe                      2.905E-15  2.054E-15  1.452E-15  9.185E-16  6.495E-16
3d9l_1Me                       3.246E-15  2.295E-15  1.623E-15  1.026E-15  7.258E-16
3d9h_1Ko                       2.563E-15  1.812E-15  1.281E-15  8.104E-16  5.730E-16
3d9h_1Kbo                      2.563E-15  1.812E-15  1.281E-15  8.104E-16  5.730E-16
3d9k_3Kbo                      2.221E-15  1.570E-15  1.110E-15  7.022E-16  4.965E-16
3d9k_3Ibo                      2.562E-15  1.812E-15  1.281E-15  8.102E-16  5.729E-16
3d9k_1Lo                       2.904E-15  2.053E-15  1.452E-15  9.182E-16  6.493E-16
3d9k_1Mo                       3.243E-15  2.293E-15  1.622E-15  1.026E-15  7.252E-16
3d9i_1Le                       2.902E-15  2.052E-15  1.451E-15  9.175E-16  6.488E-16
3d9l_1Ne                       3.584E-15  2.534E-15  1.792E-15  1.133E-15  8.014E-16
3d9d_1Sbe                      1.512E-16  1.069E-16  7.561E-17  4.782E-17  3.381E-17
4s(2S)5s_1Se                   8.177E-17  5.782E-17  4.088E-17  2.586E-17  1.828E-17
4s(2S)4d_1De                   1.926E-16  1.362E-16  9.628E-17  6.089E-17  4.297E-17
Total Recom. Rate=             4.259E-12  3.011E-12  2.128E-12  1.346E-12  9.517E-13
