********************************************************************************
                                                                                
                 Super level assignments for Si II
                 LS assignments.
                                                               
                             g          E(cm^-1)     10^15 Hz    Lam
********************************************************************************
                                                                                
17-Jun-2014                                      !Format date                   
12-Sep-2015                            !Date
157                                    !Number of energy levels
6                                      !Entry number of link to super level
  
3s2_3p_2Po[1/2]              2.0          0.0000     3.9524   7.585E+02     1     0      1
3s2_3p_2Po[3/2]              4.0        287.2400     3.9438   7.602E+02     1     0      2
3s_3p2_4Pe[1/2]              2.0      42824.2900     2.6686   1.123E+03     2     0      3
3s_3p2_4Pe[3/2]              4.0      42932.6200     2.6653   1.125E+03     2     0      4
3s_3p2_4Pe[5/2]              6.0      43107.9100     2.6601   1.127E+03     2     0      5
3s_3p2_2De[3/2]              4.0      55309.3500     2.2943   1.307E+03     3     0      6
3s_3p2_2De[5/2]              6.0      55325.1800     2.2938   1.307E+03     3     0      7
3s2_4s_2Se[1/2]              2.0      65500.4700     1.9888   1.507E+03     4     0      8
3s_3p2_2Se[1/2]              2.0      76665.3500     1.6540   1.812E+03     5     0      9
3s2_3d_2De[3/2]              4.0      79338.5000     1.5739   1.905E+03     6     0     10
3s2_3d_2De[5/2]              6.0      79355.0200     1.5734   1.905E+03     6     0     11
3s2_4p_2Po[1/2]              2.0      81191.3400     1.5184   1.974E+03     7     0     12
3s2_4p_2Po[3/2]              4.0      81251.3200     1.5166   1.977E+03     7     0     13
3s_3p2_2Pe[1/2]              2.0      83801.9500     1.4401   2.082E+03     8     0     14
3s_3p2_2Pe[3/2]              4.0      84004.2600     1.4340   2.091E+03     8     0     15
3s2_5s_2Se[1/2]              2.0      97972.0900     1.0153   2.953E+03     9     0     16
3s2_4d_2De[3/2]              4.0     101023.0500     0.9238   3.245E+03    10     0     17
3s2_4d_2De[5/2]              6.0     101024.3500     0.9238   3.245E+03    10     0     18
3s2_4f_2Fo[7/2]              8.0     103556.0300     0.8479   3.536E+03    11     0     19
3s2_4f_2Fo[5/2]              6.0     103556.1600     0.8479   3.536E+03    11     0     20
3s2_5p_2Po[1/2]              2.0     103860.7400     0.8387   3.574E+03    12     0     21
3s2_5p_2Po[3/2]              4.0     103885.2500     0.8380   3.577E+03    12     0     22
3s_3p(3Po)3d_2Do[3/2]        4.0     108778.7000     0.6913   4.337E+03    13     0     23
3s_3p(3Po)3d_2Do[5/2]        6.0     108820.6000     0.6900   4.345E+03    13     0     24
3s2_6s_2Se[1/2]              2.0     111184.4600     0.6192   4.842E+03    14     0     25
3s2_5d_2De[3/2]              4.0     112394.5600     0.5829   5.143E+03    15     0     26
3s2_5d_2De[5/2]              6.0     112394.7200     0.5829   5.143E+03    15     0     27
3s2_5f_2Fo[7/2]              8.0     113760.1500     0.5420   5.532E+03    16     0     28
3s2_5f_2Fo[5/2]              6.0     113760.3200     0.5420   5.532E+03    16     0     29
3s2_6p_2Po[1/2]              2.0     113962.0800     0.5359   5.594E+03    17     0     30
3s2_6p_2Po[3/2]              4.0     113976.7200     0.5355   5.599E+03    17     0     31
3s2_5g_2Ge[9/2]             10.0     114177.1000     0.5295   5.662E+03    18     0     32
3s2_5g_2Ge[7/2]              8.0     114177.1001     0.5295   5.662E+03    18     0     33
3s_3p(3Po)3d_4Fo[3/2]        4.0     114265.6400     0.5268   5.691E+03    19     0     34
3s_3p(3Po)3d_4Fo[5/2]        6.0     114327.1500     0.5250   5.711E+03    19     0     35
3s_3p(3Po)3d_4Fo[7/2]        8.0     114414.5800     0.5223   5.739E+03    19     0     36
3s_3p(3Po)3d_4Fo[9/2]       10.0     114529.1400     0.5189   5.777E+03    19     0     37
3s_3p(3Po)4s_4Po[1/2]        2.0     116862.3800     0.4490   6.677E+03    20     0     38
3s_3p(3Po)4s_4Po[3/2]        4.0     116978.3800     0.4455   6.730E+03    20     0     39
3s_3p(3Po)4s_4Po[5/2]        6.0     117178.0600     0.4395   6.821E+03    20     0     40
3s2_7s_2Se[1/2]              2.0     117914.8000     0.4174   7.182E+03    21     0     41
3s2_6d_2De[3/2]              4.0     118522.8600     0.3992   7.510E+03    22     0     42
3s2_6d_2De[5/2]              6.0     118522.9300     0.3992   7.510E+03    22     0     43
3s2_7p_2Po[1/2]              2.0     119245.2200     0.3775   7.941E+03    23     0     44
3s2_7p_2Po[3/2]              4.0     119273.8100     0.3767   7.959E+03    23     0     45
3s2_6f_2Fo[7/2]              8.0     119311.1900     0.3755   7.983E+03    24     0     46
3s2_6f_2Fo[5/2]              6.0     119311.3400     0.3755   7.983E+03    24     0     47
3s2_6g_2Ge[9/2]             10.0     119578.2300     0.3675   8.157E+03    25     0     48
3s2_6g_2Ge[7/2]              8.0     119578.2301     0.3675   8.157E+03    25     0     49
3s2_6h_2Ho[9/2]             10.0     119595.8440     0.3670   8.168E+03    26     0     50
3s2_6h_2Ho[11/2]            12.0     119595.8441     0.3670   8.168E+03    26     0     51
3s_3p(3Po)4s_2Po[1/2]        2.0     121444.1200     0.3116   9.621E+03    27     0     52
3s_3p(3Po)4s_2Po[3/2]        4.0     121590.1900     0.3072   9.758E+03    27     0     53
3s2_8s_2Se[1/2]              2.0     121814.3800     0.3005   9.976E+03    28     0     54
3s2_7d_2De[3/2]              4.0     122163.4800     0.2900   1.034E+04    29     0     55
3s2_7d_2De[5/2]              6.0     122163.5400     0.2900   1.034E+04    29     0     56
3s2_7f_2Fo[7/2]              8.0     122655.2500     0.2753   1.089E+04    30     0     57
3s2_7f_2Fo[5/2]              6.0     122655.3700     0.2753   1.089E+04    30     0     58
3s2_7h_2Ho[9/2]             10.0     122830.2520     0.2700   1.110E+04    31     0     59
3s2_7h_2Ho[11/2]            12.0     122830.2521     0.2700   1.110E+04    31     0     60
3s2_7g_2Ge[9/2]             10.0     122835.1300     0.2699   1.111E+04    32     0     61
3s2_7g_2Ge[7/2]              8.0     122835.1301     0.2699   1.111E+04    32     0     62
3s2_7i_2Ie[11/2]            12.0     122836.3090     0.2699   1.111E+04    33     0     63
3s2_7i_2Ie[13/2]            14.0     122836.3091     0.2699   1.111E+04    33     0     64
3p3_4So[3/2]                 4.0     123033.5000     0.2640   1.136E+04    34     0     65
3s2_8p_2Po[1/2]              2.0     123097.6300     0.2620   1.144E+04    35     0     66
3s2_8p_2Po[3/2]              4.0     123138.6700     0.2608   1.149E+04    35     0     67
3s2_9s_2Se[1/2]              2.0     124276.7000     0.2267   1.322E+04    36     0     68
3s_3p(3Po)3d_4Do[5/2]        6.0     124316.9000     0.2255   1.330E+04    37     0     69
3s_3p(3Po)3d_4Do[3/2]        4.0     124325.3000     0.2252   1.331E+04    37     0     70
3s_3p(3Po)3d_4Do[1/2]        2.0     124337.3000     0.2249   1.333E+04    37     0     71
3s_3p(3Po)3d_4Do[7/2]        8.0     124449.5000     0.2215   1.353E+04    37     0     72
3s2_8d_2De[5/2]              6.0     124495.7000     0.2201   1.362E+04    38     0     73
3s2_8d_2De[3/2]              4.0     124495.7001     0.2201   1.362E+04    38     0     74
3s_3p(3Po)3d_4Po[5/2]        6.0     124567.4000     0.2180   1.375E+04    39     0     75
3s_3p(3Po)3d_4Po[3/2]        4.0     124615.6000     0.2165   1.385E+04    39     0     76
3s_3p(3Po)3d_4Po[1/2]        2.0     124638.9000     0.2158   1.389E+04    39     0     77
3s2_8f_2Fo[7/2]              8.0     124822.0800     0.2103   1.425E+04    40     0     78
3s2_8f_2Fo[5/2]              6.0     124822.1400     0.2103   1.425E+04    40     0     79
3s2_8h_2Ho[9/2]             10.0     124931.0010     0.2071   1.448E+04    41     0     80
3s2_8h_2Ho[11/2]            12.0     124931.0011     0.2071   1.448E+04    41     0     81
3s2_8i_2Ie[11/2]            12.0     124935.7990     0.2069   1.449E+04    42     0     82
3s2_8i_2Ie[13/2]            14.0     124935.7991     0.2069   1.449E+04    42     0     83
3s2_8g_2Ge[9/2]             10.0     124948.4000     0.2065   1.451E+04    43     0     84
3s2_8g_2Ge[7/2]              8.0     124948.4001     0.2065   1.451E+04    43     0     85
3s2_8z_2Z                   30.0     124979.6917     0.2056   1.458E+04    44     0     86
3s2_9p_2Po[1/2]              2.0     125024.9000     0.2043   1.468E+04    45     0     87
3s2_9p_2Po[3/2]              4.0     125033.7000     0.2040   1.470E+04    45     0     88
3s2_10s_2Se[1/2]             2.0     125887.7960     0.1784   1.681E+04    46     0     89
3s2_9d_2De[3/2]              4.0     126037.2580     0.1739   1.724E+04    47     0     90
3s2_9d_2De[5/2]              6.0     126037.3800     0.1739   1.724E+04    47     0     91
3s_3p(3Po)3d_2Po[3/2]        4.0     126236.4000     0.1679   1.785E+04    48     0     92
3s_3p(3Po)3d_2Po[1/2]        2.0     126279.0000     0.1667   1.799E+04    48     0     93
3s2_9f_2Fo[5/2]              6.0     126304.8200     0.1659   1.807E+04    49     0     94
3s2_9f_2Fo[7/2]              8.0     126304.8201     0.1659   1.807E+04    49     0     95
3s2_9h_2Ho[9/2]             10.0     126371.3510     0.1639   1.829E+04    50     0     96
3s2_9h_2Ho[11/2]            12.0     126371.3511     0.1639   1.829E+04    50     0     97
3s2_9i_2Ie[11/2]            12.0     126375.1060     0.1638   1.830E+04    51     0     98
3s2_9i_2Ie[13/2]            14.0     126375.1061     0.1638   1.830E+04    51     0     99
3s2_9g_2Ge[9/2]             10.0     126396.4700     0.1631   1.838E+04    52     0    100
3s2_9g_2Ge[7/2]              8.0     126396.4701     0.1631   1.838E+04    52     0    101
3s2_9z_2Z                   64.0     126419.1191     0.1625   1.845E+04    53     0    102
3s2_10p_2Po[3/2]             4.0     126525.8000     0.1593   1.882E+04    54     0    103
3s2_10p_2Po[1/2]             2.0     126545.4000     0.1587   1.889E+04    54     0    104
3s2_11s_2Se[1/2]             2.0     127053.0700     0.1435   2.090E+04    55     0    105
3s2_10d_2De[3/2]             4.0     127158.0130     0.1403   2.137E+04    56     0    106
3s2_10d_2De[5/2]             6.0     127158.1240     0.1403   2.137E+04    56     0    107
3s2_10f_2Fo[5/2]             6.0     127363.5000     0.1341   2.235E+04    57     0    108
3s2_10f_2Fo[7/2]             8.0     127363.5001     0.1341   2.235E+04    57     0    109
3s2_10h_2Ho                 22.0     127431.1227     0.1321   2.269E+04    58     0    110
3s2_10g_2Ge[9/2]            10.0     127432.0200     0.1321   2.270E+04    59     0    111
3s2_10g_2Ge[7/2]             8.0     127432.0201     0.1321   2.270E+04    59     0    112
3s2_10i_2Ie                 26.0     127435.5352     0.1320   2.271E+04    60     0    113
3s2_11p_2Po[1/2]             2.0     127447.8840     0.1316   2.278E+04    61     0    114
3s2_10z_2Z                 102.0     127448.7331     0.1316   2.278E+04    62     0    115
3s2_11p_2Po[3/2]             4.0     127450.0930     0.1316   2.279E+04    61     0    116
3s2_11d_2De                 10.0     128004.2620     0.1149   2.608E+04    63     0    117
3s2_11f_2Fo[5/2]             6.0     128145.3500     0.1107   2.708E+04    64     0    118
3s2_11f_2Fo[7/2]             8.0     128145.3501     0.1107   2.708E+04    64     0    119
3s2_11h_2Ho                 22.0     128197.3036     0.1091   2.747E+04    65     0    120
3s2_11g_2Ge[9/2]            10.0     128197.9000     0.1091   2.747E+04    66     0    121
3s2_11g_2Ge[7/2]             8.0     128197.9001     0.1091   2.747E+04    66     0    122
3s2_11i_2Ie                 26.0     128200.6172     0.1091   2.749E+04    67     0    123
3s2_11z_2Z                 144.0     128210.5310     0.1088   2.757E+04    68     0    124
3s2_12w_2W                 288.0     128789.9408     0.0914   3.281E+04    69     0    125
3s2_13w_2W                 338.0     129240.8578     0.0779   3.850E+04    70     0    126
3s2_14w_2W                 392.0     129598.6467     0.0671   4.465E+04    71     0    127
3s2_15w_2W                 450.0     129887.2925     0.0585   5.126E+04    72     0    128
3s2_16w_2W                 512.0     130123.5279     0.0514   5.832E+04    73     0    129
3s2_17w_2W                 578.0     130319.3141     0.0455   6.584E+04    74     0    130
3s2_18w_2W                 648.0     130483.3848     0.0406   7.381E+04    75     0    131
3s2_19w_2W                 722.0     130622.2378     0.0365   8.224E+04    76     0    132
3s2_20w_2W                 800.0     130740.7883     0.0329   9.113E+04    77     0    133
3s2_21w_2W                 882.0     130842.8096     0.0298   1.005E+05    78     0    134
3s2_22w_2W                 968.0     130931.2377     0.0272   1.103E+05    79     0    135
3s2_23w_2W                1058.0     131008.3844     0.0249   1.205E+05    80     0    136
3s2_24w_2W                1152.0     131076.0902     0.0228   1.312E+05    81     0    137
3s2_25w_2W                1250.0     131135.8349     0.0211   1.424E+05    82     0    138
3s2_26w_2W                1352.0     131188.8195     0.0195   1.540E+05    83     0    139
3s2_27w_2W                1458.0     131236.0266     0.0181   1.661E+05    84     0    140
3s2_28w_2W                1568.0     131278.2667     0.0168   1.786E+05    85     0    141
3s2_29w_2W                1682.0     131316.2129     0.0156   1.916E+05    86     0    142
3s2_30w_2W                1800.0     131350.4281     0.0146   2.050E+05    87     0    143
3s_3p(3Po)3d_2Fo[5/2]        6.0     131677.1000     0.0048   6.210E+05    88     0    144
3s_3p(3Po)4p_4De[1/2]        2.0     131784.9000     0.0016   1.878E+06    89     0    145
3s_3p(3Po)4p_4De[3/2]        4.0     131861.9300    -0.0007  -4.203E+06    89     0    146
3s_3p(3Po)3d_2Fo[7/2]        8.0     131918.8000    -0.0024  -1.240E+06    88     0    147
3s_3p(3Po)4p_4De[5/2]        6.0     131988.0500    -0.0045  -6.671E+05    89     0    148
3s_3p(3Po)4p_4De[7/2]        8.0     132162.2900    -0.0097  -3.085E+05    89     0    149
3s_3p(3Po)4p_2Pe[1/2]        2.0     132592.1000    -0.0226  -1.326E+05    90     0    150
3s_3p(3Po)4p_2Pe[3/2]        4.0     132676.2000    -0.0251  -1.193E+05    90     0    151
3s_3p(3Po)4p_4Pe[1/2]        2.0     134016.9000    -0.0653  -4.590E+04    91     0    152
3s_3p(3Po)4p_4Pe[3/2]        4.0     134079.0000    -0.0672  -4.463E+04    91     0    153
3s_3p(3Po)4p_4Pe[5/2]        6.0     134213.6300    -0.0712  -4.210E+04    91     0    154
3s_3p(3Po)4p_4Se[3/2]        4.0     134905.2800    -0.0920  -3.260E+04    92     0    155
3p3_2Do[5/2]                 6.0     135297.3000    -0.1037  -2.891E+04    93     0    156
3p3_2Do[3/2]                 4.0     135303.5000    -0.1039  -2.886E+04    93     0    157
