********************************************************************************
                                                                                
                 Super level assignments for CaIX
                 E%LS option with E%=10%                 
                                                                                
********************************************************************************
                                                                                
11-Jun-2001                            !Date
367                                    !Number of energy levels
6                                      !Entry number of link to super level
  
3s2_1Se[0]           1.0          0.0000    45.5876   6.576E+01     1     0      1
3s.3p_3Po[0]         1.0     143176.0000    41.2953   7.260E+01     2     0      2
3s.3p_3Po[1]         3.0     144675.0000    41.2504   7.268E+01     2     0      3
3s.3p_3Po[2]         5.0     147912.0000    41.1534   7.285E+01     2     0      4
3s.3p_1Po[1]         3.0     214482.0000    39.1576   7.656E+01     3     0      5
3p2_1De[2]           5.0     336245.0000    35.5073   8.443E+01     4     0      6
3p2_3Pe[0]           1.0     339963.0000    35.3958   8.470E+01     5     0      7
3p2_3Pe[1]           3.0     341872.0000    35.3386   8.483E+01     5     0      8
3p2_3Pe[2]           5.0     345472.0000    35.2307   8.509E+01     5     0      9
3p2_1Se[0]           1.0     398900.0000    33.6289   8.915E+01     6     0     10
3s.3d_3De[1]         3.0     412078.0000    33.2339   9.021E+01     7     0     11
3s.3d_3De[2]         5.0     412191.0000    33.2305   9.022E+01     7     0     12
3s.3d_3De[3]         7.0     412405.0000    33.2240   9.023E+01     7     0     13
3s.3d_1De[2]         5.0     467631.0000    31.5684   9.497E+01     8     0     14
3p.3d_3Fo[2]         5.0     563714.0000    28.6879   1.045E+02     9     0     15
3p.3d_3Fo[3]         7.0     565724.0000    28.6277   1.047E+02     9     0     16
3p.3d_3Fo[4]         9.0     568194.0000    28.5536   1.050E+02     9     0     17
3p.3d_1Do[2]         5.0     571900.0000    28.4425   1.054E+02    10     0     18
3p.3d_3Po[2]         5.0     596664.3570    27.7001   1.082E+02     9     0     19
3p.3d_3Po[1]         3.0     597754.3270    27.6674   1.084E+02     9     0     20
3p.3d_3Po[0]         1.0     599208.8000    27.6238   1.085E+02     9     0     21
3p.3d_3Do[1]         3.0     601012.9490    27.5697   1.087E+02     9     0     22
3p.3d_3Do[2]         5.0     601204.0000    27.5640   1.088E+02     9     0     23
3p.3d_3Do[3]         7.0     602704.0000    27.5190   1.089E+02     9     0     24
3p.3d_1Po[1]         3.0     618520.0000    27.0449   1.108E+02    10     0     25
3p.3d_1Fo[3]         7.0     643508.9450    26.2957   1.140E+02    11     0     26
3s.4s_3Se[1]         3.0     760538.0000    22.7873   1.316E+02    12     0     27
3s.4s_1Se[0]         1.0     774480.0000    22.3693   1.340E+02    13     0     28
3s.4p_3Po[0]         1.0     828878.5240    20.7385   1.446E+02    14     0     29
3s.4p_3Po[1]         3.0     829242.7360    20.7276   1.446E+02    14     0     30
3s.4p_3Po[2]         5.0     830590.9530    20.6871   1.449E+02    14     0     31
3s.4p_1Po[1]         3.0     832314.0000    20.6355   1.453E+02    15     0     32
3d2_3Fe[2]           5.0     835015.9110    20.5545   1.459E+02    12     0     33
3d2_3Fe[3]           7.0     835316.5930    20.5455   1.459E+02    12     0     34
3d2_3Fe[4]           9.0     835707.0350    20.5338   1.460E+02    12     0     35
3d2_1De[2]           5.0     850761.9310    20.0824   1.493E+02    13     0     36
3d2_1Ge[4]           9.0     852434.2420    20.0323   1.497E+02    16     0     37
3d2_3Pe[0]           1.0     852897.6160    20.0184   1.498E+02    17     0     38
3d2_3Pe[1]           3.0     853007.0170    20.0151   1.498E+02    17     0     39
3d2_3Pe[2]           5.0     853248.0950    20.0079   1.498E+02    17     0     40
3d2_1Se[0]           1.0     895329.8130    18.7463   1.599E+02    16     0     41
3s.4d_3De[1]         3.0     917200.0000    18.0907   1.657E+02    17     0     42
3s.4d_3De[2]         5.0     917314.0000    18.0873   1.657E+02    17     0     43
3s.4d_3De[3]         7.0     917528.0000    18.0808   1.658E+02    17     0     44
3s.4d_1De[2]         5.0     921921.0000    17.9491   1.670E+02    16     0     45
3p.4s_3Po[0]         1.0     941471.0000    17.3630   1.727E+02    18     0     46
3p.4s_3Po[1]         3.0     942658.0000    17.3275   1.730E+02    18     0     47
3p.4s_3Po[2]         5.0     946378.0000    17.2159   1.741E+02    18     0     48
3p.4s_1Po[1]         3.0     953546.8140    17.0010   1.763E+02    19     0     49
3s.4f_3Fo[2]         5.0     954594.0000    16.9696   1.767E+02    18     0     50
3s.4f_3Fo[3]         7.0     954594.0000    16.9696   1.767E+02    18     0     51
3s.4f_3Fo[4]         9.0     954594.0000    16.9696   1.767E+02    18     0     52
3s.4f_1Fo[3]         7.0     963050.0000    16.7161   1.793E+02    19     0     53
3p.4p_1Pe[1]         3.0     998950.0470    15.6399   1.917E+02    20     0     54
3p.4p_3De[1]         3.0    1004118.6330    15.4849   1.936E+02    21     0     55
3p.4p_3De[2]         5.0    1005234.0000    15.4515   1.940E+02    21     0     56
3p.4p_3De[3]         7.0    1008574.0000    15.3514   1.953E+02    21     0     57
3p.4p_3Pe[0]         1.0    1010894.0000    15.2818   1.962E+02    21     0     58
3p.4p_3Pe[1]         3.0    1012034.0000    15.2476   1.966E+02    21     0     59
3p.4p_3Pe[2]         5.0    1014384.0000    15.1772   1.975E+02    21     0     60
3p.4p_3Se[1]         3.0    1015624.0000    15.1400   1.980E+02    21     0     61
3p.4p_1De[2]         5.0    1024185.4870    14.8833   2.014E+02    20     0     62
3p.4p_1Se[0]         1.0    1038336.2650    14.4591   2.073E+02    20     0     63
3s.5s_3Se[1]         3.0    1068804.0000    13.5457   2.213E+02    21     0     64
3s.5s_1Se[0]         1.0    1076110.0000    13.3267   2.250E+02    20     0     65
3p.4d_1Do[2]         5.0    1090714.6880    12.8888   2.326E+02    22     0     66
3p.4d_3Do[1]         3.0    1090824.0000    12.8856   2.327E+02    23     0     67
3p.4d_3Do[2]         5.0    1091447.4030    12.8669   2.330E+02    23     0     68
3p.4d_3Do[3]         7.0    1091961.9720    12.8514   2.333E+02    23     0     69
3p.4d_3Fo[2]         5.0    1096246.2410    12.7230   2.356E+02    23     0     70
3p.4d_3Fo[3]         7.0    1096863.3540    12.7045   2.360E+02    23     0     71
3s.5p_3Po[1]         3.0    1097037.2410    12.6993   2.361E+02    23     0     72
3s.5p_3Po[0]         1.0    1097276.7330    12.6921   2.362E+02    23     0     73
3s.5p_3Po[2]         5.0    1097332.7130    12.6904   2.362E+02    23     0     74
3s.5p_1Po[1]         3.0    1097570.0000    12.6833   2.364E+02    22     0     75
3p.4d_3Fo[4]         9.0    1099129.1810    12.6366   2.372E+02    23     0     76
3p.4d_1Fo[3]         7.0    1100310.0510    12.6012   2.379E+02    22     0     77
3p.4d_3Po[2]         5.0    1106570.8350    12.4135   2.415E+02    23     0     78
3p.4d_3Po[1]         3.0    1106976.8560    12.4013   2.417E+02    23     0     79
3p.4d_3Po[0]         1.0    1107446.0350    12.3872   2.420E+02    23     0     80
3p.4d_1Po[1]         3.0    1111634.0960    12.2617   2.445E+02    22     0     81
3p.4f_3Ge[3]         7.0    1122081.3670    11.9485   2.509E+02    24     0     82
3p.4f_3Ge[4]         9.0    1124008.8580    11.8907   2.521E+02    24     0     83
3p.4f_1Fe[3]         7.0    1124970.8210    11.8619   2.527E+02    25     0     84
3p.4f_3Ge[5]        11.0    1127004.0000    11.8009   2.540E+02    24     0     85
3p.4f_3Fe[2]         5.0    1127096.7170    11.7981   2.541E+02    24     0     86
3p.4f_3Fe[3]         7.0    1127184.0000    11.7955   2.542E+02    24     0     87
3p.4f_3Fe[4]         9.0    1130494.0000    11.6963   2.563E+02    24     0     88
3p.4f_3De[3]         7.0    1133281.4290    11.6127   2.582E+02    24     0     89
3p.4f_3De[2]         5.0    1134082.4600    11.5887   2.587E+02    24     0     90
3p.4f_3De[1]         3.0    1134715.4440    11.5697   2.591E+02    24     0     91
3p.4f_1Ge[4]         9.0    1138435.5980    11.4582   2.616E+02    25     0     92
3s.5d_1De[2]         5.0    1139810.0000    11.4170   2.626E+02    25     0     93
3s.5d_3De[1]         3.0    1145234.0000    11.2544   2.664E+02    24     0     94
3s.5d_3De[2]         5.0    1145528.1500    11.2456   2.666E+02    24     0     95
3s.5d_3De[3]         7.0    1145854.0000    11.2358   2.668E+02    24     0     96
3p.4f_1De[2]         5.0    1149170.1150    11.1364   2.692E+02    25     0     97
3s.5f_3Fo[4]         9.0    1159674.0000    10.8215   2.770E+02    23     0     98
3s.5f_3Fo[2]         5.0    1159674.0000    10.8215   2.770E+02    23     0     99
3s.5f_3Fo[3]         7.0    1159674.0000    10.8215   2.770E+02    23     0    100
3s.5f_1Fo[3]         7.0    1162610.0000    10.7335   2.793E+02    22     0    101
3s.5g_3Ge[3]         7.0    1165374.2170    10.6506   2.815E+02    24     0    102
3s.5g_3Ge[4]         9.0    1165473.8220    10.6476   2.816E+02    24     0    103
3s.5g_3Ge[5]        11.0    1165614.6230    10.6434   2.817E+02    24     0    104
3s.5g_1Ge[4]         9.0    1169217.3110    10.5354   2.846E+02    25     0    105
3d.4s_3De[1]         3.0    1187714.1070     9.9809   3.004E+02    24     0    106
3d.4s_3De[2]         5.0    1187924.6570     9.9746   3.006E+02    24     0    107
3d.4s_3De[3]         7.0    1188273.6880     9.9641   3.009E+02    24     0    108
3d.4s_1De[2]         5.0    1193476.2550     9.8081   3.057E+02    25     0    109
3s.6s_3Se[1]         3.0    1219784.0000     9.0194   3.324E+02    24     0    110
3s.6s_1Se[0]         1.0    1221876.9510     8.9567   3.347E+02    25     0    111
3s.6p_1Po[1]         3.0    1235830.0000     8.5384   3.511E+02    26     0    112
3s.6p_3Po[0]         1.0    1236210.0180     8.5270   3.516E+02    27     0    113
3s.6p_3Po[1]         3.0    1236407.7680     8.5211   3.518E+02    27     0    114
3s.6p_3Po[2]         5.0    1236803.0650     8.5092   3.523E+02    27     0    115
3p.5s_3Po[0]         1.0    1243840.2350     8.2982   3.613E+02    27     0    116
3p.5s_3Po[1]         3.0    1244456.3090     8.2798   3.621E+02    27     0    117
3d.4p_1Do[2]         5.0    1247234.5060     8.1965   3.658E+02    26     0    118
3p.5s_3Po[2]         5.0    1248262.4220     8.1657   3.671E+02    27     0    119
3d.4p_3Do[1]         3.0    1249486.2820     8.1290   3.688E+02    27     0    120
3d.4p_3Do[2]         5.0    1250005.8560     8.1134   3.695E+02    27     0    121
3p.5s_1Po[1]         3.0    1250017.3710     8.1131   3.695E+02    26     0    122
3d.4p_3Do[3]         7.0    1250497.2040     8.0987   3.702E+02    27     0    123
3d.4p_3Fo[2]         5.0    1251703.6450     8.0625   3.718E+02    27     0    124
3d.4p_3Fo[3]         7.0    1252408.7340     8.0414   3.728E+02    27     0    125
3d.4p_3Fo[4]         9.0    1253363.5460     8.0127   3.741E+02    27     0    126
3s.6d_3De[1]         3.0    1259644.0000     7.8245   3.831E+02    28     0    127
3d.4p_3Po[0]         1.0    1259721.3420     7.8221   3.833E+02    27     0    128
3d.4p_3Po[1]         3.0    1259733.3900     7.8218   3.833E+02    27     0    129
3s.6d_3De[2]         5.0    1259824.0000     7.8191   3.834E+02    28     0    130
3s.6d_3De[3]         7.0    1260016.0000     7.8133   3.837E+02    28     0    131
3d.4p_3Po[2]         5.0    1260049.9410     7.8123   3.837E+02    27     0    132
3s.6d_1De[2]         5.0    1260390.0000     7.8021   3.842E+02    29     0    133
3d.4p_1Fo[3]         7.0    1260938.9540     7.7856   3.851E+02    26     0    134
3d.4p_1Po[1]         3.0    1269260.3490     7.5362   3.978E+02    26     0    135
3s.6f_3Fo[4]         9.0    1270614.0000     7.4956   4.000E+02    27     0    136
3s.6f_3Fo[2]         5.0    1270614.0000     7.4956   4.000E+02    27     0    137
3s.6f_3Fo[3]         7.0    1270614.0000     7.4956   4.000E+02    27     0    138
3s.6g_3Ge[3]         7.0    1273080.9950     7.4216   4.039E+02    28     0    139
3s.6g_3Ge[4]         9.0    1273092.6630     7.4213   4.040E+02    28     0    140
3s.6g_3Ge[5]        11.0    1273107.3620     7.4208   4.040E+02    28     0    141
3s.6f_1Fo[3]         7.0    1273181.3450     7.4186   4.041E+02    26     0    142
3p.5p_1Pe[1]         3.0    1273490.3000     7.4094   4.046E+02    29     0    143
3s.6g_1Ge[4]         9.0    1273572.6750     7.4069   4.047E+02    29     0    144
3s.6h_3Ho[4]         9.0    1273741.8970     7.4018   4.050E+02    27     0    145
3s.6h_3Ho[5]        11.0    1273743.9640     7.4018   4.050E+02    27     0    146
3s.6h_3Ho[6]        13.0    1273748.5630     7.4016   4.050E+02    27     0    147
3s.6h_1Ho[5]        11.0    1273755.9380     7.4014   4.050E+02    26     0    148
3p.5p_3De[1]         3.0    1275873.9220     7.3379   4.086E+02    28     0    149
3p.5p_3De[2]         5.0    1276554.8200     7.3175   4.097E+02    28     0    150
3p.5p_3Pe[0]         1.0    1277045.1700     7.3028   4.105E+02    28     0    151
3p.5p_3Pe[1]         3.0    1279326.3030     7.2344   4.144E+02    28     0    152
3p.5p_3De[3]         7.0    1280354.5790     7.2036   4.162E+02    28     0    153
3p.5p_3Pe[2]         5.0    1281000.6100     7.1842   4.173E+02    28     0    154
3p.5p_3Se[1]         3.0    1282068.9550     7.1522   4.192E+02    28     0    155
3p.5p_1De[2]         5.0    1285586.7290     7.0467   4.254E+02    29     0    156
3p.5p_1Se[0]         1.0    1289031.6660     6.9434   4.318E+02    29     0    157
3s.7s_3Se[1]         3.0    1306985.5340     6.4052   4.680E+02    28     0    158
3s.7s_1Se[0]         1.0    1308674.2300     6.3546   4.718E+02    29     0    159
3s.7p_3Po[1]         3.0    1314710.2090     6.1736   4.856E+02    27     0    160
3s.7p_3Po[2]         5.0    1314821.8600     6.1703   4.859E+02    27     0    161
3s.7p_3Po[0]         1.0    1314903.9390     6.1678   4.861E+02    27     0    162
3s.7p_1Po[1]         3.0    1315300.0000     6.1559   4.870E+02    26     0    163
3p.5d_3Fo[2]         5.0    1316798.2840     6.1110   4.906E+02    27     0    164
3p.5d_3Do[2]         5.0    1317535.3570     6.0889   4.924E+02    27     0    165
3p.5d_3Do[3]         7.0    1317851.0070     6.0795   4.931E+02    27     0    166
3p.5d_3Do[1]         3.0    1317975.3980     6.0757   4.934E+02    27     0    167
3p.5d_3Fbo[2]        5.0    1321285.4520     5.9765   5.016E+02    27     0    168
3p.5d_3Dbo[3]        7.0    1321816.5820     5.9606   5.030E+02    27     0    169
3p.5d_3Fo[4]         9.0    1322799.8190     5.9311   5.055E+02    27     0    170
3p.5d_3Po[2]         5.0    1324232.7960     5.8881   5.091E+02    27     0    171
3p.5d_3Po[1]         3.0    1324918.6150     5.8676   5.109E+02    27     0    172
3p.5d_1Fo[3]         7.0    1325403.5860     5.8530   5.122E+02    26     0    173
3p.5d_3Po[0]         1.0    1325498.1110     5.8502   5.124E+02    27     0    174
3p.5d_1Po[1]         3.0    1328757.6380     5.7525   5.212E+02    26     0    175
3d.4d_1Fe[3]         7.0    1328759.5530     5.7524   5.212E+02    29     0    176
3s.7d_3De[3]         7.0    1331324.0000     5.6756   5.282E+02    28     0    177
3s.7d_3De[1]         3.0    1331324.0000     5.6756   5.282E+02    28     0    178
3s.7d_3De[2]         5.0    1331324.0000     5.6756   5.282E+02    28     0    179
3d.4d_3De[3]         7.0    1331472.6900     5.6711   5.286E+02    28     0    180
3d.4d_3Ge[4]         9.0    1331893.8380     5.6585   5.298E+02    28     0    181
3s.7d_1De[2]         5.0    1332455.0730     5.6416   5.314E+02    29     0    182
3d.4d_3Dbe[3]        7.0    1332790.0720     5.6316   5.323E+02    28     0    183
3s.7d_3Dbe[1]        3.0    1332864.3730     5.6294   5.326E+02    28     0    184
3s.7d_3Dbe[2]        5.0    1332901.7200     5.6283   5.327E+02    28     0    185
3d.4d_3Ge[5]        11.0    1332984.8210     5.6258   5.329E+02    28     0    186
3p.5f_1Fe[3]         7.0    1333870.0220     5.5992   5.354E+02    29     0    187
3d.4d_1Pe[1]         3.0    1334013.6370     5.5949   5.358E+02    29     0    188
3p.5f_3Fe[3]         7.0    1334325.5340     5.5856   5.367E+02    28     0    189
3d.4d_3Gbe[4]        9.0    1334511.6310     5.5800   5.373E+02    28     0    190
3p.5f_3Fe[2]         5.0    1334594.6160     5.5775   5.375E+02    28     0    191
3s.7g_1Ge[4]         9.0    1336979.7670     5.5060   5.445E+02    29     0    192
3p.5f_3Fbe[3]        7.0    1337077.5940     5.5031   5.448E+02    28     0    193
3p.5f_3Ge[5]        11.0    1337205.1470     5.4992   5.452E+02    28     0    194
3p.5f_3Fe[4]         9.0    1337385.2450     5.4938   5.457E+02    28     0    195
3s.7f_3Fo[2]         5.0    1337637.2380     5.4863   5.464E+02    27     0    196
3s.7f_3Fo[3]         7.0    1337643.9570     5.4861   5.465E+02    27     0    197
3s.7f_3Fo[4]         9.0    1337652.8590     5.4858   5.465E+02    27     0    198
3s.7f_1Fo[3]         7.0    1338609.6980     5.4571   5.494E+02    26     0    199
3s.7h_3Ho[4]         9.0    1339371.9040     5.4343   5.517E+02    27     0    200
3s.7h_3Ho[5]        11.0    1339374.0470     5.4342   5.517E+02    27     0    201
3s.7h_3Ho[6]        13.0    1339377.1250     5.4341   5.517E+02    27     0    202
3s.7h_1Ho[5]        11.0    1339390.7150     5.4337   5.517E+02    26     0    203
3p.5f_3De[3]         7.0    1340429.2100     5.4026   5.549E+02    28     0    204
3d.4d_3Se[1]         3.0    1340482.6880     5.4010   5.551E+02    28     0    205
3s.7g_3Ge[3]         7.0    1340601.2250     5.3974   5.554E+02    28     0    206
3s.7g_3Ge[4]         9.0    1340885.6990     5.3889   5.563E+02    28     0    207
3p.5f_3De[2]         5.0    1341152.8720     5.3809   5.571E+02    28     0    208
3s.7g_3Ge[5]        11.0    1341503.5690     5.3704   5.582E+02    28     0    209
3p.5f_3De[1]         3.0    1342036.6290     5.3544   5.599E+02    28     0    210
3d.4d_3Fe[2]         5.0    1343931.3940     5.2976   5.659E+02    28     0    211
3d.4d_3Fe[3]         7.0    1344208.1940     5.2893   5.668E+02    28     0    212
3d.4d_3Fe[4]         9.0    1344484.8540     5.2810   5.677E+02    28     0    213
3p.5f_1De[2]         5.0    1345192.8700     5.2598   5.700E+02    29     0    214
3p.5f_1Ge[4]         9.0    1346202.5950     5.2295   5.733E+02    29     0    215
3d.4d_1De[2]         5.0    1352771.8830     5.0326   5.957E+02    29     0    216
3d.4d_3Pe[0]         1.0    1353271.3590     5.0176   5.975E+02    28     0    217
3d.4d_3Pe[1]         3.0    1353366.2380     5.0147   5.978E+02    28     0    218
3d.4d_3Pe[2]         5.0    1353601.9950     5.0077   5.987E+02    28     0    219
3d.4d_1Ge[4]         9.0    1355536.7840     4.9497   6.057E+02    29     0    220
3s.8s_3Se[1]         3.0    1360688.2090     4.7952   6.252E+02    28     0    221
3s.8s_1Se[0]         1.0    1361131.6660     4.7819   6.269E+02    29     0    222
3d.4f_1Go[4]         9.0    1361862.1290     4.7600   6.298E+02    30     0    223
3d.4f_3Ho[4]         9.0    1363033.0990     4.7249   6.345E+02    31     0    224
3d.4f_3Ho[5]        11.0    1363254.8480     4.7183   6.354E+02    31     0    225
3d.4f_3Ho[6]        13.0    1363545.5110     4.7096   6.366E+02    31     0    226
3d.4f_3Fo[2]         5.0    1366054.5500     4.6344   6.469E+02    31     0    227
3d.4f_3Fo[3]         7.0    1366169.3450     4.6309   6.474E+02    31     0    228
3d.4f_3Fo[4]         9.0    1366321.3390     4.6264   6.480E+02    31     0    229
3s.8p_3Po[0]         1.0    1367628.1940     4.5872   6.535E+02    31     0    230
3s.8p_3Po[1]         3.0    1367672.0770     4.5859   6.537E+02    31     0    231
3s.8p_3Po[2]         5.0    1367806.9640     4.5818   6.543E+02    31     0    232
3s.8p_1Po[1]         3.0    1368086.4060     4.5734   6.555E+02    30     0    233
3d.4f_1Do[2]         5.0    1370879.0860     4.4897   6.677E+02    30     0    234
3d.4d_1Se[0]         1.0    1373934.3390     4.3981   6.816E+02    29     0    235
3s.8d_3De[3]         7.0    1376394.0000     4.3244   6.933E+02    28     0    236
3s.8d_3De[1]         3.0    1376394.0000     4.3244   6.933E+02    28     0    237
3s.8d_3De[2]         5.0    1376394.0000     4.3244   6.933E+02    28     0    238
3d.4f_3Go[3]         7.0    1376617.5090     4.3177   6.943E+02    31     0    239
3s.8d_1De[2]         5.0    1376673.9230     4.3160   6.946E+02    29     0    240
3d.4f_3Go[4]         9.0    1376800.3020     4.3122   6.952E+02    31     0    241
3d.4f_3Go[5]        11.0    1377011.9950     4.3059   6.962E+02    31     0    242
3d.4f_3Do[1]         3.0    1379292.5070     4.2375   7.075E+02    31     0    243
3d.4f_3Do[2]         5.0    1379308.2190     4.2370   7.076E+02    31     0    244
3d.4f_3Do[3]         7.0    1379331.4350     4.2363   7.077E+02    31     0    245
3s.8f_1Fo[3]         7.0    1379948.8760     4.2178   7.108E+02    30     0    246
3s.8f_3Fo[2]         5.0    1380876.1020     4.1900   7.155E+02    31     0    247
3s.8f_3Fo[3]         7.0    1380879.6950     4.1899   7.155E+02    31     0    248
3s.8f_3Fo[4]         9.0    1380884.4650     4.1898   7.155E+02    31     0    249
3d.4f_3Po[2]         5.0    1381256.6460     4.1786   7.174E+02    31     0    250
3d.4f_3Po[1]         3.0    1381434.4400     4.1733   7.184E+02    31     0    251
3d.4f_3Po[0]         1.0    1381523.3180     4.1706   7.188E+02    31     0    252
3s.8h_1Ho[5]        11.0    1381910.9910     4.1590   7.208E+02    30     0    253
3s.8g_3Ge[3]         7.0    1381952.6770     4.1577   7.210E+02    28     0    254
3s.8g_3Ge[4]         9.0    1381959.8040     4.1575   7.211E+02    28     0    255
3s.8g_3Ge[5]        11.0    1381968.9400     4.1573   7.211E+02    28     0    256
3s.8h_3Ho[4]         9.0    1382083.0380     4.1538   7.217E+02    31     0    257
3s.8h_3Ho[5]        11.0    1382084.7730     4.1538   7.217E+02    31     0    258
3s.8h_3Ho[6]        13.0    1382086.8070     4.1537   7.217E+02    31     0    259
3s.8g_1Ge[4]         9.0    1382385.7030     4.1448   7.233E+02    29     0    260
3d.4f_1Fo[3]         7.0    1384279.3050     4.0880   7.333E+02    30     0    261
3d.4f_1Po[1]         3.0    1393359.2350     3.8158   7.857E+02    30     0    262
3d.4f_1Ho[5]        11.0    1393567.0280     3.8096   7.869E+02    30     0    263
3p.6s_3Po[0]         1.0    1395896.3520     3.7397   8.016E+02    31     0    264
3p.6s_3Po[1]         3.0    1396258.4230     3.7289   8.040E+02    31     0    265
3s.9s_3Se[1]         3.0    1396432.4080     3.7236   8.051E+02    32     0    266
3s.9s_1Se[0]         1.0    1396945.6590     3.7083   8.084E+02    33     0    267
3s.9p_1Po[1]         3.0    1400221.6670     3.6101   8.304E+02    30     0    268
3p.6s_3Po[2]         5.0    1400572.5680     3.5995   8.329E+02    31     0    269
3s.9p_3Po[0]         1.0    1401375.7170     3.5755   8.385E+02    31     0    270
3s.9p_3Po[1]         3.0    1401493.2080     3.5719   8.393E+02    31     0    271
3s.9p_3Po[2]         5.0    1402006.5150     3.5565   8.429E+02    31     0    272
3p.6s_1Po[1]         3.0    1403873.3180     3.5006   8.564E+02    30     0    273
3s.9d_3De[1]         3.0    1407440.3610     3.3936   8.834E+02    32     0    274
3s.9d_3De[2]         5.0    1407502.0840     3.3918   8.839E+02    32     0    275
3s.9d_3De[3]         7.0    1407586.9370     3.3892   8.845E+02    32     0    276
3s.9d_1De[2]         5.0    1407654.3310     3.3872   8.851E+02    33     0    277
3s.9f_3Fo[2]         5.0    1410456.0380     3.3032   9.076E+02    31     0    278
3s.9f_3Fo[3]         7.0    1410458.5030     3.3032   9.076E+02    31     0    279
3s.9f_3Fo[4]         9.0    1410461.8110     3.3031   9.076E+02    31     0    280
3s.9f_1Fo[3]         7.0    1411008.3130     3.2867   9.121E+02    30     0    281
3s.9g_3Ge[3]         7.0    1411152.4780     3.2824   9.133E+02    32     0    282
3s.9g_3Ge[4]         9.0    1411156.6410     3.2822   9.134E+02    32     0    283
3s.9g_3Ge[5]        11.0    1411161.9480     3.2821   9.134E+02    32     0    284
3s.9h_3Ho[4]         9.0    1411286.3450     3.2783   9.145E+02    31     0    285
3s.9h_3Ho[5]        11.0    1411287.1440     3.2783   9.145E+02    31     0    286
3s.9h_3Ho[6]        13.0    1411288.1140     3.2783   9.145E+02    31     0    287
3s.9g_1Ge[4]         9.0    1411358.2770     3.2762   9.151E+02    33     0    288
3s.9h_1Ho[5]        11.0    1411368.1140     3.2759   9.151E+02    30     0    289
3p.6p_3De[1]         3.0    1412098.1650     3.2540   9.213E+02    32     0    290
3p.6p_3Pe[1]         3.0    1413429.5120     3.2141   9.327E+02    32     0    291
3p.6p_3De[2]         5.0    1413757.2930     3.2043   9.356E+02    32     0    292
3p.6p_3Pe[0]         1.0    1414346.4520     3.1866   9.408E+02    32     0    293
3p.6p_1Pe[1]         3.0    1417312.6520     3.0977   9.678E+02    33     0    294
3p.6p_3De[3]         7.0    1417969.9990     3.0780   9.740E+02    32     0    295
3p.6p_3Pe[2]         5.0    1418305.5440     3.0679   9.772E+02    32     0    296
3p.6p_3Se[1]         3.0    1419309.5530     3.0378   9.869E+02    32     0    297
3p.6p_1De[2]         5.0    1420402.7510     3.0050   9.976E+02    33     0    298
3p.6p_1Se[0]         1.0    1425171.4760     2.8621   1.047E+03    33     0    299
3p.6d_3Fo[2]         5.0    1435721.0310     2.5458   1.178E+03    31     0    300
3p.6d_3Do[2]         5.0    1435970.6990     2.5383   1.181E+03    31     0    301
3p.6d_3Fo[3]         7.0    1436079.9540     2.5350   1.183E+03    31     0    302
3p.6d_3Do[1]         3.0    1436186.1240     2.5319   1.184E+03    31     0    303
3p.6d_1Do[2]         5.0    1440383.2020     2.4060   1.246E+03    30     0    304
3p.6d_3Do[3]         7.0    1440570.1080     2.4004   1.249E+03    31     0    305
3p.6d_3Fo[4]         9.0    1441320.7280     2.3779   1.261E+03    31     0    306
3p.6d_3Po[2]         5.0    1441777.9080     2.3642   1.268E+03    31     0    307
3p.6d_1Fo[3]         7.0    1441874.3400     2.3613   1.270E+03    30     0    308
3p.6d_3Po[1]         3.0    1442129.7070     2.3537   1.274E+03    31     0    309
3p.6d_3Po[0]         1.0    1442725.0500     2.3358   1.283E+03    31     0    310
3p.6d_1Po[1]         3.0    1443525.2480     2.3118   1.297E+03    30     0    311
3p.6f_3Ge[3]         7.0    1444857.4060     2.2719   1.320E+03    32     0    312
3p.6f_3Fe[3]         7.0    1445466.1850     2.2537   1.330E+03    32     0    313
3p.6f_3Ge[4]         9.0    1445783.7620     2.2441   1.336E+03    32     0    314
3p.6f_3Fe[2]         5.0    1445978.3060     2.2383   1.339E+03    32     0    315
3p.6f_1Fe[3]         7.0    1449733.9370     2.1257   1.410E+03    33     0    316
3p.6f_3Fe[4]         9.0    1450076.0700     2.1155   1.417E+03    32     0    317
3p.6f_3Ge[5]        11.0    1450366.7500     2.1067   1.423E+03    32     0    318
3p.6f_3De[3]         7.0    1450915.5090     2.0903   1.434E+03    32     0    319
3p.6f_3De[2]         5.0    1451325.7210     2.0780   1.443E+03    32     0    320
3p.6f_3De[1]         3.0    1451904.5960     2.0606   1.455E+03    32     0    321
3p.6f_1Ge[4]         9.0    1453187.7630     2.0222   1.483E+03    33     0    322
3p.6f_1De[2]         5.0    1453452.2170     2.0142   1.488E+03    33     0    323
3p.7s_3Po[0]         1.0    1481926.3690     1.1606   2.583E+03    31     0    324
3p.7s_3Po[1]         3.0    1482148.2430     1.1540   2.598E+03    31     0    325
3p.7s_3Po[2]         5.0    1487126.0770     1.0047   2.984E+03    31     0    326
3p.7s_1Po[1]         3.0    1487603.6700     0.9904   3.027E+03    30     0    327
3d.5s_3De[1]         3.0    1489416.9690     0.9360   3.203E+03    32     0    328
3d.5s_3De[2]         5.0    1489651.5120     0.9290   3.227E+03    32     0    329
3d.5s_3De[3]         7.0    1490713.4830     0.8972   3.342E+03    32     0    330
3d.5s_1De[2]         5.0    1491239.5450     0.8814   3.401E+03    33     0    331
3p.7p_1Pe[1]         3.0    1492316.1660     0.8491   3.531E+03    33     0    332
3p.7p_3Pe[0]         1.0    1493093.2000     0.8258   3.630E+03    32     0    333
3p.7p_3De[1]         3.0    1493113.1840     0.8252   3.633E+03    32     0    334
3p.7p_3De[2]         5.0    1494189.6750     0.7930   3.781E+03    32     0    335
3p.7p_1Pbe[1]        3.0    1497058.5100     0.7070   4.241E+03    33     0    336
3p.7p_3Pe[2]         5.0    1497675.0800     0.6885   4.354E+03    32     0    337
3p.7p_3De[3]         7.0    1497895.1790     0.6819   4.397E+03    32     0    338
3p.7p_3Se[1]         3.0    1498053.7880     0.6771   4.427E+03    32     0    339
3p.7p_1De[2]         5.0    1500041.5040     0.6175   4.855E+03    33     0    340
3p.7p_1Se[0]         1.0    1500492.9900     0.6040   4.964E+03    33     0    341
3p.7d_3Fo[3]         7.0    1506111.3630     0.4356   6.883E+03    34     0    342
3p.7d_3Fo[2]         5.0    1506156.5710     0.4342   6.904E+03    34     0    343
3p.7d_3Do[1]         3.0    1506212.5930     0.4325   6.931E+03    34     0    344
3p.7d_3Po[2]         5.0    1506271.2140     0.4308   6.960E+03    34     0    345
3p.7d_3Do[3]         7.0    1510790.4550     0.2953   1.015E+04    34     0    346
3p.7d_1Do[2]         5.0    1510928.4690     0.2911   1.030E+04    35     0    347
3p.7d_3Fbo[3]        7.0    1511291.5750     0.2803   1.070E+04    34     0    348
3p.7d_1Po[1]         3.0    1511580.0570     0.2716   1.104E+04    35     0    349
3p.7d_3Fo[4]         9.0    1511587.7560     0.2714   1.105E+04    34     0    350
3p.7d_3Pbo[2]        5.0    1511689.8220     0.2683   1.117E+04    34     0    351
3p.7f_3Ge[3]         7.0    1511906.1540     0.2618   1.145E+04    32     0    352
3p.7f_3De[3]         7.0    1512306.1960     0.2498   1.200E+04    32     0    353
3p.7d_3Po[1]         3.0    1512351.4660     0.2485   1.206E+04    34     0    354
3p.7d_3Po[0]         1.0    1512362.3800     0.2482   1.208E+04    34     0    355
3p.7f_3Ge[4]         9.0    1512513.9490     0.2436   1.231E+04    32     0    356
3p.7f_3Fe[2]         5.0    1512672.8180     0.2389   1.255E+04    32     0    357
3p.7f_1Fe[3]         7.0    1516904.2650     0.1120   2.677E+04    33     0    358
3p.7f_3Fe[4]         9.0    1517110.1600     0.1058   2.833E+04    32     0    359
3p.7f_3Ge[5]        11.0    1517290.8460     0.1004   2.986E+04    32     0    360
3p.7f_3Dbe[3]        7.0    1517553.4580     0.0925   3.240E+04    32     0    361
3p.7f_3De[2]         5.0    1517793.1340     0.0853   3.513E+04    32     0    362
3p.7f_3De[1]         3.0    1518192.1670     0.0734   4.085E+04    32     0    363
3p.7f_1Ge[4]         9.0    1518796.3910     0.0553   5.424E+04    33     0    364
3p.7f_1De[2]         5.0    1519043.3510     0.0479   6.263E+04    33     0    365
3d.5p_1Do[2]         5.0    1519458.7240     0.0354   8.465E+04    35     0    366
3d.5p_3Do[1]         3.0    1520468.8280     0.0051   5.842E+05    34     0    367
