********************************************************************************

   Super level assignments for CoVI
   E%LS option with E%=2.0%

********************************************************************************

29-Nov-2000                            !Date
1000                                   !Number of energy levels
6                                      !Entry number of link to super level
  
3d4_5De[0]                1.0          0.0000    24.6729   1.215E+02     1     0      1
3d4_5De[1]                3.0        204.0000    24.6668   1.215E+02     1     0      2
3d4_5De[2]                5.0        589.0000    24.6553   1.216E+02     1     0      3
3d4_5De[3]                7.0       1124.7000    24.6392   1.217E+02     1     0      4
3d4_5De[4]                9.0       1781.6000    24.6195   1.218E+02     1     0      5
3d4_3P2e[0]               1.0      27166.2000    23.8585   1.257E+02     2     0      6
3d4_3He[4]                9.0      28376.6000    23.8222   1.258E+02     3     0      7
3d4_3P2e[1]               3.0      28461.5000    23.8197   1.259E+02     2     0      8
3d4_3He[5]               11.0      28805.9000    23.8093   1.259E+02     3     0      9
3d4_3He[6]               13.0      29233.8000    23.7965   1.260E+02     3     0     10
3d4_3P2e[2]               5.0      30506.1000    23.7584   1.262E+02     2     0     11
3d4_3F2e[2]               5.0      30554.9000    23.7569   1.262E+02     4     0     12
3d4_3F2e[3]               7.0      30634.6000    23.7545   1.262E+02     4     0     13
3d4_3F2e[4]               9.0      30816.7000    23.7491   1.262E+02     4     0     14
3d4_3Ge[3]                7.0      34025.8000    23.6529   1.267E+02     5     0     15
3d4_3Ge[4]                9.0      34474.6000    23.6394   1.268E+02     5     0     16
3d4_3Ge[5]               11.0      34854.8000    23.6280   1.269E+02     5     0     17
3d4_3De[3]                7.0      41675.9000    23.4235   1.280E+02     6     0     18
3d4_3De[2]                5.0      41856.5000    23.4181   1.280E+02     6     0     19
3d4_1G2e[4]               9.0      41925.9000    23.4160   1.280E+02     7     0     20
3d4_3De[1]                3.0      42098.0000    23.4109   1.281E+02     6     0     21
3d4_1Ie[6]               13.0      42799.6000    23.3898   1.282E+02     8     0     22
3d4_1S2e[0]               1.0      45372.0000    23.3127   1.286E+02     9     0     23
3d4_1D2e[2]               5.0      52739.5000    23.0918   1.298E+02    10     0     24
3d4_1Fe[3]                7.0      59930.0000    22.8763   1.310E+02    11     0     25
3d4_3P1e[2]               5.0      70164.3000    22.5694   1.328E+02    12     0     26
3d4_3F1e[4]               9.0      70798.4000    22.5504   1.329E+02    12     0     27
3d4_3F1e[2]               5.0      70925.6000    22.5466   1.330E+02    12     0     28
3d4_3F1e[3]               7.0      70998.4000    22.5444   1.330E+02    12     0     29
3d4_3P1e[1]               3.0      71624.2000    22.5257   1.331E+02    12     0     30
3d4_3P1e[0]               1.0      72302.7000    22.5053   1.332E+02    12     0     31
3d4_1G1e[4]               9.0      81027.4000    22.2438   1.348E+02    13     0     32
3d4_1D1e[2]               5.0     106531.5000    21.4792   1.396E+02    14     0     33
3d4_1S1e[0]               1.0     137619.2000    20.5472   1.459E+02    15     0     34
3d3(4F)4s_5Fe[1]          3.0     273324.8000    16.4788   1.819E+02    16     0     35
3d3(4F)4s_5Fe[2]          5.0     273727.7000    16.4668   1.821E+02    16     0     36
3d3(4F)4s_5Fe[3]          7.0     274319.0000    16.4490   1.823E+02    16     0     37
3d3(4F)4s_5Fe[4]          9.0     275088.0000    16.4260   1.825E+02    16     0     38
3d3(4F)4s_5Fe[5]         11.0     276008.0000    16.3984   1.828E+02    16     0     39
3d3(4F)4s_3Fe[2]          5.0     282948.0000    16.1904   1.852E+02    17     0     40
3d3(4F)4s_3Fe[3]          7.0     283961.0000    16.1600   1.855E+02    17     0     41
3d3(4F)4s_3Fe[4]          9.0     285189.0000    16.1232   1.859E+02    17     0     42
3d3(4P)4s_5Pe[1]          3.0     293914.5000    15.8616   1.890E+02    18     0     43
3d3(4P)4s_5Pe[2]          5.0     294229.5000    15.8521   1.891E+02    18     0     44
3d3(4P)4s_5Pe[3]          7.0     295025.6000    15.8283   1.894E+02    18     0     45
3d3(2G)4s_3Ge[3]          7.0     298620.2000    15.7205   1.907E+02    19     0     46
3d3(2G)4s_3Ge[4]          9.0     298974.6000    15.7099   1.908E+02    19     0     47
3d3(2G)4s_3Ge[5]         11.0     299534.0000    15.6931   1.910E+02    19     0     48
3d3(4P)4s_3Pe[0]          1.0     302585.0570    15.6016   1.922E+02    19     0     49
3d3(4P)4s_3Pe[1]          3.0     302688.8000    15.5985   1.922E+02    19     0     50
3d3(2G)4s_1Ge[4]          9.0     303788.5000    15.5656   1.926E+02    20     0     51
3d3(4P)4s_3Pe[2]          5.0     303840.9000    15.5640   1.926E+02    19     0     52
3d3(2P)4s_3Pe[2]          5.0     304909.9000    15.5320   1.930E+02    21     0     53
3d3(2P)4s_3Pe[1]          3.0     305039.0000    15.5281   1.931E+02    21     0     54
3d3(2P)4s_3Pe[0]          1.0     305473.1000    15.5151   1.932E+02    21     0     55
3d3(2D2)4s_3De[1]         3.0     306439.2000    15.4861   1.936E+02    21     0     56
3d3(2D2)4s_3De[3]         7.0     307482.7000    15.4548   1.940E+02    21     0     57
3d3(2H)4s_3He[4]          9.0     307627.0000    15.4505   1.940E+02    21     0     58
3d3(2H)4s_3He[5]         11.0     307692.0000    15.4485   1.941E+02    21     0     59
3d3(2D2)4s_3De[2]         5.0     307720.0000    15.4477   1.941E+02    21     0     60
3d3(2H)4s_3He[6]         13.0     308029.5000    15.4384   1.942E+02    21     0     61
3d3(2P)4s_1Pe[1]          3.0     310736.8000    15.3573   1.952E+02    22     0     62
3d3(2D2)4s_1De[2]         5.0     311916.0000    15.3219   1.957E+02    22     0     63
3d3(2H)4s_1He[5]         11.0     312551.2000    15.3029   1.959E+02    22     0     64
3d3(2F)4s_3Fe[4]          9.0     326384.3000    14.8882   2.014E+02    23     0     65
3d3(2F)4s_3Fe[3]          7.0     326664.9000    14.8798   2.015E+02    23     0     66
3d3(2F)4s_3Fe[2]          5.0     326902.8000    14.8726   2.016E+02    23     0     67
3d3(2F)4s_1Fe[3]          7.0     330886.8000    14.7532   2.032E+02    24     0     68
3d3(4F)4p_5Go[2]          5.0     353596.7000    14.0724   2.130E+02    25     0     69
3d3(2D1)4s_3De[3]         7.0     354336.2000    14.0502   2.134E+02    26     0     70
3d3(4F)4p_5Go[3]          7.0     354427.7000    14.0474   2.134E+02    25     0     71
3d3(2D1)4s_3De[2]         5.0     354591.7000    14.0425   2.135E+02    26     0     72
3d3(2D1)4s_3De[1]         3.0     354782.8000    14.0368   2.136E+02    26     0     73
3d3(4F)4p_5Go[4]          9.0     355504.0000    14.0152   2.139E+02    25     0     74
3d3(4F)4p_3Do[1]          3.0     356746.4000    13.9779   2.145E+02    27     0     75
3d3(4F)4p_5Go[5]         11.0     356833.0000    13.9753   2.145E+02    25     0     76
3d3(4F)4p_5Do[2]          5.0     357272.5000    13.9622   2.147E+02    25     0     77
3d3(4F)4p_5Do[0]          1.0     357990.6000    13.9406   2.150E+02    25     0     78
3d3(4F)4p_5Do[3]          7.0     358022.2000    13.9397   2.151E+02    25     0     79
3d3(4F)4p_5Do[1]          3.0     358366.5000    13.9294   2.152E+02    25     0     80
3d3(4F)4p_5Go[6]         13.0     358461.0000    13.9265   2.153E+02    25     0     81
3d3(2D1)4s_1De[2]         5.0     358810.9000    13.9160   2.154E+02    28     0     82
3d3(4F)4p_5Do[4]          9.0     358915.0000    13.9129   2.155E+02    25     0     83
3d3(4F)4p_5Fo[2]          5.0     359037.0000    13.9093   2.155E+02    29     0     84
3d3(4F)4p_5Fo[3]          7.0     359833.0000    13.8854   2.159E+02    29     0     85
3d3(4F)4p_5Fo[1]          3.0     359902.9000    13.8833   2.159E+02    29     0     86
3d3(4F)4p_3Do[2]          5.0     360458.8000    13.8666   2.162E+02    27     0     87
3d3(4F)4p_5Fo[4]          9.0     360591.2000    13.8627   2.163E+02    29     0     88
3d3(4F)4p_5Fo[5]         11.0     361268.2000    13.8424   2.166E+02    29     0     89
3d3(4F)4p_3Do[3]          7.0     361495.1000    13.8356   2.167E+02    27     0     90
3d3(4F)4p_3Go[3]          7.0     364344.2000    13.7502   2.180E+02    30     0     91
3d3(4F)4p_3Go[4]          9.0     365084.8000    13.7280   2.184E+02    30     0     92
3d3(4F)4p_3Go[5]         11.0     366029.9000    13.6996   2.188E+02    30     0     93
3d3(4F)4p_3Fo[2]          5.0     367554.5000    13.6539   2.196E+02    30     0     94
3d3(4F)4p_3Fo[3]          7.0     368412.2000    13.6282   2.200E+02    30     0     95
3d3(4F)4p_3Fo[4]          9.0     369316.0000    13.6011   2.204E+02    30     0     96
3d3(4P)4p_5Po[1]          3.0     374556.4000    13.4440   2.230E+02    31     0     97
3d3(4P)4p_5Po[2]          5.0     375249.0000    13.4232   2.233E+02    31     0     98
3d3(4P)4p_5Do[0]          1.0     375932.4000    13.4027   2.237E+02    31     0     99
3d3(4P)4p_5Po[3]          7.0     376365.0000    13.3898   2.239E+02    31     0    100
3d3(4P)4p_5Do[1]          3.0     376483.5000    13.3862   2.240E+02    31     0    101
3d3(4P)4p_3Po[2]          5.0     376793.0000    13.3769   2.241E+02    32     0    102
3d3(2G)4p_3Ho[4]          9.0     378002.0000    13.3407   2.247E+02    32     0    103
3d3(4P)4p_3Po[0]          1.0     378219.1000    13.3342   2.248E+02    32     0    104
3d3(4P)4p_5Do[2]          5.0     378714.0000    13.3194   2.251E+02    31     0    105
3d3(4P)4p_3Po[1]          3.0     378740.0000    13.3186   2.251E+02    32     0    106
3d3(4P)4p_5Do[3]          7.0     379090.8000    13.3081   2.253E+02    31     0    107
3d3(2G)4p_3Ho[5]         11.0     379143.0000    13.3065   2.253E+02    32     0    108
3d3(4P)4p_5Do[4]          9.0     380503.4000    13.2657   2.260E+02    31     0    109
3d3(2G)4p_3Go[3]          7.0     380636.5000    13.2617   2.261E+02    32     0    110
3d3(2G)4p_3Ho[6]         13.0     381073.7000    13.2486   2.263E+02    32     0    111
3d3(2G)4p_3Go[4]          9.0     381655.6000    13.2312   2.266E+02    32     0    112
3d3(2P)4p_1So[0]          1.0     381925.4180    13.2231   2.267E+02    33     0    113
3d3(2G)4p_3Go[5]         11.0     382475.5000    13.2066   2.270E+02    32     0    114
3d3(2G)4po[4]             9.0     382556.8000    13.2042   2.270E+02    34     0    115
3d3(2G)4p_3Fo[2]          5.0     382756.1000    13.1982   2.271E+02    32     0    116
3d3(2G)4p_3Fo[3]          7.0     383297.4000    13.1820   2.274E+02    32     0    117
3d3(2P)4p_3Po[1]          3.0     384063.0000    13.1590   2.278E+02    35     0    118
3d3(2P)4p_3Po[0]          1.0     384752.0000    13.1383   2.282E+02    35     0    119
3d3(2G)4p_1Go[4]          9.0     384784.6000    13.1374   2.282E+02    33     0    120
3d3(2P)4po[2]             5.0     385003.3000    13.1308   2.283E+02    34     0    121
3d3(4P)4p_5So[2]          5.0     385386.0000    13.1193   2.285E+02    36     0    122
3d3(2G)4p_1Fo[3]          7.0     385480.0000    13.1165   2.286E+02    33     0    123
3d3(2G)4p_1Ho[5]         11.0     385802.0000    13.1069   2.287E+02    33     0    124
3d3(2P)4p_3Do[1]          3.0     386280.3000    13.0925   2.290E+02    35     0    125
3d3(4P)4po[2]             5.0     386593.8000    13.0831   2.291E+02    34     0    126
3d3(2H)4p_3Ho[4]          9.0     387548.3000    13.0545   2.296E+02    35     0    127
3d3(2H)4p_3Ho[5]         11.0     387564.7000    13.0540   2.297E+02    35     0    128
3d3(2P)4p_3Do[2]          5.0     387952.5000    13.0424   2.299E+02    35     0    129
3d3(2H)4p_3Ho[6]         13.0     388127.8000    13.0371   2.300E+02    35     0    130
3d3(2P)4p_3Do[3]          7.0     388564.7000    13.0240   2.302E+02    35     0    131
3d3(2P)4p_3So[1]          3.0     388791.0530    13.0173   2.303E+02    35     0    132
3d3(2D2)4p_1Po[1]         3.0     389036.0000    13.0099   2.304E+02    33     0    133
3d3(2D2)4p_3Fo[2]         5.0     389224.5000    13.0043   2.305E+02    35     0    134
3d3(4P)4po[3]             7.0     389610.3000    12.9927   2.307E+02    34     0    135
3d3(4P)4p_3Do[2]          5.0     390195.8000    12.9751   2.311E+02    35     0    136
3d3(4P)4p_3Do[1]          3.0     390217.5000    12.9745   2.311E+02    35     0    137
3d3(4P)4p_3Do[3]          7.0     390430.3000    12.9681   2.312E+02    35     0    138
3d3(2H)4p_3Io[5]         11.0     390770.1000    12.9579   2.314E+02    37     0    139
3d3(2D2)4p_3Fo[4]         9.0     391170.3000    12.9459   2.316E+02    35     0    140
3d3(2H)4p_3Io[6]         13.0     391719.4000    12.9295   2.319E+02    37     0    141
3d3(2D2)4p_3Do[1]         3.0     392070.7000    12.9189   2.321E+02    37     0    142
3d3(2H)4p_1Go[4]          9.0     393009.5000    12.8908   2.326E+02    38     0    143
3d3(2H)4p_3Io[7]         15.0     393109.7000    12.8878   2.326E+02    37     0    144
3d3(2D2)4p_3Do[2]         5.0     393127.0000    12.8873   2.326E+02    37     0    145
3d3(2H)4p_1Ho[5]         11.0     393534.6000    12.8750   2.328E+02    38     0    146
3d3(2D2)4p_3Do[3]         7.0     393920.4000    12.8635   2.331E+02    37     0    147
3d3(2D2)4p_3Po[2]         5.0     394159.0000    12.8563   2.332E+02    37     0    148
3d3(2D2)4p_3Po[1]         3.0     394384.3000    12.8496   2.333E+02    37     0    149
3d3(2D2)4p_3Po[0]         1.0     394849.6000    12.8356   2.336E+02    37     0    150
3d3(2D2)4p_1Fo[3]         7.0     395188.5000    12.8255   2.337E+02    38     0    151
3d3(2H)4p_3Go[5]         11.0     396235.4000    12.7941   2.343E+02    37     0    152
3d3(2H)4p_3Go[4]          9.0     396420.2000    12.7885   2.344E+02    37     0    153
3d3(2H)4p_1Io[6]         13.0     396559.0000    12.7844   2.345E+02    38     0    154
3d3(2H)4p_3Go[3]          7.0     396569.8000    12.7841   2.345E+02    37     0    155
3d3(4P)4p_3So[1]          3.0     399451.9000    12.6977   2.361E+02    39     0    156
3d3(2D2)4p_1Do[2]         5.0     400205.3000    12.6751   2.365E+02    38     0    157
3d3(2P)4p_1Po[1]          3.0     401010.3000    12.6509   2.370E+02    40     0    158
3d3(2F)4p_3Fo[2]          5.0     407080.0000    12.4690   2.404E+02    41     0    159
3d3(2F)4p_3Fo[3]          7.0     407195.0000    12.4655   2.405E+02    41     0    160
3d3(2F)4p_3Fo[4]          9.0     407547.7000    12.4549   2.407E+02    41     0    161
3d3(2F)4p_3Go[3]          7.0     411747.1000    12.3291   2.432E+02    41     0    162
3d3(2F)4p_3Go[4]          9.0     412400.0000    12.3095   2.435E+02    41     0    163
3d3(2F)4p_3Do[3]          7.0     412885.0000    12.2949   2.438E+02    41     0    164
3d3(2F)4p_3Go[5]         11.0     413003.8000    12.2914   2.439E+02    41     0    165
3d3(2F)4p_1Do[2]          5.0     413472.2000    12.2773   2.442E+02    42     0    166
3d3(2F)4p_3Do[2]          5.0     414075.6000    12.2592   2.445E+02    41     0    167
3d3(2F)4p_3Do[1]          3.0     414758.0000    12.2388   2.450E+02    41     0    168
3d3(2F)4p_1Go[4]          9.0     417825.9000    12.1468   2.468E+02    42     0    169
3d3(2F)4p_1Fo[3]          7.0     417926.2000    12.1438   2.469E+02    42     0    170
3d3(2D1)4p_3Do[1]         3.0     435466.8000    11.6180   2.580E+02    43     0    171
3d3(2D1)4p_3Do[2]         5.0     435540.0000    11.6158   2.581E+02    43     0    172
3d3(2D1)4p_3Do[3]         7.0     436005.0000    11.6018   2.584E+02    43     0    173
3d3(2D1)4p_1Do[2]         5.0     438159.2000    11.5372   2.598E+02    44     0    174
3d3(2D1)4p_3Fo[3]         7.0     440016.0000    11.4816   2.611E+02    43     0    175
3d3(2D1)4p_3Fo[2]         5.0     440041.7000    11.4808   2.611E+02    43     0    176
3d3(2D1)4p_3Fo[4]         9.0     440943.2000    11.4538   2.617E+02    43     0    177
3d3(2D1)4p_3Po[2]         5.0     443652.0000    11.3726   2.636E+02    45     0    178
3d3(2D1)4p_3Po[1]         3.0     444657.8000    11.3424   2.643E+02    45     0    179
3d3(2D1)4p_3Po[0]         1.0     445191.6000    11.3264   2.647E+02    45     0    180
3d3(2D1)4p_1Fo[3]         7.0     445562.1000    11.3153   2.649E+02    44     0    181
3d3(2D1)4p_1Po[1]         3.0     452883.0000    11.0958   2.702E+02    46     0    182
3d3(4F)4d_5He[3]          7.0     476518.8990    10.3872   2.886E+02    47     0    183
3d3(4F)4d_5He[4]          9.0     477087.0730    10.3702   2.891E+02    47     0    184
3d3(4F)4d_5Pe[1]          3.0     477678.8560    10.3525   2.896E+02    47     0    185
3d3(4F)4d_5He[5]         11.0     477790.3390    10.3491   2.897E+02    47     0    186
3d3(4F)4d_5Fe[1]          3.0     478077.2400    10.3405   2.899E+02    47     0    187
3d3(4F)4d_5Pe[2]          5.0     478323.4480    10.3331   2.901E+02    47     0    188
3d3(4F)4d_5He[6]         13.0     478623.1230    10.3242   2.904E+02    47     0    189
3d3(4F)4d_5Fe[2]          5.0     478626.0470    10.3241   2.904E+02    47     0    190
3d3(4F)4d_5Fe[3]          7.0     479113.6570    10.3095   2.908E+02    47     0    191
3d3(4F)4d_3De[1]          3.0     479187.0330    10.3073   2.909E+02    48     0    192
3d3(4F)4d_5Pe[3]          7.0     479395.0760    10.3010   2.910E+02    47     0    193
3d3(4F)4d_5Ge[2]          5.0     479463.9250    10.2990   2.911E+02    47     0    194
3d3(4F)4d_5He[7]         15.0     479576.3170    10.2956   2.912E+02    47     0    195
3d3(4F)4d_3De[2]          5.0     479687.0150    10.2923   2.913E+02    48     0    196
3d3(4F)4d_5Fe[4]          9.0     479751.7710    10.2903   2.913E+02    47     0    197
3d3(4F)4d_5Ge[3]          7.0     480098.7040    10.2799   2.916E+02    47     0    198
3d3(4F)4d_5Fe[5]         11.0     480555.8220    10.2662   2.920E+02    47     0    199
3d3(4F)4d_3De[3]          7.0     480661.2620    10.2631   2.921E+02    48     0    200
3d3(4F)4d_5Ge[4]          9.0     480773.9180    10.2597   2.922E+02    47     0    201
3d3(4F)4d_5Ge[5]         11.0     481481.0240    10.2385   2.928E+02    47     0    202
3d3(4F)4d_5Ge[6]         13.0     482062.3130    10.2211   2.933E+02    47     0    203
3d3(4F)4d_3Pe[0]          1.0     485658.8130    10.1132   2.964E+02    48     0    204
3d3(4F)4d_3He[4]          9.0     486008.0600    10.1028   2.967E+02    48     0    205
3d3(4F)4d_3Pe[1]          3.0     486250.4380    10.0955   2.970E+02    48     0    206
3d3(4F)4d_3Ge[3]          7.0     486840.2890    10.0778   2.975E+02    49     0    207
3d3(4F)4d_3He[5]         11.0     487004.9480    10.0729   2.976E+02    48     0    208
3d3(4F)4d_3Pe[2]          5.0     487497.1700    10.0581   2.981E+02    48     0    209
3d3(4F)4d_3Ge[4]          9.0     487815.7530    10.0486   2.983E+02    49     0    210
3d3(4F)4d_3He[6]         13.0     488188.8250    10.0374   2.987E+02    48     0    211
3d3(4F)4d_3Fe[2]          5.0     488234.4660    10.0360   2.987E+02    49     0    212
3d3(4F)4d_3Fe[3]          7.0     488887.2280    10.0164   2.993E+02    49     0    213
3d3(4F)4d_3Ge[5]         11.0     488977.1390    10.0138   2.994E+02    49     0    214
3d3(4F)4d_3Fe[4]          9.0     489650.0430     9.9936   3.000E+02    49     0    215
3d3(4F)4d_5De[0]          1.0     491025.0430     9.9524   3.012E+02    50     0    216
3d3(4F)4d_5De[1]          3.0     491182.2310     9.9476   3.014E+02    50     0    217
3d3(4F)4d_5De[2]          5.0     491495.0110     9.9383   3.017E+02    50     0    218
3d3(4F)4d_5De[3]          7.0     491953.9190     9.9245   3.021E+02    50     0    219
3d3(4F)4d_5De[4]          9.0     492551.1580     9.9066   3.026E+02    50     0    220
3d3(4P)4d_5Fe[1]          3.0     500435.4250     9.6702   3.100E+02    51     0    221
3d3(4P)4d_5Fe[2]          5.0     500588.4490     9.6657   3.102E+02    51     0    222
3d3(4P)4d_5Fe[3]          7.0     500825.1780     9.6586   3.104E+02    51     0    223
3d3(4P)4d_3De[1]          3.0     501166.2710     9.6483   3.107E+02    52     0    224
3d3(2G)4d_1Fe[3]          7.0     501306.7610     9.6441   3.109E+02    53     0    225
3d3(4P)4d_5Fe[4]          9.0     501365.5390     9.6424   3.109E+02    51     0    226
3d3(4P)4d_3De[2]          5.0     501521.5370     9.6377   3.111E+02    52     0    227
3d3(2G)4d_3Ie[5]         11.0     501650.8360     9.6338   3.112E+02    52     0    228
3d3(4P)4d_3De[3]          7.0     501680.6950     9.6329   3.112E+02    52     0    229
3d3(4P)4d_5Fe[5]         11.0     501964.9430     9.6244   3.115E+02    51     0    230
3d3(2G)4d_3Ie[6]         13.0     502385.2270     9.6118   3.119E+02    52     0    231
3d3(2G)4d_1He[5]         11.0     502718.5600     9.6018   3.122E+02    53     0    232
3d3(2G)4d_3Ge[4]          9.0     502860.7460     9.5975   3.124E+02    52     0    233
3d3(2G)4d_3Ge[3]          7.0     503149.6260     9.5889   3.126E+02    52     0    234
3d3(2G)4d_3Ie[7]         15.0     503230.0510     9.5865   3.127E+02    52     0    235
3d3(2G)4d_3Ge[5]         11.0     503309.4190     9.5841   3.128E+02    52     0    236
3d3(2G)4d_3He[4]          9.0     503737.5820     9.5712   3.132E+02    52     0    237
3d3(4P)4d_5Pe[3]          7.0     503870.3340     9.5673   3.134E+02    51     0    238
3d3(4P)4d_5Pe[2]          5.0     503991.5410     9.5636   3.135E+02    51     0    239
3d3(4P)4d_5Pe[1]          3.0     504179.9080     9.5580   3.137E+02    51     0    240
3d3(2G)4d_3He[5]         11.0     504395.8090     9.5515   3.139E+02    52     0    241
3d3(2G)4d_3He[6]         13.0     505009.5740     9.5331   3.145E+02    52     0    242
3d3(2P)4d_3Fe[2]          5.0     505622.4910     9.5147   3.151E+02    52     0    243
3d3(2P)4d_1Pe[1]          3.0     505624.5520     9.5147   3.151E+02    53     0    244
3d3(2G)4d_1De[2]          5.0     506215.0040     9.4970   3.157E+02    53     0    245
3d3(2P)4d_3Fe[3]          7.0     506284.3530     9.4949   3.157E+02    52     0    246
3d3(2G)4d_3De[3]          7.0     506648.0400     9.4840   3.161E+02    52     0    247
3d3(2G)4d_3De[2]          5.0     506887.9160     9.4768   3.163E+02    52     0    248
3d3(2P)4d_3Fe[4]          9.0     507000.3580     9.4734   3.165E+02    52     0    249
3d3(2G)4d_3De[1]          3.0     507076.9450     9.4711   3.165E+02    52     0    250
3d3(2P)4d_3De[1]          3.0     507638.9400     9.4543   3.171E+02    52     0    251
3d3(2G)4d_1Ie[6]         13.0     508043.5380     9.4422   3.175E+02    53     0    252
3d3(4P)4d_3Fe[3]          7.0     508250.3260     9.4360   3.177E+02    52     0    253
3d3(4P)4d_3Fe[4]          9.0     508275.3380     9.4352   3.177E+02    52     0    254
3d3(2P)4d_3De[2]          5.0     508311.4970     9.4341   3.178E+02    52     0    255
3d3(2D)4d_3Se[1]          3.0     508670.9930     9.4233   3.181E+02    52     0    256
3d3(4P)4d_3Fe[2]          5.0     508943.7440     9.4152   3.184E+02    52     0    257
3d3(2P)4d_1Fe[3]          7.0     509121.9990     9.4098   3.186E+02    53     0    258
3d3(2H)4d_3Ie[5]         11.0     509123.6710     9.4098   3.186E+02    52     0    259
3d3(2H)4d_3Ie[6]         13.0     509458.2570     9.3997   3.189E+02    52     0    260
3d3(2H)4d_3Ie[7]         15.0     509681.6900     9.3930   3.192E+02    52     0    261
3d3(4P)4d_3Pe[1]          3.0     509815.3680     9.3890   3.193E+02    52     0    262
3d3(2H)4d_1He[5]         11.0     509939.5850     9.3853   3.194E+02    53     0    263
3d3(2G)4d_1Ge[4]          9.0     509950.1290     9.3850   3.194E+02    53     0    264
3d3(4P)4d_3Pe[0]          1.0     510030.1270     9.3826   3.195E+02    52     0    265
3d3(2P)4d_3De[3]          7.0     510161.9850     9.3786   3.197E+02    52     0    266
3d3(4P)4d_3Pe[2]          5.0     510196.0010     9.3776   3.197E+02    52     0    267
3d3(4P)4d_5De[0]          1.0     510915.8420     9.3560   3.204E+02    54     0    268
3d3(4P)4d_5De[1]          3.0     510936.8440     9.3554   3.204E+02    54     0    269
3d3(4P)4d_5De[2]          5.0     511217.4060     9.3470   3.207E+02    54     0    270
3d3(4P)4d_5De[3]          7.0     511563.8980     9.3366   3.211E+02    54     0    271
3d3(2D)4d_3Ge[4]          9.0     511637.6840     9.3344   3.212E+02    55     0    272
3d3(2D)4d_3Ge[3]          7.0     511659.3710     9.3338   3.212E+02    55     0    273
3d3(4P)4d_5De[4]          9.0     511962.1500     9.3247   3.215E+02    54     0    274
3d3(2D)4d_3Ge[5]         11.0     512003.0650     9.3235   3.215E+02    55     0    275
3d3(2D)4d_1Pe[1]          3.0     512617.2650     9.3050   3.222E+02    56     0    276
3d3(2D)4d_3Fe[2]          5.0     512740.1410     9.3014   3.223E+02    55     0    277
3d3(2H)4d_3Ke[6]         13.0     513026.5440     9.2928   3.226E+02    55     0    278
3d3(2D)4d_3Fe[3]          7.0     513381.3460     9.2821   3.230E+02    55     0    279
3d3(2H)4d_3Ke[7]         15.0     513397.1610     9.2817   3.230E+02    55     0    280
3d3(4P)4d_3Pbe[2]         5.0     513813.5420     9.2692   3.234E+02    55     0    281
3d3(2H)4d_3Ke[8]         17.0     513934.8700     9.2655   3.236E+02    55     0    282
3d3(2D)4d_3Fe[4]          9.0     514201.5420     9.2575   3.238E+02    55     0    283
3d3(2P)4d_3Pe[1]          3.0     515228.9050     9.2267   3.249E+02    55     0    284
3d3(2D)4d_1De[2]          5.0     515378.6860     9.2223   3.251E+02    56     0    285
3d3(2H)4d_1Ge[4]          9.0     515710.3490     9.2123   3.254E+02    56     0    286
3d3(2H)4d_1Fe[3]          7.0     515784.0140     9.2101   3.255E+02    56     0    287
3d3(2P)4d_3Pe[0]          1.0     515790.1170     9.2099   3.255E+02    55     0    288
3d3(2H)4d_1Ke[7]         15.0     515816.7200     9.2091   3.255E+02    56     0    289
3d3(2H)4d_3Ge[3]          7.0     521178.0960     9.0484   3.313E+02    57     0    290
3d3(2H)4d_3Ge[4]          9.0     521691.2960     9.0330   3.319E+02    57     0    291
3d3(2H)4d_3Fe[2]          5.0     522024.7190     9.0230   3.323E+02    57     0    292
3d3(2H)4d_3Fe[3]          7.0     522302.6570     9.0147   3.326E+02    57     0    293
3d3(2H)4d_3Ge[5]         11.0     522507.3270     9.0085   3.328E+02    57     0    294
3d3(2H)4d_3Fe[4]          9.0     522695.1240     9.0029   3.330E+02    57     0    295
3d3(2G)4d_3Fe[2]          5.0     524966.5340     8.9348   3.355E+02    57     0    296
3d3(2G)4d_3Fe[3]          7.0     525330.4750     8.9239   3.359E+02    57     0    297
3d3(2F)4d_3De[3]          7.0     525465.0240     8.9199   3.361E+02    57     0    298
3d3(2G)4d_3Fe[4]          9.0     525561.7970     8.9170   3.362E+02    57     0    299
3d3(2H)4d_3He[4]          9.0     526058.7240     8.9021   3.368E+02    57     0    300
3d3(2F)4d_3De[2]          5.0     526117.1720     8.9003   3.368E+02    57     0    301
3d3(2H)4d_3He[5]         11.0     526374.8050     8.8926   3.371E+02    57     0    302
3d3(2F)4d_3De[1]          3.0     526450.2820     8.8903   3.372E+02    57     0    303
3d3(2H)4d_3He[6]         13.0     526583.9010     8.8863   3.374E+02    57     0    304
3d3(2D)4d_3Pe[0]          1.0     526630.7120     8.8849   3.374E+02    57     0    305
3d3(2F)4d_1Fe[3]          7.0     526784.1010     8.8803   3.376E+02    58     0    306
3d3(2D)4d_3Pe[1]          3.0     527747.3220     8.8515   3.387E+02    57     0    307
3d3(2D)4d_3Pe[2]          5.0     529171.4100     8.8088   3.403E+02    57     0    308
3d3(2P)4d_1De[2]          5.0     530584.8300     8.7664   3.420E+02    58     0    309
3d3(2F)4d_1Pe[1]          3.0     533037.5350     8.6929   3.449E+02    58     0    310
3d3(2F)4d_1He[5]         11.0     533827.0360     8.6692   3.458E+02    58     0    311
3d3(2G)4d_1Gbe[4]         9.0     533935.3590     8.6659   3.459E+02    58     0    312
3d3(2F)4d_3He[6]         13.0     535260.2900     8.6262   3.475E+02    59     0    313
3d3(2F)4d_3He[5]         11.0     535569.3150     8.6170   3.479E+02    59     0    314
3d3(2F)4d_3He[4]          9.0     535667.0840     8.6140   3.480E+02    59     0    315
3d3(2H)4d_1Ie[6]         13.0     536266.6170     8.5961   3.488E+02    58     0    316
3d3(2F)4d_3Ge[3]          7.0     537865.6420     8.5481   3.507E+02    59     0    317
3d3(2F)4d_3Ge[4]          9.0     537954.7930     8.5454   3.508E+02    59     0    318
3d3(2F)4d_3Ge[5]         11.0     538076.2840     8.5418   3.510E+02    59     0    319
3d3(2F)4d_3Dbe[1]         3.0     538428.2960     8.5312   3.514E+02    59     0    320
3d3(2F)4d_3Dbe[2]         5.0     538438.8770     8.5309   3.514E+02    59     0    321
3d3(2F)4d_3Dbe[3]         7.0     538521.0770     8.5285   3.515E+02    59     0    322
3d3(2D)4d_1Se[0]          1.0     539051.2520     8.5126   3.522E+02    60     0    323
3d3(4F)5s_5Fe[1]          3.0     539175.8340     8.5088   3.523E+02    61     0    324
3d3(4F)5s_5Fe[2]          5.0     539544.6430     8.4978   3.528E+02    61     0    325
3d3(2F)4d_3Fe[2]          5.0     539606.3070     8.4959   3.529E+02    59     0    326
3d3(2F)4d_3Fe[3]          7.0     539795.7280     8.4903   3.531E+02    59     0    327
3d3(2F)4d_3Fe[4]          9.0     539968.9370     8.4851   3.533E+02    59     0    328
3d3(4F)5s_5Fe[3]          7.0     540187.4890     8.4785   3.536E+02    61     0    329
3d3(4F)5s_5Fe[4]          9.0     541028.2690     8.4533   3.546E+02    61     0    330
3d3(4F)5s_5Fe[5]         11.0     542067.0610     8.4222   3.560E+02    61     0    331
3d3(4F)5s_3Fe[2]          5.0     542174.4960     8.4189   3.561E+02    59     0    332
3d3(4F)5s_3Fe[3]          7.0     543257.1140     8.3865   3.575E+02    59     0    333
3d3(4F)5s_3Fe[4]          9.0     544560.6770     8.3474   3.591E+02    59     0    334
3d3(2F)4d_1Fbe[3]         7.0     544837.2700     8.3391   3.595E+02    60     0    335
3d3(2F)4d_1De[2]          5.0     548837.9410     8.2192   3.647E+02    60     0    336
3d3(2F)4d_3Pe[2]          5.0     550356.2430     8.1737   3.668E+02    62     0    337
3d3(2F)4d_3Pe[1]          3.0     550505.4020     8.1692   3.670E+02    62     0    338
3d3(2F)4d_3Pe[0]          1.0     550581.1060     8.1669   3.671E+02    62     0    339
3d3(2F)4d_1Ge[4]          9.0     552551.3540     8.1078   3.698E+02    63     0    340
3d3(2D)4d_3De[3]          7.0     560059.9600     7.8827   3.803E+02    62     0    341
3d3(2D)4d_3De[2]          5.0     560079.7760     7.8822   3.803E+02    62     0    342
3d3(2D)4d_3De[1]          3.0     560083.1170     7.8820   3.803E+02    62     0    343
3d3(2D)4d_1Fe[3]          7.0     560546.3720     7.8682   3.810E+02    63     0    344
3d3(4P)5s_5Pe[1]          3.0     560680.4960     7.8641   3.812E+02    64     0    345
3d3(4P)5s_5Pe[2]          5.0     560919.3090     7.8570   3.816E+02    64     0    346
3d3(4P)5s_5Pe[3]          7.0     561822.3340     7.8299   3.829E+02    64     0    347
3d3(2D)4d_3Gbe[5]        11.0     561871.8010     7.8284   3.830E+02    65     0    348
3d3(2D)4d_3Gbe[4]         9.0     562000.1150     7.8246   3.831E+02    65     0    349
3d3(2D)4d_3Gbe[3]         7.0     562065.4920     7.8226   3.832E+02    65     0    350
3d3(4P)5s_3Pe[0]          1.0     563063.0030     7.7927   3.847E+02    65     0    351
3d3(4P)5s_3Pe[1]          3.0     563195.9890     7.7887   3.849E+02    65     0    352
3d3(2G)5s_3Ge[3]          7.0     563830.9000     7.7697   3.858E+02    65     0    353
3d3(2D)4d_1Pbe[1]         3.0     563911.7610     7.7673   3.860E+02    66     0    354
3d3(2G)5s_3Ge[4]          9.0     563969.4890     7.7655   3.861E+02    65     0    355
3d3(4P)5s_3Pe[2]          5.0     564141.7960     7.7604   3.863E+02    65     0    356
3d3(2D)4d_3Sbe[1]         3.0     564180.7230     7.7592   3.864E+02    65     0    357
3d3(2G)5s_3Ge[5]         11.0     564660.7500     7.7448   3.871E+02    65     0    358
3d3(2G)5s_1Ge[4]          9.0     565123.2450     7.7310   3.878E+02    66     0    359
3d3(2P)5s_3Pe[0]          1.0     568333.9370     7.6347   3.927E+02    65     0    360
3d3(2P)5s_3Pe[1]          3.0     568356.2370     7.6340   3.927E+02    65     0    361
3d3(2D)4d_3Fbe[4]         9.0     568488.7430     7.6301   3.929E+02    65     0    362
3d3(2P)5s_3Pe[2]          5.0     568523.6600     7.6290   3.930E+02    65     0    363
3d3(2D)4d_3Fbe[3]         7.0     568702.9500     7.6236   3.932E+02    65     0    364
3d3(2D)4d_3Fbe[2]         5.0     568784.2820     7.6212   3.934E+02    65     0    365
3d3(2P)5s_1Pe[1]          3.0     570034.2790     7.5837   3.953E+02    66     0    366
3d3(2D)4d_3Pbe[2]         5.0     570363.3730     7.5739   3.958E+02    65     0    367
3d3(2D)4d_3Pbe[1]         3.0     570778.7810     7.5614   3.965E+02    65     0    368
3d3(2D)4d_3Pbe[0]         1.0     571060.2780     7.5530   3.969E+02    65     0    369
3d3(2D)4d_1Ge[4]          9.0     571622.4490     7.5361   3.978E+02    66     0    370
3d3(2H)5s_3He[4]          9.0     572282.0690     7.5163   3.989E+02    65     0    371
3d3(4F)4f_5Io[4]          9.0     572354.0160     7.5142   3.990E+02    67     0    372
3d3(2H)5s_3He[5]         11.0     572381.5060     7.5134   3.990E+02    65     0    373
3d3(2D)5s_3De[2]          5.0     572821.2060     7.5002   3.997E+02    65     0    374
3d3(2H)5s_3He[6]         13.0     572824.9860     7.5001   3.997E+02    65     0    375
3d3(4F)4f_5Io[5]         11.0     572835.7640     7.4997   3.997E+02    67     0    376
3d3(2D)5s_3De[3]          7.0     572937.1200     7.4967   3.999E+02    65     0    377
3d3(2D)5s_3De[1]          3.0     573046.4310     7.4934   4.001E+02    65     0    378
3d3(4F)4f_5So[2]          5.0     573452.0610     7.4813   4.007E+02    67     0    379
3d3(4F)4f_5Io[6]         13.0     573454.4200     7.4812   4.007E+02    67     0    380
3d3(4F)4f_5Ho[3]          7.0     573582.4000     7.4774   4.009E+02    67     0    381
3d3(4F)5p_5Go[2]          5.0     573700.1220     7.4738   4.011E+02    67     0    382
3d3(2H)5s_1He[5]         11.0     573880.3380     7.4684   4.014E+02    66     0    383
3d3(4F)4f_5Ho[4]          9.0     573910.0890     7.4675   4.015E+02    67     0    384
3d3(2D)5s_1De[2]          5.0     574007.6380     7.4646   4.016E+02    66     0    385
3d3(4F)4f_5Go[2]          5.0     574131.7100     7.4609   4.018E+02    67     0    386
3d3(4F)4f_5Io[7]         15.0     574220.1970     7.4582   4.020E+02    67     0    387
3d3(4F)5p_5Go[3]          7.0     574357.2240     7.4541   4.022E+02    67     0    388
3d3(4F)4f_5Ho[5]         11.0     574418.4920     7.4523   4.023E+02    67     0    389
3d3(4F)4f_5Go[3]          7.0     574662.2420     7.4450   4.027E+02    67     0    390
3d3(4F)5p_5Fo[1]          3.0     574895.6290     7.4380   4.031E+02    67     0    391
3d3(4F)4f_5Go[4]          9.0     575028.1520     7.4340   4.033E+02    67     0    392
3d3(4F)4f_5Io[8]         17.0     575126.3540     7.4311   4.034E+02    67     0    393
3d3(4F)4f_5Ho[6]         13.0     575147.4670     7.4304   4.035E+02    67     0    394
3d3(4F)4f_3Do[2]          5.0     575156.0090     7.4302   4.035E+02    68     0    395
3d3(4F)4f_3Do[1]          3.0     575274.0260     7.4266   4.037E+02    68     0    396
3d3(4F)5p_5Go[4]          9.0     575397.0990     7.4229   4.039E+02    67     0    397
3d3(4F)5p_5Do[0]          1.0     575469.1360     7.4208   4.040E+02    67     0    398
3d3(4F)4f_3Do[3]          7.0     575489.2680     7.4202   4.040E+02    68     0    399
3d3(4F)5p_5Do[1]          3.0     575606.5740     7.4167   4.042E+02    67     0    400
3d3(4F)5p_5Fo[2]          5.0     575607.5060     7.4166   4.042E+02    67     0    401
3d3(4F)4f_5Go[5]         11.0     575677.0680     7.4146   4.043E+02    67     0    402
3d3(4F)4f_5Po[1]          3.0     575697.5780     7.4139   4.044E+02    67     0    403
3d3(4F)5p_5Fbo[2]         5.0     575902.7310     7.4078   4.047E+02    67     0    404
3d3(4F)4f_5Po[2]          5.0     576089.1030     7.4022   4.050E+02    67     0    405
3d3(4F)4f_5Ho[7]         15.0     576181.0170     7.3994   4.052E+02    67     0    406
3d3(4F)4f_5Po[3]          7.0     576241.5020     7.3976   4.053E+02    67     0    407
3d3(4F)4f_5Go[6]         13.0     576355.3400     7.3942   4.054E+02    67     0    408
3d3(4F)5p_5Go[5]         11.0     576388.9450     7.3932   4.055E+02    67     0    409
3d3(4F)5p_5Do[3]          7.0     576452.8590     7.3913   4.056E+02    67     0    410
3d3(4F)5p_5Fo[3]          7.0     576468.7340     7.3908   4.056E+02    67     0    411
3d3(4F)4f_3Fo[2]          5.0     576539.2490     7.3887   4.057E+02    68     0    412
3d3(4F)4f_3Io[5]         11.0     576631.9960     7.3859   4.059E+02    68     0    413
3d3(4F)4f_3Po[0]          1.0     576722.2380     7.3832   4.060E+02    68     0    414
3d3(4F)4f_5Fo[1]          3.0     576752.9220     7.3823   4.061E+02    67     0    415
3d3(4F)5p_3Do[1]          3.0     576798.4940     7.3809   4.062E+02    68     0    416
3d3(4F)4f_3Fo[4]          9.0     576938.3490     7.3767   4.064E+02    68     0    417
3d3(4F)4f_5Fo[3]          7.0     576940.3420     7.3767   4.064E+02    67     0    418
3d3(4F)4f_3Po[1]          3.0     577047.3610     7.3735   4.066E+02    68     0    419
3d3(4F)4f_5Fo[2]          5.0     577120.9970     7.3713   4.067E+02    67     0    420
3d3(4F)5p_5Fo[4]          9.0     577277.5860     7.3666   4.070E+02    67     0    421
3d3(4F)4f_3Ho[4]          9.0     577398.6230     7.3629   4.072E+02    68     0    422
3d3(4F)5p_5Do[4]          9.0     577545.1510     7.3586   4.074E+02    67     0    423
3d3(4F)5p_5Go[6]         13.0     577546.6070     7.3585   4.074E+02    67     0    424
3d3(4F)5p_3Do[2]          5.0     577564.6140     7.3580   4.074E+02    68     0    425
3d3(4F)5p_3Go[3]          7.0     577565.1330     7.3580   4.074E+02    68     0    426
3d3(4F)4f_5Do[0]          1.0     577730.7720     7.3530   4.077E+02    67     0    427
3d3(4F)4f_3Io[6]         13.0     577736.1340     7.3528   4.077E+02    68     0    428
3d3(4F)5p_3Gbo[3]         7.0     577796.1520     7.3510   4.078E+02    68     0    429
3d3(4F)4f_3Fbo[4]         9.0     577807.2570     7.3507   4.078E+02    68     0    430
3d3(4F)4f_3Po[2]          5.0     577951.9700     7.3464   4.081E+02    68     0    431
3d3(4F)4f_5Do[1]          3.0     578025.1780     7.3442   4.082E+02    67     0    432
3d3(4F)5p_5Fo[5]         11.0     578113.2020     7.3415   4.084E+02    67     0    433
3d3(4F)4f_3Ho[5]         11.0     578416.7460     7.3324   4.089E+02    68     0    434
3d3(4F)4f_5Fo[5]         11.0     578421.4040     7.3323   4.089E+02    67     0    435
3d3(4F)4f_5Do[2]          5.0     578566.4960     7.3279   4.091E+02    67     0    436
3d3(4F)5p_3Go[4]          9.0     578674.4530     7.3247   4.093E+02    68     0    437
3d3(4F)4f_5Do[3]          7.0     578876.1070     7.3187   4.096E+02    67     0    438
3d3(4F)5p_3Do[3]          7.0     578909.5370     7.3176   4.097E+02    68     0    439
3d3(4F)4f_3Io[7]         15.0     579012.5290     7.3146   4.099E+02    68     0    440
3d3(4F)4f_5Do[4]          9.0     579048.3650     7.3135   4.099E+02    67     0    441
3d3(4F)5p_3Fo[2]          5.0     579079.2060     7.3126   4.100E+02    68     0    442
3d3(4F)4f_3Go[3]          7.0     579314.3940     7.3055   4.104E+02    68     0    443
3d3(4F)4f_3So[1]          3.0     579546.5110     7.2986   4.108E+02    68     0    444
3d3(4F)4f_3Ho[6]         13.0     579595.0470     7.2971   4.108E+02    68     0    445
3d3(4F)5p_3Go[5]         11.0     579854.7630     7.2893   4.113E+02    68     0    446
3d3(4F)4f_3Go[4]          9.0     580067.3120     7.2829   4.116E+02    68     0    447
3d3(4F)5p_3Fo[3]          7.0     580138.0890     7.2808   4.118E+02    68     0    448
3d3(4F)4f_3Go[5]         11.0     580770.6380     7.2619   4.128E+02    68     0    449
3d3(4F)5p_3Fo[4]          9.0     581032.0680     7.2540   4.133E+02    68     0    450
3d3(2D)4d_1Dbe[2]         5.0     582451.6210     7.2115   4.157E+02    69     0    451
3d3(2F)5s_3Fe[4]          9.0     591913.6970     6.9278   4.327E+02    70     0    452
3d3(2F)5s_3Fe[3]          7.0     592110.3120     6.9219   4.331E+02    70     0    453
3d3(2F)5s_3Fe[2]          5.0     592318.2590     6.9157   4.335E+02    70     0    454
3d3(2F)5s_1Fe[3]          7.0     593356.3910     6.8845   4.355E+02    69     0    455
3d3(4P)4f_5Fo[1]          3.0     594084.2910     6.8627   4.368E+02    71     0    456
3d3(4P)4f_5Fo[2]          5.0     594090.7350     6.8625   4.369E+02    71     0    457
3d3(4P)4f_5Fo[3]          7.0     594111.9840     6.8619   4.369E+02    71     0    458
3d3(4P)4f_5Fo[4]          9.0     594153.3540     6.8606   4.370E+02    71     0    459
3d3(4P)4f_5Fo[5]         11.0     594244.6120     6.8579   4.371E+02    71     0    460
3d3(4P)4f_3Fo[2]          5.0     594245.1230     6.8579   4.371E+02    72     0    461
3d3(4P)5p_5Po[1]          3.0     594382.1670     6.8538   4.374E+02    71     0    462
3d3(4P)4f_3Fo[3]          7.0     594448.4200     6.8518   4.375E+02    72     0    463
3d3(4P)4f_3Fo[4]          9.0     594588.1290     6.8476   4.378E+02    72     0    464
3d3(4P)5p_5Do[0]          1.0     594614.5220     6.8468   4.379E+02    71     0    465
3d3(4P)4f_5Go[2]          5.0     594641.9700     6.8460   4.379E+02    71     0    466
3d3(4P)5p_5Do[1]          3.0     594781.1360     6.8418   4.382E+02    71     0    467
3d3(2G)4f_3Ko[6]         13.0     594887.6970     6.8386   4.384E+02    72     0    468
3d3(4P)5p_5Po[2]          5.0     594945.1040     6.8369   4.385E+02    71     0    469
3d3(4P)4f_3Fbo[3]         7.0     594952.9500     6.8367   4.385E+02    72     0    470
3d3(4P)5p_5Do[2]          5.0     595080.1850     6.8329   4.388E+02    71     0    471
3d3(4P)4f_5Go[4]          9.0     595129.9210     6.8314   4.388E+02    71     0    472
3d3(4P)4f_5Go[5]         11.0     595301.3520     6.8262   4.392E+02    71     0    473
3d3(2G)4f_1Io[6]         13.0     595305.6600     6.8261   4.392E+02    73     0    474
3d3(2G)4f_3Ko[7]         15.0     595389.3970     6.8236   4.393E+02    72     0    475
3d3(2G)4f_3Io[5]         11.0     595411.1400     6.8229   4.394E+02    72     0    476
3d3(4P)5p_5Po[3]          7.0     595486.3110     6.8207   4.395E+02    71     0    477
3d3(4P)4f_5Go[6]         13.0     595531.2860     6.8193   4.396E+02    71     0    478
3d3(2G)4f_3Ho[4]          9.0     595646.4600     6.8159   4.398E+02    72     0    479
3d3(4P)5p_5Do[3]          7.0     595831.6820     6.8103   4.402E+02    71     0    480
3d3(4P)5p_3Po[0]          1.0     595961.6760     6.8064   4.405E+02    72     0    481
3d3(2G)4f_3Ho[5]         11.0     595961.9430     6.8064   4.405E+02    72     0    482
3d3(2G)5p_3Ho[4]          9.0     596037.0170     6.8042   4.406E+02    72     0    483
3d3(2G)4f_3Ko[8]         17.0     596047.9300     6.8039   4.406E+02    72     0    484
3d3(2G)4f_3Io[6]         13.0     596054.3390     6.8037   4.406E+02    72     0    485
3d3(4P)4f_5Do[4]          9.0     596102.4820     6.8022   4.407E+02    71     0    486
3d3(2G)4f_3Go[3]          7.0     596209.7610     6.7990   4.409E+02    72     0    487
3d3(4P)5p_3Po[2]          5.0     596218.3390     6.7987   4.410E+02    72     0    488
3d3(4P)5p_3Po[1]          3.0     596289.2630     6.7966   4.411E+02    72     0    489
3d3(2G)4f_3Io[7]         15.0     596502.4030     6.7902   4.415E+02    72     0    490
3d3(2G)4f_3Ho[6]         13.0     596550.3030     6.7888   4.416E+02    72     0    491
3d3(2G)5p_3Go[3]          7.0     596687.5840     6.7847   4.419E+02    72     0    492
3d3(2G)4f_3Go[4]          9.0     596692.1690     6.7845   4.419E+02    72     0    493
3d3(2G)5p_3Ho[5]         11.0     596791.2890     6.7816   4.421E+02    72     0    494
3d3(4P)4f_5Do[3]          7.0     596808.6590     6.7810   4.421E+02    71     0    495
3d3(4P)4f_5Do[2]          5.0     596912.7610     6.7779   4.423E+02    71     0    496
3d3(2G)4f_3Go[5]         11.0     596984.0560     6.7758   4.424E+02    72     0    497
3d3(4P)4f_5Do[1]          3.0     597029.5890     6.7744   4.425E+02    71     0    498
3d3(4P)4f_5Do[0]          1.0     597084.7970     6.7728   4.426E+02    71     0    499
3d3(2G)4f_1Fo[3]          7.0     597089.7700     6.7726   4.427E+02    73     0    500
3d3(2G)4f_1Do[2]          5.0     597157.6980     6.7706   4.428E+02    73     0    501
3d3(4P)5p_5Do[4]          9.0     597265.9550     6.7673   4.430E+02    71     0    502
3d3(2G)5p_3Go[4]          9.0     597359.0660     6.7645   4.432E+02    72     0    503
3d3(2G)4f_3Po[1]          3.0     597758.3960     6.7526   4.440E+02    72     0    504
3d3(2G)5p_1Go[4]          9.0     597760.6340     6.7525   4.440E+02    73     0    505
3d3(2G)4f_3Po[0]          1.0     597787.0810     6.7517   4.440E+02    72     0    506
3d3(2G)5p_3Go[5]         11.0     597822.0730     6.7507   4.441E+02    72     0    507
3d3(4P)4f_3Go[3]          7.0     597867.2520     6.7493   4.442E+02    72     0    508
3d3(2G)4f_3Do[2]          5.0     597922.1180     6.7477   4.443E+02    72     0    509
3d3(2D)4d_1Sbe[0]         1.0     598006.2570     6.7451   4.445E+02    74     0    510
3d3(4P)4f_3Go[4]          9.0     598056.5270     6.7436   4.446E+02    72     0    511
3d3(2G)5p_3Fo[3]          7.0     598064.3520     6.7434   4.446E+02    72     0    512
3d3(2G)5p_3Ho[6]         13.0     598075.3960     6.7431   4.446E+02    72     0    513
3d3(2G)4f_3Pbo[1]         3.0     598153.6750     6.7407   4.447E+02    72     0    514
3d3(2G)5p_3Fo[2]          5.0     598179.5240     6.7399   4.448E+02    72     0    515
3d3(2G)4f_3Do[3]          7.0     598303.0670     6.7362   4.450E+02    72     0    516
3d3(2G)4f_1Ho[5]         11.0     598340.2500     6.7351   4.451E+02    73     0    517
3d3(4P)5p_3Do[2]          5.0     598349.2900     6.7349   4.451E+02    72     0    518
3d3(2G)4f_3Fo[2]          5.0     598527.5650     6.7295   4.455E+02    72     0    519
3d3(2G)4f_1Ko[7]         15.0     598541.8030     6.7291   4.455E+02    73     0    520
3d3(4P)5p_3Do[1]          3.0     598646.9770     6.7259   4.457E+02    72     0    521
3d3(4P)5p_5So[2]          5.0     598716.6900     6.7238   4.459E+02    71     0    522
3d3(2G)4f_3Fo[3]          7.0     598749.6270     6.7229   4.459E+02    72     0    523
3d3(2G)4f_1Go[4]          9.0     598769.2420     6.7223   4.460E+02    73     0    524
3d3(2G)5p_3Fo[4]          9.0     598950.0890     6.7168   4.463E+02    72     0    525
3d3(2G)4f_3Fo[4]          9.0     599033.0140     6.7144   4.465E+02    72     0    526
3d3(4P)5p_3Dbo[2]         5.0     599037.7700     6.7142   4.465E+02    72     0    527
3d3(2G)5p_1Ho[5]         11.0     599105.3670     6.7122   4.466E+02    73     0    528
3d3(4P)4f_3Go[5]         11.0     599288.4240     6.7067   4.470E+02    72     0    529
3d3(4P)5p_3Do[3]          7.0     599289.3590     6.7067   4.470E+02    72     0    530
3d3(2G)5p_1Fo[3]          7.0     599707.3330     6.6941   4.478E+02    73     0    531
3d3(4P)4f_3Do[2]          5.0     600047.7520     6.6839   4.485E+02    72     0    532
3d3(4P)4f_3Do[1]          3.0     600142.4740     6.6811   4.487E+02    72     0    533
3d3(4P)5p_3Dbo[3]         7.0     600302.0750     6.6763   4.490E+02    72     0    534
3d3(2G)4f_1Po[1]          3.0     600704.1900     6.6643   4.499E+02    73     0    535
3d3(2P)4f_3Fo[2]          5.0     601228.0400     6.6486   4.509E+02    72     0    536
3d3(2H)4f_3Ko[6]         13.0     601456.2900     6.6417   4.514E+02    72     0    537
3d3(2H)4f_3Ko[7]         15.0     601580.3130     6.6380   4.516E+02    72     0    538
3d3(2P)4f_1Go[4]          9.0     601601.3640     6.6374   4.517E+02    73     0    539
3d3(2H)4f_3Ko[8]         17.0     601790.6340     6.6317   4.521E+02    72     0    540
3d3(2P)5p_1So[0]          1.0     601874.5030     6.6292   4.522E+02    73     0    541
3d3(2P)4f_1Do[2]          5.0     601939.1710     6.6272   4.524E+02    73     0    542
3d3(2P)5p_3Po[1]          3.0     601996.6660     6.6255   4.525E+02    72     0    543
3d3(2P)4f_3Fo[3]          7.0     602060.4980     6.6236   4.526E+02    72     0    544
3d3(2P)5p_3Po[0]          1.0     602409.3990     6.6131   4.533E+02    72     0    545
3d3(2H)4f_1Ho[5]         11.0     602426.1780     6.6126   4.534E+02    73     0    546
3d3(4P)5p_3So[1]          3.0     602593.3200     6.6076   4.537E+02    72     0    547
3d3(2P)5p_3Do[2]          5.0     602594.9760     6.6076   4.537E+02    72     0    548
3d3(2P)4f_3Go[5]         11.0     602669.8090     6.6053   4.539E+02    72     0    549
3d3(2H)5p_3Ho[4]          9.0     602813.6090     6.6010   4.542E+02    72     0    550
3d3(2P)4f_3Fo[4]          9.0     602868.7780     6.5994   4.543E+02    72     0    551
3d3(2P)5p_3Do[1]          3.0     603034.8250     6.5944   4.546E+02    72     0    552
3d3(2H)5p_3Ho[5]         11.0     603034.8410     6.5944   4.546E+02    72     0    553
3d3(2P)4f_3Go[4]          9.0     603148.3130     6.5910   4.549E+02    72     0    554
3d3(2H)5p_3Ho[6]         13.0     603272.5460     6.5873   4.551E+02    72     0    555
3d3(2P)4f_3Do[1]          3.0     603288.7090     6.5868   4.551E+02    72     0    556
3d3(2P)4f_3Go[3]          7.0     603300.4760     6.5864   4.552E+02    72     0    557
3d3(2H)4f_3Io[5]         11.0     603401.7560     6.5834   4.554E+02    72     0    558
3d3(2H)4f_3Io[6]         13.0     603429.4480     6.5826   4.554E+02    72     0    559
3d3(2P)5p_3Dbo[2]         5.0     603553.9220     6.5788   4.557E+02    72     0    560
3d3(2P)5p_3Do[3]          7.0     603554.0970     6.5788   4.557E+02    72     0    561
3d3(2H)4f_3Io[7]         15.0     603645.0540     6.5761   4.559E+02    72     0    562
3d3(2P)4f_3Do[3]          7.0     603745.0470     6.5731   4.561E+02    72     0    563
3d3(2P)4f_3Do[2]          5.0     603763.9300     6.5725   4.561E+02    72     0    564
3d3(2H)4f_3Lo[7]         15.0     603854.5920     6.5698   4.563E+02    72     0    565
3d3(2H)4f_3Lo[8]         17.0     603992.0350     6.5657   4.566E+02    72     0    566
3d3(2H)4f_3Ho[4]          9.0     604035.3570     6.5644   4.567E+02    72     0    567
3d3(2H)4f_1Io[6]         13.0     604074.3080     6.5632   4.568E+02    73     0    568
3d3(2P)5p_3So[1]          3.0     604079.1640     6.5631   4.568E+02    72     0    569
3d3(2H)4f_3Ho[5]         11.0     604199.4800     6.5595   4.570E+02    72     0    570
3d3(2P)5p_3Po[2]          5.0     604268.7820     6.5574   4.572E+02    72     0    571
3d3(2H)5p_3Io[5]         11.0     604313.2510     6.5561   4.573E+02    72     0    572
3d3(2H)4f_3Go[3]          7.0     604340.5970     6.5552   4.573E+02    72     0    573
3d3(2H)4f_3Lo[9]         19.0     604427.2660     6.5526   4.575E+02    72     0    574
3d3(2H)4f_3Ho[6]         13.0     604449.4360     6.5520   4.576E+02    72     0    575
3d3(2H)4f_3Go[4]          9.0     604690.9780     6.5447   4.581E+02    72     0    576
3d3(2H)4f_1Lo[8]         17.0     604863.8350     6.5396   4.584E+02    73     0    577
3d3(2D)4f_1Do[2]          5.0     604877.8560     6.5391   4.585E+02    73     0    578
3d3(2H)5p_3Io[6]         13.0     604952.5090     6.5369   4.586E+02    72     0    579
3d3(2H)4f_3Go[5]         11.0     605011.1270     6.5351   4.587E+02    72     0    580
3d3(2P)5p_1Po[1]          3.0     605052.4340     6.5339   4.588E+02    73     0    581
3d3(2D)4f_3Ho[4]          9.0     605089.5270     6.5328   4.589E+02    72     0    582
3d3(2P)4f_1Fo[3]          7.0     605136.5840     6.5314   4.590E+02    73     0    583
3d3(2H)5p_1Ho[5]         11.0     605147.8900     6.5310   4.590E+02    73     0    584
3d3(2D)4f_3Po[0]          1.0     605163.6420     6.5306   4.591E+02    75     0    585
3d3(2D)4f_3Ho[6]         13.0     605410.9530     6.5232   4.596E+02    72     0    586
3d3(2D)4f_3Ho[5]         11.0     605416.4870     6.5230   4.596E+02    72     0    587
3d3(2D)4f_3Po[1]          3.0     605442.7000     6.5222   4.596E+02    75     0    588
3d3(2H)4f_1Go[4]          9.0     605567.6370     6.5185   4.599E+02    73     0    589
3d3(2H)4f_3Fo[2]          5.0     605613.3150     6.5171   4.600E+02    75     0    590
3d3(2H)5p_3Io[7]         15.0     605677.0990     6.5152   4.601E+02    72     0    591
3d3(2H)4f_3Fbo[2]         5.0     605781.6760     6.5120   4.604E+02    75     0    592
3d3(2H)5p_3Go[4]          9.0     605892.0260     6.5087   4.606E+02    75     0    593
3d3(2H)4f_3Fo[3]          7.0     605949.3240     6.5070   4.607E+02    75     0    594
3d3(2H)4f_3Fo[4]          9.0     606269.1930     6.4974   4.614E+02    75     0    595
3d3(2D)5p_3Fo[3]          7.0     606295.2100     6.4966   4.615E+02    75     0    596
3d3(2H)5p_1Io[6]         13.0     606312.7130     6.4961   4.615E+02    73     0    597
3d3(2D)5p_3Fo[2]          5.0     606318.1660     6.4960   4.615E+02    75     0    598
3d3(2H)5p_3Go[3]          7.0     606455.1860     6.4919   4.618E+02    75     0    599
3d3(2D)5p_3Do[1]          3.0     606462.9100     6.4916   4.618E+02    75     0    600
3d3(2D)5p_3Po[2]          5.0     606494.9240     6.4907   4.619E+02    75     0    601
3d3(2H)5p_3Go[5]         11.0     606496.6040     6.4906   4.619E+02    75     0    602
3d3(2H)4f_3Fbo[4]         9.0     606536.3020     6.4894   4.620E+02    75     0    603
3d3(2D)4f_1Fo[3]          7.0     607028.3270     6.4747   4.630E+02    73     0    604
3d3(2D)5p_3Fo[4]          9.0     607042.1210     6.4743   4.631E+02    75     0    605
3d3(2D)4f_3Do[3]          7.0     607194.4590     6.4697   4.634E+02    76     0    606
3d3(2D)4f_3Go[5]         11.0     607197.6290     6.4696   4.634E+02    77     0    607
3d3(2H)5p_3Gbo[4]         9.0     607248.8180     6.4681   4.635E+02    75     0    608
3d3(2H)4f_3Do[2]          5.0     607255.1870     6.4679   4.635E+02    75     0    609
3d3(2H)4f_3Do[1]          3.0     607493.8830     6.4607   4.640E+02    75     0    610
3d3(2H)4f_1Do[2]          5.0     607514.9510     6.4601   4.641E+02    78     0    611
3d3(2H)4f_1Fo[3]          7.0     607623.1370     6.4568   4.643E+02    78     0    612
3d3(2D)5p_3Po[1]          3.0     607676.2640     6.4552   4.644E+02    75     0    613
3d3(2D)5p_3Po[0]          1.0     607691.8390     6.4548   4.645E+02    75     0    614
3d3(2D)5p_3Do[2]          5.0     607720.1050     6.4539   4.645E+02    75     0    615
3d3(2D)5p_3Do[3]          7.0     607788.1440     6.4519   4.647E+02    75     0    616
3d3(2D)4f_3Fo[4]          9.0     607789.9550     6.4518   4.647E+02    75     0    617
3d3(2D)4f_1Ho[5]         11.0     608092.9360     6.4428   4.653E+02    78     0    618
3d3(2D)4f_3Do[1]          3.0     608126.6960     6.4417   4.654E+02    76     0    619
3d3(2D)5p_3Dbo[3]         7.0     608218.3880     6.4390   4.656E+02    79     0    620
3d3(2H)4f_1Ko[7]         15.0     608225.5500     6.4388   4.656E+02    78     0    621
3d3(2H)4f_3Dbo[2]         5.0     608362.2790     6.4347   4.659E+02    75     0    622
3d3(2D)4f_3Fo[3]          7.0     608363.3910     6.4346   4.659E+02    75     0    623
3d3(2D)4f_1Po[1]          3.0     608489.4530     6.4309   4.662E+02    78     0    624
3d3(2D)4f_3Fo[2]          5.0     608585.9290     6.4280   4.664E+02    75     0    625
3d3(2H)4f_3Do[3]          7.0     608597.4380     6.4276   4.664E+02    75     0    626
3d3(2D)5p_1Do[2]          5.0     609311.1450     6.4062   4.680E+02    78     0    627
3d3(2P)5p_1Pbo[1]         3.0     609385.4830     6.4040   4.681E+02    78     0    628
3d3(2P)4f_1Fbo[3]         7.0     609451.0830     6.4020   4.683E+02    78     0    629
3d3(2D)4f_1Go[4]          9.0     610234.1210     6.3786   4.700E+02    78     0    630
3d2(3F)4s2_3Fe[2]         5.0     611022.3020     6.3549   4.717E+02    80     0    631
3d2(3F)4s2_3Fe[3]         7.0     612431.1220     6.3127   4.749E+02    80     0    632
3d2(3F)4s2_3Fe[4]         9.0     614156.3320     6.2610   4.788E+02    80     0    633
3d3(2D)5s_3Dbe[3]         7.0     620078.2830     6.0834   4.928E+02    80     0    634
3d3(2D)5s_3Dbe[2]         5.0     620322.9570     6.0761   4.934E+02    80     0    635
3d3(2D)5s_3Dbe[1]         3.0     620571.3260     6.0687   4.940E+02    80     0    636
3d3(2D)5s_1Dbe[2]         5.0     621533.4480     6.0398   4.964E+02    81     0    637
3d3(2F)4f_3Ho[6]         13.0     622391.0020     6.0141   4.985E+02    82     0    638
3d3(2F)4f_3Ho[5]         11.0     622473.4980     6.0116   4.987E+02    82     0    639
3d3(2F)4f_3Ho[4]          9.0     622554.7170     6.0092   4.989E+02    82     0    640
3d3(4F)5d_5He[3]          7.0     622592.8490     6.0081   4.990E+02    83     0    641
3d3(2F)4f_3Hbo[4]         9.0     622655.3200     6.0062   4.991E+02    82     0    642
3d3(2F)5p_3Fo[3]          7.0     622675.9770     6.0056   4.992E+02    82     0    643
3d3(2F)4f_3Go[5]         11.0     622709.4200     6.0046   4.993E+02    82     0    644
3d3(2F)4f_3Fo[2]          5.0     622847.7710     6.0004   4.996E+02    82     0    645
3d3(2F)4f_3Go[4]          9.0     622871.4240     5.9997   4.997E+02    82     0    646
3d3(2F)4f_1Io[6]         13.0     622887.3070     5.9992   4.997E+02    84     0    647
3d3(2F)4f_3Go[3]          7.0     622913.8860     5.9984   4.998E+02    82     0    648
3d3(2F)4f_1So[0]          1.0     622914.9020     5.9984   4.998E+02    84     0    649
3d3(2F)5p_3Fo[4]          9.0     622966.8540     5.9968   4.999E+02    82     0    650
3d3(2F)4f_3Fo[3]          7.0     623009.3610     5.9956   5.000E+02    82     0    651
3d3(2F)4f_3Io[7]         15.0     623047.0400     5.9944   5.001E+02    82     0    652
3d3(4F)5d_5He[4]          9.0     623098.4850     5.9929   5.002E+02    83     0    653
3d3(2F)4f_3Fbo[2]         5.0     623145.0950     5.9915   5.004E+02    82     0    654
3d3(4F)5d_5Pe[1]          3.0     623214.4380     5.9894   5.005E+02    83     0    655
3d3(2F)4f_3Io[6]         13.0     623388.8710     5.9842   5.010E+02    82     0    656
3d3(2F)4f_3Io[5]         11.0     623459.4040     5.9821   5.012E+02    82     0    657
3d3(4F)5d_5Fe[1]          3.0     623465.9380     5.9819   5.012E+02    83     0    658
3d3(4F)5d_5Ge[2]          5.0     623529.6730     5.9800   5.013E+02    83     0    659
3d3(4F)5d_5He[5]         11.0     623751.8300     5.9733   5.019E+02    83     0    660
3d3(4F)5d_5Ge[3]          7.0     623895.7150     5.9690   5.022E+02    83     0    661
3d3(4F)5d_5Pe[2]          5.0     623938.2320     5.9677   5.024E+02    83     0    662
3d3(2F)4f_3Do[3]          7.0     623964.2280     5.9669   5.024E+02    82     0    663
3d3(2F)5p_3Go[3]          7.0     624090.8470     5.9631   5.027E+02    82     0    664
3d3(2F)4f_3Do[2]          5.0     624153.8760     5.9613   5.029E+02    82     0    665
3d3(4F)5d_5Fe[2]          5.0     624156.4290     5.9612   5.029E+02    83     0    666
3d3(2F)5p_3Go[4]          9.0     624166.7600     5.9609   5.029E+02    82     0    667
3d3(2F)4f_3Do[1]          3.0     624237.1340     5.9588   5.031E+02    82     0    668
3d3(2F)5p_3Go[5]         11.0     624428.5730     5.9530   5.036E+02    82     0    669
3d3(4F)5d_5Ge[4]          9.0     624455.1230     5.9522   5.037E+02    83     0    670
3d3(4F)5d_5He[6]         13.0     624559.9580     5.9491   5.039E+02    83     0    671
3d3(4F)5d_3De[1]          3.0     624593.3240     5.9481   5.040E+02    85     0    672
3d3(2F)5p_3Do[3]          7.0     624762.1040     5.9430   5.044E+02    82     0    673
3d3(4F)5d_5Fe[3]          7.0     624792.1120     5.9421   5.045E+02    83     0    674
3d3(2F)4f_1Po[1]          3.0     624836.9430     5.9408   5.046E+02    84     0    675
3d3(4F)5d_5Pe[3]          7.0     625073.5660     5.9337   5.052E+02    83     0    676
3d3(4F)5d_3De[2]          5.0     625140.7180     5.9317   5.054E+02    85     0    677
3d3(4F)5d_5Ge[5]         11.0     625245.5730     5.9285   5.057E+02    83     0    678
3d3(2F)4f_1Go[4]          9.0     625257.5730     5.9282   5.057E+02    84     0    679
3d3(2F)5p_3Do[2]          5.0     625336.2520     5.9258   5.059E+02    82     0    680
3d3(2F)5p_1Do[2]          5.0     625409.8330     5.9236   5.061E+02    84     0    681
3d3(4F)5d_5Fe[4]          9.0     625485.4640     5.9213   5.063E+02    83     0    682
3d3(2F)5p_1Go[4]          9.0     625510.6630     5.9206   5.064E+02    84     0    683
3d3(4F)5d_5He[7]         15.0     625515.8740     5.9204   5.064E+02    83     0    684
3d3(2F)4f_1Fo[3]          7.0     625570.1540     5.9188   5.065E+02    84     0    685
3d3(2F)5p_3Do[1]          3.0     625740.2890     5.9137   5.069E+02    82     0    686
3d3(2F)4f_3Po[2]          5.0     625961.1260     5.9071   5.075E+02    82     0    687
3d3(2F)5p_1Fo[3]          7.0     626080.2980     5.9035   5.078E+02    84     0    688
3d3(2F)4f_3Po[1]          3.0     626104.1100     5.9028   5.079E+02    82     0    689
3d3(2F)4f_3Po[0]          1.0     626209.7420     5.8996   5.082E+02    82     0    690
3d3(4F)5d_5Fe[5]         11.0     626219.4820     5.8993   5.082E+02    83     0    691
3d3(4F)5d_3De[3]          7.0     626264.7720     5.8980   5.083E+02    85     0    692
3d3(2F)4f_1Do[2]          5.0     626333.4290     5.8959   5.085E+02    84     0    693
3d3(4F)5d_5Ge[6]         13.0     626381.7550     5.8945   5.086E+02    83     0    694
3d3(2F)4f_1Ho[5]         11.0     626750.5140     5.8834   5.096E+02    84     0    695
3d3(2F)4f_3So[1]          3.0     627544.9410     5.8596   5.116E+02    82     0    696
3d3(4F)5d_3Pe[0]          1.0     627643.4180     5.8566   5.119E+02    85     0    697
3d3(4F)5d_3He[4]          9.0     627759.5600     5.8532   5.122E+02    85     0    698
3d3(4F)5d_3Ge[3]          7.0     628321.2580     5.8363   5.137E+02    85     0    699
3d3(4F)5d_3Pe[1]          3.0     628350.7640     5.8354   5.137E+02    85     0    700
3d3(4F)5d_3He[5]         11.0     628823.5580     5.8213   5.150E+02    85     0    701
3d3(4F)5d_3Ge[4]          9.0     629314.8980     5.8065   5.163E+02    85     0    702
3d3(4F)5d_3Fe[2]          5.0     629465.2740     5.8020   5.167E+02    85     0    703
3d3(4F)5d_3Fbe[2]         5.0     629642.4600     5.7967   5.172E+02    85     0    704
3d3(4F)5d_3He[6]         13.0     630082.6040     5.7835   5.184E+02    85     0    705
3d3(4F)5d_5De[0]          1.0     630249.2060     5.7785   5.188E+02    83     0    706
3d3(4F)5d_3Fe[3]          7.0     630364.2550     5.7751   5.191E+02    85     0    707
3d2(1D)4s2_1De[2]         5.0     630407.6790     5.7738   5.192E+02    81     0    708
3d3(4F)5d_5De[1]          3.0     630487.2460     5.7714   5.194E+02    83     0    709
3d3(4F)5d_3Ge[5]         11.0     630530.3340     5.7701   5.196E+02    85     0    710
3d3(4F)5d_5De[2]          5.0     630939.4700     5.7578   5.207E+02    83     0    711
3d3(4F)5d_3Fe[4]          9.0     631165.1430     5.7511   5.213E+02    85     0    712
3d3(4F)5d_5De[3]          7.0     631506.5470     5.7408   5.222E+02    83     0    713
3d3(4F)5d_5De[4]          9.0     632226.8590     5.7192   5.242E+02    83     0    714
3d2(3P)4s2_3Pe[0]         1.0     632860.1550     5.7002   5.259E+02    85     0    715
3d2(3P)4s2_3Pe[1]         3.0     633392.1380     5.6843   5.274E+02    85     0    716
3d2(3P)4s2_3Pe[2]         5.0     634668.2760     5.6460   5.310E+02    85     0    717
3d2(1G)4s2_1Ge[4]         9.0     642284.4440     5.4177   5.534E+02    86     0    718
3d3(4P)5d_5Fe[1]          3.0     644912.0160     5.3389   5.615E+02    87     0    719
3d3(4P)5d_5Fe[2]          5.0     645020.7140     5.3357   5.619E+02    87     0    720
3d3(4P)5d_5Fe[3]          7.0     645217.1390     5.3298   5.625E+02    87     0    721
3d3(4P)5d_5Fe[4]          9.0     645606.8940     5.3181   5.637E+02    87     0    722
3d3(4P)5d_3De[1]          3.0     645817.7770     5.3118   5.644E+02    88     0    723
3d3(4P)5d_3De[3]          7.0     646057.1580     5.3046   5.652E+02    88     0    724
3d3(4P)5d_3De[2]          5.0     646086.2590     5.3037   5.652E+02    88     0    725
3d3(4P)5d_5Fe[5]         11.0     646209.3600     5.3001   5.656E+02    87     0    726
3d3(4P)5d_5Pe[2]          5.0     646627.2440     5.2875   5.670E+02    87     0    727
3d3(4P)5d_5Pe[3]          7.0     646645.2300     5.2870   5.670E+02    87     0    728
3d3(4P)5d_5Pe[1]          3.0     646845.6820     5.2810   5.677E+02    87     0    729
3d3(2G)5d_3Ie[5]         11.0     647059.3290     5.2746   5.684E+02    88     0    730
3d3(4P)5d_5De[0]          1.0     647233.4260     5.2693   5.689E+02    87     0    731
3d3(2G)5d_1Fe[3]          7.0     647255.1550     5.2687   5.690E+02    86     0    732
3d3(4P)5d_5De[1]          3.0     647539.5500     5.2602   5.699E+02    87     0    733
3d3(2G)5d_3Ie[6]         13.0     647569.7100     5.2593   5.700E+02    88     0    734
3d3(2G)5d_1He[5]         11.0     647747.3620     5.2539   5.706E+02    86     0    735
3d3(4P)5d_5De[2]          5.0     647761.2070     5.2535   5.706E+02    87     0    736
3d3(2D)4f_1Gbo[4]         9.0     647889.7620     5.2497   5.711E+02    89     0    737
3d3(4P)5d_5De[3]          7.0     647928.1610     5.2485   5.712E+02    87     0    738
3d3(4P)5d_5De[4]          9.0     647978.8980     5.2470   5.714E+02    87     0    739
3d3(2G)5d_3He[4]          9.0     648007.9350     5.2461   5.715E+02    88     0    740
3d3(2G)5d_3Ie[7]         15.0     648242.2070     5.2391   5.722E+02    88     0    741
3d3(4P)5d_3Fe[2]          5.0     648368.4920     5.2353   5.726E+02    88     0    742
3d3(2G)5d_3Ge[4]          9.0     648422.3000     5.2337   5.728E+02    88     0    743
3d3(2D)4f_3Fbo[3]         7.0     648442.2150     5.2331   5.729E+02    90     0    744
3d3(2D)4f_3Fbo[4]         9.0     648447.0580     5.2330   5.729E+02    90     0    745
3d3(2G)5d_3Ge[3]          7.0     648451.7870     5.2328   5.729E+02    88     0    746
3d3(2D)4f_3Fbo[2]         5.0     648472.5870     5.2322   5.730E+02    90     0    747
3d3(2G)5d_3Ge[5]         11.0     648526.0610     5.2306   5.732E+02    88     0    748
3d3(2G)5d_3Gbe[5]        11.0     648933.0140     5.2184   5.745E+02    88     0    749
3d3(4P)5d_3Fe[3]          7.0     649045.5900     5.2150   5.749E+02    88     0    750
3d3(2D)5p_3Dbo[2]         5.0     649139.8010     5.2122   5.752E+02    79     0    751
3d3(2G)5d_3He[6]         13.0     649155.8100     5.2117   5.752E+02    88     0    752
3d3(2D)5p_3Dbo[1]         3.0     649297.7710     5.2075   5.757E+02    79     0    753
3d3(2D)5p_3Dco[3]         7.0     649313.5230     5.2070   5.758E+02    90     0    754
3d3(2D)4f_3Gbo[5]        11.0     649521.6950     5.2007   5.764E+02    90     0    755
3d3(4P)5d_3Fe[4]          9.0     649705.4930     5.1952   5.771E+02    88     0    756
3d3(4F)6s_5Fe[1]          3.0     649725.8000     5.1946   5.771E+02    87     0    757
3d3(2D)4f_3Go[4]          9.0     649727.4770     5.1946   5.771E+02    77     0    758
3d3(2G)5d_3Fe[2]          5.0     649803.3670     5.1923   5.774E+02    88     0    759
3d3(2D)5p_1Dbo[2]         5.0     649829.0360     5.1915   5.775E+02    89     0    760
3d3(2D)4f_3Go[3]          7.0     649848.2100     5.1910   5.775E+02    77     0    761
3d3(2G)5d_3De[2]          5.0     649937.8700     5.1883   5.778E+02    88     0    762
3d3(2G)5d_3De[1]          3.0     649969.5180     5.1873   5.779E+02    88     0    763
3d3(2D)4f_3Hbo[6]        13.0     650118.7870     5.1828   5.784E+02    90     0    764
3d3(2G)5d_3Fe[3]          7.0     650210.4250     5.1801   5.787E+02    88     0    765
3d3(4F)6s_5Fe[2]          5.0     650216.8730     5.1799   5.788E+02    87     0    766
3d3(2D)4f_3Hbo[5]        11.0     650406.6170     5.1742   5.794E+02    90     0    767
3d3(2G)5d_1Ie[6]         13.0     650524.5200     5.1707   5.798E+02    86     0    768
3d3(4F)6s_5Fe[3]          7.0     650678.6050     5.1661   5.803E+02    87     0    769
3d3(2D)4f_3Hbo[4]         9.0     650694.0690     5.1656   5.804E+02    90     0    770
3d3(4F)6s_5Fbe[3]         7.0     650825.8200     5.1617   5.808E+02    87     0    771
3d3(4P)5d_3Pe[1]          3.0     650841.5520     5.1612   5.809E+02    88     0    772
3d3(2G)5d_3Fe[4]          9.0     650886.2000     5.1598   5.810E+02    88     0    773
3d3(4P)5d_3Pe[2]          5.0     650916.4180     5.1589   5.811E+02    88     0    774
3d3(2D)5p_3Fbo[3]         7.0     650925.1600     5.1587   5.811E+02    90     0    775
3d3(2D)5p_3Fbo[2]         5.0     651125.1930     5.1527   5.818E+02    90     0    776
3d3(4P)5d_3Pe[0]          1.0     651243.9590     5.1491   5.822E+02    88     0    777
3d3(2D)4f_3Dbo[1]         3.0     651285.9780     5.1479   5.824E+02    90     0    778
3d3(2D)4f_3Do[2]          5.0     651354.9400     5.1458   5.826E+02    76     0    779
3d3(2D)5p_3Fbo[4]         9.0     651397.7260     5.1445   5.827E+02    90     0    780
3d3(2D)4f_3Dbo[3]         7.0     651431.3820     5.1435   5.829E+02    90     0    781
3d3(2G)5d_1De[2]          5.0     651436.8450     5.1433   5.829E+02    86     0    782
3d3(4F)6s_3Fe[2]          5.0     651575.9770     5.1392   5.833E+02    88     0    783
3d3(4F)6s_5Fe[4]          9.0     651595.0420     5.1386   5.834E+02    87     0    784
3d3(2D)4f_1Fbo[3]         7.0     651973.2060     5.1273   5.847E+02    89     0    785
3d3(2D)4f_3Pbo[0]         1.0     652252.2720     5.1189   5.857E+02    90     0    786
3d3(2D)4f_1Dbo[2]         5.0     652298.2610     5.1175   5.858E+02    89     0    787
3d3(2D)5p_3Pbo[2]         5.0     652338.4080     5.1163   5.860E+02    90     0    788
3d3(2D)4f_3Pbo[1]         3.0     652411.5110     5.1141   5.862E+02    90     0    789
3d3(2P)5d_3De[1]          3.0     652481.4620     5.1120   5.864E+02    88     0    790
3d3(4F)6s_3Fe[3]          7.0     652507.9480     5.1112   5.865E+02    88     0    791
3d3(4F)6s_5Fe[5]         11.0     652630.8170     5.1075   5.870E+02    87     0    792
3d3(2D)4f_1Hbo[5]        11.0     652703.6830     5.1054   5.872E+02    89     0    793
3d3(2D)4f_3Po[2]          5.0     652813.9310     5.1020   5.876E+02    75     0    794
3d3(2D)5p_3Pbo[1]         3.0     652931.5570     5.0985   5.880E+02    90     0    795
3d3(2G)5d_1Ge[4]          9.0     653059.5060     5.0947   5.884E+02    86     0    796
3d3(2P)5d_1Pe[1]          3.0     653148.9040     5.0920   5.888E+02    86     0    797
3d3(2D)5p_3Pbo[0]         1.0     653206.6770     5.0903   5.890E+02    90     0    798
3d3(2D)5p_1Fo[3]          7.0     653289.1070     5.0878   5.892E+02    89     0    799
3d3(2P)5d_3De[2]          5.0     653394.0910     5.0847   5.896E+02    88     0    800
3d3(2P)5d_1Fe[3]          7.0     653465.3740     5.0825   5.899E+02    86     0    801
3d3(4F)6s_3Fe[4]          9.0     653795.7570     5.0726   5.910E+02    88     0    802
3d3(2P)5d_3De[3]          7.0     654586.5960     5.0489   5.938E+02    88     0    803
3d3(2D)5d_3Se[1]          3.0     654828.6440     5.0417   5.946E+02    88     0    804
3d3(2P)5d_3Fe[2]          5.0     654877.0460     5.0402   5.948E+02    88     0    805
3d3(2H)5d_3Ie[5]         11.0     654945.1690     5.0382   5.950E+02    88     0    806
3d3(2D)5p_1Po[1]          3.0     655071.2640     5.0344   5.955E+02    89     0    807
3d3(2H)5d_3Ie[6]         13.0     655174.4190     5.0313   5.959E+02    88     0    808
3d3(2P)5d_3Pe[2]          5.0     655277.2510     5.0282   5.962E+02    88     0    809
3d3(2P)5d_3Fe[3]          7.0     655296.4560     5.0276   5.963E+02    88     0    810
3d3(2H)5d_1He[5]         11.0     655394.6150     5.0247   5.966E+02    91     0    811
3d3(2H)5d_3Ie[7]         15.0     655481.4350     5.0221   5.969E+02    88     0    812
3d3(2D)5d_3Ge[4]          9.0     655795.8260     5.0127   5.981E+02    88     0    813
3d3(2D)5d_1Pe[1]          3.0     655985.2540     5.0070   5.987E+02    91     0    814
3d3(2D)5d_3Ge[3]          7.0     656338.9900     4.9964   6.000E+02    88     0    815
3d3(2H)5d_3Ke[6]         13.0     656569.2220     4.9895   6.009E+02    88     0    816
3d3(2D)5d_3Ge[5]         11.0     656571.1820     4.9894   6.009E+02    88     0    817
3d3(2P)5d_3Fe[4]          9.0     656689.2500     4.9859   6.013E+02    88     0    818
3d3(2H)5d_3Ke[7]         15.0     656842.9430     4.9813   6.018E+02    88     0    819
3d3(2P)5d_3Pe[0]          1.0     657145.3390     4.9722   6.029E+02    88     0    820
3d3(2P)5d_3Pe[1]          3.0     657253.2460     4.9690   6.033E+02    88     0    821
3d3(2H)5d_3Ke[8]         17.0     657322.9950     4.9669   6.036E+02    88     0    822
3d3(2H)5d_1Fe[3]          7.0     657842.3900     4.9513   6.055E+02    91     0    823
3d3(2H)5d_1Ke[7]         15.0     657905.7460     4.9494   6.057E+02    91     0    824
3d3(2D)4f_1Pbo[1]         3.0     657953.9810     4.9480   6.059E+02    89     0    825
3d3(2D)5d_3Fe[3]          7.0     658256.6090     4.9389   6.070E+02    88     0    826
3d3(2D)5d_3Fe[2]          5.0     658267.4530     4.9386   6.070E+02    88     0    827
3d3(2D)5d_3Fe[4]          9.0     658416.1120     4.9341   6.076E+02    88     0    828
3d3(2D)5d_1De[2]          5.0     658510.2340     4.9313   6.079E+02    91     0    829
3d3(2H)5d_1Ge[4]          9.0     658592.5530     4.9288   6.082E+02    91     0    830
3d3(2H)5d_3Ge[3]          7.0     659433.4230     4.9036   6.114E+02    92     0    831
3d3(2H)5d_3Ge[4]          9.0     659870.5710     4.8905   6.130E+02    92     0    832
3d3(2D)5d_3Pe[0]          1.0     660054.3030     4.8850   6.137E+02    92     0    833
3d3(2H)5d_3Ge[5]         11.0     660082.6270     4.8841   6.138E+02    92     0    834
3d3(2H)5d_3He[4]          9.0     660621.7270     4.8680   6.158E+02    92     0    835
3d3(2D)5d_3Pe[1]          3.0     660781.1240     4.8632   6.165E+02    92     0    836
3d3(2H)5d_3He[5]         11.0     660923.4310     4.8589   6.170E+02    92     0    837
3d3(2D)5d_3De[3]          7.0     661015.2470     4.8562   6.173E+02    92     0    838
3d3(2H)5d_3Fe[2]          5.0     661043.6220     4.8553   6.175E+02    92     0    839
3d3(2H)5d_3He[6]         13.0     661047.5050     4.8552   6.175E+02    92     0    840
3d3(2D)5d_3De[2]          5.0     661446.4650     4.8433   6.190E+02    92     0    841
3d3(2D)5d_3De[1]          3.0     661734.8660     4.8346   6.201E+02    92     0    842
3d3(2D)5d_3Pe[2]          5.0     661985.5330     4.8271   6.211E+02    92     0    843
3d3(2H)5d_3Fe[3]          7.0     662073.0590     4.8245   6.214E+02    92     0    844
3d3(2H)5d_3Fe[4]          9.0     662310.3190     4.8174   6.223E+02    92     0    845
3d3(2P)5d_1De[2]          5.0     663472.5260     4.7825   6.269E+02    91     0    846
3d3(2D)5d_1Ge[4]          9.0     664367.9190     4.7557   6.304E+02    91     0    847
3d3(2H)5d_1Fbe[3]         7.0     664843.7580     4.7414   6.323E+02    91     0    848
3d3(2H)5d_1Ie[6]         13.0     665232.8090     4.7297   6.338E+02    91     0    849
3d3(4F)5f_5Io[4]          9.0     665774.5920     4.7135   6.360E+02    93     0    850
3d3(4F)5f_5Io[5]         11.0     666221.2270     4.7001   6.378E+02    93     0    851
3d3(4F)5f_5Ho[3]          7.0     666437.7970     4.6936   6.387E+02    93     0    852
3d3(4F)5f_5So[2]          5.0     666687.3440     4.6861   6.397E+02    93     0    853
3d3(4F)5f_5Ho[4]          9.0     666762.5040     4.6839   6.401E+02    93     0    854
3d3(4F)5f_5Go[2]          5.0     666777.3590     4.6834   6.401E+02    93     0    855
3d3(4F)5f_5Io[6]         13.0     666831.3930     4.6818   6.403E+02    93     0    856
3d3(4F)5f_5Ho[5]         11.0     667286.9840     4.6682   6.422E+02    93     0    857
3d3(4F)5f_5Go[3]          7.0     667287.4080     4.6681   6.422E+02    93     0    858
3d3(2D)5d_1Se[0]          1.0     667377.8510     4.6654   6.426E+02    91     0    859
3d3(4F)5f_5Io[7]         15.0     667620.0450     4.6582   6.436E+02    93     0    860
3d3(4F)5f_3Do[1]          3.0     667813.2950     4.6524   6.444E+02    94     0    861
3d3(4F)5f_5Go[4]          9.0     667831.0240     4.6518   6.445E+02    93     0    862
3d3(4F)5f_3Do[2]          5.0     667917.7980     4.6492   6.448E+02    94     0    863
3d3(4F)5f_5Ho[6]         13.0     668046.5290     4.6454   6.454E+02    93     0    864
3d3(4F)5f_5Po[3]          7.0     668053.7850     4.6452   6.454E+02    93     0    865
3d3(4F)5f_5Po[1]          3.0     668220.8700     4.6402   6.461E+02    93     0    866
3d3(4F)6p_5Go[2]          5.0     668314.8200     4.6373   6.465E+02    93     0    867
3d3(4F)5f_5Fo[2]          5.0     668400.3080     4.6348   6.468E+02    93     0    868
3d3(4F)5g_5Pe[3]          7.0     668452.0190     4.6332   6.470E+02    95     0    869
3d3(4F)5g_3Pe[2]          5.0     668465.3060     4.6328   6.471E+02    92     0    870
3d3(4F)5g_5Ke[5]         11.0     668470.1950     4.6327   6.471E+02    95     0    871
3d3(4F)5f_5Go[5]         11.0     668481.4160     4.6324   6.472E+02    93     0    872
3d3(4F)5g_3Ke[6]         13.0     668515.5230     4.6313   6.473E+02    92     0    873
3d3(4F)5f_5Io[8]         17.0     668572.1250     4.6296   6.476E+02    93     0    874
3d3(4F)5g_5Ge[3]          7.0     668597.9050     4.6289   6.477E+02    95     0    875
3d3(4F)5g_5Fe[4]          9.0     668610.7620     4.6285   6.477E+02    95     0    876
3d3(4F)5g_5Ie[4]          9.0     668661.2870     4.6270   6.479E+02    95     0    877
3d3(4F)5g_3Ie[5]         11.0     668685.4780     4.6262   6.480E+02    92     0    878
3d3(4F)5f_5Fo[1]          3.0     668756.7800     4.6241   6.483E+02    93     0    879
3d3(4F)5f_5Pbo[3]         7.0     668793.2970     4.6230   6.485E+02    93     0    880
3d3(4F)6p_5Go[3]          7.0     668890.9130     4.6201   6.489E+02    93     0    881
3d3(4F)5f_3Io[5]         11.0     668930.0890     4.6189   6.491E+02    94     0    882
3d3(4F)6p_5Fo[1]          3.0     668931.9550     4.6188   6.491E+02    93     0    883
3d3(4F)5f_3Po[0]          1.0     668991.2360     4.6171   6.493E+02    94     0    884
3d3(4F)5f_5Po[2]          5.0     669038.4400     4.6157   6.495E+02    93     0    885
3d3(4F)6p_5Do[0]          1.0     669108.5110     4.6136   6.498E+02    93     0    886
3d3(4F)5f_5Ho[7]         15.0     669109.3750     4.6135   6.498E+02    93     0    887
3d3(4F)5f_5Fo[3]          7.0     669144.2580     4.6125   6.500E+02    93     0    888
3d3(4F)5f_3Ho[4]          9.0     669177.1380     4.6115   6.501E+02    94     0    889
3d3(4F)5g_5De[2]          5.0     669186.2930     4.6112   6.501E+02    95     0    890
3d3(4F)5g_5Fe[1]          3.0     669193.9080     4.6110   6.502E+02    95     0    891
3d3(4F)6p_5Do[1]          3.0     669202.8710     4.6107   6.502E+02    93     0    892
3d3(4F)5f_5Go[6]         13.0     669208.2890     4.6106   6.502E+02    93     0    893
3d3(4F)5g_5Ke[6]         13.0     669235.8840     4.6097   6.503E+02    95     0    894
3d3(4F)5g_5Ke[7]         15.0     669238.8060     4.6096   6.504E+02    95     0    895
3d3(4F)5g_5Pbe[3]         7.0     669286.8070     4.6082   6.506E+02    95     0    896
3d3(4F)5g_5Ge[2]          5.0     669290.0910     4.6081   6.506E+02    95     0    897
3d3(4F)5g_5He[3]          7.0     669335.6660     4.6067   6.508E+02    95     0    898
3d3(4F)5f_3Po[1]          3.0     669343.8330     4.6065   6.508E+02    94     0    899
3d3(4F)5g_5Ibe[4]         9.0     669348.6250     4.6064   6.508E+02    95     0    900
3d3(4F)5g_5Ie[5]         11.0     669368.5390     4.6058   6.509E+02    95     0    901
3d3(4F)5g_3He[4]          9.0     669373.0260     4.6056   6.509E+02    92     0    902
3d3(4F)5f_3Hbo[4]         9.0     669380.0900     4.6054   6.510E+02    94     0    903
3d3(4F)5g_5He[6]         13.0     669380.3150     4.6054   6.510E+02    95     0    904
3d3(4F)5g_3Ibe[5]        11.0     669383.5860     4.6053   6.510E+02    92     0    905
3d3(4F)5f_3Fo[2]          5.0     669453.1000     4.6032   6.513E+02    94     0    906
3d3(4F)6p_5Fo[2]          5.0     669458.0550     4.6031   6.513E+02    93     0    907
3d3(4F)6p_5Do[2]          5.0     669591.2670     4.5991   6.519E+02    93     0    908
3d3(4F)6p_5Go[4]          9.0     669627.6230     4.5980   6.520E+02    93     0    909
3d3(4F)5f_5Do[0]          1.0     669857.5550     4.5911   6.530E+02    93     0    910
3d3(4F)6p_5Fo[3]          7.0     669914.6800     4.5894   6.532E+02    93     0    911
3d3(4F)5f_3Io[6]         13.0     670036.1260     4.5857   6.537E+02    94     0    912
3d3(4F)5f_5Do[1]          3.0     670051.9000     4.5853   6.538E+02    93     0    913
3d3(4F)5f_3Do[3]          7.0     670072.1520     4.5847   6.539E+02    94     0    914
3d3(4F)5f_3Fo[4]          9.0     670119.5570     4.5832   6.541E+02    94     0    915
3d3(4F)5g_5De[1]          3.0     670137.1800     4.5827   6.542E+02    95     0    916
3d3(4F)5g_5De[0]          1.0     670142.1350     4.5826   6.542E+02    95     0    917
3d3(4F)6p_3Do[1]          3.0     670176.2610     4.5815   6.543E+02    94     0    918
3d3(4F)5g_5Pe[2]          5.0     670179.9710     4.5814   6.544E+02    95     0    919
3d3(4F)5g_5Ke[8]         17.0     670188.4680     4.5812   6.544E+02    95     0    920
3d3(4F)5g_5Fbe[1]         3.0     670196.7370     4.5809   6.544E+02    95     0    921
3d3(4F)5g_3Ke[7]         15.0     670216.2310     4.5803   6.545E+02    92     0    922
3d3(4F)5g_5Pce[3]         7.0     670250.5020     4.5793   6.547E+02    95     0    923
3d3(4F)5g_5Gbe[2]         5.0     670253.8030     4.5792   6.547E+02    95     0    924
3d3(4F)5f_3Po[2]          5.0     670275.6750     4.5786   6.548E+02    94     0    925
3d3(4F)5g_3De[3]          7.0     670308.5600     4.5776   6.549E+02    92     0    926
3d3(4F)5g_5De[4]          9.0     670316.5180     4.5773   6.549E+02    95     0    927
3d3(4F)5g_5Ie[7]         15.0     670337.9090     4.5767   6.550E+02    95     0    928
3d3(4F)5g_5He[5]         11.0     670356.8020     4.5761   6.551E+02    95     0    929
3d3(4F)5g_5Ie[6]         13.0     670357.6900     4.5761   6.551E+02    95     0    930
3d3(4F)5g_3Fe[4]          9.0     670360.4390     4.5760   6.551E+02    92     0    931
3d3(4F)5f_3Ho[5]         11.0     670363.0760     4.5759   6.551E+02    94     0    932
3d3(4F)5g_3Ie[6]         13.0     670384.0180     4.5753   6.552E+02    92     0    933
3d3(4F)5g_3Ge[5]         11.0     670397.5640     4.5749   6.553E+02    92     0    934
3d3(4F)6p_3Go[3]          7.0     670400.2530     4.5748   6.553E+02    94     0    935
3d3(4F)5f_5Fo[5]         11.0     670430.8270     4.5739   6.554E+02    93     0    936
3d3(4F)6p_5Do[3]          7.0     670468.9000     4.5728   6.556E+02    93     0    937
3d3(4F)6p_5Go[5]         11.0     670537.9400     4.5707   6.559E+02    93     0    938
3d3(4F)6p_3Fo[2]          5.0     670668.2970     4.5668   6.565E+02    94     0    939
3d3(4F)6p_5Fo[4]          9.0     670736.3530     4.5647   6.568E+02    93     0    940
3d3(4F)5f_5Do[2]          5.0     670791.0420     4.5631   6.570E+02    93     0    941
3d3(4F)5f_5Do[3]          7.0     670941.9990     4.5586   6.576E+02    93     0    942
3d3(4F)5f_3Go[3]          7.0     670950.9760     4.5583   6.577E+02    94     0    943
3d3(4F)5f_5Do[4]          9.0     671026.4080     4.5561   6.580E+02    93     0    944
3d3(4P)6s_5Pe[1]          3.0     671264.5260     4.5489   6.590E+02    95     0    945
3d3(4F)5g_5Pbe[2]         5.0     671320.8890     4.5472   6.593E+02    95     0    946
3d3(4F)5f_3Io[7]         15.0     671324.5060     4.5471   6.593E+02    94     0    947
3d3(4F)5g_5Pe[1]          3.0     671328.6000     4.5470   6.593E+02    95     0    948
3d3(4F)5g_5Ke[9]         19.0     671330.7870     4.5469   6.593E+02    95     0    949
3d3(4F)5g_3Pe[0]          1.0     671344.7880     4.5465   6.594E+02    92     0    950
3d3(4F)5g_3Pe[1]          3.0     671347.0250     4.5464   6.594E+02    92     0    951
3d3(4F)5g_5De[3]          7.0     671368.3850     4.5458   6.595E+02    95     0    952
3d3(4F)5g_3De[2]          5.0     671373.4570     4.5456   6.595E+02    92     0    953
3d3(4F)5f_3So[1]          3.0     671380.1840     4.5454   6.595E+02    94     0    954
3d3(4F)5g_3Ke[8]         17.0     671385.5740     4.5453   6.596E+02    92     0    955
3d3(4F)6p_3Go[4]          9.0     671417.7630     4.5443   6.597E+02    94     0    956
3d3(4F)5g_3Fe[3]          7.0     671441.9930     4.5436   6.598E+02    92     0    957
3d3(4F)5g_5Fbe[4]         9.0     671444.7880     4.5435   6.598E+02    95     0    958
3d3(4F)6p_3Do[2]          5.0     671455.6770     4.5432   6.599E+02    94     0    959
3d3(4F)5g_5Ie[8]         17.0     671493.3390     4.5421   6.600E+02    95     0    960
3d3(4P)6s_5Pe[2]          5.0     671516.0140     4.5414   6.601E+02    95     0    961
3d3(4F)5g_3Ie[7]         15.0     671529.9680     4.5410   6.602E+02    92     0    962
3d3(4F)5g_5Ge[5]         11.0     671530.6170     4.5409   6.602E+02    95     0    963
3d3(4F)5g_3Ge[4]          9.0     671537.9420     4.5407   6.602E+02    92     0    964
3d3(4F)5f_3Ho[6]         13.0     671564.1120     4.5399   6.603E+02    94     0    965
3d3(4F)5g_5Hbe[6]        13.0     671588.0660     4.5392   6.604E+02    95     0    966
3d3(4F)6p_5Do[4]          9.0     671592.4190     4.5391   6.605E+02    93     0    967
3d3(4F)5g_5He[7]         15.0     671601.1010     4.5388   6.605E+02    95     0    968
3d3(4F)6p_5Go[6]         13.0     671615.0100     4.5384   6.606E+02    93     0    969
3d3(4F)5g_3Gbe[5]        11.0     671626.1370     4.5381   6.606E+02    92     0    970
3d3(4F)5g_3He[6]         13.0     671653.9130     4.5372   6.607E+02    92     0    971
3d3(4F)5f_3Go[4]          9.0     671701.1230     4.5358   6.609E+02    94     0    972
3d3(4F)6p_5Fo[5]         11.0     671806.0420     4.5327   6.614E+02    93     0    973
3d3(4F)6p_3Fo[3]          7.0     671806.4840     4.5327   6.614E+02    94     0    974
3d3(4F)5f_3Go[5]         11.0     672211.0360     4.5205   6.632E+02    94     0    975
3d3(4P)6s_3Pe[0]          1.0     672338.6570     4.5167   6.637E+02    96     0    976
3d3(4P)6s_5Pe[3]          7.0     672443.0020     4.5136   6.642E+02    95     0    977
3d3(4P)6s_3Pe[1]          3.0     672499.6460     4.5119   6.645E+02    96     0    978
3d3(4F)6p_3Do[3]          7.0     672655.4920     4.5072   6.651E+02    94     0    979
3d3(4F)6p_3Go[5]         11.0     672698.0190     4.5059   6.653E+02    94     0    980
3d3(4F)6p_3Fo[4]          9.0     673203.6170     4.4908   6.676E+02    94     0    981
3d3(4P)6s_3Pe[2]          5.0     673481.3200     4.4825   6.688E+02    96     0    982
3d3(2G)6s_3Ge[3]          7.0     673726.3490     4.4751   6.699E+02    96     0    983
3d3(2G)6s_3Ge[4]          9.0     673899.9470     4.4699   6.707E+02    96     0    984
3d3(2G)6s_3Ge[5]         11.0     674659.8020     4.4471   6.741E+02    96     0    985
3d2(3F)4s4p_5Go[2]        5.0     674890.3630     4.4402   6.752E+02    93     0    986
3d3(2G)6s_1Ge[4]          9.0     675027.1120     4.4361   6.758E+02    97     0    987
3d2(3F)4s4p_5Go[3]        7.0     675814.4480     4.4125   6.794E+02    93     0    988
3d3(2F)5d_1He[5]         11.0     676541.8010     4.3907   6.828E+02    97     0    989
3d3(2F)5d_1Pe[1]          3.0     676614.0260     4.3885   6.831E+02    97     0    990
3d2(3F)4s4p_5Fo[1]        3.0     676616.9140     4.3885   6.831E+02    93     0    991
3d3(2F)5d_3He[6]         13.0     676881.5290     4.3805   6.844E+02    96     0    992
3d3(2F)5d_3He[5]         11.0     677035.8280     4.3759   6.851E+02    96     0    993
3d3(2F)5d_3He[4]          9.0     677056.0680     4.3753   6.852E+02    96     0    994
3d2(3F)4s4p_5Go[4]        9.0     677059.6910     4.3752   6.852E+02    93     0    995
3d3(2F)5d_3De[3]          7.0     677131.2280     4.3730   6.855E+02    96     0    996
3d2(3F)4s4p_5Fo[2]        5.0     677160.7100     4.3722   6.857E+02    93     0    997
3d3(2F)5d_3De[2]          5.0     677247.0050     4.3696   6.861E+02    96     0    998
3d3(2F)5d_3Ge[5]         11.0     677282.6410     4.3685   6.863E+02    96     0    999
3d3(2F)5d_3Ge[4]          9.0     677287.2350     4.3684   6.863E+02    96     0   1000
