     37      1.097E+09      0.000E+00     -100.0000
     38      7.781E+09      0.000E+00     -100.0000
     39      3.069E+09      0.000E+00     -100.0000
     42      2.010E+09      0.000E+00     -100.0000
     43      5.597E+09      0.000E+00     -100.0000
     45      6.834E+09      0.000E+00     -100.0000
     46      2.201E+09      0.000E+00     -100.0000
     47      2.279E+09      0.000E+00     -100.0000
     48      2.544E+09      0.000E+00     -100.0000
     49      1.282E+09      0.000E+00     -100.0000
     50      2.698E+09      0.000E+00     -100.0000
     51      5.037E+09      0.000E+00     -100.0000
     52      4.652E+09      0.000E+00     -100.0000
     53      6.657E+09      0.000E+00     -100.0000
     54      6.820E+09      0.000E+00     -100.0000
     55      6.746E+09      0.000E+00     -100.0000
     56      5.882E+09      0.000E+00     -100.0000
     58      5.877E+09      0.000E+00     -100.0000
     59      4.893E+09      0.000E+00     -100.0000
     60      4.201E+09      0.000E+00     -100.0000
     61      7.335E+09      0.000E+00     -100.0000
     62      3.343E+09      0.000E+00     -100.0000
     63      5.706E+09      0.000E+00     -100.0000
     64      5.598E+09      0.000E+00     -100.0000
     65      6.583E+09      0.000E+00     -100.0000
     66      3.296E+09      0.000E+00     -100.0000
     67      5.981E+09      0.000E+00     -100.0000
     68      8.714E+09      0.000E+00     -100.0000
     69      3.153E+09      0.000E+00     -100.0000
     70      5.217E+09      0.000E+00     -100.0000
     71      3.672E+09      0.000E+00     -100.0000
     72      4.348E+09      0.000E+00     -100.0000
     73      5.691E+09      0.000E+00     -100.0000
     74      5.395E+09      0.000E+00     -100.0000
     75      6.371E+09      0.000E+00     -100.0000
     76      7.805E+09      0.000E+00     -100.0000
     77      8.341E+09      0.000E+00     -100.0000
     78      7.689E+09      0.000E+00     -100.0000
     79      2.750E+09      0.000E+00     -100.0000
     80      3.859E+09      0.000E+00     -100.0000
     81      2.445E+09      0.000E+00     -100.0000
     82      5.667E+09      0.000E+00     -100.0000
     83      8.245E+09      0.000E+00     -100.0000
     84      8.879E+09      0.000E+00     -100.0000
     85      7.774E+09      0.000E+00     -100.0000
     86      5.907E+09      0.000E+00     -100.0000
     87      6.262E+09      0.000E+00     -100.0000
     88      1.097E+10      0.000E+00     -100.0000
     89      7.939E+09      0.000E+00     -100.0000
     90      7.062E+09      0.000E+00     -100.0000
     91      6.999E+09      0.000E+00     -100.0000
     92      2.623E+04      0.000E+00     -100.0000
     93      4.448E+09      0.000E+00     -100.0000
     94      2.219E+09      0.000E+00     -100.0000
     95      5.923E+09      0.000E+00     -100.0000
     96      6.484E+09      0.000E+00     -100.0000
     97      4.328E+09      0.000E+00     -100.0000
     98      4.657E+09      0.000E+00     -100.0000
     99      2.383E+09      0.000E+00     -100.0000
    100      7.830E+09      0.000E+00     -100.0000
    101      4.851E+09      0.000E+00     -100.0000
    102      2.972E+09      0.000E+00     -100.0000
    103      6.257E+09      0.000E+00     -100.0000
    104      2.136E+09      0.000E+00     -100.0000
    105      8.921E+09      0.000E+00     -100.0000
    106      3.081E+09      0.000E+00     -100.0000
    107      8.452E+09      0.000E+00     -100.0000
    108      3.322E+09      0.000E+00     -100.0000
    109      5.562E+09      0.000E+00     -100.0000
    110      8.771E+09      0.000E+00     -100.0000
    111      7.951E+09      0.000E+00     -100.0000
    112      4.120E+09      0.000E+00     -100.0000
    113      9.025E+09      0.000E+00     -100.0000
    114      4.510E+09      0.000E+00     -100.0000
    115      4.743E+09      0.000E+00     -100.0000
    116      4.783E+09      0.000E+00     -100.0000
    117      4.861E+09      0.000E+00     -100.0000
    118      4.202E+09      0.000E+00     -100.0000
    119      4.604E+09      0.000E+00     -100.0000
    120      4.756E+09      0.000E+00     -100.0000
    121      4.885E+09      0.000E+00     -100.0000
    122      4.474E+09      0.000E+00     -100.0000
    123      4.563E+09      0.000E+00     -100.0000
    124      8.738E+09      0.000E+00     -100.0000
    125      4.737E+09      0.000E+00     -100.0000
    126      4.382E+09      0.000E+00     -100.0000
    127      4.556E+09      0.000E+00     -100.0000
    128      4.607E+09      0.000E+00     -100.0000
    129      4.378E+09      0.000E+00     -100.0000
    130      4.575E+09      0.000E+00     -100.0000
    131      4.211E+09      0.000E+00     -100.0000
    132      4.728E+09      0.000E+00     -100.0000
    133      4.786E+09      0.000E+00     -100.0000
    134      4.646E+09      0.000E+00     -100.0000
    135      4.596E+09      0.000E+00     -100.0000
    136      4.734E+09      0.000E+00     -100.0000
    137      4.611E+09      0.000E+00     -100.0000
    138      4.551E+09      0.000E+00     -100.0000
    139      4.597E+09      0.000E+00     -100.0000
    140      4.482E+09      0.000E+00     -100.0000
    141      4.744E+09      0.000E+00     -100.0000
    142      4.601E+09      0.000E+00     -100.0000
    143      4.463E+09      0.000E+00     -100.0000
    144      4.686E+09      0.000E+00     -100.0000
    145      4.452E+09      0.000E+00     -100.0000
    146      4.744E+09      0.000E+00     -100.0000
    147      4.778E+09      0.000E+00     -100.0000
    148      5.034E+09      0.000E+00     -100.0000
    149      4.677E+09      0.000E+00     -100.0000
    150      4.804E+09      0.000E+00     -100.0000
    151      4.599E+09      0.000E+00     -100.0000
    152      4.534E+09      0.000E+00     -100.0000
    153      4.320E+09      0.000E+00     -100.0000
    154      5.164E+09      0.000E+00     -100.0000
    155      4.420E+09      0.000E+00     -100.0000
    156      4.680E+09      0.000E+00     -100.0000
    157      4.694E+09      0.000E+00     -100.0000
    158      4.651E+09      0.000E+00     -100.0000
    159      4.945E+09      0.000E+00     -100.0000
    160      4.940E+09      0.000E+00     -100.0000
    161      4.940E+09      0.000E+00     -100.0000
    162      5.028E+09      0.000E+00     -100.0000
    163      5.114E+09      0.000E+00     -100.0000
    164      4.659E+09      0.000E+00     -100.0000
    165      4.642E+09      0.000E+00     -100.0000
    166      4.790E+09      0.000E+00     -100.0000
    167      4.954E+09      0.000E+00     -100.0000
    168      4.737E+09      0.000E+00     -100.0000
    169      4.761E+09      0.000E+00     -100.0000
    170      4.721E+09      0.000E+00     -100.0000
    171      4.677E+09      0.000E+00     -100.0000
    172      4.672E+09      0.000E+00     -100.0000
    173      4.791E+09      0.000E+00     -100.0000
    174      4.521E+09      0.000E+00     -100.0000
    175      4.965E+09      0.000E+00     -100.0000
    176      5.541E+09      0.000E+00     -100.0000
    177      4.841E+09      0.000E+00     -100.0000
    178      4.734E+09      0.000E+00     -100.0000
    179      5.001E+09      0.000E+00     -100.0000
    180      7.648E+09      0.000E+00     -100.0000
    181      5.206E+09      0.000E+00     -100.0000
    182      5.198E+09      0.000E+00     -100.0000
    183      4.781E+09      0.000E+00     -100.0000
    184      7.216E+09      0.000E+00     -100.0000
    185      4.991E+09      0.000E+00     -100.0000
    186      6.770E+09      0.000E+00     -100.0000
    187      4.988E+09      0.000E+00     -100.0000
    188      5.505E+09      0.000E+00     -100.0000
    189      7.721E+09      0.000E+00     -100.0000
    190      5.150E+09      0.000E+00     -100.0000
    191      6.137E+09      0.000E+00     -100.0000
    192      5.116E+09      0.000E+00     -100.0000
    193      5.652E+09      0.000E+00     -100.0000
    194      4.589E+10      0.000E+00     -100.0000
    195      3.448E+11      0.000E+00     -100.0000
    196      5.496E+09      0.000E+00     -100.0000
    197      5.646E+09      0.000E+00     -100.0000
    198      4.852E+09      0.000E+00     -100.0000
    199      2.644E+09      0.000E+00     -100.0000
    200      1.921E+12      0.000E+00     -100.0000
    201      5.306E+09      0.000E+00     -100.0000
    202      5.164E+09      0.000E+00     -100.0000
    203      5.005E+09      0.000E+00     -100.0000
    204      5.716E+09      0.000E+00     -100.0000
    205      2.373E+13      0.000E+00     -100.0000
    206      5.965E+09      0.000E+00     -100.0000
    207      6.074E+09      0.000E+00     -100.0000
    208      5.028E+09      0.000E+00     -100.0000
    209      4.239E+13      0.000E+00     -100.0000
    210      5.446E+09      0.000E+00     -100.0000
    211      5.339E+09      0.000E+00     -100.0000
    212      6.751E+09      0.000E+00     -100.0000
    213      5.250E+09      0.000E+00     -100.0000
    214      5.695E+09      0.000E+00     -100.0000
    215      5.112E+09      0.000E+00     -100.0000
    216      4.930E+09      0.000E+00     -100.0000
    217      4.838E+09      0.000E+00     -100.0000
    218      4.898E+09      0.000E+00     -100.0000
    219      4.932E+09      0.000E+00     -100.0000
    220      5.581E+09      0.000E+00     -100.0000
    221      5.466E+09      0.000E+00     -100.0000
    222      7.270E+09      0.000E+00     -100.0000
    223      4.408E+09      0.000E+00     -100.0000
    224      3.324E+09      0.000E+00     -100.0000
    225      1.016E+10      0.000E+00     -100.0000
    226      5.285E+09      0.000E+00     -100.0000
    227      4.962E+09      0.000E+00     -100.0000
    228      4.881E+09      0.000E+00     -100.0000
    229      5.380E+09      0.000E+00     -100.0000
    230      1.317E+10      0.000E+00     -100.0000
    231      5.119E+09      0.000E+00     -100.0000
    232      5.032E+09      0.000E+00     -100.0000
    233      3.333E+10      0.000E+00     -100.0000
    234      6.121E+09      0.000E+00     -100.0000
    235      5.711E+09      0.000E+00     -100.0000
    236      2.029E+10      0.000E+00     -100.0000
    237      3.326E+09      0.000E+00     -100.0000
    238      5.193E+09      0.000E+00     -100.0000
    239      5.190E+09      0.000E+00     -100.0000
    240      2.725E+10      0.000E+00     -100.0000
    241      5.141E+09      0.000E+00     -100.0000
    242      1.672E+09      0.000E+00     -100.0000
    243      6.268E+10      0.000E+00     -100.0000
    244      6.267E+09      0.000E+00     -100.0000
    245      1.627E+10      0.000E+00     -100.0000
    246      3.109E+10      0.000E+00     -100.0000
    247      6.418E+09      0.000E+00     -100.0000
    248      5.143E+09      0.000E+00     -100.0000
    249      5.988E+09      0.000E+00     -100.0000
    250      5.297E+09      0.000E+00     -100.0000
    251      2.995E+10      0.000E+00     -100.0000
    252      6.036E+09      0.000E+00     -100.0000
    253      6.047E+09      0.000E+00     -100.0000
    254      5.403E+09      0.000E+00     -100.0000
    255      5.166E+09      0.000E+00     -100.0000
    256      1.103E+11      0.000E+00     -100.0000
    257      9.016E+10      0.000E+00     -100.0000
    258      1.767E+09      0.000E+00     -100.0000
    259      1.464E+11      0.000E+00     -100.0000
    260      6.732E+12      0.000E+00     -100.0000
    261      8.604E+11      0.000E+00     -100.0000
    262      6.425E+09      0.000E+00     -100.0000
    263      3.159E+09      0.000E+00     -100.0000
    264      2.605E+09      0.000E+00     -100.0000
    265      1.229E+11      0.000E+00     -100.0000
    266      3.785E+10      0.000E+00     -100.0000
    267      4.434E+11      0.000E+00     -100.0000
    268      7.824E+10      0.000E+00     -100.0000
    269      5.357E+11      0.000E+00     -100.0000
    270      4.024E+09      0.000E+00     -100.0000
    271      2.475E+09      0.000E+00     -100.0000
    272      2.548E+10      0.000E+00     -100.0000
    273      5.263E+09      0.000E+00     -100.0000
    274      1.063E+12      0.000E+00     -100.0000
    275      8.111E+11      0.000E+00     -100.0000
    276      1.437E+12      0.000E+00     -100.0000
    277      4.395E+10      0.000E+00     -100.0000
    278      4.229E+11      0.000E+00     -100.0000
    279      2.714E+09      0.000E+00     -100.0000
    280      1.090E+08      0.000E+00     -100.0000
    281      2.580E+12      0.000E+00     -100.0000
    282      2.795E+09      0.000E+00     -100.0000
    283      6.983E+09      0.000E+00     -100.0000
    284      1.875E+11      0.000E+00     -100.0000
    285      7.095E+07      0.000E+00     -100.0000
    286      3.319E+09      0.000E+00     -100.0000
    287      3.433E+09      0.000E+00     -100.0000
    288      5.920E+09      0.000E+00     -100.0000
    289      1.127E+10      0.000E+00     -100.0000
    290      1.117E+09      0.000E+00     -100.0000
    291      3.165E+09      0.000E+00     -100.0000
    292      1.029E+10      0.000E+00     -100.0000
    293      1.094E+10      0.000E+00     -100.0000
    294      9.002E+09      0.000E+00     -100.0000
    295      6.534E+09      0.000E+00     -100.0000
    296      5.153E+09      0.000E+00     -100.0000
    297      5.186E+09      0.000E+00     -100.0000
    298      3.003E+09      0.000E+00     -100.0000
    299      1.331E+09      0.000E+00     -100.0000
    300      1.134E+10      0.000E+00     -100.0000
    301      1.073E+10      0.000E+00     -100.0000
    302      1.629E+10      0.000E+00     -100.0000
    303      1.314E+09      0.000E+00     -100.0000
    304      1.750E+10      0.000E+00     -100.0000
    305      2.826E+09      0.000E+00     -100.0000
    306      1.103E+10      0.000E+00     -100.0000
    307      8.748E+09      0.000E+00     -100.0000
    308      5.456E+09      0.000E+00     -100.0000
    309      1.303E+10      0.000E+00     -100.0000
    310      5.025E+09      0.000E+00     -100.0000
    311      1.401E+10      0.000E+00     -100.0000
    312      5.386E+09      0.000E+00     -100.0000
    313      1.238E+10      0.000E+00     -100.0000
    314      1.429E+10      0.000E+00     -100.0000
    315      1.451E+08      0.000E+00     -100.0000
    316      1.094E+10      0.000E+00     -100.0000
    317      2.925E+09      0.000E+00     -100.0000
    318      5.875E+09      0.000E+00     -100.0000
    319      4.587E+09      0.000E+00     -100.0000
    320      7.073E+09      0.000E+00     -100.0000
    321      5.547E+09      0.000E+00     -100.0000
    322      8.270E+09      0.000E+00     -100.0000
    323      9.373E+09      0.000E+00     -100.0000
    324      5.109E+09      0.000E+00     -100.0000
    325      2.449E+09      0.000E+00     -100.0000
    326      8.244E+09      0.000E+00     -100.0000
    327      5.064E+09      0.000E+00     -100.0000
    328      1.300E+10      0.000E+00     -100.0000
    329      1.375E+09      0.000E+00     -100.0000
    330      9.980E+09      0.000E+00     -100.0000
    331      1.370E+09      0.000E+00     -100.0000
    332      1.442E+10      0.000E+00     -100.0000
    333      1.290E+10      0.000E+00     -100.0000
    334      1.123E+10      0.000E+00     -100.0000
    335      9.824E+09      0.000E+00     -100.0000
    336      1.472E+10      0.000E+00     -100.0000
    337      1.686E+10      0.000E+00     -100.0000
    338      4.132E+09      0.000E+00     -100.0000
    339      2.075E+10      0.000E+00     -100.0000
    340      8.619E+09      0.000E+00     -100.0000
    341      6.015E+09      0.000E+00     -100.0000
    342      9.639E+09      0.000E+00     -100.0000
    343      1.301E+10      0.000E+00     -100.0000
    344      1.992E+10      0.000E+00     -100.0000
    345      8.059E+09      0.000E+00     -100.0000
    346      1.218E+10      0.000E+00     -100.0000
    347      2.854E+10      0.000E+00     -100.0000
    348      1.130E+10      0.000E+00     -100.0000
    349      1.393E+10      0.000E+00     -100.0000
    350      8.747E+09      0.000E+00     -100.0000
    351      1.315E+10      0.000E+00     -100.0000
    352      2.260E+10      0.000E+00     -100.0000
    353      3.155E+07      0.000E+00     -100.0000
    354      5.685E+09      0.000E+00     -100.0000
    355      5.641E+07      0.000E+00     -100.0000
    356      1.726E+09      0.000E+00     -100.0000
    357      3.474E+09      0.000E+00     -100.0000
    358      1.839E+09      0.000E+00     -100.0000
    359      4.142E+09      0.000E+00     -100.0000
    360      5.007E+09      0.000E+00     -100.0000
    361      1.221E+10      0.000E+00     -100.0000
    362      1.835E+09      0.000E+00     -100.0000
    363      1.509E+10      0.000E+00     -100.0000
    364      1.325E+10      0.000E+00     -100.0000
    365      1.176E+10      0.000E+00     -100.0000
    366      1.097E+10      0.000E+00     -100.0000
    367      1.909E+10      0.000E+00     -100.0000
    368      1.435E+10      0.000E+00     -100.0000
    369      1.693E+10      0.000E+00     -100.0000
    370      9.494E+09      0.000E+00     -100.0000
    371      1.154E+10      0.000E+00     -100.0000
    372      2.171E+10      0.000E+00     -100.0000
    373      1.759E+10      0.000E+00     -100.0000
    374      2.149E+10      0.000E+00     -100.0000
    375      2.077E+09      0.000E+00     -100.0000
    376      2.277E+10      0.000E+00     -100.0000
    377      4.116E+09      0.000E+00     -100.0000
    378      2.905E+09      0.000E+00     -100.0000
    379      5.249E+09      0.000E+00     -100.0000
    380      6.468E+09      0.000E+00     -100.0000
    381      3.734E+09      0.000E+00     -100.0000
    382      2.962E+09      0.000E+00     -100.0000
    383      6.988E+09      0.000E+00     -100.0000
    384      6.002E+09      0.000E+00     -100.0000
    385      3.312E+09      0.000E+00     -100.0000
    386      3.538E+09      0.000E+00     -100.0000
    387      7.253E+09      0.000E+00     -100.0000
    388      9.038E+09      0.000E+00     -100.0000
    389      1.257E+10      0.000E+00     -100.0000
    390      1.634E+10      0.000E+00     -100.0000
    391      8.166E+09      0.000E+00     -100.0000
    392      7.951E+09      0.000E+00     -100.0000
