                                                                                
********************************************************************************
                                                                                
                 Energy Levels and statistical weights for Mg I                 
	Super level assignments:
	   Lower level bsed on terms
	   Upper levels based on " l " values.                                                                               
                                                                                
********************************************************************************
                                                                                
19-May-1998                            !Date
152                                    !Number of energy levels
6                                      !Entry number of link to super level
  
3s21Se[0]                       1.0          0.0000     1.8489   1.622E+03     1     0      1
3s3p3Po[0]                      1.0      21850.4050     1.1938   2.511E+03     2     0      2
3s3p3Po[1]                      3.0      21870.4640     1.1932   2.513E+03     2     0      3
3s3p3Po[2]                      5.0      21911.1780     1.1920   2.515E+03     2     0      4
3s3p1Po[1]                      3.0      35051.2640     0.7980   3.757E+03     3     0      5
3s4s3Se[1]                      3.0      41197.4030     0.6138   4.884E+03     4     0      6
3s4s1Se[0]                      1.0      43503.3330     0.5447   5.504E+03     5     0      7
3s3d1De[2]                      5.0      46403.0650     0.4577   6.550E+03     6     0      8
3s4p3Po[0]                      1.0      47841.1190     0.4146   7.231E+03     7     0      9
3s4p3Po[1]                      3.0      47844.4140     0.4145   7.232E+03     7     0     10
3s4p3Po[2]                      5.0      47851.1620     0.4143   7.236E+03     7     0     11
3s3d3De[2]                      5.0      47957.0270     0.4111   7.292E+03     8     0     12
3s3d3De[3]                      7.0      47957.0450     0.4111   7.292E+03     8     0     13
3s3d3De[1]                      3.0      47957.0580     0.4111   7.292E+03     8     0     14
3s4p1Po[1]                      3.0      49346.7290     0.3695   8.114E+03     9     0     15
3s5s3Se[1]                      3.0      51872.5260     0.2938   1.021E+04    10     0     16
3s5s1Se[0]                      1.0      52556.2060     0.2733   1.097E+04    11     0     17
3s4d1De[2]                      5.0      53134.6420     0.2559   1.171E+04    12     0     18
3s4d3De[3]                      7.0      54192.2560     0.2242   1.337E+04    13     0     19
3s4d3De[2]                      5.0      54192.2940     0.2242   1.337E+04    13     0     20
3s4d3De[1]                      3.0      54192.3350     0.2242   1.337E+04    13     0     21
3s5p3Po[0]                      1.0      54248.8090     0.2225   1.347E+04    14     0     22
3s5p3Po[1]                      3.0      54250.0860     0.2225   1.348E+04    14     0     23
3s5p3Po[2]                      5.0      54252.7260     0.2224   1.348E+04    14     0     24
3s4f1Fo[3]                      7.0      54676.4380     0.2097   1.430E+04    15     0     25
3s4f3Fo[2]                      5.0      54676.6540     0.2097   1.430E+04    16     0     26
3s4f3Fo[3]                      7.0      54676.7010     0.2097   1.430E+04    16     0     27
3s4f3Fo[4]                      9.0      54676.7550     0.2097   1.430E+04    16     0     28
3s5p1Po[1]                      3.0      54706.5360     0.2088   1.436E+04    17     0     29
3s6s3Se[1]                      3.0      55891.8000     0.1733   1.730E+04    18     0     30
3s6s1Se[0]                      1.0      56186.8730     0.1644   1.823E+04    19     0     31
3s5d1De[2]                      5.0      56308.3810     0.1608   1.865E+04    20     0     32
3s5d3De[3]                      7.0      56968.2180     0.1410   2.126E+04    21     0     33
3s5d3De[2]                      5.0      56968.2480     0.1410   2.126E+04    21     0     34
3s5d3De[1]                      3.0      56968.2710     0.1410   2.126E+04    21     0     35
3s6p3Po[0]                      1.0      57017.0780     0.1395   2.149E+04    22     0     36
3s6p3Po[1]                      3.0      57017.7240     0.1395   2.149E+04    22     0     37
3s6p3Po[2]                      5.0      57019.0250     0.1395   2.150E+04    22     0     38
3s5f1Fo[3]                      7.0      57204.1630     0.1339   2.239E+04    23     0     39
3s5f3Fo[2]                      5.0      57204.2280     0.1339   2.239E+04    24     0     40
3s5f3Fo[3]                      7.0      57204.2670     0.1339   2.239E+04    24     0     41
3s5f3Fo[4]                      9.0      57204.3050     0.1339   2.239E+04    24     0     42
3s6p1Po                         3.0      57214.9920     0.1336   2.244E+04    25     0     43
3s5g3Ge                        27.0      57262.2793     0.1322   2.268E+04    26     0     44
3s5g1Ge                         9.0      57262.7600     0.1322   2.268E+04    27     0     45
3p23Pe                          9.0      57840.0370     0.1149   2.610E+04    28     0     46
3s7s3Se                         3.0      57855.2140     0.1144   2.621E+04    29     0     47
3s7s1Se                         1.0      58009.4100     0.1098   2.731E+04    30     0     48
3s6d1De                         5.0      58023.2460     0.1094   2.741E+04    31     0     49
3s6d3De                        15.0      58442.8570     0.0968   3.098E+04    32     0     50
3s7p3Po                         9.0      58477.1560     0.0958   3.131E+04    33     0     51
3s6f1Fo                         7.0      58575.4770     0.0928   3.230E+04    34     0     52
3s6f3Fo                        21.0      58575.5270     0.0928   3.230E+04    34     0     53
3s7p1Po                         3.0      58580.2300     0.0927   3.235E+04    35     0     54
3s6g1Ge                         9.0      58610.7950     0.0917   3.268E+04    36     0     55
3s6g3Ge                        27.0      58611.6526     0.0917   3.269E+04    36     0     56
3s6z1Z                         11.0      58622.8601     0.0914   3.281E+04    37     0     57
3s6z3Z                         33.0      58622.8601     0.0914   3.281E+04    37     0     58
3s8s3Se                         3.0      58962.7390     0.0812   3.692E+04    29     0     59
3s7d1De                         5.0      59041.0190     0.0788   3.802E+04    31     0     60
3s8s1Se                         1.0      59053.5200     0.0785   3.820E+04    30     0     61
3s7d3De                        15.0      59318.7770     0.0705   4.251E+04    32     0     62
3s8p3Po                         9.0      59342.5100     0.0698   4.295E+04    33     0     63
3s7f3Fo                        21.0      59400.7630     0.0681   4.405E+04    34     0     64
3s7f1Fo                         7.0      59401.8376     0.0680   4.407E+04    34     0     65
3s8p1Po                         3.0      59403.1800     0.0680   4.409E+04    35     0     66
3s7g1Ge                         9.0      59423.5370     0.0674   4.449E+04    36     0     67
3s7g3Ge                        27.0      59424.5085     0.0673   4.451E+04    36     0     68
3s7z3Z                         72.0      59431.5636     0.0671   4.465E+04    37     0     69
3s7z1Z                         24.0      59431.5636     0.0671   4.465E+04    37     0     70
3s9s3Se                         3.0      59649.1500     0.0606   4.946E+04    29     0     71
3s8d1De                         5.0      59689.9910     0.0594   5.048E+04    31     0     72
3s9s1Se                         1.0      59707.1100     0.0589   5.092E+04    30     0     73
3s8d3De                        15.0      59881.1820     0.0537   5.587E+04    32     0     74
3s9p3Po                         9.0      59897.8600     0.0532   5.640E+04    33     0     75
3s8f3Fo                        21.0      59935.3700     0.0520   5.761E+04    34     0     76
3s8f1Fo                         7.0      59936.5538     0.0520   5.765E+04    34     0     77
3s9p1Po                         3.0      59936.6300     0.0520   5.766E+04    35     0     78
3s8g1Ge                         9.0      59950.8700     0.0516   5.813E+04    36     0     79
3s8g3Ge                        27.0      59951.7183     0.0515   5.816E+04    36     0     80
3s8z3Z                        117.0      59956.4432     0.0514   5.832E+04    37     0     81
3s8z1Z                         39.0      59956.4432     0.0514   5.832E+04    37     0     82
3s10s3Se                        3.0      60104.0000     0.0470   6.381E+04    29     0     83
3s9d1De                         5.0      60127.2390     0.0463   6.477E+04    31     0     84
3s10s1Se                        1.0      60143.2300     0.0458   6.545E+04    30     0     85
3s9d3De                        15.0      60263.5830     0.0422   7.105E+04    32     0     86
3s9f3Fo                        21.0      60301.2830     0.0411   7.301E+04    34     0     87
3s10p1Po                        3.0      60302.3000     0.0410   7.306E+04    35     0     88
3s10p3Po                        9.0      60302.3435     0.0410   7.306E+04    33     0     89
3s9f1Fo                         7.0      60302.3435     0.0410   7.306E+04    34     0     90
3s9g1Ge                         9.0      60312.6790     0.0407   7.362E+04    36     0     91
3s9g3Ge                        27.0      60312.9812     0.0407   7.363E+04    36     0     92
3s9z3Z                        168.0      60316.2989     0.0406   7.381E+04    37     0     93
3s9z1Z                         56.0      60316.2989     0.0406   7.381E+04    37     0     94
3s11s3Se                        3.0      60420.8700     0.0375   7.999E+04    29     0     95
3s10d1De                        5.0      60435.0990     0.0371   8.091E+04    31     0     96
3s11s1Se                        1.0      60448.7009     0.0366   8.181E+04    30     0     97
3s10d3De                       15.0      60535.3400     0.0340   8.805E+04    32     0     98
3s10f3Fo                       21.0      60562.6370     0.0332   9.022E+04    34     0     99
3s11p1Po                        3.0      60563.3500     0.0332   9.028E+04    35     0    100
3s10f1Fo                        7.0      60563.5359     0.0332   9.029E+04    34     0    101
3s11p3Po                        9.0      60563.5359     0.0332   9.029E+04    33     0    102
3s10g1Ge                        9.0      60571.0633     0.0330   9.091E+04    36     0    103
3s10g3Ge                       27.0      60571.2835     0.0330   9.093E+04    36     0    104
3s10z3Z                       225.0      60573.7016     0.0329   9.113E+04    37     0    105
3s10z1Z                        75.0      60573.7016     0.0329   9.113E+04    37     0    106
3s11d1De                        5.0      60659.6900     0.0303   9.888E+04    31     0    107
3s11d3De                       15.0      60735.3800     0.0281   1.069E+05    32     0    108
3s11f3Fo                       21.0      60755.7640     0.0274   1.093E+05    34     0    109
3s11z3Z                       288.0      60764.1505     0.0272   1.103E+05    37     0    110
3s11z1Z                        96.0      60764.1505     0.0272   1.103E+05    37     0    111
3s11g3Ge                       27.0      60764.1505     0.0272   1.103E+05    36     0    112
3s11g1Ge                        9.0      60764.1505     0.0272   1.103E+05    36     0    113
3s11f1Fo                        7.0      60764.1505     0.0272   1.103E+05    34     0    114
3s12w3W                       432.0      60909.0025     0.0228   1.312E+05    38     0    115
3s12w1W                       144.0      60909.0025     0.0228   1.312E+05    39     0    116
3s13w3W                       507.0      61021.7314     0.0195   1.540E+05    38     0    117
3s13w1W                       169.0      61021.7314     0.0195   1.540E+05    39     0    118
3s14w3W                       588.0      61111.1784     0.0168   1.786E+05    38     0    119
3s14w1W                       196.0      61111.1784     0.0168   1.786E+05    39     0    120
3s15w3W                       675.0      61183.3396     0.0146   2.050E+05    38     0    121
3s15w1W                       225.0      61183.3396     0.0146   2.050E+05    39     0    122
3s16w3W                       768.0      61242.3983     0.0129   2.333E+05    40     0    123
3s16w1W                       256.0      61242.3983     0.0129   2.333E+05    41     0    124
3s17w3W                       867.0      61291.3447     0.0114   2.634E+05    40     0    125
3s17w1W                       289.0      61291.3447     0.0114   2.634E+05    41     0    126
3s18w3W                       972.0      61332.3622     0.0102   2.953E+05    40     0    127
3s18w1W                       324.0      61332.3622     0.0102   2.953E+05    41     0    128
3s19w3W                      1083.0      61367.0754     0.0091   3.290E+05    40     0    129
3s19w1W                       361.0      61367.0754     0.0091   3.290E+05    41     0    130
3s20w3W                      1200.0      61396.7129     0.0082   3.645E+05    40     0    131
3s20w1W                       400.0      61396.7129     0.0082   3.645E+05    41     0    132
3s21w3W                      1323.0      61422.2182     0.0075   4.019E+05    42     0    133
3s21w1W                       441.0      61422.2182     0.0075   4.019E+05    43     0    134
3s22w3W                      1452.0      61444.3251     0.0068   4.411E+05    42     0    135
3s22w1W                       484.0      61444.3251     0.0068   4.411E+05    43     0    136
3s23w3W                      1587.0      61463.6117     0.0062   4.821E+05    42     0    137
3s23w1W                       529.0      61463.6117     0.0062   4.821E+05    43     0    138
3s24w3W                      1728.0      61480.5381     0.0057   5.249E+05    42     0    139
3s24w1W                       576.0      61480.5381     0.0057   5.249E+05    43     0    140
3s25w3W                      1875.0      61495.4743     0.0053   5.696E+05    42     0    141
3s25w1W                       625.0      61495.4743     0.0053   5.696E+05    43     0    142
3s26w3W                      2028.0      61508.7204     0.0049   6.160E+05    44     0    143
3s26w1W                       676.0      61508.7204     0.0049   6.160E+05    45     0    144
3s27w1W                       729.0      61520.5221     0.0045   6.643E+05    45     0    145
3s27w3W                      2187.0      61520.5221     0.0045   6.643E+05    44     0    146
3s28w3W                      2352.0      61531.0821     0.0042   7.144E+05    44     0    147
3s28w1W                       784.0      61531.0821     0.0042   7.144E+05    45     0    148
3s29w3W                      2523.0      61540.5686     0.0039   7.664E+05    44     0    149
3s29w1W                       841.0      61540.5686     0.0039   7.664E+05    45     0    150
3s30w3W                      2700.0      61549.1224     0.0037   8.202E+05    44     0    151
3s30w1W                       900.0      61549.1224     0.0037   8.202E+05    45     0    152
