Level                                    Type       Np          X1          X2          X2
3s10f3Fo                                    2       3   1.0000E+01   3.0000E+00   3.0000E+00
3s10f1Fo                                    2       3   1.0000E+01   3.0000E+00   3.0000E+00
3s11p1Po                                    2       3   1.1000E+01   1.0000E+00   1.0000E+00
3s10g1Ge                                    2       3   1.0000E+01   4.0000E+00   4.0000E+00
3s10g3Ge                                    2       3   1.0000E+01   4.0000E+00   4.0000E+00
3s6z1Z                                      2       3   7.0000E+00   5.0000E+00   5.0000E+00
3s6z3Z                                      2       3   7.0000E+00   5.0000E+00   5.0000E+00
3s7z1Z                                      2       3   7.0000E+00   5.0000E+00   6.0000E+00
3s7z3Z                                      2       3   7.0000E+00   5.0000E+00   6.0000E+00
3s8z1Z                                      2       3   8.0000E+00   5.0000E+00   7.0000E+00
3s8z3Z                                      2       3   8.0000E+00   5.0000E+00   7.0000E+00
3s9z1Z                                      2       3   9.0000E+00   5.0000E+00   8.0000E+00
3s9z3Z                                      2       3   9.0000E+00   5.0000E+00   8.0000E+00
3s10z1Z                                     2       3   1.0000E+01   5.0000E+00   9.0000E+00
3s10z3Z                                     2       3   1.0000E+01   5.0000E+00   9.0000E+00
3s11d1De                                    2       3   1.1000E+01   2.0000E+00   2.0000E+00
3s11d3De                                    2       3   1.1000E+01   2.0000E+00   2.0000E+00
3s11f1Fo                                    2       3   1.1000E+01   3.0000E+00   3.0000E+00
3s11f3Fo                                    2       3   1.1000E+01   3.0000E+00   3.0000E+00
3s11g1Ge                                    2       3   1.1000E+01   4.0000E+00   4.0000E+00
3s11g3Ge                                    2       3   1.1000E+01   4.0000E+00   4.0000E+00
3s11z1Z                                     2       3   1.1000E+01   5.0000E+00   1.0000E+01
3s11z3Z                                     2       3   1.1000E+01   5.0000E+00   1.0000E+01
3s12w1W                                     3       2   1.0000E+00   1.2000E+01
3s12w3W                                     3       2   1.0000E+00   1.2000E+01
3s13w1W                                     3       2   1.0000E+00   1.3000E+01
3s13w3W                                     3       2   1.0000E+00   1.3000E+01
3s14w1W                                     3       2   1.0000E+00   1.4000E+01
3s14w3W                                     3       2   1.0000E+00   1.4000E+01
3s15w1W                                     3       2   1.0000E+00   1.5000E+01
3s15w3W                                     3       2   1.0000E+00   1.5000E+01
3s16w1W                                     3       2   1.0000E+00   1.6000E+01
3s16w3W                                     3       2   1.0000E+00   1.6000E+01
3s17w1W                                     3       2   1.0000E+00   1.3000E+01
3s17w3W                                     3       2   1.0000E+00   1.3000E+01
3s18w1W                                     3       2   1.0000E+00   1.8000E+01
3s18w3W                                     3       2   1.0000E+00   1.8000E+01
3s19w1W                                     3       2   1.0000E+00   1.9000E+01
3s19w3W                                     3       2   1.0000E+00   1.9000E+01
3s20w1W                                     3       2   1.0000E+00   2.0000E+01
3s20w3W                                     3       2   1.0000E+00   2.0000E+01
3s21w1W                                     3       2   1.0000E+00   2.1000E+01
3s21w3W                                     3       2   1.0000E+00   2.1000E+01
3s22w1W                                     3       2   1.0000E+00   2.2000E+01
3s22w3W                                     3       2   1.0000E+00   2.2000E+01
3s23w1W                                     3       2   1.0000E+00   2.3000E+01
3s23w3W                                     3       2   1.0000E+00   2.3000E+01
3s24w1W                                     3       2   1.0000E+00   2.4000E+01
3s24w3W                                     3       2   1.0000E+00   2.4000E+01
3s25w1W                                     3       2   1.0000E+00   2.5000E+01
3s25w3W                                     3       2   1.0000E+00   2.5000E+01
3s26w1W                                     3       2   1.0000E+00   2.6000E+01
3s26w3W                                     3       2   1.0000E+00   2.6000E+01
3s27w1W                                     3       2   1.0000E+00   2.7000E+01
3s27w3W                                     3       2   1.0000E+00   2.7000E+01
3s28w1W                                     3       2   1.0000E+00   2.8000E+01
3s28w3W                                     3       2   1.0000E+00   2.8000E+01
3s29w1W                                     3       2   1.0000E+00   2.9000E+01
3s29w3W                                     3       2   1.0000E+00   2.9000E+01
3s30w1W                                     3       2   1.0000E+00   3.0000E+01
3s30w3W                                     3       2   1.0000E+00   3.0000E+01
3s21Se                                     20     194   2.6260E+00   2.2970E+00   7.3180E-01   2.2710E-01   6.4900E-02
3s3p3Po                                    20     149   1.5360E+01   1.3770E+01   1.3070E+01   1.2830E+01   9.7570E+00
3s3p1Po                                    20     200   7.4590E+01   7.5000E+01   7.5210E+01   7.5420E+01   7.5630E+01
3s4s3Se                                    20     119   4.5620E-01   1.1490E-03   9.2280E-02   6.0920E-01   8.5630E-01
3s4s1Se                                    20     107   3.9570E-01   1.4420E+00   2.8280E+00   5.3300E+00   1.0280E+01
3s3d1De                                    20     156   3.1450E+01   3.0370E+01   2.9280E+01   2.8910E+01   2.8540E+01
3s3d3De                                    20     127   2.1540E+01   1.6590E+01   1.6280E+01   1.1700E+01   1.1460E+01
3s4p3Po                                    20     144   2.4280E+01   2.3400E+01   2.2510E+01   2.1910E+01   2.1600E+01
3s4p1Po                                    20     149   1.9000E+01   1.9780E+01   2.0080E+01   2.0180E+01   2.0830E+01
3s5s3Se                                    20     111   1.4560E+00   1.4490E+00   1.2800E+00   6.5160E-01   3.1100E-01
3s5s1Se                                    20     160   1.1550E-01   7.8420E-02   4.3450E-03   1.1340E-01   2.9060E-01
3s4d1De                                    20     202   3.4080E+01   3.3690E+01   3.3300E+01   3.3100E+01   3.2900E+01
3s5p3Po                                    20     153   3.6060E+01   3.6000E+01   3.3860E+01   3.3510E+01   3.0640E+01
3s4d3De                                    20     134   4.0620E+01   3.6020E+01   3.5560E+01   3.5100E+01   3.4640E+01
3s4f3Fo                                    20     113   2.2760E+01   2.2690E+01   2.0640E+01   1.3520E+01   1.1240E+01
3s4f1Fo                                    20     102   2.3200E+01   2.3130E+01   2.1050E+01   1.4010E+01   1.2990E+01
3s5p1Po                                    20     172   1.1470E+01   1.1640E+01   1.1690E+01   1.1750E+01   1.1860E+01
3s6s3Se                                    20     128   3.9410E+00   3.9270E+00   3.4830E+00   2.1430E+00   1.2880E+00
3s6s1Se                                    20     156   1.4450E+00   1.4370E+00   1.1680E+00   4.2660E-01   9.1080E-02
3s5d1De                                    20     233   2.3920E+01   2.3770E+01   2.3690E+01   2.3540E+01   2.3460E+01
3s5d3De                                    20     146   5.7700E+01   5.7590E+01   5.2820E+01   4.5510E+01   4.5040E+01
3s6p3Po                                    20     143   5.3240E+01   4.8920E+01   4.8380E+01   4.0410E+01   3.6610E+01
3s5f3Fo                                    20     118   4.9990E+01   4.3950E+01   4.3290E+01   3.4340E+01   3.3810E+01
3s5f1Fo                                    20     120   5.0270E+01   4.4180E+01   4.3510E+01   3.4490E+01   3.3960E+01
3s6p1Po                                    20     211   9.6580E+00   9.6610E+00   9.7230E+00   9.7320E+00   9.8040E+00
3s5g3Ge                                    20      98   2.9310E-01   2.6630E-01   2.6200E-01   2.5340E-01   2.0060E-01
3s5g1Ge                                    20     108   2.9940E-01   2.5620E-01   2.5190E-01   1.9910E-01   1.9590E-01
3p23Pe                                     20     321   1.1060E-03   1.1190E-03   1.1260E-03   1.1330E-03   1.1390E-03
3s7s3Se                                    20     132   6.0990E+00   6.0810E+00   5.5210E+00   5.4290E+00   5.2440E+00
3s6d1De                                    20     249   1.5950E+01   1.5780E+01   1.5700E+01   1.5080E+01   1.5030E+01
3s7s1Se                                    20     184   3.0950E+00   2.4620E+00   2.4010E+00   2.2760E+00   2.2140E+00
3s6d3De                                    20     159   7.2420E+01   6.5810E+01   6.3820E+01   6.2480E+01   6.1810E+01
3s7p3Po                                    20     163   6.9150E+01   6.2550E+01   6.0570E+01   5.8560E+01   5.7880E+01
3s6f3Fo                                    20     147   7.2450E+01   7.2290E+01   6.7250E+01   6.6420E+01   6.3070E+01
3s6f1Fo                                    20     139   7.3850E+01   6.5400E+01   6.2880E+01   6.0330E+01   5.8600E+01
3s7p1Po                                    20     259   9.7610E+00   9.7570E+00   9.6380E+00   9.6190E+00   9.4190E+00
3s6g3Ge                                    20     141   8.4500E-01   8.4280E-01   7.7340E-01   7.6200E-01   7.1580E-01
3s6g1Ge                                    20     139   8.4010E-01   8.3800E-01   7.6880E-01   7.5740E-01   7.1140E-01
3s8s3Se                                    20     142   8.9350E+00   7.7570E+00   6.9460E+00   6.5900E+00   6.4690E+00
3s7d1De                                    20     272   1.2410E+01   1.2400E+01   1.2140E+01   1.2100E+01   1.1760E+01
3s8s1Se                                    20     176   4.7640E+00   4.7490E+00   4.2810E+00   4.2040E+00   3.9720E+00
3s7d3De                                    20     173   8.4730E+01   8.4600E+01   8.0240E+01   7.9530E+01   7.3690E+01
3s8p3Po                                    20     173   8.5980E+01   7.8190E+01   7.1200E+01   6.7180E+01   6.6360E+01
3s7f3Fo                                    20     160   9.5960E+01   9.5780E+01   8.9930E+01   8.8970E+01   7.9110E+01
3s7f1Fo                                    20     160   9.6860E+01   8.7010E+01   7.8210E+01   7.6200E+01   7.5190E+01
3s8p1Po                                    20     270   1.0910E+01   1.0900E+01   1.0560E+01   1.0500E+01   1.0030E+01
3s7g3Ge                                    20     139   1.8680E+00   1.6350E+00   1.3840E+00   1.2900E+00   1.2660E+00
3s7g1Ge                                    20     157   1.8080E+00   1.8040E+00   1.6700E+00   1.6480E+00   1.4690E+00
3s9s3Se                                    20     154   1.1720E+01   1.1700E+01   1.0880E+01   1.0740E+01   9.5060E+00
3s8d1De                                    20     292   1.2770E+01   1.1940E+01   1.1230E+01   1.1070E+01   1.0900E+01
3s9s1Se                                    20     198   7.0990E+00   6.1010E+00   5.3450E+00   5.2480E+00   5.1510E+00
3s8d3De                                    20     183   1.0040E+02   9.2360E+01   8.6010E+01   8.4380E+01   8.3560E+01
3s9p3Po                                    20     172   1.0400E+02   9.5060E+01   8.7190E+01   8.6300E+01   8.5390E+01
3s8f3Fo                                    20     161   1.2220E+02   1.1090E+02   1.0210E+02   1.0090E+02   9.9820E+01
3s8f1Fo                                    20     155   1.1970E+02   1.0860E+02   1.0000E+02   9.8920E+01   9.7820E+01
3s9p1Po                                    20     260   1.3010E+01   1.2100E+01   1.1340E+01   1.1250E+01   1.1160E+01
3s8g3Ge                                    20     156   3.2500E+00   3.2430E+00   3.0290E+00   2.9930E+00   2.6690E+00
3s8g1Ge                                    20     175   3.3260E+00   2.9430E+00   2.6550E+00   2.6180E+00   2.5810E+00
3s10s3Se                                   20     179   1.5600E+01   1.3890E+01   1.2450E+01   1.2290E+01   1.1960E+01
3s9d1De                                    20     269   1.5230E+01   1.5210E+01   1.4510E+01   1.4400E+01   1.3340E+01
3s10s1Se                                   20     225   9.2570E+00   9.2370E+00   8.5900E+00   8.4830E+00   7.6150E+00
3s9d3De                                    20     203   1.1330E+02   1.1320E+02   1.0820E+02   1.0730E+02   9.9760E+01
3s10p3Po                                   20     224   1.1270E+02   1.1340E+02   1.1510E+02   1.1670E+02   1.1740E+02
3s9f3Fo                                    20     184   1.3430E+02   1.3520E+02   1.3730E+02   1.3910E+02   1.3990E+02
3s9f1Fo                                    20     185   1.2560E+02   1.2700E+02   1.3020E+02   1.3340E+02   1.3500E+02
3s10p1Po                                   20     316   1.4180E+01   1.4280E+01   1.4500E+01   1.4700E+01   1.4800E+01
3s9g3Ge                                    20     169   4.6410E+00   4.6930E+00   4.8050E+00   4.9150E+00   4.9670E+00
3s9g1Ge                                    20     186   4.7930E+00   4.8240E+00   4.8890E+00   4.9490E+00   4.9690E+00
3s11s3Se                                   20     192   1.7740E+01   1.7860E+01   1.8110E+01   1.8340E+01   1.8420E+01
3s10d1De                                   20     320   1.8400E+01   1.8520E+01   1.8800E+01   1.9060E+01   1.9160E+01
3s11s1Se                                   20     224   1.1940E+01   1.1910E+01   1.1190E+01   1.1070E+01   9.8460E+00
3s10d3De                                   20     221   1.2860E+02   1.2840E+02   1.2310E+02   1.2230E+02   1.1430E+02
3s11p3Po                                   20     222   1.4070E+02   1.2410E+02   1.2310E+02   1.2090E+02   1.1880E+02
