Level              Type       Np          X1          X2          X2
3d6_1Se               1       3   1.0000E+00   1.0000E+00   2.0000E+00
3d5(a2D)4po           1       3   1.0000E+00   1.0000E+00   2.0000E+00
3d5(2D)4s_3De         1       3   1.0000E+00   1.0000E+00   2.0000E+00
3d5(a2D)4p_1Po        1       3   1.0000E+00   1.0000E+00   2.0000E+00
3d5(2D)4s_1De         1       3   1.0000E+00   1.0000E+00   2.0000E+00
3d5(b2F)4po           1       3   1.0000E+00   1.0000E+00   2.0000E+00
3d4(5D)4s2_5De        1       3   1.0000E+00   1.0000E+00   2.0000E+00
3d5(2D)4p_3Po         1       3   1.0000E+00   1.0000E+00   2.0000E+00
3d5(2D)4p_1Po         1       3   1.0000E+00   1.0000E+00   2.0000E+00
3d4(3P)4s2_3Pe        1       3   1.0000E+00   1.0000E+00   2.0000E+00
3d4(3H)4s2_3He        1       3   1.0000E+00   1.0000E+00   2.0000E+00
3d4(3F)4s2_3Fe        1       3   1.0000E+00   1.0000E+00   2.0000E+00
3d4(3G)4s2_3Ge        1       3   1.0000E+00   1.0000E+00   2.0000E+00
3d4(5D)4s4p_7Fo       1       3   1.0000E+00   1.0000E+00   2.0000E+00
3d4(1I)4s2_1Ie        1       3   1.0000E+00   1.0000E+00   2.0000E+00
3d4(1G)4s2_1Ge        1       3   1.0000E+00   1.0000E+00   2.0000E+00
3d4(3D)4s2_3De        1       3   1.0000E+00   1.0000E+00   2.0000E+00
4sp(3P)_7Po           1       3   1.0000E+00   1.0000E+00   2.0000E+00
3d4(5D)4s4p_7Do       1       3   1.0000E+00   1.0000E+00   2.0000E+00
3d4(1S)4s2_1Se        1       3   1.0000E+00   1.0000E+00   2.0000E+00
3d5(2D)4p_3Fo         1       3   1.0000E+00   1.0000E+00   2.0000E+00
3d5(6S)6s_5Se         1       3   3.7167E+00   1.0000E+00   2.0000E+00
3d5(2D)4p_3Do         1       3   1.0000E+00   1.0000E+00   2.0000E+00
3d4(1D)4s2_1De        1       3   1.0000E+00   1.0000E+00   2.0000E+00
3d4(5D)4s4p_5Po       1       3   1.0000E+00   1.0000E+00   2.0000E+00
3d5(2D)4p_1Do         1       3   1.0000E+00   1.0000E+00   2.0000E+00
3d5(6S)5d_5Dbe        1       3   3.7718E+00   1.0000E+00   2.0000E+00
3d5(2D)4p_1Fo         1       3   1.0000E+00   1.0000E+00   2.0000E+00
3d5(2D)4p_3Pbo        1       3   1.0000E+00   1.0000E+00   2.0000E+00
3d4(5D)4s4p_5Fo       1       3   1.0000E+00   1.0000E+00   2.0000E+00
3d5(2D)4d_3Se         1       3   1.0000E+00   1.0000E+00   2.0000E+00
3d5(2F)4d_3Ge         1       3   1.0000E+00   1.0000E+00   2.0000E+00
3d4(5D)4s4p_3Po       1       3   1.0000E+00   1.0000E+00   2.0000E+00
3d5(2D)4d_3Ge         1       3   1.0000E+00   1.0000E+00   2.0000E+00
3d5(2D)4d_1Pe         1       3   1.0000E+00   1.0000E+00   2.0000E+00
3d5(2D)4d_3De         1       3   1.0000E+00   1.0000E+00   2.0000E+00
3d5(2F)4d_3Fe         1       3   1.0000E+00   1.0000E+00   2.0000E+00
3d5(2D)4d_1Fe         1       3   1.0000E+00   1.0000E+00   2.0000E+00
3d5(2D)4p_1Pbo        1       3   1.0000E+00   1.0000E+00   2.0000E+00
3d5(2D)4d_3Fe         1       3   1.0000E+00   1.0000E+00   2.0000E+00
3d5(2D)4d_3Pe         1       3   1.0000E+00   1.0000E+00   2.0000E+00
3d5(6S)6p_5Po         1       3   3.9922E+00   1.0000E+00   2.0000E+00
3d5(2F)4d_3De         1       3   1.0000E+00   1.0000E+00   2.0000E+00
3d5(2D)5s_3De         1       3   1.0000E+00   1.0000E+00   2.0000E+00
3d4(5D)4s4p_5Do       1       3   1.0000E+00   1.0000E+00   2.0000E+00
3d4(1F)4s2_1Fe        1       3   1.0000E+00   1.0000E+00   2.0000E+00
3d5(2F)4d_1Pe         1       3   1.0000E+00   1.0000E+00   2.0000E+00
3d5(2F)4d_1He         1       3   1.0000E+00   1.0000E+00   2.0000E+00
3d5(2F)4d_3He         1       3   1.0000E+00   1.0000E+00   2.0000E+00
3d5(2D)5s_1De         1       3   1.0000E+00   1.0000E+00   2.0000E+00
3d5(2F)4d_1Hbe        1       3   1.0000E+00   1.0000E+00   2.0000E+00
3d5(2F)4d_3Dbe        1       3   1.0000E+00   1.0000E+00   2.0000E+00
3d5(2F)4d_3Fbe        1       3   1.0000E+00   1.0000E+00   2.0000E+00
3d5(2F)4d_1Fe         1       3   1.0000E+00   1.0000E+00   2.0000E+00
3d5(2F)5s_3Fe         1       3   1.0000E+00   1.0000E+00   2.0000E+00
3d4(5D)4s4p_3Fo       1       3   1.0000E+00   1.0000E+00   2.0000E+00
3d5(2F)5s_1Fe         1       3   1.0000E+00   1.0000E+00   2.0000E+00
3d5(2F)4d_1De         1       3   1.0000E+00   1.0000E+00   2.0000E+00
3d5(2G)4d_3He         1       3   1.0000E+00   1.0000E+00   2.0000E+00
3d5(2G)4d_3De         1       3   1.0000E+00   1.0000E+00   2.0000E+00
3d5(2G)4d_3Ie         1       3   1.0000E+00   1.0000E+00   2.0000E+00
3d5(2G)4d_1He         1       3   1.0000E+00   1.0000E+00   2.0000E+00
3d4(5D)4s4p_3Do       1       3   1.0000E+00   1.0000E+00   2.0000E+00
3d5(2G)4d_1Ge         1       3   1.0000E+00   1.0000E+00   2.0000E+00
3d5(2G)5s_3Ge         1       3   1.0000E+00   1.0000E+00   2.0000E+00
3d5(2G)4d_1De         1       3   1.0000E+00   1.0000E+00   2.0000E+00
3d5(2G)4d_1Ie         1       3   1.0000E+00   1.0000E+00   2.0000E+00
3d5(2F)4d_3Fce        1       3   1.0000E+00   1.0000E+00   2.0000E+00
3d5(2G)5s_1Ge         1       3   1.0000E+00   1.0000E+00   2.0000E+00
3d4(3P)4s2_3Pbe       1       3   1.0000E+00   1.0000E+00   2.0000E+00
3d5(2F)4d_1Fbe        1       3   1.0000E+00   1.0000E+00   2.0000E+00
3d4(3F)4s2_3Fbe       1       3   1.0000E+00   1.0000E+00   2.0000E+00
3d5(2F)4d_3Hbe        1       3   1.0000E+00   1.0000E+00   2.0000E+00
3d5(2F)4d_3Gbe        1       3   1.0000E+00   1.0000E+00   2.0000E+00
3d5(2F)4d_3Pe         1       3   1.0000E+00   1.0000E+00   2.0000E+00
3d5(2F)4d_1Pbe        1       3   1.0000E+00   1.0000E+00   2.0000E+00
3d5(2F)4d_1Hce        1       3   1.0000E+00   1.0000E+00   2.0000E+00
3d5(2F)4d_1Pce        1       3   1.0000E+00   1.0000E+00   2.0000E+00
3d4(3H)4s4p_5Ho       1       3   1.0000E+00   1.0000E+00   2.0000E+00
3d5(2F)5s_3Fbe        1       3   1.0000E+00   1.0000E+00   2.0000E+00
3d4(3P)4s4p_5Do       1       3   1.0000E+00   1.0000E+00   2.0000E+00
3d5(6S)7s_5Se         1       3   4.5947E+00   1.0000E+00   2.0000E+00
3d5(2F)5s_1Fbe        1       3   1.0000E+00   1.0000E+00   2.0000E+00
3d5(2F)4d_3Fde        1       3   1.0000E+00   1.0000E+00   2.0000E+00
3d5(2F)4d_3Dce        1       3   1.0000E+00   1.0000E+00   2.0000E+00
3d5(2F)4d_3Hce        1       3   1.0000E+00   1.0000E+00   2.0000E+00
3d5(6S)6d_5De         1       3   4.6757E+00   1.0000E+00   2.0000E+00
3d4(3H)4s4p_5Io       1       3   1.0000E+00   1.0000E+00   2.0000E+00
3d5(2G)4d_3Ge         1       3   1.0000E+00   1.0000E+00   2.0000E+00
3d4(3F)4s4p_5Go       1       3   1.0000E+00   1.0000E+00   2.0000E+00
3d4(3P)4s4p_5Po       1       3   1.0000E+00   1.0000E+00   2.0000E+00
3d5(2F)4d_3Pbe        1       3   1.0000E+00   1.0000E+00   2.0000E+00
3d4(3H)4s4p_5Go       1       3   1.0000E+00   1.0000E+00   2.0000E+00
3d5(6S)7p_7Po         1       3   4.8242E+00   1.0000E+00   2.0000E+00
3d5(6S)7p_7Pbo        1       3   4.8253E+00   1.0000E+00   2.0000E+00
3d4(3F)4s4p_5Fo       1       3   1.0000E+00   1.0000E+00   2.0000E+00
3d5(6S)7p_5Po         1       3   4.8577E+00   1.0000E+00   2.0000E+00
3d5(2D)4d_1Se         1       3   1.0000E+00   1.0000E+00   2.0000E+00
3d5(2F)5p_3Fo         1       3   1.0000E+00   1.0000E+00   2.0000E+00
3d5(2D)5p_3Fo         1       3   1.0000E+00   1.0000E+00   2.0000E+00
3d4(3P)4s4p_5So       1       3   1.0000E+00   1.0000E+00   2.0000E+00
3d5(2D)5p_3Do         1       3   1.0000E+00   1.0000E+00   2.0000E+00
3d5(2D)5p_3Po         1       3   1.0000E+00   1.0000E+00   2.0000E+00
3d5(2D)5p_1Fo         1       3   1.0000E+00   1.0000E+00   2.0000E+00
3d4(1G)4s2_1Gbe       1       3   1.0000E+00   1.0000E+00   2.0000E+00
3d4(3F)4s4p_5Do       1       3   1.0000E+00   1.0000E+00   2.0000E+00
3d5(2D)5p_1Po         1       3   1.0000E+00   1.0000E+00   2.0000E+00
3d4(3G)4s4p_5Ho       1       3   1.0000E+00   1.0000E+00   2.0000E+00
3d4(3H)4s4p_3Go       1       3   1.0000E+00   1.0000E+00   2.0000E+00
3d5(2F)5p_3Go         1       3   1.0000E+00   1.0000E+00   2.0000E+00
3d5(2F)5p_3Do         1       3   1.0000E+00   1.0000E+00   2.0000E+00
3d5(2F)5p_3Fbo        1       3   1.0000E+00   1.0000E+00   2.0000E+00
3d5(2F)5p_3Gbo        1       3   1.0000E+00   1.0000E+00   2.0000E+00
3d4(3P)4s4p_3Po       1       3   1.0000E+00   1.0000E+00   2.0000E+00
3d4(3G)4s4p_5Hbo      1       3   1.0000E+00   1.0000E+00   2.0000E+00
3d5(6S)6f_5Fo         1       3   5.1541E+00   1.0000E+00   2.0000E+00
3d4(3P)4s4p_3So       1       3   1.0000E+00   1.0000E+00   2.0000E+00
3d4(3G)4s4p_5Hco      1       3   1.0000E+00   1.0000E+00   2.0000E+00
3d4(3H)4s4p_3Io       1       3   1.0000E+00   1.0000E+00   2.0000E+00
3d5(6S)6f_7Fo         1       3   5.1877E+00   1.0000E+00   2.0000E+00
3d5(2F)4d_1Fce        1       3   1.0000E+00   1.0000E+00   2.0000E+00
3d4(3H)4s4p_3Ho       1       3   1.0000E+00   1.0000E+00   2.0000E+00
3d5(6S)6f_5Fbo        1       3   5.2113E+00   1.0000E+00   2.0000E+00
3d5(2F)5p_1Do         1       3   1.0000E+00   1.0000E+00   2.0000E+00
3d5(2F)4d_1Ge         1       3   1.0000E+00   1.0000E+00   2.0000E+00
3d5(2F)5p_1Fo         1       3   1.0000E+00   1.0000E+00   2.0000E+00
3d4(3F)4s4p_3Do       1       3   1.0000E+00   1.0000E+00   2.0000E+00
3d4(3G)4s4p_5Go       1       3   1.0000E+00   1.0000E+00   2.0000E+00
3d4(5D)4s4p_5Pbo      1       3   1.0000E+00   1.0000E+00   2.0000E+00
3d4(3P)4s4p_3Do       1       3   1.0000E+00   1.0000E+00   2.0000E+00
3d5(6S)7d_7De         1       3   5.4042E+00   1.0000E+00   2.0000E+00
3d4(3P)4s4p_1So       1       3   1.0000E+00   1.0000E+00   2.0000E+00
3d5(6S)8s_7Se         1       3   5.4114E+00   1.0000E+00   2.0000E+00
3d4(3F)4s4p_3Go       1       3   1.0000E+00   1.0000E+00   2.0000E+00
3d4(3F)4s4p_3Fo       1       3   1.0000E+00   1.0000E+00   2.0000E+00
3d5(6S)8s_5Se         1       3   5.4399E+00   1.0000E+00   2.0000E+00
3d4(5D)4s4p_5Fbo      1       3   1.0000E+00   1.0000E+00   2.0000E+00
3d5(6S)7d_5De         1       3   5.4488E+00   1.0000E+00   2.0000E+00
3d4(3F)4s4p_3Gbo      1       3   1.0000E+00   1.0000E+00   2.0000E+00
3d5(2D)4d_3Sbe        1       3   1.0000E+00   1.0000E+00   2.0000E+00
3d4(3H)4s4p_1Io       1       3   1.0000E+00   1.0000E+00   2.0000E+00
3d4(3H)4s4p_1Ibo      1       3   1.0000E+00   1.0000E+00   2.0000E+00
3d4(3F)4s4p_1Do       1       3   1.0000E+00   1.0000E+00   2.0000E+00
3d5(2D)4d_1Pbe        1       3   1.0000E+00   1.0000E+00   2.0000E+00
3d5(2D)4d_3Gbe        1       3   1.0000E+00   1.0000E+00   2.0000E+00
3d4(3P)4s4p_1Po       1       3   1.0000E+00   1.0000E+00   2.0000E+00
3d5(2D)4d_3Fbe        1       3   1.0000E+00   1.0000E+00   2.0000E+00
3d5(2D)4d_3Dbe        1       3   1.0000E+00   1.0000E+00   2.0000E+00
3d5(2D)5s_3Dbe        1       3   1.0000E+00   1.0000E+00   2.0000E+00
3d4(3G)4s4p_3Fo       1       3   1.0000E+00   1.0000E+00   2.0000E+00
3d5(6S)8p_7Po         1       3   5.6875E+00   1.0000E+00   2.0000E+00
3d4(3G)4s4p_3Ho       1       3   1.0000E+00   1.0000E+00   2.0000E+00
3d5(6S)8p_5Po         1       3   5.7335E+00   1.0000E+00   2.0000E+00
3d5(2G)5p_3Ho         1       3   1.0000E+00   1.0000E+00   2.0000E+00
3d5(2D)4d_1Ge         1       3   1.0000E+00   1.0000E+00   2.0000E+00
3d5(2G)5p_3Fo         1       3   1.0000E+00   1.0000E+00   2.0000E+00
3d5(2D)5s_1Dbe        1       3   1.0000E+00   1.0000E+00   2.0000E+00
3d4(3H)4s4p_1Ho       1       3   1.0000E+00   1.0000E+00   2.0000E+00
3d4(3F)4s4p_1Fo       1       3   1.0000E+00   1.0000E+00   2.0000E+00
3d5(2G)5p_3Hbo        1       3   1.0000E+00   1.0000E+00   2.0000E+00
3d4(3P)4s4p_1Do       1       3   1.0000E+00   1.0000E+00   2.0000E+00
3d5(2G)5p_3Go         1       3   1.0000E+00   1.0000E+00   2.0000E+00
3d5(2G)5p_1Ho         1       3   1.0000E+00   1.0000E+00   2.0000E+00
3d5(2D)4d_3Pbe        1       3   1.0000E+00   1.0000E+00   2.0000E+00
3d5(2G)5p_1Go         1       3   1.0000E+00   1.0000E+00   2.0000E+00
3d5(2G)5p_1Fo         1       3   1.0000E+00   1.0000E+00   2.0000E+00
3d4(3D)4s4p_5Po       1       3   1.0000E+00   1.0000E+00   2.0000E+00
3d4(3D)4s4p_5Do       1       3   1.0000E+00   1.0000E+00   2.0000E+00
3d4(3F)4s4p_1Go       1       3   1.0000E+00   1.0000E+00   2.0000E+00
3d4(3D)4s4p_5Fo       1       3   1.0000E+00   1.0000E+00   2.0000E+00
3d5(6S)7f_7Fo         1       3   6.0424E+00   1.0000E+00   2.0000E+00
3d5(6S)7f_5Fo         1       3   6.0686E+00   1.0000E+00   2.0000E+00
3d5(6S)7g_7Ge         1       3   6.0784E+00   1.0000E+00   2.0000E+00
3d5(6S)7g_5Ge         1       3   6.0788E+00   1.0000E+00   2.0000E+00
3d4(3G)4s4p_3Go       1       3   1.0000E+00   1.0000E+00   2.0000E+00
3d5(6S)7h_7Ho         1       3   6.0855E+00   1.0000E+00   2.0000E+00
3d5(6S)7h_5Ho         1       3   6.0855E+00   1.0000E+00   2.0000E+00
3d4(3D)4s4p_5Fbo      1       3   1.0000E+00   1.0000E+00   2.0000E+00
3d4(1I)4s4p_3Io       1       3   1.0000E+00   1.0000E+00   2.0000E+00
3d4(3G)4s4p_1Fo       1       3   1.0000E+00   1.0000E+00   2.0000E+00
3d5(2F)5p_3Fco        1       3   1.0000E+00   1.0000E+00   2.0000E+00
3d4(3G)4s4p_1Ho       1       3   1.0000E+00   1.0000E+00   2.0000E+00
3d5(2D)4d_1Fbe        1       3   1.0000E+00   1.0000E+00   2.0000E+00
3d4(1G)4s4p_3Ho       1       3   1.0000E+00   1.0000E+00   2.0000E+00
3d5(6S)8d_7De         1       3   6.2631E+00   1.0000E+00   2.0000E+00
3d4(3G)4s4p_1Hbo      1       3   1.0000E+00   1.0000E+00   2.0000E+00
3d5(6S)9s_7Se         1       3   6.2680E+00   1.0000E+00   2.0000E+00
3d5(2F)5p_1Dbo        1       3   1.0000E+00   1.0000E+00   2.0000E+00
3d4(1I)4s4p_3Ko       1       3   1.0000E+00   1.0000E+00   2.0000E+00
3d5(2F)5p_3Gco        1       3   1.0000E+00   1.0000E+00   2.0000E+00
3d5(6S)9s_5Se         1       3   6.2933E+00   1.0000E+00   2.0000E+00
3d4(1G)4s4p_3Fo       1       3   1.0000E+00   1.0000E+00   2.0000E+00
3d5(2F)5p_3Dbo        1       3   1.0000E+00   1.0000E+00   2.0000E+00
3d5(2D)4d_1De         1       3   1.0000E+00   1.0000E+00   2.0000E+00
3d5(6S)8d_5De         1       3   6.3537E+00   1.0000E+00   2.0000E+00
3d5(2F)5p_1Go         1       3   1.0000E+00   1.0000E+00   2.0000E+00
3d5(2F)5p_1Fbo        1       3   1.0000E+00   1.0000E+00   2.0000E+00
3d5(6S)9p_7Po         1       3   6.5414E+00   1.0000E+00   2.0000E+00
3d5(6S)9p_5Po         1       3   6.5767E+00   1.0000E+00   2.0000E+00
3d4(3G)4s4p_1Go       1       3   1.0000E+00   1.0000E+00   2.0000E+00
3d4(1G)4s4p_3Go       1       3   1.0000E+00   1.0000E+00   2.0000E+00
3d4(1S)4s4p_3Po       1       3   1.0000E+00   1.0000E+00   2.0000E+00
3d4(3D)4s4p_3Po       1       3   1.0000E+00   1.0000E+00   2.0000E+00
3d4(3G)4s4p_1Gbo      1       3   1.0000E+00   1.0000E+00   2.0000E+00
3d5(2G)4d_3Ibe        1       3   1.0000E+00   1.0000E+00   2.0000E+00
3d5(2G)4d_1Fe         1       3   1.0000E+00   1.0000E+00   2.0000E+00
3d5(2G)4d_3Dbe        1       3   1.0000E+00   1.0000E+00   2.0000E+00
3d4(1I)4s4p_3Ho       1       3   1.0000E+00   1.0000E+00   2.0000E+00
3d5(6S)8f_7Fo         1       3   6.8901E+00   1.0000E+00   2.0000E+00
3d5(6S)8f_5Fo         1       3   6.9151E+00   1.0000E+00   2.0000E+00
3d5(6S)8g_7Ge         1       3   6.9269E+00   1.0000E+00   2.0000E+00
3d5(6S)8g_5Ge         1       3   6.9274E+00   1.0000E+00   2.0000E+00
3d5(6S)8h_7Ho         1       3   6.9329E+00   1.0000E+00   2.0000E+00
3d5(4D)4po            7       4   1.2024E+00   1.0000E+00   2.0000E+00   1.2086E+01
3d5(4P)4po            7       4   1.1985E+00   1.0000E+00   2.0000E+00   1.2192E+01
3d5(4G)4d_3De         7       4   1.2660E+00   1.0000E+00   2.0000E+00   1.2283E+01
3d5(2P)4p_1So         7       4   1.3681E+00   1.0000E+00   2.0000E+00   1.0249E+01
3d5(4G)4d_5De         7       4   1.2670E+00   1.0000E+00   2.0000E+00   1.2283E+01
3d5(4P)4d_5Pe         7       4   1.2719E+00   1.0000E+00   2.0000E+00   1.2192E+01
3d5(4G)4d_3Ge         7       4   1.2680E+00   1.0000E+00   2.0000E+00   1.2283E+01
3d5(4G)4d_3Fbe        7       4   1.2692E+00   1.0000E+00   2.0000E+00   1.2283E+01
3d5(4P)4d_3De         7       4   1.2740E+00   1.0000E+00   2.0000E+00   1.2192E+01
3d5(4P)4d_5De         7       4   1.2748E+00   1.0000E+00   2.0000E+00   1.2192E+01
3d5(4G)4d_3He         7       4   1.2706E+00   1.0000E+00   2.0000E+00   1.2283E+01
3d5(2P)4p_1Po         7       4   1.3758E+00   1.0000E+00   2.0000E+00   1.0249E+01
3d5(4D)4d_5Pe         7       4   1.2823E+00   1.0000E+00   2.0000E+00   1.2086E+01
3d5(4P)5s_3Pe         7       4   1.2773E+00   1.0000E+00   2.0000E+00   1.2192E+01
3d5(4P)4d_3Fe         7       4   1.2776E+00   1.0000E+00   2.0000E+00   1.2192E+01
3d5(4D)4d_5Fe         7       4   1.2828E+00   1.0000E+00   2.0000E+00   1.2086E+01
3d5(4D)4d_5Se         7       4   1.2829E+00   1.0000E+00   2.0000E+00   1.2086E+01
3d5(4P)4d_3Pe         7       4   1.2785E+00   1.0000E+00   2.0000E+00   1.2192E+01
3d5(4D)4d_3Se         7       4   1.2848E+00   1.0000E+00   2.0000E+00   1.2086E+01
3d5(4D)4d_3Fe         7       4   1.2867E+00   1.0000E+00   2.0000E+00   1.2086E+01
3d5(4D)4d_3Pe         7       4   1.2886E+00   1.0000E+00   2.0000E+00   1.2086E+01
3d5(4D)4d_3De         7       4   1.2895E+00   1.0000E+00   2.0000E+00   1.2086E+01
3d5(2I)4d_3Ie         7       4   1.3053E+00   1.0000E+00   2.0000E+00   1.1839E+01
3d5(2I)4d_1He         7       4   1.3056E+00   1.0000E+00   2.0000E+00   1.1839E+01
3d5(2I)4d_3Le         7       4   1.3058E+00   1.0000E+00   2.0000E+00   1.1839E+01
3d5(2I)4d_3Ke         7       4   1.3062E+00   1.0000E+00   2.0000E+00   1.1839E+01
3d5(2I)4d_1Ke         7       4   1.3070E+00   1.0000E+00   2.0000E+00   1.1839E+01
3d5(2I)4d_1Le         7       4   1.3070E+00   1.0000E+00   2.0000E+00   1.1839E+01
3d5(2I)4d_3Ge         7       4   1.3088E+00   1.0000E+00   2.0000E+00   1.1839E+01
3d5(2I)4d_1Ge         7       4   1.3087E+00   1.0000E+00   2.0000E+00   1.1839E+01
3d5(2I)5s_1Ie         7       4   1.3098E+00   1.0000E+00   2.0000E+00   1.1839E+01
3d5(2I)4d_3He         7       4   1.3116E+00   1.0000E+00   2.0000E+00   1.1839E+01
3d5(2I)4d_3Hbe        7       4   1.3130E+00   1.0000E+00   2.0000E+00   1.1839E+01
3d5(4F)4d_5Fe         7       4   1.3219E+00   1.0000E+00   2.0000E+00   1.1670E+01
3d5(4F)4d_5Fbe        7       4   1.3220E+00   1.0000E+00   2.0000E+00   1.1670E+01
3d5(4F)4d_5Pe         7       4   1.3223E+00   1.0000E+00   2.0000E+00   1.1670E+01
3d5(4F)4d_5Pbe        7       4   1.3224E+00   1.0000E+00   2.0000E+00   1.1670E+01
3d5(4F)4d_5Hbe        7       4   1.3228E+00   1.0000E+00   2.0000E+00   1.1670E+01
3d5(2I)4d_1Ie         7       4   1.3144E+00   1.0000E+00   2.0000E+00   1.1839E+01
3d5(4F)4d_5Gbe        7       4   1.3229E+00   1.0000E+00   2.0000E+00   1.1670E+01
3d5(4F)4d_3Ge         7       4   1.3250E+00   1.0000E+00   2.0000E+00   1.1670E+01
3d5(4F)4d_3He         7       4   1.3255E+00   1.0000E+00   2.0000E+00   1.1670E+01
3d5(4F)4d_3De         7       4   1.3251E+00   1.0000E+00   2.0000E+00   1.1670E+01
3d5(4P)5p_3Po         7       4   1.2997E+00   1.0000E+00   2.0000E+00   1.2192E+01
3d5(4F)4d_3Hbe        7       4   1.3256E+00   1.0000E+00   2.0000E+00   1.1670E+01
3d5(2H)4d_3Ie         7       4   1.3319E+00   1.0000E+00   2.0000E+00   1.1565E+01
3d5(4P)5p_3Do         7       4   1.3005E+00   1.0000E+00   2.0000E+00   1.2192E+01
3d5(4F)5s_3Fe         7       4   1.3271E+00   1.0000E+00   2.0000E+00   1.1670E+01
3d5(4P)5p_3So         7       4   1.3018E+00   1.0000E+00   2.0000E+00   1.2192E+01
3d5(4F)4d_3Fe         7       4   1.3282E+00   1.0000E+00   2.0000E+00   1.1670E+01
3d5(2H)4d_3Ke         7       4   1.3338E+00   1.0000E+00   2.0000E+00   1.1565E+01
3d5(2H)4d_1Fe         7       4   1.3337E+00   1.0000E+00   2.0000E+00   1.1565E+01
3d5(2H)4d_1He         7       4   1.3339E+00   1.0000E+00   2.0000E+00   1.1565E+01
3d5(4F)4d_3Pe         7       4   1.3293E+00   1.0000E+00   2.0000E+00   1.1670E+01
3d5(2H)4d_1Ke         7       4   1.3348E+00   1.0000E+00   2.0000E+00   1.1565E+01
3d5(4D)5p_5Po         7       4   1.3092E+00   1.0000E+00   2.0000E+00   1.2086E+01
3d5(2H)4d_3Ge         7       4   1.3359E+00   1.0000E+00   2.0000E+00   1.1565E+01
3d5(4D)5p_5Dbo        7       4   1.3097E+00   1.0000E+00   2.0000E+00   1.2086E+01
3d5(2H)5s_3He         7       4   1.3366E+00   1.0000E+00   2.0000E+00   1.1565E+01
3d5(2H)5s_3Hbe        7       4   1.3366E+00   1.0000E+00   2.0000E+00   1.1565E+01
3d5(4F)4d_5De         7       4   1.3316E+00   1.0000E+00   2.0000E+00   1.1670E+01
3d5(2H)5s_1He         7       4   1.3378E+00   1.0000E+00   2.0000E+00   1.1565E+01
3d5(4D)5p_3Po         7       4   1.3120E+00   1.0000E+00   2.0000E+00   1.2086E+01
3d5(2S)4d_1De         7       4   1.3642E+00   1.0000E+00   2.0000E+00   1.1251E+01
3d5(2I)5p_3Ko         7       4   1.3337E+00   1.0000E+00   2.0000E+00   1.1839E+01
3d5(2H)4d_3Fe         7       4   1.3484E+00   1.0000E+00   2.0000E+00   1.1565E+01
3d5(2I)5p_1Ko         7       4   1.3344E+00   1.0000E+00   2.0000E+00   1.1839E+01
3d5(2H)4d_1Ge         7       4   1.3495E+00   1.0000E+00   2.0000E+00   1.1565E+01
3d5(2I)5p_1Ho         7       4   1.3352E+00   1.0000E+00   2.0000E+00   1.1839E+01
3d5(2I)5p_1Io         7       4   1.3359E+00   1.0000E+00   2.0000E+00   1.1839E+01
3d5(2H)4d_1Ie         7       4   1.3516E+00   1.0000E+00   2.0000E+00   1.1565E+01
3d5(2S)5s_3Se         7       4   1.3697E+00   1.0000E+00   2.0000E+00   1.1251E+01
3d5(4G)4f_5Fo         7       4   1.3160E+00   1.0000E+00   2.0000E+00   1.2283E+01
3d5(4G)4f_5Do         7       4   1.3161E+00   1.0000E+00   2.0000E+00   1.2283E+01
3d5(4G)4f_5Po         7       4   1.3163E+00   1.0000E+00   2.0000E+00   1.2283E+01
3d5(4G)4f_5Ko         7       4   1.3162E+00   1.0000E+00   2.0000E+00   1.2283E+01
3d5(4G)4f_5Ho         7       4   1.3162E+00   1.0000E+00   2.0000E+00   1.2283E+01
3d5(4G)4f_5Io         7       4   1.3163E+00   1.0000E+00   2.0000E+00   1.2283E+01
3d5(4G)4f_5Ibo        7       4   1.3162E+00   1.0000E+00   2.0000E+00   1.2283E+01
3d5(4G)4f_5Go         7       4   1.3163E+00   1.0000E+00   2.0000E+00   1.2283E+01
3d5(4G)4f_3Ko         7       4   1.3163E+00   1.0000E+00   2.0000E+00   1.2283E+01
3d5(4G)4f_3Kbo        7       4   1.3163E+00   1.0000E+00   2.0000E+00   1.2283E+01
3d5(4G)4f_3Po         7       4   1.3165E+00   1.0000E+00   2.0000E+00   1.2283E+01
3d5(2S)5s_1Se         7       4   1.3712E+00   1.0000E+00   2.0000E+00   1.1251E+01
3d5(4G)4f_3Go         7       4   1.3165E+00   1.0000E+00   2.0000E+00   1.2283E+01
3d5(4G)4f_3Io         7       4   1.3166E+00   1.0000E+00   2.0000E+00   1.2283E+01
3d5(4G)4f_3Ho         7       4   1.3166E+00   1.0000E+00   2.0000E+00   1.2283E+01
3d5(4G)4f_3Do         7       4   1.3166E+00   1.0000E+00   2.0000E+00   1.2283E+01
3d5(4G)4f_3Fo         7       4   1.3166E+00   1.0000E+00   2.0000E+00   1.2283E+01
3d5(2S)4d_3De         7       4   1.3719E+00   1.0000E+00   2.0000E+00   1.1251E+01
3d5(4F)5p_5Gbo        7       4   1.3517E+00   1.0000E+00   2.0000E+00   1.1670E+01
3d5(4F)5p_5Do         7       4   1.3519E+00   1.0000E+00   2.0000E+00   1.1670E+01
3d5(4F)5p_5Dbo        7       4   1.3522E+00   1.0000E+00   2.0000E+00   1.1670E+01
3d5(4F)5p_5Fbo        7       4   1.3525E+00   1.0000E+00   2.0000E+00   1.1670E+01
3d5(4P)4f_3Do         7       4   1.3255E+00   1.0000E+00   2.0000E+00   1.2192E+01
3d5(4P)4f_5Do         7       4   1.3253E+00   1.0000E+00   2.0000E+00   1.2192E+01
3d5(4P)4f_5Go         7       4   1.3253E+00   1.0000E+00   2.0000E+00   1.2192E+01
3d5(4P)4f_5Gbo        7       4   1.3253E+00   1.0000E+00   2.0000E+00   1.2192E+01
3d5(4P)4f_3Fo         7       4   1.3255E+00   1.0000E+00   2.0000E+00   1.2192E+01
3d5(4P)4f_5Fo         7       4   1.3256E+00   1.0000E+00   2.0000E+00   1.2192E+01
3d5(4P)4f_5Dbo        7       4   1.3255E+00   1.0000E+00   2.0000E+00   1.2192E+01
3d5(4F)5p_3Go         7       4   1.3532E+00   1.0000E+00   2.0000E+00   1.1670E+01
3d5(4P)4f_3Dbo        7       4   1.3256E+00   1.0000E+00   2.0000E+00   1.2192E+01
3d5(4P)4f_3Go         7       4   1.3257E+00   1.0000E+00   2.0000E+00   1.2192E+01
3d5(4P)4f_3Dco        7       4   1.3262E+00   1.0000E+00   2.0000E+00   1.2192E+01
3d5(4F)5p_3Fo         7       4   1.3542E+00   1.0000E+00   2.0000E+00   1.1670E+01
3d5(4F)5p_3Do         7       4   1.3542E+00   1.0000E+00   2.0000E+00   1.1670E+01
3d5(4F)5p_3Dbo        7       4   1.3543E+00   1.0000E+00   2.0000E+00   1.1670E+01
3d5(2H)5p_3Ho         7       4   1.3621E+00   1.0000E+00   2.0000E+00   1.1565E+01
3d5(2S)4d_1Dbe        7       4   1.3801E+00   1.0000E+00   2.0000E+00   1.1251E+01
3d5(2H)5p_3Go         7       4   1.3629E+00   1.0000E+00   2.0000E+00   1.1565E+01
3d5(2H)5p_3Io         7       4   1.3633E+00   1.0000E+00   2.0000E+00   1.1565E+01
3d5(4D)4f_5Do         7       4   1.3355E+00   1.0000E+00   2.0000E+00   1.2086E+01
3d5(2H)5p_3Gbo        7       4   1.3632E+00   1.0000E+00   2.0000E+00   1.1565E+01
3d5(2H)5p_1Go         7       4   1.3635E+00   1.0000E+00   2.0000E+00   1.1565E+01
3d5(2H)5p_1Io         7       4   1.3639E+00   1.0000E+00   2.0000E+00   1.1565E+01
3d5(4D)4f_5Go         7       4   1.3364E+00   1.0000E+00   2.0000E+00   1.2086E+01
3d5(4D)4f_5Ho         7       4   1.3364E+00   1.0000E+00   2.0000E+00   1.2086E+01
3d5(4D)4f_5Po         7       4   1.3364E+00   1.0000E+00   2.0000E+00   1.2086E+01
3d5(4D)4f_3Ho         7       4   1.3365E+00   1.0000E+00   2.0000E+00   1.2086E+01
3d5(4D)4f_3Go         7       4   1.3367E+00   1.0000E+00   2.0000E+00   1.2086E+01
3d5(4G)5d_3Ie         7       4   1.3265E+00   1.0000E+00   2.0000E+00   1.2283E+01
3d5(4D)4f_3Po         7       4   1.3367E+00   1.0000E+00   2.0000E+00   1.2086E+01
3d5(4D)4f_3Fo         7       4   1.3368E+00   1.0000E+00   2.0000E+00   1.2086E+01
3d5(2H)5p_1Ho         7       4   1.3648E+00   1.0000E+00   2.0000E+00   1.1565E+01
3d5(4D)4f_3Do         7       4   1.3369E+00   1.0000E+00   2.0000E+00   1.2086E+01
3d5(4D)4f_5Fo         7       4   1.3370E+00   1.0000E+00   2.0000E+00   1.2086E+01
3d5(4D)4f_5Fbo        7       4   1.3370E+00   1.0000E+00   2.0000E+00   1.2086E+01
3d5(4D)4f_5Dbo        7       4   1.3375E+00   1.0000E+00   2.0000E+00   1.2086E+01
3d5(4G)5d_3De         7       4   1.3283E+00   1.0000E+00   2.0000E+00   1.2283E+01
3d5(4G)5d_5De         7       4   1.3284E+00   1.0000E+00   2.0000E+00   1.2283E+01
3d5(4G)5d_3Ge         7       4   1.3289E+00   1.0000E+00   2.0000E+00   1.2283E+01
3d5(4G)5d_3Fe         7       4   1.3292E+00   1.0000E+00   2.0000E+00   1.2283E+01
3d5(4P)5d_5Pe         7       4   1.3350E+00   1.0000E+00   2.0000E+00   1.2192E+01
3d5(4G)5d_3He         7       4   1.3309E+00   1.0000E+00   2.0000E+00   1.2283E+01
3d5(4P)5d_3De         7       4   1.3366E+00   1.0000E+00   2.0000E+00   1.2192E+01
3d5(4P)5d_5De         7       4   1.3367E+00   1.0000E+00   2.0000E+00   1.2192E+01
3d5(4P)6s_3Pe         7       4   1.3371E+00   1.0000E+00   2.0000E+00   1.2192E+01
3d5(4P)5d_3Fe         7       4   1.3395E+00   1.0000E+00   2.0000E+00   1.2192E+01
3d5(4D)5d_5Pe         7       4   1.3461E+00   1.0000E+00   2.0000E+00   1.2086E+01
3d5(4D)5d_5Ge         7       4   1.3462E+00   1.0000E+00   2.0000E+00   1.2086E+01
3d5(4D)5d_5Fe         7       4   1.3464E+00   1.0000E+00   2.0000E+00   1.2086E+01
3d5(4D)5d_5Pbe        7       4   1.3463E+00   1.0000E+00   2.0000E+00   1.2086E+01
3d5(4D)5d_5Se         7       4   1.3466E+00   1.0000E+00   2.0000E+00   1.2086E+01
3d5(4P)5d_3Pe         7       4   1.3413E+00   1.0000E+00   2.0000E+00   1.2192E+01
3d5(4D)5d_3Ge         7       4   1.3477E+00   1.0000E+00   2.0000E+00   1.2086E+01
3d5(4D)5d_3Se         7       4   1.3478E+00   1.0000E+00   2.0000E+00   1.2086E+01
3d5(4G)6p_5Ho         7       4   1.3380E+00   1.0000E+00   2.0000E+00   1.2283E+01
3d5(4G)6p_5Go         7       4   1.3378E+00   1.0000E+00   2.0000E+00   1.2283E+01
3d5(4G)6p_5Fo         7       4   1.3384E+00   1.0000E+00   2.0000E+00   1.2283E+01
3d5(2I)4f_3Ho         7       4   1.3624E+00   1.0000E+00   2.0000E+00   1.1839E+01
3d5(4G)6p_3Ho         7       4   1.3386E+00   1.0000E+00   2.0000E+00   1.2283E+01
3d5(2I)4f_3Mo         7       4   1.3625E+00   1.0000E+00   2.0000E+00   1.1839E+01
3d5(2I)4f_3Lo         7       4   1.3625E+00   1.0000E+00   2.0000E+00   1.1839E+01
3d5(4D)5d_3Fe         7       4   1.3491E+00   1.0000E+00   2.0000E+00   1.2086E+01
3d5(2I)4f_3Ko         7       4   1.3626E+00   1.0000E+00   2.0000E+00   1.1839E+01
3d6_5De              20     191   2.4910E+00   2.5240E+00   2.7340E+00   2.8170E+00   2.8650E+00
3d6_3P2e             20     194   1.3880E+01   1.3420E+01   1.2390E+01   1.1480E+01   1.0970E+01
3d6_3He              20     206   2.1510E+01   2.0210E+01   1.3610E+01   1.0860E+01   9.0100E+00
3d6_3F2e             20     193   8.9750E+00   8.8950E+00   8.7380E+00   8.6840E+00   8.8900E+00
3d6_3Ge              20     197   1.7550E+01   1.6840E+01   1.2950E+01   9.5070E+00   8.6040E+00
3d5(6S)4s_7Se        20     203   2.6990E-01   2.8250E-01   2.9500E-01   3.1600E-01   3.3740E-01
3d6_1Ie              20     200   7.5760E+00   7.6490E+00   8.1680E+00   9.0230E+00   9.3520E+00
3d6_3De              20     205   1.7270E+01   1.6590E+01   1.4970E+01   1.3530E+01   1.3390E+01
3d6_1G2e             20     201   8.4360E+00   8.6860E+00   9.2130E+00   9.5990E+00   9.6080E+00
3d6_1S2e             20     191   7.3430E+00   7.3840E+00   7.5980E+00   7.6740E+00   7.7060E+00
3d6_1D2e             20     193   8.5010E+00   8.7630E+00   9.3590E+00   9.9360E+00   1.0280E+01
3d5(6S)4s_5Se        20     251   2.4030E-01   2.4540E-01   2.7830E-01   2.9310E-01   2.9810E-01
3d6_1Fe              20     196   6.3010E+00   6.4400E+00   6.8800E+00   8.4600E+00   9.2350E+00
3d6_3P1e             20     223   1.2130E+01   1.1860E+01   1.1240E+01   1.0230E+01   9.7730E+00
3d6_3F1e             20     213   1.2240E+01   1.1600E+01   1.1940E+01   1.2550E+01   1.2390E+01
3d6_1G1e             20     201   4.2750E+00   4.4530E+00   5.5890E+00   8.3650E+00   9.0560E+00
3d5(4G)4s_5Ge        20     246   3.1100E-02   2.1920E-02   1.0350E-02   2.3220E-02   3.3110E-02
3d5(4P)4s_5Pe        20     257   8.6930E-03   1.8380E-02   2.7820E-02   1.9260E-02   8.8400E-03
3d5(4D)4s_5De        20     248   1.0090E-02   5.7300E-02   8.0220E-02   7.3880E-02   8.5820E-02
3d5(4G)4s_3Ge        20     242   4.0160E-01   4.0530E-01   4.2820E-01   4.5270E-01   5.0660E-01
3d5(4P)4s_3Pe        20     241   3.9500E-01   3.9570E-01   3.9930E-01   4.1270E-01   4.5570E-01
3d6_1De              20     289   3.7530E-01   3.8340E-01   4.1190E-01   5.2880E-01   6.9420E-01
3d5(4D)4s_3De        20     236   5.4080E-01   5.6170E-01   6.0570E-01   6.4400E-01   6.8910E-01
3d5(2I)4s_3Ie        20     232   1.3330E-01   1.3070E-01   1.2630E-01   1.3060E-01   1.5750E-01
3d5(6S)4p_7Po        20     247   3.3480E-01   3.3470E-01   3.3360E-01   3.3020E-01   3.0760E-01
3d5(2D3)4s_3De       20     237   5.3540E-01   4.8250E-01   3.6230E-01   2.5220E-01   2.0950E-01
3d5(4F)4s_5Fe        20     267   3.4630E-02   2.4000E-02   1.4900E-02   4.1060E-02   7.8190E-02
3d5(2I)4s_1Ie        20     236   5.5130E-01   6.1750E-01   1.0940E+00   1.3410E+00   1.4330E+00
3d5(2F2)4s_3Fe       20     242   5.9650E-02   8.9090E-02   1.0830E-01   1.2520E-01   1.4580E-01
3d5(2D3)4s_1De       20     207   1.8610E+00   2.0240E+00   3.0030E+00   4.9580E+00   6.5120E+00
3d5(2F2)4s_1Fe       20     230   1.2260E-01   1.5550E-01   5.4180E-01   6.7190E-01   7.4140E-01
3d5(2H)4s_3He        20     246   3.1140E-01   2.8620E-01   1.6230E-01   1.3060E-01   1.3840E-01
3d5(6S)4p_5Po        20     273   8.7980E-01   8.5530E-01   8.0060E-01   7.5030E-01   7.2080E-01
3d5(2G2)4s_3Ge       20     248   6.1880E-01   5.6880E-01   3.0110E-01   2.0090E-01   1.6080E-01
3d5(4F)4s_3Fe        20     248   6.0270E-01   6.8860E-01   1.1200E+00   1.3190E+00   1.6580E+00
3d5(2H)4s_1He        20     237   7.6080E-01   9.5390E-01   1.5770E+00   3.7230E+00   4.5110E+00
3d5(2F1)4s_3Fe       20     247   1.1400E-01   1.2820E-01   1.8590E-01   3.2200E-01   9.3550E-01
3d5(2G2)4s_1Ge       20     227   3.6740E-01   3.8360E-01   4.5170E-01   5.9600E-01   1.0960E+00
3d5(2F1)4s_1Fe       20     248   4.7280E-01   5.1520E-01   6.5680E-01   1.5820E+00   1.8110E+00
3d5(2S)4s_3Se        20     236   3.3220E-01   3.5450E-01   3.9410E-01   4.0500E-01   3.7720E-01
3d5(2S)4s_1Se        20     241   4.8020E-01   5.0280E-01   4.8740E-01   3.7150E-01   3.2140E-01
3d5(2D2)4s_3De       20     247   1.1490E-01   1.1830E-01   1.4740E-01   2.5830E-01   5.9920E-01
3d5(2D2)4s_1De       20     241   2.4790E-01   3.4630E-01   6.4640E-01   3.3480E+00   4.0980E+00
3d5(4G)4p_5Go        20     274   1.6890E-06   1.5030E-02   4.1400E-02   1.0210E-01   2.2210E-01
3d5(2G1)4s_3Ge       20     260   4.4830E-01   5.2310E-01   7.0530E-01   8.7860E-01   9.2010E-01
3d5(4G)4p_5Ho        20     280   1.5240E-06   9.6260E-03   2.9130E-02   6.0650E-02   2.2050E-01
3d5(4G)4p_5Fo        20     297   7.1580E-01   6.6940E-01   4.5280E-01   1.5840E-01   1.7860E-01
3d5(4P)4p_5Do        20     299   2.1710E-01   2.2270E-01   2.7320E-01   2.8940E-01   2.6840E-01
3d5(4P)4p_5So        20     282   5.6890E-04   4.6190E-04   4.4480E-04   3.5850E-04   3.2330E-04
3d5(2G1)4s_1Ge       20     245   1.2800E+00   1.7610E+00   7.9370E+00   1.0050E+01   1.1200E+01
3d5(4G)4p_3Fo        20     249   3.6450E+00   3.4160E+00   2.2090E+00   1.7590E+00   1.6360E+00
3d5(4G)4p_3Ho        20     250   1.0690E+00   1.3210E+00   2.2090E+00   9.4480E+00   1.1540E+01
3d5(4P)4p_5Po        20     295   2.1550E+00   1.9900E+00   1.6380E+00   1.3540E+00   1.2420E+00
3d5(4P)4p_3Po        20     254   2.2550E+00   2.3630E+00   2.7360E+00   3.3440E+00   3.9460E+00
3d5(4D)4p_5Fo        20     309   3.6810E-01   5.3030E-01   1.5230E+00   1.8690E+00   1.8270E+00
3d5(4G)4p_3Go        20     249   2.8040E+01   2.5700E+01   1.4310E+01   1.0500E+01   8.8320E+00
3d5(4P)4p_3Do        20     244   3.1200E+00   2.9420E+00   2.5300E+00   2.1340E+00   1.9170E+00
3d5(4D)4p_5Do        20     293   8.4340E-01   9.7190E-01   1.3860E+00   2.0230E+00   2.6390E+00
3d5(4D)4p_5Po        20     287   7.1320E-01   8.9700E-01   2.2650E+00   2.9910E+00   3.2610E+00
3d5(4D)4p_3Do        20     263   2.5110E+01   2.2800E+01   1.1470E+01   7.4160E+00   5.1060E+00
3d5(4D)4p_3Fo        20     251   2.0920E+01   1.8800E+01   8.4670E+00   4.8340E+00   2.9780E+00
3d5(4P)4p_3So        20     259   4.6800E+00   5.9690E+00   1.0230E+01   2.5240E+01   3.0410E+01
3d5(4D)4p_3Po        20     259   1.2770E+01   1.1660E+01   1.2650E+01   1.5440E+01   1.8020E+01
3d5(2I)4p_3Ko        20     261   2.6640E-01   2.7450E-01   3.5770E-01   6.7800E-01   1.5090E+00
3d5(2I)4p_3Io        20     261   2.6640E-01   2.7450E-01   3.5770E-01   6.7800E-01   1.5090E+00
3d5(2P)4s_3Pe        20     274   1.3910E-01   1.3840E-01   1.3420E-01   1.3550E-01   1.4880E-01
3d5(2I)4p_1Ho        20     255   1.3460E+00   1.8410E+00   3.5050E+00   2.0940E+01   2.9600E+01
3d5(2I)4p_1Ko        20     245   3.1510E+00   3.7910E+00   7.4860E+00   8.7490E+00   8.6240E+00
3d5(a2D)4p_3Fo       20     256   5.8190E-01   6.4610E-01   7.9580E-01   9.3490E-01   9.8410E-01
3d5(2I)4p_3Ho        20     241   8.7080E-01   8.2820E-01   7.3940E-01   6.7930E-01   6.9290E-01
3d5(a2D)4p_3Po       20     261   1.1000E+00   1.0760E+00   1.0840E+00   1.2310E+00   1.5160E+00
3d5(2P)4s_1Pe        20     252   9.8230E-02   1.0360E-01   1.2930E-01   1.9780E-01   3.5070E-01
3d5(a2F)4p_1Go       20     253   1.1130E+00   1.7910E+00   4.2240E+00   1.5080E+01   2.1280E+01
3d5(a2F)4p_3Go       20     244   1.6040E+00   1.7060E+00   1.9040E+00   2.0280E+00   2.0730E+00
3d5(4F)4p_5Go        20     300   2.7830E-06   1.8150E-05   2.2690E-05   1.9880E-05   4.7200E-05
3d5(a2D)4p_3Do       20     262   8.7680E-01   8.9920E-01   1.0030E+00   1.5030E+00   1.7430E+00
3d5(a2F)4p_3Do       20     260   2.1170E+00   2.1220E+00   2.0880E+00   1.9460E+00   1.4040E+00
3d5(2I)4p_1Io        20     245   3.1510E+00   3.7910E+00   7.4860E+00   8.7490E+00   8.6240E+00
3d5(4F)4p_5Fo        20     301   1.2230E+00   1.1050E+00   5.2800E-01   3.2640E-01   2.1530E-01
3d5(a2F)4p_3Fo       20     259   3.8780E+00   3.8290E+00   3.7260E+00   3.6270E+00   3.4900E+00
3d5(4F)4p_5Do        20     309   4.3980E+00   3.9710E+00   1.8230E+00   1.0040E+00   5.1880E-01
3d5(2H)4p_3Ho        20     271   2.7870E-01   3.1200E-01   4.4360E-01   7.5990E-01   1.4480E+00
3d5(2H)4p_3Go        20     254   5.3520E+00   5.0670E+00   3.3790E+00   2.5690E+00   2.1100E+00
3d5(4F)4p_3Go        20     261   1.4630E+00   1.4050E+00   1.1230E+00   1.0510E+00   1.0830E+00
3d5(2H)4p_3Io        20     276   6.5570E-02   7.4210E-02   1.2640E-01   2.8890E-01   6.7940E-01
3d5(a2F)4p_1Do       20     257   7.9420E-01   9.2040E-01   1.4260E+00   2.5890E+00   1.0790E+01
3d5(a2G)4p_1Go       20     252   1.2890E+00   1.4570E+00   2.0810E+00   3.3790E+00   1.1870E+01
3d5(a2F)4p_1Fo       20     241   1.2020E+00   1.3070E+00   1.7050E+00   2.5330E+00   8.4460E+00
3d5(a2G)4p_3Fo       20     267   1.4690E+01   1.3590E+01   7.7010E+00   3.2570E+00   2.2660E+00
3d5(4F)4p_3Do        20     267   6.3520E+00   6.3500E+00   6.8120E+00   8.5020E+00   1.4930E+01
3d5(2H)4p_1Io        20     258   3.2370E+00   3.9940E+00   8.1570E+00   9.4160E+00   9.3160E+00
3d5(4F)4p_3Fo        20     276   2.0170E+00   1.9460E+00   1.7820E+00   1.6260E+00   1.5550E+00
3d5(a2G)4p_3Ho       20     258   1.2360E-01   1.1610E-01   1.2480E-01   1.6620E-01   5.3280E-01
3d5(a2G)4p_3Go       20     262   5.9430E-01   6.1240E-01   6.6840E-01   7.6540E-01   1.3530E+00
3d5(b2F)4p_3Fo       20     263   3.5960E-01   4.1850E-01   6.3100E-01   1.6430E+00   2.2440E+00
3d5(a2G)4p_1Ho       20     244   1.8300E+00   2.3340E+00   6.0110E+00   8.1600E+00   9.5080E+00
3d5(2H)4p_1Ho        20     254   2.0130E+00   2.3170E+00   4.4080E+00   5.4630E+00   5.8510E+00
3d5(a2G)4p_1Fo       20     266   1.3570E+00   1.4130E+00   1.5720E+00   2.1710E+00   2.6770E+00
3d5(b2F)4p_1Do       20     260   1.4030E+00   1.3970E+00   1.3530E+00   1.3670E+00   1.5310E+00
3d5(b2F)4p_3Go       20     274   8.6420E-02   1.2590E-01   2.8030E-01   6.1570E-01   2.7710E+00
3d5(6S)4d_7De        20     249   1.6840E-01   1.6750E-01   1.5260E-01   1.2010E-01   9.9620E-02
3d5(b2F)4p_3Do       20     267   3.0870E-01   3.4120E-01   4.9640E-01   8.8230E-01   2.4800E+00
3d5(2S)4p_3Po        20     263   1.2680E+00   1.1570E+00   8.9210E-01   6.2820E-01   4.9020E-01
3d5(b2F)4p_1Go       20     227   5.6210E-01   6.2450E-01   8.4730E-01   1.2790E+00   4.7600E+00
3d5(6S)5s_7Se        20     266   1.3630E-01   1.3640E-01   1.3700E-01   1.3840E-01   1.3880E-01
3d5(b2F)4p_1Fo       20     258   1.5260E+00   1.5710E+00   1.8160E+00   2.4320E+00   4.8160E+00
3d5(6S)4d_5De        20     314   1.1630E-01   1.1170E-01   8.7650E-02   7.8130E-02   7.3500E-02
3d5(2S)4p_1Po        20     246   2.0970E+00   2.1760E+00   2.0640E+00   1.4920E+00   1.3490E+00
3d5(6S)5s_5Se        20     309   1.4120E-01   1.4170E-01   1.4310E-01   1.4920E-01   1.5870E-01
3d5(b2D)4p_3Fo       20     279   7.7640E-02   7.3390E-02   6.6450E-02   7.1000E-02   1.2870E-01
3d5(b2D)4p_3Do       20     265   8.5630E-02   7.2610E-02   8.0160E-02   1.4870E-01   3.6600E-01
3d5(b2D)4p_1Fo       20     262   3.1700E+00   3.3810E+00   3.8360E+00   4.1540E+00   4.0570E+00
3d5(b2D)4p_3Po       20     266   3.0980E-01   2.8300E-01   2.2250E-01   1.7170E-01   1.8280E-01
3d5(b2D)4p_1Do       20     268   1.7090E+00   2.0370E+00   2.8240E+00   3.5810E+00   3.8220E+00
3d5(b2G)4p_3Ho       20     287   6.7070E-02   6.6390E-02   6.6550E-02   7.2320E-02   9.9340E-02
3d5(6S)5p_7Po        20     283   1.1840E+00   1.1800E+00   1.1040E+00   9.6930E-01   9.5290E-01
3d5(b2G)4p_3Fo       20     290   1.2170E+00   1.1630E+00   1.0650E+00   1.0180E+00   1.0320E+00
3d5(b2G)4p_3Go       20     293   5.4090E-01   5.4200E-01   5.6550E-01   7.2310E-01   7.8610E-01
3d5(6S)5p_5Po        20     343   2.6360E+00   2.5460E+00   2.0210E+00   1.5490E+00   1.4430E+00
3d5(b2G)4p_1Ho       20     269   1.3510E+01   1.3110E+01   1.0400E+01   6.8110E+00   4.1770E+00
3d5(b2G)4p_1Go       20     249   1.1820E+01   1.1270E+01   7.7750E+00   3.1830E+00   1.8220E+00
3d5(b2G)4p_1Fo       20     276   1.1200E+01   1.0520E+01   6.9520E+00   5.5630E+00   4.0780E+00
3d5(2P)4p_3Po        20     308   1.6550E-01   1.5500E-01   1.3210E-01   9.1810E-02   8.3530E-02
3d5(4G)4d_5He        20     328   5.1710E-05   1.9760E-05   3.3830E-07   7.3070E-06   9.7540E-06
3d5(4G)4d_5Fe        20     368   2.6860E-01   2.5090E-01   1.4050E-01   4.3230E-02   2.1430E-02
3d5(4G)4d_5Ge        20     356   1.0550E-01   9.7400E-02   4.9470E-02   2.6800E-02   1.1680E-02
3d5(4G)4d_5Ie        20     337   1.1700E-04   4.4190E-05   5.7450E-08   3.7380E-07   4.9040E-07
3d5(4G)5s_5Ge        20     347   8.5650E-03   4.9610E-03   2.7880E-03   3.5030E-03   3.6350E-03
3d5(4P)4d_5Fe        20     363   5.2250E-04   2.6760E-04   5.6440E-05   1.0330E-03   1.5020E-03
3d5(4G)4d_3Fe        20     297   3.4010E-01   3.3240E-01   2.8740E-01   2.4860E-01   2.4150E-01
3d5(2P)4p_3Do        20     292   1.7220E-01   1.5800E-01   1.2580E-01   8.2240E-02   9.4350E-02
3d5(4G)4d_3Ie        20     290   1.0100E-01   1.0020E-01   9.8400E-02   9.6930E-02   9.6510E-02
3d5(4G)5s_3Ge        20     303   1.6640E-01   1.6510E-01   1.6600E-01   1.7440E-01   1.7780E-01
3d5(2P)4p_1Do        20     283   5.4940E+01   5.2100E+01   3.2580E+01   1.3170E+01   8.4180E+00
3d5(6S)4f_7Fo        20     301   1.2380E+00   1.2350E+00   1.1890E+00   1.1010E+00   1.0760E+00
3d5(6S)4f_5Fo        20     284   2.2070E+00   2.1950E+00   2.0690E+00   1.8150E+00   1.7120E+00
3d5(4P)5s_5Pe        20     362   2.2330E-03   1.9590E-03   1.8470E-03   3.3910E-03   3.3800E-03
3d5(2P)4p_3So        20     276   2.0260E-01   1.3790E-01   5.7770E-02   1.4580E-01   1.9210E-01
3d5(4D)4d_5Ge        20     337   2.4320E-04   1.5100E-04   3.9520E-05   9.7690E-04   1.1610E-03
3d5(4D)4d_5De        20     363   3.0040E-01   2.9750E-01   2.8370E-01   2.7910E-01   2.7660E-01
3d5(4D)5s_5De        20     372   1.7990E-02   1.7480E-02   1.4420E-02   1.2940E-02   1.1980E-02
3d5(4D)4d_3Ge        20     317   4.9120E-01   4.9150E-01   4.9390E-01   5.0130E-01   5.1510E-01
3d5(6S)5d_5De        20     385   2.2160E-01   2.0770E-01   1.2520E-01   8.7150E-02   6.4010E-02
3d5(4D)5s_3De        20     296   1.9780E-01   2.0130E-01   2.1260E-01   2.6110E-01   2.8930E-01
3d5(6S)5d_7De        20     263   6.1500E-01   6.1670E-01   6.1940E-01   6.1850E-01   6.1170E-01
3d5(6S)6s_7Se        20     291   1.4660E-01   1.4670E-01   1.4690E-01   1.4730E-01   1.4740E-01
3d5(2I)5s_3Ie        20     311   4.8380E-02   5.5420E-02   7.1190E-02   8.4450E-02   8.7700E-02
3d5(4G)5p_5Go        20     361   4.6910E-05   2.9590E-05   2.1930E-06   2.6230E-03   1.0470E-02
3d5(6S)6p_7Po        20     244   1.9110E+00   1.9200E+00   1.9400E+00   1.9530E+00   1.9490E+00
3d5(4G)5p_5Ho        20     351   9.2870E-06   4.4970E-06   9.2230E-07   6.7460E-03   1.0450E-02
3d5(4G)5p_5Fo        20     406   2.8870E+00   2.6770E+00   1.5370E+00   9.9950E-01   6.1920E-01
3d5(4G)5p_3Fo        20     313   7.7820E+01   7.2610E+01   4.1390E+01   2.8050E+01   2.3790E+01
3d5(4G)5p_3Ho        20     312   1.5810E+00   1.5890E+00   1.5850E+00   1.5680E+00   1.4670E+00
3d5(4F)4d_5He        20     366   9.8510E-06   4.4400E-06   1.2780E-07   9.8820E-07   1.3120E-06
3d5(4F)4d_5Ge        20     357   1.2230E-03   5.3320E-03   3.9690E-02   1.1820E-01   5.0150E-01
3d5(4G)5p_3Go        20     315   2.1000E+00   2.1110E+00   2.1150E+00   2.0740E+00   1.9000E+00
3d5(4P)5p_5Do        20     397   5.1200E+00   4.7080E+00   2.4830E+00   1.5140E+00   8.6960E-01
3d5(4P)5p_5So        20     387   6.8420E-04   6.3980E-04   6.3270E-04   6.1130E-04   6.0400E-04
3d5(4F)5s_5Fe        20     396   8.2980E-02   8.0260E-02   7.0560E-02   3.4650E-02   1.8170E-02
3d5(4P)5p_5Po        20     401   2.6950E+01   2.4720E+01   1.2700E+01   7.4840E+00   4.0110E+00
3d5(4D)5p_5Fo        20     425   1.6250E-01   1.5410E-01   1.0790E-01   8.9450E-02   9.6960E-02
3d5(4D)5p_5Do        20     427   3.1330E-01   2.8320E-01   2.1220E-01   1.4260E-01   1.1000E-01
3d5(4D)5p_3Do        20     310   1.1070E+02   1.0050E+02   4.7930E+01   2.7640E+01   1.5990E+01
3d5(4D)5p_3Fo        20     353   5.2240E+01   4.6620E+01   1.9720E+01   1.0470E+01   5.5400E+00
3d5(6S)5f_7Fo        20     219   4.8280E+00   4.8140E+00   4.5180E+00   3.2710E+00   2.3480E+00
3d5(6S)5f_5Fo        20     332   4.6200E+00   4.6170E+00   4.6000E+00   4.5600E+00   4.3340E+00
3d5(6S)5g_7Ge        20     193   1.8920E+00   1.8850E+00   1.7640E+00   1.1370E+00   7.2620E-01
3d5(6S)5g_5Ge        20     188   1.8060E+00   1.0360E+00   8.0280E-01   7.8530E-01   4.8720E-01
3d5(6S)6d_7De        20     236   1.4350E+00   1.4300E+00   1.3390E+00   8.3770E-01   5.0840E-01
3d5(6S)7s_7Se        20     256   1.4760E-01   1.4880E-01   1.5420E-01   1.5600E-01   1.5710E-01
3d5(2I)5p_3Io        20     333   1.6630E+00   1.6080E+00   1.4200E+00   7.4370E-01   4.4700E-01
3d5(2I)5p_3Ho        20     333   5.7630E+00   5.5270E+00   2.3640E+00   1.3960E+00   9.5370E-01
3d5(4F)5p_5Fo        20     479   3.9390E+01   3.7140E+01   2.3650E+01   1.1040E+01   7.3280E+00
3d5(4F)5p_5Go        20     418   1.2000E-05   8.4090E-06   3.0110E-06   8.4370E-04   1.0150E-03
3d5(6S)6g_7Ge        20     172   4.5300E+00   4.5150E+00   4.1980E+00   2.7970E+00   1.8420E+00
3d5(6S)6g_5Ge        20     203   4.2450E+00   4.2600E+00   4.2870E+00   4.2960E+00   4.2710E+00
3d5(6S)6h_7Ho        20     181   1.5750E+00   1.5690E+00   1.4610E+00   8.6720E-01   5.0860E-01
3d5(6S)6h_5Ho        20     176   1.5720E+00   1.5660E+00   1.4580E+00   8.4590E-01   4.8460E-01
3d5(4G)5d_5He        20     363   5.7940E-04   3.0660E-04   3.6020E-08   5.4730E-04   6.7470E-04
3d5(4G)5d_5Fe        20     440   8.9450E-01   1.0390E+00   1.4870E+00   1.7570E+00   1.6800E+00
3d5(4G)5d_5Ge        20     437   3.2760E-01   3.7010E-01   5.0160E-01   5.6810E-01   5.2310E-01
3d5(4G)5d_5Ie        20     388   1.3740E-03   7.2520E-04   3.0730E-07   3.0250E-05   3.9090E-05
3d5(4G)6s_5Ge        20     449   1.6390E-01   1.9340E-01   2.6120E-01   3.1900E-01   3.2380E-01
3d5(4G)6s_3Ge        20     359   1.9130E-01   1.9060E-01   1.8580E-01   1.8330E-01   1.8160E-01
3d5(4P)5d_5Fe        20     438   1.4060E-03   2.5720E-03   3.7140E-03   1.4710E-03   9.7710E-06
3d5(4P)6s_5Pe        20     430   9.7150E-03   8.4870E-03   6.6680E-03   6.3670E-03   6.0690E-03
3d5(4D)6s_5De        20     507   8.6650E-02   9.3090E-02   1.3250E-01   1.4870E-01   1.5160E-01
3d5(4D)6s_3De        20     383   1.5040E-01   1.5390E-01   1.6650E-01   1.8760E-01   2.0840E-01
