********************************************************************************
                                                                                
                 Super levels for NVI
                                                                                
                  g        E(cm^-1)    10^15 Hz     eV       Lam(A)       ID    
********************************************************************************
                                                                                
17-Oct-2000                            !Format date                   
18-Feb-2005                            !Date
107                                    !Number of energy levels
6                                      !Entry number of link to super level
  
1s2_1Se           1.0          0.0000   133.4903   2.246E+01     1     0      1
1s_2s_3Se         3.0    3385890.0000    31.9839   9.373E+01     2     0      2
1s_2p_3Po         9.0    3438479.3333    30.4073   9.859E+01     3     0      3
1s_2s_1Se         1.0    3439274.0000    30.3835   9.867E+01     4     0      4
1s_2p_1Po         3.0    3473790.0000    29.3487   1.021E+02     5     0      5
1s_3s_3Se         3.0    3991860.0000    13.8174   2.170E+02     6     0      6
1s_3p_3Po         9.0    4006160.0000    13.3887   2.239E+02     7     0      7
1s_3s_1Se         1.0    4006273.0000    13.3853   2.240E+02     8     0      8
1s_3d_3De        15.0    4013460.0000    13.1698   2.276E+02     9     0      9
1s_3d_1De         5.0    4013770.0000    13.1605   2.278E+02    10     0     10
1s_3p_1Po         3.0    4016390.0000    13.0820   2.292E+02    11     0     11
1s_4s_3Se         3.0    4196800.0000     7.6734   3.907E+02    12     0     12
1s_4s_1Se         1.0    4202520.0000     7.5019   3.996E+02    13     0     13
1s_4p_3Po         9.0    4202620.0000     7.4989   3.998E+02    14     0     14
1s_4d_3De        15.0    4205820.0000     7.4030   4.050E+02    15     0     15
1s_4d_1De         5.0    4205830.0000     7.4027   4.050E+02    16     0     16
1s_4z_3Z         21.0    4205859.4659     7.4018   4.050E+02    17     0     17
1s_4z_1Z          7.0    4205859.4659     7.4018   4.050E+02    18     0     18
1s_4p_1Po         3.0    4206810.0000     7.3733   4.066E+02    19     0     19
1s_5s_3Se         3.0    4290150.0000     4.8749   6.150E+02    20     0     20
1s_5s_1Se         1.0    4293020.0000     4.7888   6.260E+02    21     0     21
1s_5p_3Po         9.0    4293080.0000     4.7870   6.263E+02    22     0     22
1s_5d_3De        15.0    4294570.0000     4.7424   6.322E+02    23     0     23
1s_5d_1De         5.0    4294670.0000     4.7394   6.326E+02    24     0     24
1s_5z_1Z         16.0    4294742.9382     4.7372   6.329E+02    25     0     25
1s_5z_3Z         48.0    4294742.9382     4.7372   6.329E+02    26     0     26
1s_5p_1Po         3.0    4296090.0000     4.6968   6.383E+02    27     0     27
1s_6s_3Se         3.0    4340291.2760     3.3717   8.892E+02    20     0     28
1s_6s_1Se         1.0    4341943.4430     3.3221   9.024E+02    21     0     29
1s_6p_3Po         9.0    4342360.0000     3.3096   9.058E+02    22     0     30
1s_6d_1De         5.0    4342884.6770     3.2939   9.101E+02    24     0     31
1s_6z_3Z         81.0    4343025.3182     3.2897   9.113E+02    26     0     32
1s_6z_1Z         27.0    4343025.3182     3.2897   9.113E+02    25     0     33
1s_6d_3De        15.0    4343030.0000     3.2896   9.113E+02    23     0     34
1s_6p_1Po         3.0    4343290.0000     3.2818   9.135E+02    27     0     35
1s_7s_3Se         3.0    4370410.7710     2.4687   1.214E+03    20     0     36
1s_7s_1Se         1.0    4371442.1230     2.4378   1.230E+03    21     0     37
1s_7p_3Po         9.0    4371460.0000     2.4373   1.230E+03    22     0     38
1s_7d_3De        15.0    4371840.0000     2.4259   1.236E+03    23     0     39
1s_7d_1De         5.0    4372032.8980     2.4201   1.239E+03    24     0     40
1s_7z_3Z        120.0    4372138.0705     2.4169   1.240E+03    26     0     41
1s_7z_1Z         40.0    4372138.0705     2.4169   1.240E+03    25     0     42
1s_7p_1Po         3.0    4372540.0000     2.4049   1.247E+03    27     0     43
1s_8s_3Se         3.0    4389866.2820     1.8854   1.590E+03    28     0     44
1s_8s_1Se         1.0    4390557.1880     1.8647   1.608E+03    29     0     45
1s_8p_3Po         9.0    4390900.0000     1.8545   1.617E+03    30     0     46
1s_8d_1De         5.0    4390947.7000     1.8530   1.618E+03    31     0     47
1s_8d_3De        15.0    4391000.0000     1.8515   1.619E+03    32     0     48
1s_8z_1Z         55.0    4391033.3665     1.8505   1.620E+03    33     0     49
1s_8z_3Z        165.0    4391033.3665     1.8505   1.620E+03    34     0     50
1s_8p_1Po         3.0    4392710.0000     1.8002   1.665E+03    35     0     51
1s_9p_3Po         9.0    4403100.0000     1.4887   2.014E+03    30     0     52
1s_9s_3Se         3.0    4403163.7190     1.4868   2.016E+03    28     0     53
1s_9s_1Se         1.0    4403644.3490     1.4724   2.036E+03    29     0     54
1s_9d_3De        15.0    4403800.0000     1.4677   2.043E+03    32     0     55
1s_9d_1De         5.0    4403924.7170     1.4640   2.048E+03    31     0     56
1s_9z_1Z         72.0    4403987.9192     1.4621   2.050E+03    33     0     57
1s_9z_3Z        216.0    4403987.9192     1.4621   2.050E+03    34     0     58
1s_9p_1Po         3.0    4404004.8220     1.4616   2.051E+03    35     0     59
1s_10p_3Po        9.0    4412500.0000     1.2069   2.484E+03    30     0     60
1s_10s_3Se        3.0    4412646.1530     1.2025   2.493E+03    28     0     61
1s_10s_1Se        1.0    4412996.6120     1.1920   2.515E+03    29     0     62
1s_10d_1De        5.0    4413206.8880     1.1857   2.528E+03    31     0     63
1s_10z_1Z        91.0    4413254.2346     1.1843   2.531E+03    33     0     64
1s_10z_3Z       273.0    4413254.2346     1.1843   2.531E+03    34     0     65
1s_10p_1Po        3.0    4413256.9540     1.1842   2.532E+03    35     0     66
1s_10d_3De       15.0    4413300.0000     1.1829   2.534E+03    32     0     67
1s_11w_1W       121.0    4420110.2600     0.9788   3.063E+03    36     0     68
1s_11w_3W       363.0    4420110.2600     0.9788   3.063E+03    37     0     69
1s_12w_1W       144.0    4425324.8295     0.8224   3.645E+03    38     0     70
1s_12w_3W       432.0    4425324.8295     0.8224   3.645E+03    39     0     71
1s_13w_1W       169.0    4429382.9909     0.7008   4.278E+03    38     0     72
1s_13w_3W       507.0    4429382.9909     0.7008   4.278E+03    39     0     73
1s_14w_1W       196.0    4432603.0176     0.6042   4.962E+03    38     0     74
1s_14w_3W       588.0    4432603.0176     0.6042   4.962E+03    39     0     75
1s_15w_1W       225.0    4435200.7709     0.5264   5.696E+03    38     0     76
1s_15w_3W       675.0    4435200.7709     0.5264   5.696E+03    39     0     77
1s_16w_1W       256.0    4437326.8416     0.4626   6.480E+03    40     0     78
1s_16w_3W       768.0    4437326.8416     0.4626   6.480E+03    41     0     79
1s_17w_1W       289.0    4439088.8770     0.4098   7.316E+03    40     0     80
1s_17w_3W       867.0    4439088.8770     0.4098   7.316E+03    41     0     81
1s_18w_1W       324.0    4440565.4798     0.3655   8.202E+03    40     0     82
1s_18w_3W       972.0    4440565.4798     0.3655   8.202E+03    41     0     83
1s_19w_1W       361.0    4441815.1287     0.3281   9.138E+03    40     0     84
1s_19w_3W      1083.0    4441815.1287     0.3281   9.138E+03    41     0     85
1s_20w_1W       400.0    4442882.0586     0.2961   1.013E+04    40     0     86
1s_20w_3W      1200.0    4442882.0586     0.2961   1.013E+04    41     0     87
1s_21w_1W       441.0    4443800.2301     0.2685   1.116E+04    42     0     88
1s_21w_3W      1323.0    4443800.2301     0.2685   1.116E+04    43     0     89
1s_22w_1W       484.0    4444596.0650     0.2447   1.225E+04    42     0     90
1s_22w_3W      1452.0    4444596.0650     0.2447   1.225E+04    43     0     91
1s_23w_1W       529.0    4445290.3695     0.2239   1.339E+04    42     0     92
1s_23w_3W      1587.0    4445290.3695     0.2239   1.339E+04    43     0     93
1s_24w_1W       576.0    4445899.7074     0.2056   1.458E+04    42     0     94
1s_24w_3W      1728.0    4445899.7074     0.2056   1.458E+04    43     0     95
1s_25w_1W       625.0    4446437.3975     0.1895   1.582E+04    42     0     96
1s_25w_3W      1875.0    4446437.3975     0.1895   1.582E+04    43     0     97
1s_26w_1W       676.0    4446914.2477     0.1752   1.711E+04    42     0     98
1s_26w_3W      2028.0    4446914.2477     0.1752   1.711E+04    43     0     99
1s_27w_1W       729.0    4447339.1021     0.1625   1.845E+04    42     0    100
1s_27w_3W      2187.0    4447339.1021     0.1625   1.845E+04    43     0    101
1s_28w_1W       784.0    4447719.2544     0.1511   1.985E+04    42     0    102
1s_28w_3W      2352.0    4447719.2544     0.1511   1.985E+04    43     0    103
1s_29w_1W       841.0    4448060.7627     0.1408   2.129E+04    42     0    104
1s_29w_3W      2523.0    4448060.7627     0.1408   2.129E+04    43     0    105
1s_30w_1W       900.0    4448368.6927     0.1316   2.278E+04    42     0    106
1s_30w_3W      2700.0    4448368.6927     0.1316   2.278E+04    43     0    107
