********************************************************************************
                                                                                
                 Energy Levels and statistical weights for SiI                  
                                                                                
                                      g        E(cm^-1)    10^15 Hz     eV      
********************************************************************************
                                                                                
17-Oct-2000                                      !Format date                   
24-Nov-2011                            !Date
493                                    !Number of energy levels
6                                      !Entry number of link to super level
  
3s2_3p2_3Pe[0]                        1.0          0.0000     1.9711   1.521E+03     1     0      1
3s2_3p2_3Pe[1]                        3.0         77.1150     1.9688   1.523E+03     1     0      2
3s2_3p2_3Pe[2]                        5.0        223.1570     1.9644   1.526E+03     1     0      3
3s2_3p2_1De[2]                        5.0       6298.8500     1.7822   1.682E+03     2     0      4
3s2_3p2_1Se[0]                        1.0      15394.3700     1.5096   1.986E+03     3     0      5
3s_3p3_5So[2]                         5.0      33326.0530     0.9720   3.084E+03     4     0      6
3s2_3p_4s_3Po[0]                      1.0      39683.1630     0.7814   3.837E+03     5     0      7
3s2_3p_4s_3Po[1]                      3.0      39760.2850     0.7791   3.848E+03     5     0      8
3s2_3p_4s_3Po[2]                      5.0      39955.0530     0.7732   3.877E+03     5     0      9
3s2_3p_4s_1Po[1]                      3.0      40991.8840     0.7422   4.039E+03     6     0     10
3s_3p3_3Do[1]                         3.0      45276.1880     0.6137   4.885E+03     7     0     11
3s_3p3_3Do[2]                         5.0      45293.6290     0.6132   4.889E+03     7     0     12
3s_3p3_3Do[3]                         7.0      45321.8480     0.6124   4.896E+03     7     0     13
3s2_3p_4p_1Pe[1]                      3.0      47284.0610     0.5535   5.416E+03     8     0     14
3s2_3p_3d_1Do[2]                      5.0      47351.5540     0.5515   5.436E+03     9     0     15
3s2_3p_4p_3De[1]                      3.0      48020.0740     0.5315   5.641E+03    10     0     16
3s2_3p_4p_3De[2]                      5.0      48102.3230     0.5290   5.667E+03    10     0     17
3s2_3p_4p_3De[3]                      7.0      48264.2920     0.5241   5.720E+03    10     0     18
3s2_3p_4p_3Pe[0]                      1.0      49028.2940     0.5012   5.981E+03    11     0     19
3s2_3p_4p_3Pe[1]                      3.0      49060.6010     0.5003   5.993E+03    11     0     20
3s2_3p_4p_3Pe[2]                      5.0      49188.6170     0.4964   6.039E+03    11     0     21
3s2_3p_4p_3Se[1]                      3.0      49399.6700     0.4901   6.117E+03    12     0     22
3s2_3p_3d_3Fo[2]                      5.0      49850.8300     0.4766   6.291E+03    13     0     23
3s2_3p_3d_3Fo[3]                      7.0      49933.7750     0.4741   6.324E+03    13     0     24
3s2_3p_3d_3Fo[4]                      9.0      50054.8000     0.4705   6.372E+03    13     0     25
3s2_3p_4p_1De[2]                      5.0      50189.3890     0.4664   6.427E+03    14     0     26
3s2_3p_3d_3Po[2]                      5.0      50499.8380     0.4571   6.558E+03    15     0     27
3s2_3p_3d_3Po[1]                      3.0      50566.3970     0.4551   6.587E+03    15     0     28
3s2_3p_3d_3Po[0]                      1.0      50602.4400     0.4540   6.603E+03    15     0     29
3s2_3p_4p_1Se[0]                      1.0      51612.0120     0.4238   7.074E+03    16     0     30
3s2_3p_3d_1Fo[3]                      7.0      53362.2400     0.3713   8.074E+03    17     0     31
3s2_3p_3d_1Po[1]                      3.0      53387.3340     0.3706   8.090E+03    18     0     32
3s2_3p_3d_3Do[1]                      3.0      54185.2640     0.3466   8.649E+03    19     0     33
3s2_3p_3d_3Do[2]                      5.0      54205.0900     0.3460   8.664E+03    19     0     34
3s2_3p_5s_3Po[0]                      1.0      54245.0200     0.3448   8.694E+03    20     0     35
3s2_3p_3d_3Do[3]                      7.0      54257.5820     0.3445   8.703E+03    19     0     36
3s2_3p_5s_3Po[1]                      3.0      54313.8180     0.3428   8.746E+03    20     0     37
3s2_3p_5s_3Po[2]                      5.0      54528.2200     0.3364   8.913E+03    20     0     38
3s2_3p_5s_1Po[1]                      3.0      54871.0310     0.3261   9.194E+03    21     0     39
3s2_3p_4d_1Do[2]                      5.0      56503.3460     0.2771   1.082E+04    22     0     40
3s2_3p_4d_3Po[2]                      5.0      56690.9030     0.2715   1.104E+04    23     0     41
3s2_3p_4d_3Po[1]                      3.0      56700.2500     0.2712   1.105E+04    23     0     42
3s2_3p_4d_3Po[0]                      1.0      56733.3800     0.2702   1.109E+04    23     0     43
3s2_3p_5p_1Pe[1]                      3.0      56780.4270     0.2688   1.115E+04    24     0     44
3s2_3p_5p_3De[1]                      3.0      56978.2560     0.2629   1.140E+04    25     0     45
3s2_3p_5p_3De[2]                      5.0      57017.4960     0.2617   1.145E+04    25     0     46
3s2_3p_5p_3De[3]                      7.0      57198.0270     0.2563   1.170E+04    25     0     47
3s2_3p_5p_3Pe[0]                      1.0      57295.8810     0.2534   1.183E+04    26     0     48
3s2_3p_5p_3Pe[1]                      3.0      57328.7890     0.2524   1.188E+04    26     0     49
3s2_3p_4d_3Fo[2]                      5.0      57372.2970     0.2511   1.194E+04    27     0     50
3s2_3p_4d_3Fo[3]                      7.0      57450.5800     0.2487   1.205E+04    27     0     51
3s2_3p_5p_3Pe[2]                      5.0      57468.2390     0.2482   1.208E+04    26     0     52
3s2_3p_5p_3Se[1]                      3.0      57541.9180     0.2460   1.219E+04    28     0     53
3s2_3p_4d_3Fo[4]                      9.0      57583.6570     0.2448   1.225E+04    27     0     54
3s2_3p_5p_1De[2]                      5.0      57798.0720     0.2383   1.258E+04    29     0     55
3s2_3p_5p_1Se[0]                      1.0      58311.6590     0.2229   1.345E+04    30     0     56
3s2_3p(2P<1/2>)4f_2{5/2}e[3]          7.0      58774.3680     0.2091   1.434E+04    31     0     57
3s2_3p(2P<1/2>)4f_2{5/2}e[2]          5.0      58775.4510     0.2090   1.434E+04    31     0     58
3s2_3p(2P<1/2>)4f_2{7/2}e[3]          7.0      58786.8600     0.2087   1.437E+04    32     0     59
3s2_3p(2P<1/2>)4f_2{7/2}e[4]          9.0      58788.8800     0.2086   1.437E+04    32     0     60
3s2_3p_4d_1Po[1]                      3.0      58801.5290     0.2082   1.440E+04    33     0     61
3s2_3p_4d_1Fo[3]                      7.0      58893.4000     0.2055   1.459E+04    34     0     62
3s2_3p_4d_3Do[2]                      5.0      59032.1900     0.2013   1.489E+04    35     0     63
3s2_3p(2P<3/2>)4f_2{7/2}e[3]          7.0      59034.9880     0.2012   1.490E+04    36     0     64
3s2_3p(2P<3/2>)4f_2{7/2}e[4]          9.0      59037.0430     0.2012   1.490E+04    36     0     65
3s2_3p_4d_3Do[1]                      3.0      59056.5080     0.2006   1.494E+04    35     0     66
3s2_3p(2P<3/2>)4f_2{5/2}e[3]          7.0      59109.9590     0.1990   1.507E+04    37     0     67
3s2_3p(2P<3/2>)4f_2{5/2}e[2]          5.0      59110.8920     0.1990   1.507E+04    37     0     68
3s2_3p_4d_3Do[3]                      7.0      59118.0300     0.1988   1.508E+04    35     0     69
3s2_3p(2P<3/2>)4f_2{9/2}e[5]         11.0      59128.4000     0.1984   1.511E+04    38     0     70
3s2_3p(2P<3/2>)4f_2{9/2}e[4]          9.0      59131.9120     0.1983   1.512E+04    38     0     71
3s2_3p(2P<3/2>)4f_2{3/2}e[1]          3.0      59190.4600     0.1966   1.525E+04    39     0     72
3s2_3p(2P<3/2>)4f_2{3/2}e[2]          5.0      59191.0720     0.1966   1.525E+04    39     0     73
3s2_3p_6s_3Po[0]                      1.0      59221.1100     0.1957   1.532E+04    40     0     74
3s2_3p_6s_3Po[1]                      3.0      59273.5750     0.1941   1.545E+04    40     0     75
3s2_3p_6s_3Po[2]                      5.0      59506.3590     0.1871   1.602E+04    40     0     76
3s2_3p_6s_1Po[1]                      3.0      59636.6670     0.1832   1.636E+04    41     0     77
3s2_3p_nd_a3Po[2]                     5.0      59917.3360     0.1748   1.715E+04    42     0     78
3s2_3p_nd_a3Po[1]                     3.0      60010.4580     0.1720   1.743E+04    42     0     79
3s2_3p_nd_a3Po[0]                     1.0      60042.5000     0.1710   1.753E+04    42     0     80
3s2_3p_5d_1Do[2]                      5.0      60300.8600     0.1633   1.836E+04    43     0     81
3s2_3p(2P)6p_(1/2,1/2)e[1]            3.0      60381.2780     0.1609   1.863E+04    44     0     82
3s2_3p(2P)6p_(1/2,3/2)e[1]            3.0      60487.1030     0.1577   1.901E+04    45     0     83
3s2_3p(2P)6p_(1/2,3/2)e[2]            5.0      60496.3580     0.1574   1.904E+04    45     0     84
3s2_3p_6p_3Pe[0]                      1.0      60621.6400     0.1537   1.951E+04    46     0     85
3s2_3p_5d_3Fo[2]                      5.0      60645.4410     0.1530   1.960E+04    47     0     86
3s2_3p_6p_3De[3]                      7.0      60704.5300     0.1512   1.983E+04    48     0     87
3s2_3p_5d_3Fo[3]                      7.0      60705.4640     0.1512   1.983E+04    47     0     88
3s2_3p(2P)6p_(3/2,3/2)e[1]            3.0      60706.5580     0.1511   1.984E+04    49     0     89
3s2_3p(2P)6p_(3/2,3/2)e[2]            5.0      60815.9250     0.1479   2.028E+04    49     0     90
3s2_3p_5d_3Fo[4]                      9.0      60848.9460     0.1469   2.041E+04    47     0     91
3s2_3p(2P)6p_(3/2,1/2)e[1]            3.0      60856.6300     0.1466   2.045E+04    50     0     92
3s2_3p(2P)6p_(3/2,1/2)e[2]            5.0      60962.1050     0.1435   2.090E+04    50     0     93
3s2_3p_6p_1Se[0]                      1.0      61198.0360     0.1364   2.198E+04    51     0     94
3s2_3p(2P<1/2>)5f_2{5/2}e[3]          7.0      61303.3810     0.1332   2.250E+04    52     0     95
3s2_3p(2P<1/2>)5f_2{5/2}e[2]          5.0      61304.2830     0.1332   2.250E+04    52     0     96
3s2_3p(2P<1/2>)5f_2{7/2}e[3]          7.0      61305.0500     0.1332   2.251E+04    53     0     97
3s2_3p_5d_1Po[1]                      3.0      61305.6700     0.1332   2.251E+04    54     0     98
3s2_3p(2P<1/2>)5f_2{7/2}e[4]          9.0      61306.7130     0.1331   2.252E+04    53     0     99
3s2_3p(2P<1/2>)5g_2{7/2}o[3]          7.0      61346.4600     0.1319   2.272E+04    55     0    100
3s2_3p(2P<1/2>)5g_2{7/2}o[4]          9.0      61346.4601     0.1319   2.272E+04    55     0    101
3s2_3p(2P<1/2>)5g_2{9/2}o[4]          9.0      61346.7900     0.1319   2.272E+04    56     0    102
3s2_3p(2P<1/2>)5g_2{9/2}o[5]         11.0      61346.7901     0.1319   2.272E+04    56     0    103
3s2_3p_5d_1Fo[3]                      7.0      61423.2300     0.1296   2.312E+04    57     0    104
3s2_3p_5d_3Do[2]                      5.0      61447.8600     0.1289   2.326E+04    58     0    105
3s2_3p_5d_3Do[1]                      3.0      61511.7700     0.1270   2.361E+04    58     0    106
3s2_3p_7s_3Po[0]                      1.0      61538.0500     0.1262   2.375E+04    59     0    107
3s2_3p(2P<3/2>)5f_2{7/2}e[3]          7.0      61562.4770     0.1255   2.389E+04    60     0    108
3s2_3p(2P<3/2>)5f_2{7/2}e[4]          9.0      61563.9520     0.1254   2.390E+04    60     0    109
3s2_3p_5d_3Do[3]                      7.0      61574.8140     0.1251   2.396E+04    58     0    110
3s2_3p_7s_3Po[1]                      3.0      61595.4300     0.1245   2.408E+04    59     0    111
3s2_3p(2P<3/2>)5f_2{5/2}e[3]          7.0      61597.4040     0.1244   2.409E+04    61     0    112
3s2_3p(2P<3/2>)5f_2{5/2}e[2]          5.0      61598.1450     0.1244   2.410E+04    61     0    113
3s2_3p(2P<3/2>)5f_2{9/2}e[5]         11.0      61614.3700     0.1239   2.419E+04    62     0    114
3s2_3p(2P<3/2>)5f_2{9/2}e[4]          9.0      61617.1700     0.1238   2.421E+04    62     0    115
3s2_3p(2P<3/2>)5g_2{9/2}o[4]          9.0      61619.1800     0.1238   2.422E+04    63     0    116
3s2_3p(2P<3/2>)5g_2{9/2}o[5]         11.0      61619.1801     0.1238   2.422E+04    63     0    117
3s2_3p(2P<3/2>)5g_2{7/2}o[3]          7.0      61629.5400     0.1235   2.428E+04    64     0    118
3s2_3p(2P<3/2>)5g_2{7/2}o[4]          9.0      61629.5401     0.1235   2.428E+04    64     0    119
3s2_3p(2P<3/2>)5g_2{11/2}o[5]        11.0      61644.3200     0.1230   2.437E+04    65     0    120
3s2_3p(2P<3/2>)5g_2{11/2}o[6]        13.0      61644.3201     0.1230   2.437E+04    65     0    121
3s2_3p(2P<3/2>)5f_2{3/2}e[1]          3.0      61647.3600     0.1229   2.439E+04    66     0    122
3s2_3p(2P<3/2>)5f_2{3/2}e[2]          5.0      61647.8750     0.1229   2.439E+04    66     0    123
3s2_3p(2P<3/2>)5g_2{5/2}o[3]          7.0      61654.3100     0.1227   2.443E+04    67     0    124
3s2_3p(2P<3/2>)5g_2{5/2}o[2]          5.0      61654.3101     0.1227   2.443E+04    67     0    125
3s2_3p_7s_3Po[2]                      5.0      61823.5500     0.1176   2.548E+04    59     0    126
3s2_3p_5d_3Po[2]                      5.0      61841.9400     0.1171   2.560E+04    68     0    127
3s2_3p_7s_1Po[1]                      3.0      61881.6000     0.1159   2.587E+04    69     0    128
3s2_3p_5d_3Po[1]                      3.0      61936.1300     0.1143   2.624E+04    68     0    129
3s2_3p_5d_3Po[0]                      1.0      61960.2600     0.1135   2.640E+04    68     0    130
3s2_3p(2P)7p_(1/2,1/2)e[1]            3.0      62141.8000     0.1081   2.773E+04    70     0    131
3s2_3p_6d_1Do[2]                      5.0      62156.8160     0.1077   2.785E+04    71     0    132
3s2_3p(2P)7p_(1/2,3/2)e[1]            3.0      62226.3900     0.1056   2.840E+04    72     0    133
3s2_3p(2P)7p_(1/2,3/2)e[2]            5.0      62231.9900     0.1054   2.844E+04    72     0    134
3s2_3p_7p_3Pe[0]                      1.0      62318.7000     0.1028   2.916E+04    73     0    135
3s2_3p_6d_3Fo[2]                      5.0      62349.9300     0.1019   2.943E+04    74     0    136
3s2_3p_6d_3Fo[3]                      7.0      62376.8200     0.1011   2.967E+04    74     0    137
3s2_3p_7p_3De[3]                      7.0      62421.0300     0.0997   3.006E+04    75     0    138
3s2_3p(2P)7p_(3/2,3/2)e[1]            3.0      62450.4000     0.0989   3.033E+04    76     0    139
3s2_3p(2P)7p_(3/2,3/2)e[2]            5.0      62519.6600     0.0968   3.098E+04    76     0    140
3s2_3p_6d_3Fo[4]                      9.0      62534.0800     0.0963   3.112E+04    74     0    141
3s2_3p(2P)7p_(3/2,1/2)e[1]            3.0      62545.1000     0.0960   3.122E+04    77     0    142
3s2_3p(2P)7p_(3/2,1/2)e[2]            5.0      62596.3200     0.0945   3.173E+04    77     0    143
3s2_3p_6d_1Po[1]                      3.0      62666.2500     0.0924   3.245E+04    78     0    144
3s2_3p(2P<1/2>)6f_2{7/2}e[3]          7.0      62667.8230     0.0923   3.247E+04    79     0    145
3s2_3p(2P<1/2>)6f_2{5/2}e[3]          7.0      62669.1640     0.0923   3.248E+04    80     0    146
3s2_3p(2P<1/2>)6f_2{7/2}e[4]          9.0      62669.1790     0.0923   3.248E+04    79     0    147
3s2_3p(2P<1/2>)6f_2{5/2}e[2]          5.0      62669.7270     0.0923   3.249E+04    80     0    148
3s2_3p(2P<1/2>)6g_2{9/2}o[4]          9.0      62692.4300     0.0916   3.273E+04    81     0    149
3s2_3p(2P<1/2>)6g_2{9/2}o[5]         11.0      62692.4301     0.0916   3.273E+04    81     0    150
3s2_3p(2P<1/2>)6g_2{7/2}o[3]          7.0      62692.5400     0.0916   3.273E+04    82     0    151
3s2_3p(2P<1/2>)6g_2{7/2}o[4]          9.0      62692.5401     0.0916   3.273E+04    82     0    152
3s2_3p(2P<1/2>)6h_2{11/2}e[5]        11.0      62697.2600     0.0915   3.278E+04    83     0    153
3s2_3p(2P<1/2>)6h_2{11/2}e[6]        13.0      62697.2601     0.0915   3.278E+04    83     0    154
3s2_3p(2P<1/2>)6h_2{9/2}e[4]          9.0      62697.3300     0.0914   3.278E+04    84     0    155
3s2_3p(2P<1/2>)6h_2{9/2}e[5]         11.0      62697.3301     0.0914   3.278E+04    84     0    156
3s2_3p_7p_1Se[0]                      1.0      62718.9900     0.0908   3.302E+04    85     0    157
3s2_3p_6d_3Do[2]                      5.0      62774.9900     0.0891   3.364E+04    86     0    158
3s2_3p_6d_1Fo[3]                      7.0      62802.8600     0.0883   3.396E+04    87     0    159
3s2_3p_8s_3Po[0]                      1.0      62806.6500     0.0882   3.400E+04    88     0    160
3s2_3p_8s_3Po[1]                      3.0      62813.2600     0.0880   3.408E+04    88     0    161
3s2_3p_6d_3Do[1]                      3.0      62925.8000     0.0846   3.544E+04    86     0    162
3s2_3p(2P<3/2>)6f_2{7/2}e[3]          7.0      62935.7600     0.0843   3.556E+04    89     0    163
3s2_3p_6d_3Do[3]                      7.0      62936.1400     0.0843   3.557E+04    86     0    164
3s2_3p(2P<3/2>)6f_2{7/2}e[4]          9.0      62936.8100     0.0843   3.558E+04    89     0    165
3s2_3p(2P<3/2>)6f_2{5/2}e[3]          7.0      62954.4600     0.0837   3.580E+04    90     0    166
3s2_3p(2P<3/2>)6f_2{5/2}e[2]          5.0      62955.0000     0.0837   3.581E+04    90     0    167
3s2_3p(2P<3/2>)6f_2{9/2}e[5]         11.0      62966.6100     0.0834   3.596E+04    91     0    168
3s2_3p(2P<3/2>)6f_2{9/2}e[4]          9.0      62968.4900     0.0833   3.598E+04    91     0    169
3s2_3p(2P<3/2>)6g_2{9/2}o[4]          9.0      62970.5800     0.0833   3.601E+04    92     0    170
3s2_3p(2P<3/2>)6g_2{9/2}o[5]         11.0      62970.5801     0.0833   3.601E+04    92     0    171
3s2_3p(2P<3/2>)6g_2{7/2}o[3]          7.0      62976.3500     0.0831   3.608E+04    93     0    172
3s2_3p(2P<3/2>)6g_2{7/2}o[4]          9.0      62976.3501     0.0831   3.608E+04    93     0    173
3s2_3p(2P<3/2>)6h_2{11/2}e[5]        11.0      62979.6500     0.0830   3.613E+04    94     0    174
3s2_3p(2P<3/2>)6h_2{11/2}e[6]        13.0      62979.6501     0.0830   3.613E+04    94     0    175
3s2_3p(2P<3/2>)6h_2{9/2}e[4]          9.0      62982.0800     0.0829   3.616E+04    95     0    176
3s2_3p(2P<3/2>)6h_2{9/2}e[5]         11.0      62982.0801     0.0829   3.616E+04    95     0    177
3s2_3p(2P<3/2>)6g_2{11/2}o[5]        11.0      62985.3200     0.0828   3.620E+04    96     0    178
3s2_3p(2P<3/2>)6g_2{11/2}o[6]        13.0      62985.3201     0.0828   3.620E+04    96     0    179
3s2_3p(2P<3/2>)6f_2{3/2}e[1]          3.0      62985.9600     0.0828   3.621E+04    97     0    180
3s2_3p(2P<3/2>)6f_2{3/2}e[2]          5.0      62986.3200     0.0828   3.621E+04    97     0    181
3s2_3p(2P<3/2>)6h_2{13/2}e[6]        13.0      62987.7000     0.0827   3.623E+04    98     0    182
3s2_3p(2P<3/2>)6h_2{13/2}e[7]        15.0      62987.7001     0.0827   3.623E+04    98     0    183
3s2_3p(2P<3/2>)6h_2{7/2}e[4]          9.0      62990.1000     0.0827   3.626E+04    99     0    184
3s2_3p(2P<3/2>)6h_2{7/2}e[3]          7.0      62990.1001     0.0827   3.626E+04    99     0    185
3s2_3p(2P<3/2>)6g_2{5/2}o[3]          7.0      62991.1900     0.0826   3.628E+04   100     0    186
3s2_3p(2P<3/2>)6g_2{5/2}o[2]          5.0      62991.1901     0.0826   3.628E+04   100     0    187
3s2_3p_6d_3Po[2]                      5.0      63020.4200     0.0818   3.667E+04   101     0    188
3s2_3p_8s_3Po[2]                      5.0      63093.4100     0.0796   3.767E+04    88     0    189
3s2_3p_6d_3Po[1]                      3.0      63097.3600     0.0795   3.773E+04   101     0    190
3s2_3p_6d_3Po[0]                      1.0      63123.3600     0.0787   3.810E+04   101     0    191
3s2_3p_8s_1Po[1]                      3.0      63130.4900     0.0785   3.821E+04   102     0    192
3s2_3p(2P)8p_(1/2,1/2)e[1]            3.0      63165.2380     0.0774   3.872E+04   103     0    193
3s2_3p(2P)8p_(1/2,3/2)e[1]            3.0      63179.3460     0.0770   3.893E+04   104     0    194
3s2_3p_7d_3Fo[2]                      5.0      63204.8900     0.0762   3.933E+04   105     0    195
3s2_3p(2P)8p_(1/2,3/2)e[2]            5.0      63225.5000     0.0756   3.965E+04   104     0    196
3s2_3p_8p_3Pe[0]                      1.0      63257.5860     0.0747   4.016E+04   106     0    197
3s2_3p_7d_3Fo[3]                      7.0      63340.7000     0.0722   4.154E+04   105     0    198
3s2_3p_7d_1Do[2]                      5.0      63356.2400     0.0717   4.181E+04   107     0    199
3s2_3p(2P)8p_(3/2,3/2)e[1]            3.0      63446.0590     0.0690   4.345E+04   108     0    200
3s2_3p_8p_3De[3]                      7.0      63447.6540     0.0690   4.348E+04   109     0    201
3s2_3p(2P)8p_(3/2,1/2)e[1]            3.0      63454.9580     0.0687   4.361E+04   110     0    202
3s2_3p(2P)8p_(3/2,3/2)e[2]            5.0      63458.8370     0.0686   4.369E+04   108     0    203
3s2_3p_7d_1Po[1]                      3.0      63486.9300     0.0678   4.423E+04   111     0    204
3s2_3p(2P<1/2>)7f_2{7/2}e[3]          7.0      63488.0100     0.0677   4.425E+04   112     0    205
3s2_3p(2P<1/2>)7f_2{7/2}e[4]          9.0      63488.9100     0.0677   4.427E+04   112     0    206
3s2_3p(2P<1/2>)7f_2{5/2}e[2]          5.0      63489.4400     0.0677   4.428E+04   113     0    207
3s2_3p(2P<1/2>)7f_2{5/2}e[3]          7.0      63490.6600     0.0677   4.430E+04   113     0    208
3s2_3p(2P<1/2>)7g_2{9/2}o[4]          9.0      63503.5000     0.0673   4.456E+04   114     0    209
3s2_3p(2P<1/2>)7g_2{9/2}o[5]         11.0      63503.5001     0.0673   4.456E+04   114     0    210
3s2_3p(2P<1/2>)7g_2{7/2}o[3]          7.0      63503.6000     0.0673   4.456E+04   115     0    211
3s2_3p(2P<1/2>)7g_2{7/2}o[4]          9.0      63503.6001     0.0673   4.456E+04   115     0    212
3s2_3p(2P<1/2>)7h_2{11/2}e[5]        11.0      63506.7000     0.0672   4.462E+04   116     0    213
3s2_3p(2P<1/2>)7h_2{11/2}e[6]        13.0      63506.7001     0.0672   4.462E+04   116     0    214
3s2_3p(2P<1/2>)7h_2{9/2}e[4]          9.0      63507.0700     0.0672   4.463E+04   117     0    215
3s2_3p(2P<1/2>)7h_2{9/2}e[5]         11.0      63507.0701     0.0672   4.463E+04   117     0    216
3s2_3p(2P<1/2>)7i_2{13/2}o[6]        13.0      63507.6400     0.0672   4.464E+04   118     0    217
3s2_3p(2P<1/2>)7i_2{13/2}o[7]        15.0      63507.6401     0.0672   4.464E+04   118     0    218
3s2_3p(2P<1/2>)7i_2{11/2}o[5]        11.0      63507.7600     0.0672   4.464E+04   119     0    219
3s2_3p(2P<1/2>)7i_2{11/2}o[6]        13.0      63507.7601     0.0672   4.464E+04   119     0    220
3s2_3p_7d_3Fo[4]                      9.0      63514.5330     0.0670   4.478E+04   105     0    221
3s2_3p(2P)8p_(3/2,1/2)e[2]            5.0      63532.4840     0.0664   4.514E+04   110     0    222
3s2_3p_7d_3Do[2]                      5.0      63575.3500     0.0651   4.603E+04   120     0    223
3s2_3p_9s_3Po[0]                      1.0      63576.8500     0.0651   4.606E+04   121     0    224
3s2_3p_9s_3Po[1]                      3.0      63584.2200     0.0649   4.622E+04   121     0    225
3s2_3p_8p_1Se[0]                      1.0      63618.6000     0.0638   4.697E+04   122     0    226
3s2_3p_7d_1Fo[3]                      7.0      63641.7700     0.0631   4.748E+04   123     0    227
3s2_3p_7d_3Do[1]                      3.0      63750.3900     0.0599   5.007E+04   120     0    228
3s2_3p_7d_3Do[3]                      7.0      63760.2400     0.0596   5.031E+04   120     0    229
3s2_3p(2P<3/2>)7f_2{7/2}e[3]          7.0      63762.2000     0.0595   5.036E+04   124     0    230
3s2_3p(2P<3/2>)7f_2{7/2}e[4]          9.0      63762.9300     0.0595   5.038E+04   124     0    231
3s2_3p_nd_PDFo[2]                     5.0      63770.2800     0.0593   5.057E+04   125     0    232
3s2_3p(2P<3/2>)7f_2{5/2}e[3]          7.0      63773.2900     0.0592   5.065E+04   126     0    233
3s2_3p(2P<3/2>)7f_2{5/2}e[2]          5.0      63773.5800     0.0592   5.065E+04   126     0    234
3s2_3p(2P<3/2>)7f_2{9/2}e[5]         11.0      63781.9700     0.0589   5.087E+04   127     0    235
3s2_3p(2P<3/2>)7f_2{9/2}e[4]          9.0      63783.3100     0.0589   5.090E+04   127     0    236
3s2_3p(2P<3/2>)7g_2{9/2}o[4]          9.0      63784.9300     0.0588   5.095E+04   128     0    237
3s2_3p(2P<3/2>)7g_2{9/2}o[5]         11.0      63784.9301     0.0588   5.095E+04   128     0    238
3s2_3p(2P<3/2>)7g_2{7/2}o[3]          7.0      63788.5000     0.0587   5.104E+04   129     0    239
3s2_3p(2P<3/2>)7g_2{7/2}o[4]          9.0      63788.5001     0.0587   5.104E+04   129     0    240
3s2_3p(2P<3/2>)7h_2{11/2}e[5]        11.0      63790.7400     0.0587   5.110E+04   130     0    241
3s2_3p(2P<3/2>)7h_2{11/2}e[6]        13.0      63790.7401     0.0587   5.110E+04   130     0    242
3s2_3p(2P<3/2>)7h_2{9/2}e[4]          9.0      63792.4400     0.0586   5.114E+04   131     0    243
3s2_3p(2P<3/2>)7h_2{9/2}e[5]         11.0      63792.4401     0.0586   5.114E+04   131     0    244
3s2_3p(2P<3/2>)7i_2{13/2}o[6]        13.0      63793.0200     0.0586   5.116E+04   132     0    245
3s2_3p(2P<3/2>)7i_2{13/2}o[7]        15.0      63793.0201     0.0586   5.116E+04   132     0    246
3s2_3p(2P<3/2>)7f_2{3/2}e[1]          3.0      63793.5200     0.0586   5.117E+04   133     0    247
3s2_3p(2P<3/2>)7i_2{11/2}o[5]        11.0      63793.8400     0.0586   5.118E+04   134     0    248
3s2_3p(2P<3/2>)7i_2{11/2}o[6]        13.0      63793.8401     0.0586   5.118E+04   134     0    249
3s2_3p(2P<3/2>)7f_2{3/2}e[2]          5.0      63794.3100     0.0586   5.119E+04   133     0    250
3s2_3p(2P<3/2>)7g_2{11/2}o[5]        11.0      63794.4000     0.0586   5.119E+04   135     0    251
3s2_3p(2P<3/2>)7g_2{11/2}o[6]        13.0      63794.4001     0.0586   5.119E+04   135     0    252
3s2_3p(2P<3/2>)7h_2{13/2}e[6]        13.0      63795.5900     0.0585   5.123E+04   136     0    253
3s2_3p(2P<3/2>)7h_2{13/2}e[7]        15.0      63795.5901     0.0585   5.123E+04   136     0    254
3s2_3p(2P<3/2>)7i_2{15/2}o[7]        15.0      63796.0900     0.0585   5.124E+04   137     0    255
3s2_3p(2P<3/2>)7i_2{15/2}o[8]        17.0      63796.0901     0.0585   5.124E+04   137     0    256
3s2_3p(2P<3/2>)7h_2{7/2}e[4]          9.0      63796.2300     0.0585   5.124E+04   138     0    257
3s2_3p(2P<3/2>)7h_2{7/2}e[3]          7.0      63796.2301     0.0585   5.124E+04   138     0    258
3s2_3p(2P<3/2>)7i_2{9/2}o[4]          9.0      63796.6300     0.0585   5.125E+04   139     0    259
3s2_3p(2P<3/2>)7i_2{9/2}o[5]         11.0      63796.6301     0.0585   5.125E+04   139     0    260
3s2_3p(2P<3/2>)7g_2{5/2}o[3]          7.0      63797.7400     0.0585   5.128E+04   140     0    261
3s2_3p(2P<3/2>)7g_2{5/2}o[2]          5.0      63797.7401     0.0585   5.128E+04   140     0    262
3s2_3p(2P)9p_(1/2,1/2)e[1]            3.0      63839.8640     0.0572   5.241E+04   141     0    263
3s2_3p_7d_3Po[1]                      3.0      63844.6500     0.0571   5.255E+04   142     0    264
3s2_3p(2P)9p_(1/2,3/2)e[1]            3.0      63848.4560     0.0569   5.265E+04   143     0    265
3s2_3p_8d_3Fo[2]                      5.0      63860.4400     0.0566   5.299E+04   144     0    266
3s2_3p_7d_3Po[0]                      1.0      63863.8000     0.0565   5.308E+04   142     0    267
3s2_3p_9s_3Po[2]                      5.0      63863.8400     0.0565   5.308E+04   121     0    268
3s2_3p_9s_1Po[1]                      3.0      63884.6100     0.0559   5.367E+04   145     0    269
3s2_3p(2P)9p_(1/2,3/2)e[2]            5.0      63885.7420     0.0558   5.371E+04   143     0    270
3s2_3p_9p_3Pe[0]                      1.0      63934.8120     0.0544   5.516E+04   146     0    271
3s2_3p_8d_3Fo[3]                      7.0      63945.1000     0.0540   5.547E+04   144     0    272
3s2_3p_8d_1Po[1]                      3.0      64020.4200     0.0518   5.789E+04   147     0    273
3s2_3p(2P<1/2>)8f_2{7/2}e[3]          7.0      64020.8120     0.0518   5.791E+04   148     0    274
3s2_3p(2P<1/2>)8f_2{5/2}e[3]          7.0      64021.5610     0.0518   5.793E+04   149     0    275
3s2_3p(2P<1/2>)8f_2{7/2}e[4]          9.0      64022.1760     0.0517   5.795E+04   148     0    276
3s2_3p(2P<1/2>)8f_2{5/2}e[2]          5.0      64022.2240     0.0517   5.795E+04   149     0    277
3s2_3p(2P<1/2>)8g_2{9/2}o[4]          9.0      64030.1060     0.0515   5.822E+04   150     0    278
3s2_3p(2P<1/2>)8g_2{7/2}o[3]          7.0      64030.1340     0.0515   5.822E+04   151     0    279
3s2_3p(2P<1/2>)8g_2{7/2}o[4]          9.0      64030.2380     0.0515   5.822E+04   151     0    280
3s2_3p(2P<1/2>)8g_2{9/2}o[5]         11.0      64030.2500     0.0515   5.822E+04   150     0    281
3s2_3p(2P<1/2>)8h_2{11/2}e[5]        11.0      64032.4760     0.0514   5.830E+04   152     0    282
3s2_3p(2P<1/2>)8h_2{11/2}e[6]        13.0      64032.4761     0.0514   5.830E+04   152     0    283
3s2_3p(2P<1/2>)8h_2{9/2}e[4]          9.0      64032.5040     0.0514   5.830E+04   153     0    284
3s2_3p(2P<1/2>)8h_2{9/2}e[5]         11.0      64032.5041     0.0514   5.830E+04   153     0    285
3s2_3p(2P<1/2>)8i_2{13/2}o[6]        13.0      64032.9250     0.0514   5.831E+04   154     0    286
3s2_3p(2P<1/2>)8i_2{13/2}o[7]        15.0      64032.9251     0.0514   5.831E+04   154     0    287
3s2_3p(2P<1/2>)8i_2{11/2}o[5]        11.0      64032.9330     0.0514   5.831E+04   155     0    288
3s2_3p(2P<1/2>)8i_2{11/2}o[6]        13.0      64032.9331     0.0514   5.831E+04   155     0    289
3s2_3p(2P<1/2>)8k_2{15/2}e[7]        15.0      64033.3890     0.0514   5.833E+04   156     0    290
3s2_3p(2P<1/2>)8k_2{15/2}e[8]        17.0      64033.3891     0.0514   5.833E+04   156     0    291
3s2_3p(2P<1/2>)8k_2{13/2}e[6]        13.0      64033.3910     0.0514   5.833E+04   157     0    292
3s2_3p(2P<3/2>)8k_2{15/2}e[7]        15.0      64033.3911     0.0514   5.833E+04   158     0    293
3s2_3p_10s_3Po[0]                     1.0      64079.7400     0.0500   5.995E+04   159     0    294
3s2_3p_10s_3Po[1]                     3.0      64085.8700     0.0498   6.017E+04   159     0    295
3s2_3p_nd_PbDFo[2]                    5.0      64104.8800     0.0493   6.087E+04   160     0    296
3s2_3p(2P)9p_(3/2,3/2)e[1]            3.0      64120.2620     0.0488   6.144E+04   161     0    297
3s2_3p_9p_3De[3]                      7.0      64121.5260     0.0488   6.149E+04   162     0    298
3s2_3p(2P)9p_(3/2,1/2)e[1]            3.0      64123.9660     0.0487   6.158E+04   163     0    299
3s2_3p(2P)9p_(3/2,3/2)e[2]            5.0      64125.8000     0.0486   6.165E+04   161     0    300
3s2_3p_8d_3Fo[4]                      9.0      64133.9300     0.0484   6.196E+04   144     0    301
3s2_3p(2P)9p_(3/2,1/2)e[2]            5.0      64167.1490     0.0474   6.327E+04   163     0    302
3s2_3p_8d_1Fo[3]                      7.0      64187.8000     0.0468   6.410E+04   164     0    303
3s2_3p_9p_1Se[0]                      1.0      64194.2580     0.0466   6.437E+04   165     0    304
3s2_3p_9d_3Fo[2]                      5.0      64243.3000     0.0451   6.647E+04   166     0    305
3s2_3p(2P)10p_(1/2,3/2)e[1]           3.0      64262.4310     0.0445   6.733E+04   167     0    306
3s2_3p(2P)10p_(1/2,1/2)e[1]           3.0      64268.8120     0.0443   6.762E+04   168     0    307
3s2_3p(2P)8d_(3/2,3/2)o[1]            3.0      64287.4300     0.0438   6.848E+04   169     0    308
3s2_3p(2P)8d_(3/2,3/2)o[3]            7.0      64295.2600     0.0435   6.885E+04   169     0    309
3s2_3p(2P<3/2>)8f_2{7/2}e[3]          7.0      64298.4340     0.0434   6.900E+04   170     0    310
3s2_3p(2P<3/2>)8f_2{7/2}e[4]          9.0      64299.1170     0.0434   6.903E+04   170     0    311
3p8f_2{2}e[2]                         5.0      64305.0260     0.0433   6.931E+04   171     0    312
3s2_3p(2P<3/2>)8f_2{5/2}e[3]          7.0      64305.0780     0.0433   6.932E+04   172     0    313
3s2_3p(2P<3/2>)8f_2{9/2}e[5]         11.0      64311.9780     0.0430   6.965E+04   173     0    314
3s2_3p(2P<3/2>)8g_2{9/2}o[4]          9.0      64313.0690     0.0430   6.970E+04   174     0    315
3s2_3p(2P<3/2>)8g_2{9/2}o[5]         11.0      64313.0740     0.0430   6.970E+04   174     0    316
3s2_3p(2P<3/2>)8f_2{9/2}e[4]          9.0      64314.0100     0.0430   6.975E+04   173     0    317
3s2_3p(2P<3/2>)8g_2{7/2}o[4]          9.0      64315.2090     0.0429   6.981E+04   175     0    318
3s2_3p(2P<3/2>)8g_2{7/2}o[3]          7.0      64315.2150     0.0429   6.981E+04   175     0    319
3s2_3p(2P<3/2>)8f_2{3/2}e[2]          5.0      64316.4910     0.0429   6.987E+04   176     0    320
3s2_3p(2P<3/2>)8h_2{11/2}e[5]        11.0      64317.3480     0.0429   6.991E+04   177     0    321
3s2_3p(2P<3/2>)8h_2{11/2}e[6]        13.0      64317.3481     0.0429   6.991E+04   177     0    322
3s2_3p(2P<3/2>)8h_2{9/2}e[4]          9.0      64318.1650     0.0429   6.995E+04   178     0    323
3s2_3p(2P<3/2>)8h_2{9/2}e[5]         11.0      64318.1651     0.0429   6.995E+04   178     0    324
3s2_3p(2P<3/2>)8i_2{13/2}o[6]        13.0      64318.7210     0.0428   6.998E+04   179     0    325
3s2_3p(2P<3/2>)8i_2{13/2}o[7]        15.0      64318.7211     0.0428   6.998E+04   179     0    326
3s2_3p(2P<3/2>)8i_2{11/2}o[5]        11.0      64319.1870     0.0428   7.000E+04   180     0    327
3s2_3p(2P<3/2>)8i_2{11/2}o[6]        13.0      64319.1871     0.0428   7.000E+04   180     0    328
3s2_3p(2P<3/2>)8k_2{13/2}e[7]        15.0      64319.3820     0.0428   7.001E+04   181     0    329
3s2_3p(2P<3/2>)8k_2{15/2}e[8]        17.0      64319.3821     0.0428   7.001E+04   158     0    330
3s2_3p(2P<3/2>)8f_2{3/2}e[1]          3.0      64319.5470     0.0428   7.002E+04   176     0    331
3s2_3p(2P<3/2>)8g_2{11/2}o[6]        13.0      64319.5540     0.0428   7.002E+04   182     0    332
3s2_3p(2P<3/2>)8g_2{11/2}o[5]        11.0      64319.5720     0.0428   7.002E+04   182     0    333
3s2_3p(2P<3/2>)8k_2{13/2}e[6]        13.0      64319.6130     0.0428   7.002E+04   181     0    334
3s2_3p(2P<1/2>)8k_2{13/2}e[7]        15.0      64319.6131     0.0428   7.002E+04   157     0    335
3s2_3p(2P<3/2>)8k_2{11/2}e[6]        13.0      64320.2350     0.0428   7.005E+04   183     0    336
3s2_3p(2P<3/2>)8h_2{13/2}e[7]        15.0      64320.2351     0.0428   7.005E+04   184     0    337
3s2_3p(2P<3/2>)8k_2{17/2}e[8]        17.0      64320.5080     0.0428   7.006E+04   185     0    338
3s2_3p(2P<3/2>)8k_2{17/2}e[9]        19.0      64320.5081     0.0428   7.006E+04   185     0    339
3s2_3p(2P<3/2>)8i_2{15/2}o[7]        15.0      64320.6760     0.0428   7.007E+04   186     0    340
3s2_3p(2P<3/2>)8i_2{15/2}o[8]        17.0      64320.6761     0.0428   7.007E+04   186     0    341
3s2_3p(2P<3/2>)8k_2{11/2}e[5]        11.0      64320.7410     0.0428   7.008E+04   183     0    342
3s2_3p(2P<3/2>)8h_2{13/2}e[6]        13.0      64320.7411     0.0428   7.008E+04   184     0    343
3s2_3p(2P<3/2>)8h_2{7/2}e[4]          9.0      64321.0870     0.0428   7.009E+04   187     0    344
3s2_3p(2P<3/2>)8h_2{7/2}e[3]          7.0      64321.0871     0.0428   7.009E+04   187     0    345
3s2_3p(2P<3/2>)8i_2{9/2}o[4]          9.0      64321.1490     0.0428   7.010E+04   188     0    346
3s2_3p(2P<3/2>)8i_2{9/2}o[5]         11.0      64321.1491     0.0428   7.010E+04   188     0    347
3s2_3p(2P<3/2>)8g_2{5/2}o[3]          7.0      64321.6270     0.0428   7.012E+04   189     0    348
3s2_3p(2P<3/2>)8g_2{5/2}o[2]          5.0      64321.6310     0.0428   7.012E+04   189     0    349
3s2_3p_nd_PcDFo[2]                    5.0      64322.7100     0.0427   7.017E+04   190     0    350
3s2_3p(2P)10p_(1/2,3/2)e[2]           5.0      64329.3200     0.0425   7.050E+04   167     0    351
3s2_3p(2P)8d_(3/2,3/b2)o[1]           3.0      64337.8100     0.0423   7.092E+04   191     0    352
3s2_3p_9d_3Fo[3]                      7.0      64351.9300     0.0418   7.164E+04   166     0    353
3s2_3p(2P)8d_(3/2,3/2)o[0]            1.0      64358.5200     0.0416   7.198E+04   169     0    354
3s2_3p_10s_3Po[2]                     5.0      64366.6800     0.0414   7.241E+04   159     0    355
3s2_3p_10s_1Po[1]                     3.0      64376.1800     0.0411   7.291E+04   192     0    356
3s2_3p(2P<1/2>)9f_2{7/2}e[3]          7.0      64383.6020     0.0409   7.331E+04   193     0    357
3s2_3p(2P<1/2>)9f_2{5/2}e[3]          7.0      64384.6570     0.0409   7.336E+04   194     0    358
3s2_3p(2P<1/2>)9f_2{7/2}e[4]          9.0      64384.6750     0.0409   7.336E+04   193     0    359
3s2_3p(2P<1/2>)9f_2{5/2}e[2]          5.0      64385.5620     0.0408   7.341E+04   194     0    360
3s2_3p(2P<1/2>)9g_2{9/2}o[4]          9.0      64390.8880     0.0407   7.370E+04   195     0    361
3s2_3p(2P<1/2>)9g_2{7/2}o[3]          7.0      64390.9000     0.0407   7.370E+04   196     0    362
3s2_3p(2P<1/2>)9g_2{7/2}o[4]          9.0      64390.9020     0.0407   7.370E+04   196     0    363
3s2_3p(2P<1/2>)9g_2{9/2}o[5]         11.0      64390.9130     0.0407   7.370E+04   195     0    364
3s2_3p(2P<1/2>)9h_2{11/2}e[5]        11.0      64392.5700     0.0406   7.379E+04   197     0    365
3s2_3p(2P<1/2>)9h_2{11/2}e[6]        13.0      64392.5701     0.0406   7.379E+04   197     0    366
3s2_3p(2P<1/2>)9h_2{9/2}e[4]          9.0      64392.6070     0.0406   7.379E+04   198     0    367
3s2_3p(2P<1/2>)9h_2{9/2}e[5]         11.0      64392.6071     0.0406   7.379E+04   198     0    368
3s2_3p(2P<1/2>)9i_2{13/2}o[6]        13.0      64392.8980     0.0406   7.381E+04   199     0    369
3s2_3p(2P<1/2>)9i_2{13/2}o[7]        15.0      64392.8981     0.0406   7.381E+04   199     0    370
3s2_3p(2P<1/2>)9i_2{11/2}o[5]        11.0      64392.9090     0.0406   7.381E+04   200     0    371
3s2_3p(2P<1/2>)9i_2{11/2}o[6]        13.0      64392.9091     0.0406   7.381E+04   200     0    372
3s2_3p(2P<1/2>)9k_2{15/2}e[7]        15.0      64393.2490     0.0406   7.383E+04   201     0    373
3s2_3p(2P<1/2>)9k_2{15/2}e[8]        17.0      64393.2491     0.0406   7.383E+04   201     0    374
3s2_3p(2P<1/2>)9k_2{13/2}e[6]        13.0      64393.2530     0.0406   7.383E+04   202     0    375
3s2_3p(2P<1/2>)9k_2{13/2}e[7]        15.0      64393.2531     0.0406   7.383E+04   202     0    376
3s2_3p(2P)9d_(1/2,3/2)o[1]            3.0      64393.6600     0.0406   7.385E+04   203     0    377
3s2_3p_nd_PdDFo[2]                    5.0      64398.1900     0.0405   7.410E+04   204     0    378
3s2_3p_10p_3Pe[0]                     1.0      64411.3890     0.0401   7.483E+04   205     0    379
3s2_3p_nd_PeDFo[2]                    5.0      64488.7200     0.0377   7.943E+04   206     0    380
3s2_3p(2P)10p_(1/2,1/b2)e[1]          3.0      64543.7210     0.0361   8.305E+04   207     0    381
3s2_3p_10p_3De[3]                     7.0      64543.7430     0.0361   8.306E+04   208     0    382
3s2_3p(2P)10p_(1/2,1/c2)e[1]          3.0      64545.5070     0.0360   8.318E+04   209     0    383
3s2_3p(2P)10p_(1/2,1/2)e[2]           5.0      64547.7180     0.0360   8.333E+04   168     0    384
3s2_3p_9d_3Fo[4]                      9.0      64550.3700     0.0359   8.351E+04   166     0    385
3s2_3p_10d_3Fo[2]                     5.0      64553.4600     0.0358   8.373E+04   210     0    386
3s2_3p(2P)10p_(1/2,1/b2)e[2]          5.0      64631.3890     0.0335   8.958E+04   207     0    387
3s2_3p(2P)10d_(1/2,3/2)o[1]           3.0      64635.8200     0.0333   8.993E+04   211     0    388
3s2_3p(2P<1/2>)10f_2{7/2}e[3]         7.0      64643.1500     0.0331   9.053E+04   212     0    389
3s2_3p(2P<1/2>)10f_2{5/2}e[3]         7.0      64643.5280     0.0331   9.056E+04   213     0    390
3s2_3p(2P<1/2>)10f_2{7/2}e[4]         9.0      64644.0490     0.0331   9.060E+04   212     0    391
3s2_3p(2P<1/2>)10f_2{5/2}e[2]         5.0      64644.6110     0.0331   9.065E+04   213     0    392
3s2_3p_nd_PfDFo[2]                    5.0      64646.7300     0.0330   9.082E+04   214     0    393
3s2_3p_nd_PDFo[3]                     7.0      64647.4600     0.0330   9.088E+04   125     0    394
3s2_3p(2P<1/2>)10g_2{9/2}o[4]         9.0      64648.6780     0.0329   9.099E+04   215     0    395
3s2_3p(2P<1/2>)10g_2{7/2}o[3]         7.0      64648.6820     0.0329   9.099E+04   216     0    396
3s2_3p(2P<1/2>)10g_2{7/2}o[4]         9.0      64648.8310     0.0329   9.100E+04   216     0    397
3s2_3p(2P<1/2>)10g_2{9/2}o[5]        11.0      64648.8410     0.0329   9.100E+04   215     0    398
3s2_3p(2P<1/2>)10k_2{13/2}e[6]       13.0      64650.6890     0.0329   9.115E+04   217     0    399
3s2_3p(2P<1/2>)10k_2{15/2}e[7]       15.0      64650.6891     0.0329   9.115E+04   218     0    400
3s2_3p(2P<1/2>)10k_2{13/2}e[7]       15.0      64650.6900     0.0329   9.115E+04   217     0    401
3s2_3p(2P<1/2>)10k_2{15/2}e[8]       17.0      64650.6901     0.0329   9.115E+04   218     0    402
3s2_3p(2P<1/2>)10h_2{9/2}e[4]         9.0      64653.9120     0.0328   9.142E+04   219     0    403
3s2_3p(2P<1/2>)10h_2{11/2}e[5]       11.0      64653.9121     0.0328   9.142E+04   220     0    404
3s2_3p(2P<1/2>)10h_2{9/2}e[5]        11.0      64653.9280     0.0328   9.142E+04   219     0    405
3s2_3p(2P<1/2>)10h_2{11/2}e[6]       13.0      64653.9281     0.0328   9.142E+04   220     0    406
3s2_3p(2P)9d_(3/2,3/2)o[1]            3.0      64654.9700     0.0328   9.151E+04   221     0    407
3s2_3p(2P)9d_(3/2,3/2)o[3]            7.0      64662.0400     0.0325   9.210E+04   221     0    408
3s2_3p(2P<3/2>)9f_2{7/2}e[3]          7.0      64664.6260     0.0325   9.232E+04   222     0    409
3s2_3p(2P<3/2>)9f_2{7/2}e[4]          9.0      64665.2710     0.0325   9.238E+04   222     0    410
3s2_3p(2P<3/2>)9f_2{5/2}e[3]          7.0      64670.4510     0.0323   9.282E+04   223     0    411
3s2_3p(2P<3/2>)9f_2{5/2}e[2]          5.0      64672.1750     0.0322   9.297E+04   223     0    412
3s2_3p(2P<3/2>)9f_2{9/2}e[5]         11.0      64673.1420     0.0322   9.306E+04   224     0    413
3s2_3p(2P<3/2>)9f_2{9/2}e[4]          9.0      64674.7760     0.0322   9.320E+04   224     0    414
3s2_3p(2P<3/2>)9g_2{9/2}o[4]          9.0      64675.1030     0.0322   9.323E+04   225     0    415
3s2_3p(2P<3/2>)9g_2{9/2}o[5]         11.0      64675.1090     0.0322   9.323E+04   225     0    416
3s2_3p(2P<3/2>)9g_2{7/2}o[4]          9.0      64676.7690     0.0321   9.337E+04   226     0    417
3s2_3p(2P<3/2>)9g_2{7/2}o[3]          7.0      64676.7710     0.0321   9.337E+04   226     0    418
3s2_3p(2P<3/2>)9h_2{11/2}e[5]        11.0      64678.0180     0.0321   9.348E+04   227     0    419
3s2_3p(2P<3/2>)9h_2{11/2}e[6]        13.0      64678.0181     0.0321   9.348E+04   227     0    420
3s2_3p(2P<3/2>)9f_2{3/2}e[1]          3.0      64678.5450     0.0321   9.353E+04   228     0    421
3s2_3p(2P<3/2>)9h_2{9/2}e[4]          9.0      64678.6350     0.0321   9.353E+04   229     0    422
3s2_3p(2P<3/2>)9h_2{9/2}e[5]         11.0      64678.6351     0.0321   9.353E+04   229     0    423
3s2_3p(2P<3/2>)9i_2{13/2}o[6]        13.0      64679.0410     0.0320   9.357E+04   230     0    424
3s2_3p(2P<3/2>)9i_2{13/2}o[7]        15.0      64679.0411     0.0320   9.357E+04   230     0    425
3s2_3p(2P<3/2>)9i_2{11/2}o[5]        11.0      64679.3700     0.0320   9.360E+04   231     0    426
3s2_3p(2P<3/2>)9i_2{11/2}o[6]        13.0      64679.3701     0.0320   9.360E+04   231     0    427
3s2_3p(2P<3/2>)9k_2{15/2}e[7]        15.0      64679.4390     0.0320   9.360E+04   232     0    428
3s2_3p(2P<3/2>)9k_2{15/2}e[8]        17.0      64679.4391     0.0320   9.360E+04   232     0    429
3s2_3p(2P<3/2>)9g_2{11/2}o[6]        13.0      64679.4490     0.0320   9.361E+04   233     0    430
3s2_3p(2P<3/2>)9g_2{11/2}o[5]        11.0      64679.4670     0.0320   9.361E+04   233     0    431
3s2_3p(2P<3/2>)9k_2{13/2}e[6]        13.0      64679.6050     0.0320   9.362E+04   234     0    432
3s2_3p(2P<3/2>)9k_2{13/2}e[7]        15.0      64679.6051     0.0320   9.362E+04   234     0    433
3s2_3p(2P<3/2>)9h_2{13/2}e[6]        13.0      64679.9800     0.0320   9.365E+04   235     0    434
3s2_3p(2P<3/2>)9h_2{13/2}e[7]        15.0      64679.9801     0.0320   9.365E+04   235     0    435
3s2_3p(2P<3/2>)9k_2{17/2}e[8]        17.0      64680.2310     0.0320   9.367E+04   236     0    436
3s2_3p(2P<3/2>)9k_2{17/2}e[9]        19.0      64680.2311     0.0320   9.367E+04   236     0    437
3s2_3p(2P<3/2>)9f_2{3/2}e[2]          5.0      64680.2500     0.0320   9.368E+04   228     0    438
3s2_3p(2P<3/2>)9k_2{11/2}e[5]        11.0      64680.3970     0.0320   9.369E+04   237     0    439
3s2_3p(2P<3/2>)9k_2{11/2}e[6]        13.0      64680.3971     0.0320   9.369E+04   237     0    440
3s2_3p(2P<3/2>)9i_2{15/2}o[7]        15.0      64680.4090     0.0320   9.369E+04   238     0    441
3s2_3p(2P<3/2>)9i_2{15/2}o[8]        17.0      64680.4091     0.0320   9.369E+04   238     0    442
3s2_3p(2P<3/2>)9h_2{7/2}e[4]          9.0      64680.5810     0.0320   9.370E+04   239     0    443
3s2_3p(2P<3/2>)9h_2{7/2}e[3]          7.0      64680.5811     0.0320   9.371E+04   239     0    444
3s2_3p(2P<3/2>)9i_2{9/2}o[4]          9.0      64680.7430     0.0320   9.372E+04   240     0    445
3s2_3p(2P<3/2>)9i_2{9/2}o[5]         11.0      64680.7431     0.0320   9.372E+04   240     0    446
3s2_3p(2P<3/2>)9g_2{5/2}o[2]          5.0      64680.9070     0.0320   9.373E+04   241     0    447
3s2_3p(2P<3/2>)9g_2{5/2}o[3]          7.0      64680.9120     0.0320   9.373E+04   241     0    448
3s2_3p_nd_PgDFo[2]                    5.0      64687.7700     0.0318   9.434E+04   242     0    449
3s2_3p(2P)9d_(3/2,3/b2)o[1]           3.0      64699.4600     0.0314   9.539E+04   243     0    450
3s2_3p(2P)9d_(3/2,3/2)o[0]            1.0      64703.2300     0.0313   9.574E+04   221     0    451
3s2_3p_nd_PhDFo[2]                    5.0      64758.6100     0.0297   1.011E+05   244     0    452
3s2_3p_10d_3Fo[4]                     9.0      64765.1390     0.0295   1.018E+05   210     0    453
3s2_3p_nd_PbDFo[3]                    7.0      64795.4300     0.0286   1.050E+05   160     0    454
3s2_3p_nd_PjDFo[2]                    5.0      64795.5600     0.0285   1.050E+05   245     0    455
3s2_3p_nd_PcDFo[3]                    7.0      64881.4500     0.0260   1.154E+05   190     0    456
3s2_3p(2P)10d_(1/2,5/2)o[1]           3.0      64920.1500     0.0248   1.208E+05   246     0    457
3s2_3p(2P)10d_(1/2,5/2)o[3]           7.0      64923.9700     0.0247   1.214E+05   246     0    458
3s2_3p(2P<3/2>)10f_2{7/2}e[3]         7.0      64926.4780     0.0246   1.218E+05   247     0    459
3s2_3p(2P<3/2>)10f_2{7/2}e[4]         9.0      64926.8600     0.0246   1.218E+05   247     0    460
3s2_3p(2P<3/2>)10f_2{5/2}e[3]         7.0      64930.0470     0.0245   1.223E+05   248     0    461
3s2_3p(2P<3/2>)10f_2{5/2}e[2]         5.0      64930.5160     0.0245   1.224E+05   248     0    462
3s2_3p(2P<3/2>)10f_2{9/2}e[5]        11.0      64933.0680     0.0244   1.227E+05   249     0    463
3s2_3p(2P<3/2>)10g_2{9/2}o[4]         9.0      64933.8900     0.0244   1.229E+05   250     0    464
3s2_3p(2P<3/2>)10g_2{9/2}o[5]        11.0      64933.8950     0.0244   1.229E+05   250     0    465
3s2_3p(2P<3/2>)10h_2{11/2}e[5]       11.0      64933.9790     0.0244   1.229E+05   251     0    466
3s2_3p(2P<3/2>)10h_2{11/2}e[6]       13.0      64933.9791     0.0244   1.229E+05   251     0    467
3s2_3p(2P<3/2>)10f_2{9/2}e[4]         9.0      64934.2740     0.0244   1.229E+05   249     0    468
3s2_3p(2P<3/2>)10h_2{9/2}e[4]         9.0      64934.4650     0.0244   1.230E+05   252     0    469
3s2_3p(2P<3/2>)10h_2{9/2}e[5]        11.0      64934.4651     0.0244   1.230E+05   252     0    470
3s2_3p(2P<3/2>)10g_2{7/2}o[4]         9.0      64935.0030     0.0244   1.230E+05   253     0    471
3s2_3p(2P<3/2>)10g_2{7/2}o[3]         7.0      64935.0110     0.0244   1.230E+05   253     0    472
3s2_3p(2P<3/2>)10h_2{13/2}e[6]       13.0      64935.6530     0.0243   1.231E+05   254     0    473
3s2_3p(2P<3/2>)10h_2{13/2}e[7]       15.0      64935.6531     0.0243   1.231E+05   254     0    474
3s2_3p(2P<3/2>)10h_2{7/2}e[4]         9.0      64936.1570     0.0243   1.232E+05   255     0    475
3s2_3p(2P<3/2>)10h_2{7/2}e[3]         7.0      64936.1571     0.0243   1.232E+05   255     0    476
3s2_3p(2P<3/2>)10k_2{15/2}e[7]       15.0      64937.0090     0.0243   1.233E+05   256     0    477
3s2_3p(2P<3/2>)10k_2{15/2}e[8]       17.0      64937.0091     0.0243   1.233E+05   256     0    478
3s2_3p(2P<3/2>)10f_2{3/2}e[1]         3.0      64937.1140     0.0243   1.234E+05   257     0    479
3s2_3p(2P<3/2>)10k_2{13/2}e[6]       13.0      64937.1280     0.0243   1.234E+05   258     0    480
3s2_3p(2P<3/2>)10k_2{13/2}e[7]       15.0      64937.1281     0.0243   1.234E+05   258     0    481
3s2_3p(2P<3/2>)10g_2{11/2}o[6]       13.0      64937.1340     0.0243   1.234E+05   259     0    482
3s2_3p(2P<3/2>)10g_2{11/2}o[5]       11.0      64937.1520     0.0243   1.234E+05   259     0    483
3s2_3p(2P<3/2>)10k_2{17/2}e[8]       17.0      64937.5870     0.0243   1.234E+05   260     0    484
3s2_3p(2P<3/2>)10k_2{17/2}e[9]       19.0      64937.5871     0.0243   1.234E+05   260     0    485
3s2_3p(2P<3/2>)10k_2{11/2}e[5]       11.0      64937.7080     0.0243   1.234E+05   261     0    486
3s2_3p(2P<3/2>)10k_2{11/2}e[6]       13.0      64937.7081     0.0243   1.234E+05   261     0    487
3s2_3p(2P<3/2>)10f_2{3/2}e[2]         5.0      64937.7310     0.0243   1.235E+05   257     0    488
3s2_3p(2P<3/2>)10g_2{5/2}o[2]         5.0      64938.2030     0.0243   1.235E+05   262     0    489
3s2_3p(2P<3/2>)10g_2{5/2}o[3]         7.0      64938.2160     0.0243   1.235E+05   262     0    490
3s2_3p(2P)10d_(1/2,1/2)o[1]           3.0      64946.1200     0.0240   1.247E+05   263     0    491
3s2_3p(2P)10d_(1/2,1/2)o[0]           1.0      64952.5800     0.0238   1.258E+05   263     0    492
3s2_3p_10p_1Se[0]                     1.0      65332.7450     0.0124   2.410E+05   264     0    493
