********************************************************************************
                                                                                
Super level assignments for AlXI
                                                                                
                   g        E(cm^-1)    10^15 Hz     eV       Lam(A)       ID   
********************************************************************************
                                                                                
23-Oct-2002                            !Date
75                                     !Number of energy levels
6                                      !Entry number of link to super level
  
2s_2Se[1/2]        2.0          0.0000   106.8748   2.805E+01     1     0      1
2p_2Po[1/2]        2.0     176019.0000   101.5979   2.951E+01     2     0      2
2p_2Po[3/2]        4.0     181808.0000   101.4243   2.956E+01     2     0      3
3s_2Se[1/2]        2.0    2020450.0000    46.3032   6.475E+01     3     0      4
3p_2Po[1/2]        2.0    2068770.0000    44.8546   6.684E+01     4     0      5
3p_2Po[3/2]        4.0    2070520.0000    44.8022   6.691E+01     4     0      6
3d_2De[3/2]        4.0    2088100.0000    44.2751   6.771E+01     5     0      7
3d_2De[5/2]        6.0    2088530.0000    44.2623   6.773E+01     5     0      8
4s_2Se[1/2]        2.0    2705700.0000    25.7600   1.164E+02     6     0      9
4p_2Po[1/2]        2.0    2726120.0000    25.1478   1.192E+02     7     0     10
4p_2Po[3/2]        4.0    2726910.0000    25.1241   1.193E+02     7     0     11
4d_2De[3/2]        4.0    2734110.0000    24.9083   1.204E+02     8     0     12
4d_2De[5/2]        6.0    2734440.0000    24.8984   1.204E+02     8     0     13
4f_2Fo[5/2]        6.0    2734870.0000    24.8855   1.205E+02     9     0     14
4f_2Fo[7/2]        8.0    2734980.0000    24.8822   1.205E+02     9     0     15
5s_2Se[1/2]        2.0    3019700.0000    16.3465   1.834E+02    10     0     16
5p_2Po[3/2]        4.0    3029700.0000    16.0467   1.868E+02    11     0     17
5p_2Po[1/2]        2.0    3029700.0000    16.0467   1.868E+02    11     0     18
5d_2De[3/2]        4.0    3033360.0000    15.9370   1.881E+02    12     0     19
5d_2De[5/2]        6.0    3033470.0000    15.9337   1.882E+02    12     0     20
5f_2Fo[5/2]        6.0    3033700.0000    15.9268   1.882E+02    13     0     21
5f_2Fo[7/2]        8.0    3033760.0000    15.9250   1.883E+02    13     0     22
5z_2Zo            18.0    3033842.1990    15.9225   1.883E+02    14     0     23
6s_2Se             2.0    3187953.3880    11.3024   2.652E+02    10     0     24
6p_2Po[1/2]        2.0    3193600.0000    11.1331   2.693E+02    11     0     25
6p_2Po[3/2]        4.0    3193600.0000    11.1331   2.693E+02    11     0     26
6f_2Fo            14.0    3196128.1937    11.0573   2.711E+02    13     0     27
6z_2Zo            40.0    3196128.1937    11.0573   2.711E+02    14     0     28
6d_2De[3/2]        4.0    3196400.0000    11.0492   2.713E+02    12     0     29
6d_2De[5/2]        6.0    3196400.0000    11.0492   2.713E+02    12     0     30
7s_2Se             2.0    3288833.4960     8.2781   3.622E+02    15     0     31
7p_2Po[1/2]        2.0    3292100.0000     8.1801   3.665E+02    16     0     32
7p_2Po[3/2]        4.0    3292100.0000     8.1801   3.665E+02    16     0     33
7f_2Fo            14.0    3293981.5301     8.1237   3.690E+02    17     0     34
7z_2Zo            66.0    3293981.5301     8.1237   3.690E+02    17     0     35
7d_2De[5/2]        6.0    3294300.0000     8.1142   3.695E+02    18     0     36
7d_2De[3/2]        4.0    3294300.0000     8.1142   3.695E+02    18     0     37
8s_2Se             2.0    3354045.8870     6.3230   4.741E+02    15     0     38
8p_2Po[3/2]        4.0    3356500.0000     6.2495   4.797E+02    16     0     39
8p_2Po[1/2]        2.0    3356500.0000     6.2495   4.797E+02    16     0     40
8f_2Fo            14.0    3357492.1090     6.2197   4.820E+02    17     0     41
8z_2Zo            96.0    3357492.1090     6.2197   4.820E+02    17     0     42
8d_2De[3/2]        4.0    3358100.0000     6.2015   4.834E+02    18     0     43
8d_2De[5/2]        6.0    3358100.0000     6.2015   4.834E+02    18     0     44
9s_2Se             2.0    3398608.0220     4.9871   6.011E+02    19     0     45
9p_2Po[1/2]        2.0    3399500.0000     4.9604   6.044E+02    20     0     46
9p_2Po[3/2]        4.0    3399500.0000     4.9604   6.044E+02    20     0     47
9d_2De            10.0    3400909.1650     4.9181   6.096E+02    21     0     48
9z_2Zo           130.0    3401034.7528     4.9144   6.100E+02    22     0     49
9f_2Fo            14.0    3401034.7528     4.9144   6.100E+02    22     0     50
10s_2Se            2.0    3430403.8150     4.0339   7.432E+02    19     0     51
10p_2Po            6.0    3431624.4210     3.9973   7.500E+02    20     0     52
10d_2De           10.0    3432084.6500     3.9835   7.526E+02    21     0     53
10z_2Zo          168.0    3432180.5497     3.9806   7.531E+02    22     0     54
10f_2Fo           14.0    3432180.5497     3.9806   7.531E+02    22     0     55
11w_2W           242.0    3455224.9171     3.2898   9.113E+02    23     0     56
12w_2W           288.0    3472752.0484     2.7643   1.085E+03    23     0     57
13w_2W           338.0    3486392.2780     2.3554   1.273E+03    23     0     58
14w_2W           392.0    3497215.3825     2.0309   1.476E+03    23     0     59
15w_2W           450.0    3505946.9110     1.7692   1.695E+03    23     0     60
16w_2W           512.0    3513093.0272     1.5549   1.928E+03    24     0     61
17w_2W           578.0    3519015.5535     1.3774   2.177E+03    24     0     62
18w_2W           648.0    3523978.6882     1.2286   2.440E+03    24     0     63
19w_2W           722.0    3528178.9888     1.1027   2.719E+03    24     0     64
20w_2W           800.0    3531765.1374     0.9952   3.013E+03    24     0     65
21w_2W           882.0    3534851.2811     0.9026   3.321E+03    25     0     66
22w_2W           968.0    3537526.2293     0.8224   3.645E+03    25     0     67
23w_2W          1058.0    3539859.9149     0.7525   3.984E+03    25     0     68
24w_2W          1152.0    3541908.0121     0.6911   4.338E+03    25     0     69
25w_2W          1250.0    3543715.2880     0.6369   4.707E+03    25     0     70
26w_2W          1352.0    3545318.0695     0.5889   5.091E+03    25     0     71
27w_2W          1458.0    3546746.0836     0.5460   5.490E+03    25     0     72
28w_2W          1568.0    3548023.8456     0.5077   5.905E+03    25     0     73
29w_2W          1682.0    3549171.7182     0.4733   6.334E+03    25     0     74
30w_2W          1800.0    3550206.7277     0.4423   6.778E+03    25     0     75
