********************************************************************************
                                                                                
  Super level assignments for Co III
  Option E%LS with E%=5.0

********************************************************************************
                                                                                
26-Nov-2000                            !Date
1000                                   !Number of energy levels
6                                      !Entry number of link to super level
  
3d7_a4Fe[9/2]               10.0          0.0000     8.1004   3.701E+02     1     0      1
3d7_a4Fe[7/2]                8.0        841.2000     8.0752   3.713E+02     1     0      2
3d7_a4Fe[5/2]                6.0       1451.3000     8.0569   3.721E+02     1     0      3
3d7_a4Fe[3/2]                4.0       1866.8000     8.0444   3.727E+02     1     0      4
3d7_a4Pe[5/2]                6.0      15201.9000     7.6447   3.922E+02     2     0      5
3d7_a4Pe[3/2]                4.0      15428.2000     7.6379   3.925E+02     2     0      6
3d7_a4Pe[1/2]                2.0      15811.4000     7.6264   3.931E+02     2     0      7
3d7_a2Ge[9/2]               10.0      16977.6000     7.5914   3.949E+02     3     0      8
3d7_a2Ge[7/2]                8.0      17766.2000     7.5678   3.961E+02     3     0      9
3d7_a2Pe[3/2]                4.0      20194.9000     7.4950   4.000E+02     4     0     10
3d7_a2Pe[1/2]                2.0      20918.5000     7.4733   4.012E+02     4     0     11
3d7_a2He[11/2]              12.0      22720.3000     7.4193   4.041E+02     5     0     12
3d7_a2D2e[5/2]               6.0      23058.8000     7.4091   4.046E+02     5     0     13
3d7_a2He[9/2]               10.0      23434.3000     7.3978   4.052E+02     5     0     14
3d7_a2D2e[3/2]               4.0      24236.8000     7.3738   4.066E+02     5     0     15
3d7_a2Fe[5/2]                6.0      37021.0000     6.9905   4.289E+02     6     0     16
3d7_a2Fe[7/2]                8.0      37316.5000     6.9817   4.294E+02     6     0     17
3d6(5D)4s_a6De[9/2]         10.0      46438.3000     6.7082   4.469E+02     7     0     18
3d6(5D)4s_a6De[7/2]          8.0      47003.1000     6.6913   4.480E+02     7     0     19
3d6(5D)4s_a6De[5/2]          6.0      47415.4000     6.6789   4.489E+02     7     0     20
3d6(5D)4s_a6De[3/2]          4.0      47698.6000     6.6704   4.494E+02     7     0     21
3d6(5D)4s_a6De[1/2]          2.0      47864.8000     6.6654   4.498E+02     7     0     22
3d6(5D)4s_a4De[7/2]          8.0      55729.2000     6.4297   4.663E+02     8     0     23
3d6(5D)4s_a4De[5/2]          6.0      56373.8000     6.4103   4.677E+02     8     0     24
3d6(5D)4s_a4De[3/2]          4.0      56794.8000     6.3977   4.686E+02     8     0     25
3d7(2D)_2De[3/2]             4.0      56874.9390     6.3953   4.688E+02     9     0     26
3d6(5D)4s_a4De[1/2]          2.0      57036.8000     6.3905   4.691E+02     8     0     27
3d7(2D)_2De[5/2]             6.0      57308.4550     6.3823   4.697E+02     9     0     28
3d6(3P2)4s_b4Pe[5/2]         6.0      70934.1000     5.9738   5.018E+02    10     0     29
3d6(3H)4s_a4He[13/2]        14.0      71623.1000     5.9532   5.036E+02    10     0     30
3d6(3H)4s_a4He[11/2]        12.0      71873.7000     5.9457   5.042E+02    10     0     31
3d6(3H)4s_a4He[9/2]         10.0      72083.3000     5.9394   5.048E+02    10     0     32
3d6(3H)4s_a4He[7/2]          8.0      72270.5000     5.9338   5.052E+02    10     0     33
3d6(3P2)4s_b4Pe[3/2]         4.0      72341.9000     5.9316   5.054E+02    10     0     34
3d6(3P2)4s_b4Pe[1/2]         2.0      73214.5000     5.9055   5.077E+02    10     0     35
3d6(3F2)4s_b4Fe[9/2]        10.0      73286.0000     5.9033   5.078E+02    10     0     36
3d6(3F2)4s_b4Fe[7/2]         8.0      73540.2000     5.8957   5.085E+02    10     0     37
3d6(3F2)4s_b4Fe[5/2]         6.0      73726.6000     5.8901   5.090E+02    10     0     38
3d6(3F2)4s_b4Fe[3/2]         4.0      73861.8000     5.8861   5.093E+02    10     0     39
3d6(3G)4s_a4Ge[11/2]        12.0      76518.9000     5.8064   5.163E+02    10     0     40
3d6(3P2)4s_b2Pe[3/2]         4.0      76791.1000     5.7983   5.170E+02    11     0     41
3d6(3G)4s_a4Ge[9/2]         10.0      77121.1000     5.7884   5.179E+02    10     0     42
3d6(3G)4s_a4Ge[7/2]          8.0      77383.1000     5.7805   5.186E+02    10     0     43
3d6(3H)4s_b2He[11/2]        12.0      77411.6000     5.7797   5.187E+02    11     0     44
3d6(3G)4s_a4Ge[5/2]          6.0      77472.3000     5.7778   5.189E+02    10     0     45
3d6(3H)4s_b2He[9/2]         10.0      77622.9000     5.7733   5.193E+02    11     0     46
3d6(3P2)4s_b2Pe[1/2]         2.0      78434.3000     5.7490   5.215E+02    11     0     47
3d6(3F2)4s_b2Fe[7/2]         8.0      78927.8000     5.7342   5.228E+02    11     0     48
3d6(3F2)4s_b2Fe[5/2]         6.0      79425.3000     5.7193   5.242E+02    11     0     49
3d6(3G)4s_b2Ge[9/2]         10.0      82363.3000     5.6312   5.324E+02    11     0     50
3d6(3G)4s_b2Ge[7/2]          8.0      82920.7000     5.6145   5.340E+02    11     0     51
3d6(3D)4s_b4De[3/2]          4.0      83773.4000     5.5889   5.364E+02    12     0     52
3d6(3D)4s_b4De[1/2]          2.0      83789.3000     5.5885   5.364E+02    12     0     53
3d6(3D)4s_b4De[5/2]          6.0      83799.6000     5.5881   5.365E+02    12     0     54
3d6(3D)4s_b4De[7/2]          8.0      83938.9000     5.5840   5.369E+02    12     0     55
3d6(1I)4s_a2Ie[13/2]        14.0      85474.1000     5.5379   5.413E+02    13     0     56
3d6(1I)4s_a2Ie[11/2]        12.0      85517.3000     5.5366   5.415E+02    13     0     57
3d6(1G2)4s_c2Ge[9/2]        10.0      86283.8000     5.5137   5.437E+02    13     0     58
3d6(1G2)4s_c2Ge[7/2]         8.0      86327.1000     5.5124   5.439E+02    13     0     59
3d6(3D)4s_2De[3/2]           4.0      89202.1310     5.4262   5.525E+02    13     0     60
3d6(1S)4s_2Se[1/2]           2.0      89279.3440     5.4239   5.527E+02    13     0     61
3d6(3D)4s_2De[5/2]           6.0      89376.7290     5.4209   5.530E+02    13     0     62
3d6(1D2)4s_b2De[5/2]         6.0      91715.1000     5.3508   5.603E+02    13     0     63
3d6(1D)4s_2De[3/2]           4.0      92947.6230     5.3139   5.642E+02    14     0     64
3d6(5D)4p_z6Do[9/2]         10.0      98290.3000     5.1537   5.817E+02    15     0     65
3d6(5D)4p_z6Do[7/2]          8.0      98545.6000     5.1461   5.826E+02    15     0     66
3d6(5D)4p_z6Do[5/2]          6.0      98823.2000     5.1377   5.835E+02    15     0     67
3d6(5D)4p_z6Do[3/2]          4.0      99043.5000     5.1311   5.843E+02    15     0     68
3d6(5D)4p_z6Do[1/2]          2.0      99182.2000     5.1270   5.847E+02    15     0     69
3d6(1F)4s_2Fe[7/2]           8.0     100225.9800     5.0957   5.883E+02    14     0     70
3d6(1F)4s_2Fe[5/2]           6.0     100233.2480     5.0955   5.884E+02    14     0     71
3d6(5D)4p_z6Fo[11/2]        12.0     103245.0000     5.0052   5.990E+02    15     0     72
3d6(5D)4p_z6Fo[9/2]         10.0     103386.7000     5.0009   5.995E+02    15     0     73
3d6(5D)4p_z6Fo[7/2]          8.0     103501.7000     4.9975   5.999E+02    15     0     74
3d6(5D)4p_z6Fo[5/2]          6.0     103593.7000     4.9947   6.002E+02    15     0     75
3d6(5D)4p_z6Fo[3/2]          4.0     103655.7000     4.9929   6.004E+02    15     0     76
3d6(5D)4p_z6Fo[1/2]          2.0     103690.8000     4.9918   6.006E+02    15     0     77
3d6(5D)4p_z6Po[7/2]          8.0     105008.7000     4.9523   6.054E+02    15     0     78
3d6(5D)4p_z6Po[5/2]          6.0     105965.1000     4.9236   6.089E+02    15     0     79
3d6(3P)4s_4Pe[1/2]           2.0     106026.0090     4.9218   6.091E+02    16     0     80
3d6(5D)4p_z4Do[7/2]          8.0     106489.2000     4.9079   6.108E+02    17     0     81
3d6(5D)4p_z6Po[3/2]          4.0     106591.9000     4.9048   6.112E+02    15     0     82
3d6(3P)4s_4Pe[3/2]           4.0     106595.4650     4.9047   6.112E+02    16     0     83
3d6(5D)4p_z4Fo[9/2]         10.0     106764.9000     4.8997   6.119E+02    17     0     84
3d6(5D)4p_z4Do[5/2]          6.0     106954.7000     4.8940   6.126E+02    17     0     85
3d6(3F)4s_4Fe[3/2]           4.0     107062.2520     4.8907   6.130E+02    16     0     86
3d6(3F)4s_4Fe[9/2]          10.0     107124.9370     4.8889   6.132E+02    16     0     87
3d6(3F)4s_4Fe[5/2]           6.0     107148.9430     4.8881   6.133E+02    16     0     88
3d6(3F)4s_4Fe[7/2]           8.0     107195.4730     4.8868   6.135E+02    16     0     89
3d6(5D)4p_z4Do[3/2]          4.0     107297.0000     4.8837   6.139E+02    17     0     90
3d6(5D)4p_z4Do[1/2]          2.0     107507.6000     4.8774   6.147E+02    17     0     91
3d6(5D)4p_z4Fo[7/2]          8.0     107530.1000     4.8767   6.147E+02    17     0     92
3d6(3P)4s_4Pe[5/2]           6.0     107629.5850     4.8737   6.151E+02    16     0     93
3d6(5D)4p_z4Fo[5/2]          6.0     108052.9000     4.8610   6.167E+02    17     0     94
3d6(5D)4p_z4Fo[3/2]          4.0     108403.4000     4.8505   6.181E+02    17     0     95
3d6(5D)4p_z4Po[5/2]          6.0     110371.2000     4.7915   6.257E+02    17     0     96
3d6(5D)4p_z4Po[3/2]          4.0     110961.5000     4.7739   6.280E+02    17     0     97
3d6(5D)4p_z4Po[1/2]          2.0     111283.1000     4.7642   6.293E+02    17     0     98
3d6(3P)4s_2Pe[1/2]           2.0     111783.1530     4.7492   6.312E+02    18     0     99
3d6(3F)4s_2Fe[5/2]           6.0     112620.9530     4.7241   6.346E+02    18     0    100
3d6(3F)4s_2Fe[7/2]           8.0     112623.2090     4.7240   6.346E+02    18     0    101
3d6(3P)4s_2Pe[3/2]           4.0     112993.1680     4.7129   6.361E+02    18     0    102
3d6(1G)4s_2Ge[9/2]          10.0     117222.9660     4.5861   6.537E+02    18     0    103
3d6(1G)4s_2Ge[7/2]           8.0     117244.4480     4.5855   6.538E+02    18     0    104
3d5(6S)4s2_6Se[5/2]          6.0     123038.6370     4.4118   6.795E+02    19     0    105
3d6(a3P)4p_z4So[3/2]         4.0     123123.1000     4.4093   6.799E+02    20     0    106
3d6(3H)4p_z4Go[11/2]        12.0     124765.9000     4.3600   6.876E+02    20     0    107
3d6(a3P)4p_y4Po[5/2]         6.0     125003.3000     4.3529   6.887E+02    20     0    108
3d6(3H)4p_z4Go[9/2]         10.0     125012.4000     4.3526   6.888E+02    20     0    109
3d6(3H)4p_z4Go[7/2]          8.0     125227.0000     4.3462   6.898E+02    20     0    110
3d6(3H)4p_4Io[13/2]         14.0     125276.2000     4.3447   6.900E+02    20     0    111
3d6(3H)4p_4Io[11/2]         12.0     125296.2000     4.3441   6.901E+02    20     0    112
3d6(3H)4p_z4Go[5/2]          6.0     125369.1000     4.3419   6.905E+02    20     0    113
3d6(3H)4p_4Io[9/2]          10.0     125421.6000     4.3403   6.907E+02    20     0    114
3d6(3H)4p_4Ho[7/2]           8.0     125690.5000     4.3323   6.920E+02    20     0    115
3d6(a3P)4p_z2Do[5/2]         6.0     125992.7000     4.3232   6.934E+02    21     0    116
3d6(3H)4p_4Io[15/2]         16.0     126119.0000     4.3194   6.941E+02    20     0    117
3d6(3H)4p_4Ho[9/2]          10.0     126239.4000     4.3158   6.946E+02    20     0    118
3d6(a3P)4po[3/2]             4.0     126381.8000     4.3116   6.953E+02    20     0    119
3d6(3H)4p_4Ho[13/2]         14.0     126475.5000     4.3088   6.958E+02    20     0    120
3d6(3H)4p_4Ho[11/2]         12.0     126501.3000     4.3080   6.959E+02    20     0    121
3d6(a3P)4p_y4Do[7/2]         8.0     126549.3000     4.3065   6.961E+02    20     0    122
3d6(a3F)4p_y4Fo[5/2]         6.0     126870.9000     4.2969   6.977E+02    20     0    123
3d6(a3F)4p_y4Fo[7/2]         8.0     126892.1000     4.2963   6.978E+02    20     0    124
3d6(a3F)4p_y4Fo[3/2]         4.0     126987.6000     4.2934   6.983E+02    20     0    125
3d6(a3F)4p_y4Fo[9/2]        10.0     126998.1000     4.2931   6.983E+02    20     0    126
3d6(3H)4p_z2Go[9/2]         10.0     127050.8000     4.2915   6.986E+02    21     0    127
U1_4So[1/2]                  2.0     127224.7000     4.2863   6.994E+02    22     0    128
3d6(3H)4p_z2Go[7/2]          8.0     127317.7000     4.2835   6.999E+02    21     0    129
3d6(a3P)4p_z2Do[3/2]         4.0     127458.1000     4.2793   7.006E+02    21     0    130
3d6(3H)4p_z2Io[13/2]        14.0     127672.9000     4.2729   7.016E+02    21     0    131
3d6(a3F)4p_x4Do[7/2]         8.0     128017.7000     4.2625   7.033E+02    20     0    132
3d6(a3P)4p_y4Do[5/2]         6.0     128085.2000     4.2605   7.037E+02    20     0    133
3d6(3H)4p_z2Io[11/2]        12.0     128258.9000     4.2553   7.045E+02    21     0    134
3d6(a3P)4p_y4Do[3/2]         4.0     128423.1000     4.2504   7.053E+02    20     0    135
3d6(a3F)4p_x4Do[5/2]         6.0     128524.9000     4.2473   7.058E+02    20     0    136
3d6(a3P)4p_y4Do[1/2]         2.0     128536.3000     4.2470   7.059E+02    20     0    137
3d6(a3F)4p_x4Do[3/2]         4.0     128804.9000     4.2389   7.072E+02    20     0    138
3d6(a3F)4p_x4Do[1/2]         2.0     128937.4000     4.2349   7.079E+02    20     0    139
3d6(a3F)4p_y4Go[11/2]       12.0     129556.0000     4.2164   7.110E+02    20     0    140
3d6(a3F)4p_y4Go[9/2]        10.0     129592.3000     4.2153   7.112E+02    20     0    141
3d6(a3F)4p_y4Go[7/2]         8.0     129706.9000     4.2119   7.118E+02    20     0    142
3d6(a3F)4p_y4Go[5/2]         6.0     129747.3000     4.2107   7.120E+02    20     0    143
3d6(a3F)4p_z2Fo[7/2]         8.0     130183.8000     4.1976   7.142E+02    21     0    144
3d6(a3F)4p_z2Fo[5/2]         6.0     130407.8000     4.1909   7.153E+02    21     0    145
3d6(a3P)4p_z2Po[1/2]         2.0     130799.5000     4.1791   7.174E+02    21     0    146
3d6(a3F)4p_y2Go[9/2]        10.0     130801.9000     4.1790   7.174E+02    21     0    147
3d6(a3P)4p_z2Po[3/2]         4.0     130909.0000     4.1758   7.179E+02    21     0    148
3d6(3H)4p_z2Ho[11/2]        12.0     131054.2000     4.1715   7.187E+02    21     0    149
3d6(3G)4p_4Fo[9/2]          10.0     131098.2000     4.1702   7.189E+02    20     0    150
3d6(a3F)4p_y2Go[7/2]         8.0     131279.9000     4.1647   7.198E+02    21     0    151
3d6(3G)4p_4Go[11/2]         12.0     131371.1000     4.1620   7.203E+02    20     0    152
3d6(3H)4p_z2Ho[9/2]         10.0     131538.3000     4.1570   7.212E+02    21     0    153
3d6(3G)4p_4Go[7/2]           8.0     131581.6000     4.1557   7.214E+02    20     0    154
3d6(3G)4p_4Go[5/2]           6.0     131883.9000     4.1466   7.230E+02    20     0    155
3d6(3G)4p_4Go[9/2]          10.0     131887.1000     4.1465   7.230E+02    20     0    156
3d6(3G)4p_4Fo[7/2]           8.0     132277.1000     4.1348   7.250E+02    20     0    157
3d6(a3P)4p_z2So[1/2]         2.0     132314.9000     4.1337   7.252E+02    21     0    158
3d6(3G)4p_y4Ho[13/2]        14.0     132376.8000     4.1318   7.256E+02    20     0    159
3d6(3G)4p_4Fo[5/2]           6.0     132489.0000     4.1285   7.262E+02    20     0    160
3d6(3G)4p_y4Ho[11/2]        12.0     132506.2000     4.1280   7.262E+02    20     0    161
3d6(3G)4p_y4Ho[9/2]         10.0     132587.0000     4.1255   7.267E+02    20     0    162
3d6(3G)4p_4Fo[3/2]           4.0     132592.4000     4.1254   7.267E+02    20     0    163
3d6(3G)4p_y4Ho[7/2]          8.0     132623.8000     4.1244   7.269E+02    20     0    164
3d6(a3F)4p_y2Do[5/2]         6.0     133711.4000     4.0918   7.327E+02    21     0    165
3d6(a3F)4p_y2Do[3/2]         4.0     134079.8000     4.0808   7.346E+02    21     0    166
3d6(3G)4p_y2Ho[11/2]        12.0     134696.1000     4.0623   7.380E+02    21     0    167
3d6(3G)4p_y2Ho[9/2]         10.0     135404.0000     4.0411   7.419E+02    21     0    168
3d6(3G)4p_y2Fo[5/2]          6.0     136129.1000     4.0193   7.459E+02    21     0    169
3d6(3G)4p_y2Fo[7/2]          8.0     136290.1000     4.0145   7.468E+02    21     0    170
3d6(1I)4p_z2Ko[13/2]        14.0     137363.0000     3.9824   7.528E+02    21     0    171
3d6(3G)4p_x2Go[9/2]         10.0     137661.4000     3.9734   7.545E+02    21     0    172
3d6(3G)4p_x2Go[7/2]          8.0     137812.4000     3.9689   7.554E+02    21     0    173
3d6(1I)4p_z2Ko[15/2]        16.0     138234.3000     3.9562   7.578E+02    21     0    174
3d6(3D)4p_x4Po[5/2]          6.0     138774.7000     3.9400   7.609E+02    22     0    175
3d6(a1G)4p_x2Ho[9/2]        10.0     138921.0000     3.9356   7.617E+02    23     0    176
3d6(3D)4p_x4Po[3/2]          4.0     138970.5000     3.9342   7.620E+02    22     0    177
3d6(a1G)4p_x2Ho[11/2]       12.0     139137.5000     3.9292   7.630E+02    23     0    178
3d6(3D)4p_x4Po[1/2]          2.0     139314.2000     3.9239   7.640E+02    22     0    179
3d6(3D)4p_4Fo[3/2]           4.0     139468.0710     3.9192   7.649E+02    22     0    180
3d6(1D)4s_2De[5/2]           6.0     139571.2650     3.9162   7.655E+02    14     0    181
3d6(1D)4s_2Dbe[3/2]          4.0     139572.1160     3.9161   7.655E+02    24     0    182
3d6(3D)4p_w4Do[3/2]          4.0     139627.2000     3.9145   7.659E+02    22     0    183
3d6(3D)4p_w4Do[1/2]          2.0     139731.0000     3.9114   7.665E+02    22     0    184
3d6(3D)4p_w4Do[5/2]          6.0     139743.4000     3.9110   7.665E+02    22     0    185
3d6(3D)4po[7/2]              8.0     139818.7000     3.9087   7.670E+02    22     0    186
3d6(3D)4p_w4Fo[3/2]          4.0     140200.1000     3.8973   7.692E+02    22     0    187
3d6(3D)4p_w4Fo[5/2]          6.0     140211.6000     3.8970   7.693E+02    22     0    188
3d6(3D)4p_w4Fo[7/2]          8.0     140225.8000     3.8965   7.694E+02    22     0    189
3d6(3D)4p_2Po[1/2]           2.0     140329.0280     3.8934   7.700E+02    23     0    190
3d6(a1G)4p_w2Go[9/2]        10.0     140358.4000     3.8926   7.702E+02    23     0    191
3d6(a1G)4p_w2Go[7/2]         8.0     140382.9000     3.8918   7.703E+02    23     0    192
3d6(3D)4p_w4Fo[9/2]         10.0     140492.4000     3.8885   7.710E+02    22     0    193
3d6(3D)4p_w4Do[7/2]          8.0     140645.4000     3.8839   7.719E+02    22     0    194
3d6(a1G)4p_x2Fo[5/2]         6.0     140787.3000     3.8797   7.727E+02    23     0    195
3d6(1I)4p_w2Ho[11/2]        12.0     141190.5000     3.8676   7.751E+02    23     0    196
3d6(1I)4p_w2Ho[9/2]         10.0     141347.3000     3.8629   7.761E+02    23     0    197
3d6(1I)4p_y2Io[13/2]        14.0     141868.8000     3.8473   7.792E+02    23     0    198
3d6(1I)4p_y2Io[11/2]        12.0     141873.8000     3.8471   7.793E+02    23     0    199
3d6(3D)4p_2Do[3/2]           4.0     142398.3870     3.8314   7.825E+02    23     0    200
3d6(3D)4p_2Do[5/2]           6.0     142641.5800     3.8241   7.840E+02    23     0    201
3d6(1S)4p_2Po[3/2]           4.0     143349.0170     3.8029   7.883E+02    23     0    202
3d6(3D)4p_w2Fo[7/2]          8.0     143677.1000     3.7931   7.904E+02    23     0    203
3d6(1S)4p_2Po[1/2]           2.0     143863.4400     3.7875   7.915E+02    23     0    204
3d6(3D)4p_2Fo[5/2]           6.0     143930.6120     3.7855   7.920E+02    23     0    205
3d6(a1D)4p_v2Fo[7/2]         8.0     146815.6000     3.6990   8.105E+02    23     0    206
3d6(a1D)4p_x2Do[5/2]         6.0     146950.7000     3.6949   8.114E+02    23     0    207
3d6(1D)4p_2Do[3/2]           4.0     147233.2060     3.6865   8.132E+02    23     0    208
3d6(1D)4p_2Po[1/2]           2.0     147579.2930     3.6761   8.155E+02    23     0    209
3d6(1D)4p_2Do[5/2]           6.0     147632.7550     3.6745   8.159E+02    23     0    210
3d6(1D)4p_2Po[3/2]           4.0     148054.2980     3.6618   8.187E+02    23     0    211
3d6(1F)4p_2Go[7/2]           8.0     152185.7670     3.5380   8.474E+02    25     0    212
3d6(1F)4p_2Go[9/2]          10.0     153111.4680     3.5102   8.541E+02    25     0    213
3d6(1F)4p_2Do[5/2]           6.0     153757.8670     3.4908   8.588E+02    25     0    214
3d6(1F)4p_2Do[3/2]           4.0     154483.3720     3.4691   8.642E+02    25     0    215
3d6(b3P)4p_4Do[3/2]          4.0     155702.4000     3.4326   8.734E+02    26     0    216
3d6(3F)4p_4Do[1/2]           2.0     156002.3050     3.4236   8.757E+02    26     0    217
U1_4So[3/2]                  4.0     156047.8000     3.4222   8.760E+02    22     0    218
3d6(b3F)4p_4Do[5/2]          6.0     156291.4000     3.4149   8.779E+02    26     0    219
3d6(3F)4p_4Do[7/2]           8.0     156563.7660     3.4067   8.800E+02    26     0    220
3d6(1F)4p_2Fo[5/2]           6.0     157016.1400     3.3932   8.835E+02    25     0    221
3d6(1F)4p_2Fo[7/2]           8.0     157061.5070     3.3918   8.839E+02    25     0    222
3d5(4G)s2_4Ge[5/2]           6.0     159445.1030     3.3203   9.029E+02    27     0    223
3d5(4G)s2_4Ge[7/2]           8.0     159495.9470     3.3188   9.033E+02    27     0    224
3d5(4G)s2_4Ge[11/2]         12.0     159509.1110     3.3184   9.034E+02    27     0    225
3d5(4G)s2_4Ge[9/2]          10.0     159526.0810     3.3179   9.036E+02    27     0    226
3d6(3P)4p_2So[1/2]           2.0     160072.4600     3.3015   9.080E+02    25     0    227
3d5(6S)4s4p_8Po[5/2]         6.0     160126.3990     3.2999   9.085E+02    28     0    228
3d5(6S)4s4p_8Po[7/2]         8.0     160617.5890     3.2852   9.126E+02    28     0    229
3d6(3F)4p_4Go[7/2]           8.0     161092.7740     3.2710   9.165E+02    26     0    230
3d5(6S)4s4p_8Po[9/2]        10.0     161299.4920     3.2648   9.183E+02    28     0    231
3d6(3F)4p_4Go[9/2]          10.0     161335.0180     3.2637   9.186E+02    26     0    232
3d6(3F)4p_4Go[11/2]         12.0     161587.9740     3.2561   9.207E+02    26     0    233
v4Po[5/2]                    6.0     161811.3000     3.2494   9.226E+02    26     0    234
3d5(4P)s2_4Pe[5/2]           6.0     162937.1700     3.2157   9.323E+02    27     0    235
3d5(4P)s2_4Pe[3/2]           4.0     163061.1390     3.2119   9.334E+02    27     0    236
3d5(4P)s2_4Pe[1/2]           2.0     163194.6480     3.2079   9.345E+02    27     0    237
3d6(3F)4p_2Do[3/2]           4.0     163916.9830     3.1863   9.409E+02    25     0    238
3d6(3P)4p_4Po[1/2]           2.0     164005.7980     3.1836   9.417E+02    26     0    239
3d6(3F)4p_2Go[9/2]          10.0     164332.1930     3.1738   9.446E+02    25     0    240
3d6(3P)4p_4Po[3/2]           4.0     164366.2180     3.1728   9.449E+02    26     0    241
3d6(3F)4p_2Do[5/2]           6.0     164548.6260     3.1673   9.465E+02    25     0    242
3d6(1S)4s_2Sbe[1/2]          2.0     164782.2070     3.1603   9.486E+02    29     0    243
3d6(3F)4p_2Go[7/2]           8.0     164870.6170     3.1577   9.494E+02    25     0    244
3d6(3P)4p_4Po[5/2]           6.0     165124.9170     3.1501   9.517E+02    26     0    245
3d6(3F)4p_4Dbo[1/2]          2.0     165199.7450     3.1478   9.524E+02    26     0    246
3d6(3F)4p_4Do[3/2]           4.0     165460.3970     3.1400   9.547E+02    26     0    247
3d6(3F)4p_4Fo[5/2]           6.0     165783.2800     3.1303   9.577E+02    26     0    248
3d6(3F)4p_4Fo[3/2]           4.0     165936.1010     3.1258   9.591E+02    26     0    249
3d6(3F)4p_4Fo[7/2]           8.0     165957.7410     3.1251   9.593E+02    26     0    250
3d6(3F)4p_4Fbo[5/2]          6.0     166281.7240     3.1154   9.623E+02    26     0    251
3d6(3F)4p_4Fo[9/2]          10.0     166358.7040     3.1131   9.630E+02    26     0    252
3d6(3F)4p_4Fbo[7/2]          8.0     166646.5300     3.1045   9.657E+02    26     0    253
3d5(4D)s2_4De[7/2]           8.0     166893.6830     3.0970   9.680E+02    27     0    254
3d5(4D)s2_4De[1/2]           2.0     167048.0910     3.0924   9.694E+02    27     0    255
3d5(4D)s2_4De[3/2]           4.0     167140.9700     3.0896   9.703E+02    27     0    256
3d5(4D)s2_4De[5/2]           6.0     167153.5370     3.0893   9.704E+02    27     0    257
3d6(3F)4p_2Dbo[3/2]          4.0     167236.8540     3.0868   9.712E+02    25     0    258
3d6(3P)4p_2Po[1/2]           2.0     167785.2660     3.0703   9.764E+02    30     0    259
3d6(5D)4d_e6Fe[11/2]        12.0     168012.7000     3.0635   9.786E+02    31     0    260
3d6(3P)4p_2Do[5/2]           6.0     168146.5500     3.0595   9.799E+02    30     0    261
3d6(5D)4d_e6Fe[9/2]         10.0     168211.5000     3.0575   9.805E+02    31     0    262
3d6(5D)4d_e6Fe[7/2]          8.0     168449.6000     3.0504   9.828E+02    31     0    263
3d6(3P)4p_2Po[3/2]           4.0     168660.6880     3.0441   9.848E+02    30     0    264
3d6(5D)4d_e6Fe[5/2]          6.0     168688.9000     3.0432   9.851E+02    31     0    265
3d6(5D)4d_e6Fe[3/2]          4.0     168885.5000     3.0373   9.870E+02    31     0    266
3d6(3F)4p_2Fo[7/2]           8.0     168971.3670     3.0348   9.879E+02    30     0    267
3d6(5D)4d_e6Fe[1/2]          2.0     169011.2000     3.0336   9.883E+02    31     0    268
3d6(3F)4p_2Fo[5/2]           6.0     169069.8100     3.0318   9.888E+02    30     0    269
3d6(5D)4d_e6De[9/2]         10.0     169527.7000     3.0181   9.933E+02    31     0    270
3d6(5D)4d_e6Pe[7/2]          8.0     169591.0000     3.0162   9.939E+02    31     0    271
3d6(5D)4d_e6De[7/2]          8.0     169595.9000     3.0160   9.940E+02    31     0    272
3d6(5D)4d_e6De[5/2]          6.0     169770.3000     3.0108   9.957E+02    31     0    273
3d6(5D)4d_e6De[3/2]          4.0     169996.0000     3.0040   9.980E+02    31     0    274
3d6(5D)4d_e6De[1/2]          2.0     170194.7000     2.9981   9.999E+02    31     0    275
3d6(5D)4d_e6Pe[5/2]          6.0     170355.5000     2.9933   1.002E+03    31     0    276
3d6(5D)5s_f6De[9/2]         10.0     170535.2000     2.9879   1.003E+03    31     0    277
3d6(5D)4d_e6Ge[13/2]        14.0     170725.7000     2.9822   1.005E+03    31     0    278
3d6(5D)4d_e6Pe[3/2]          4.0     170804.6000     2.9798   1.006E+03    31     0    279
3d6(1G)4p_2Ho[9/2]          10.0     170883.4490     2.9774   1.007E+03    30     0    280
3d6(5D)4d_e6Ge[11/2]        12.0     171028.9000     2.9731   1.008E+03    31     0    281
3d6(5D)5s_f6De[7/2]          8.0     171079.3000     2.9716   1.009E+03    31     0    282
3d6(5D)4d_e6Ge[9/2]         10.0     171269.1000     2.9659   1.011E+03    31     0    283
3d5(6S)4s4p_6Po[3/2]         4.0     171451.5860     2.9604   1.013E+03    32     0    284
3d6(5D)5s_f6De[5/2]          6.0     171466.6000     2.9600   1.013E+03    31     0    285
3d6(5D)4d_e6Ge[7/2]          8.0     171527.6000     2.9581   1.013E+03    31     0    286
3d5(6S)4s4p_6Po[5/2]         6.0     171583.2760     2.9565   1.014E+03    32     0    287
3d6(1G)4p_2Ho[11/2]         12.0     171671.0650     2.9538   1.015E+03    30     0    288
3d6(5D)4d_e6Ge[5/2]          6.0     171729.6000     2.9521   1.016E+03    31     0    289
3d6(5D)5s_f6De[3/2]          4.0     171740.4000     2.9517   1.016E+03    31     0    290
3d5(6S)4s4p_6Po[7/2]         8.0     171802.3650     2.9499   1.016E+03    32     0    291
3d6(5D)4d_e6Ge[3/2]          4.0     171825.8000     2.9492   1.017E+03    31     0    292
3d6(5D)5s_f6De[1/2]          2.0     171941.5000     2.9457   1.018E+03    31     0    293
3d6(5D)4d_e4Fe[9/2]         10.0     171942.6000     2.9457   1.018E+03    27     0    294
3d6(5D)4d_4De[7/2]           8.0     171957.9210     2.9452   1.018E+03    27     0    295
3d6(5D)4d_4Ge[11/2]         12.0     172132.0580     2.9400   1.020E+03    27     0    296
3d6(5D)4d_4De[5/2]           6.0     172248.9250     2.9365   1.021E+03    27     0    297
3d6(1G)4p_2Fo[7/2]           8.0     172332.9450     2.9340   1.022E+03    30     0    298
3d6(5D)4d_e4Fe[7/2]          8.0     172377.0000     2.9327   1.022E+03    27     0    299
3d6(5D)4d_4De[3/2]           4.0     172500.9040     2.9289   1.024E+03    27     0    300
3d6(5D)5s_f4De[7/2]          8.0     172583.6000     2.9265   1.024E+03    27     0    301
3d6(5D)4d_4Ge[9/2]          10.0     172623.3790     2.9253   1.025E+03    27     0    302
3d6(5D)4d_4De[1/2]           2.0     172668.9050     2.9239   1.025E+03    27     0    303
3d6(5D)4d_e4Fe[5/2]          6.0     172802.7000     2.9199   1.027E+03    27     0    304
3d6(1G)4p_2Fo[5/2]           6.0     172869.3100     2.9179   1.027E+03    30     0    305
3d6(5D)4d_4Ge[7/2]           8.0     173031.0870     2.9131   1.029E+03    27     0    306
3d6(5D)4d_e4Fe[3/2]          4.0     173133.5000     2.9100   1.030E+03    27     0    307
3d6(5D)5s_f4De[5/2]          6.0     173194.9000     2.9081   1.031E+03    27     0    308
3d6(5D)4d_4Ge[5/2]           6.0     173345.1040     2.9036   1.032E+03    27     0    309
3d6(5D)4d_6Se[5/2]           6.0     173498.9500     2.8990   1.034E+03    31     0    310
3d6(5D)4d_4Se[3/2]           4.0     173547.1980     2.8976   1.035E+03    27     0    311
3d6(5D)5s_f4De[3/2]          4.0     173609.3000     2.8957   1.035E+03    27     0    312
3d6(1G)4p_2Go[9/2]          10.0     173618.5850     2.8954   1.035E+03    30     0    313
3d6(1G)4p_2Go[7/2]           8.0     173759.7980     2.8912   1.037E+03    30     0    314
3d6(5D)5s_f4De[1/2]          2.0     173851.1000     2.8885   1.038E+03    27     0    315
3d5(2I)s2_2Ie[11/2]         12.0     175960.0960     2.8252   1.061E+03    29     0    316
3d5(2I)s2_2Ie[13/2]         14.0     176089.7820     2.8214   1.063E+03    29     0    317
3d6(5D)4d_4Pe[5/2]           6.0     178523.4790     2.7484   1.091E+03    33     0    318
3d6(5D)4d_4Pe[3/2]           4.0     178709.4960     2.7428   1.093E+03    33     0    319
3d6(5D)4d_4Pe[1/2]           2.0     178741.0760     2.7419   1.093E+03    33     0    320
3d5(2D)s2_2De[5/2]           6.0     178852.8320     2.7385   1.095E+03    29     0    321
3d5(6S)4s4p_4Po[5/2]         6.0     179449.0830     2.7206   1.102E+03    34     0    322
3d5(2D)s2_2De[3/2]           4.0     179660.8790     2.7143   1.104E+03    29     0    323
3d5(6S)4s4p_4Po[3/2]         4.0     179885.5070     2.7076   1.107E+03    34     0    324
3d5(6S)4s4p_4Po[1/2]         2.0     180148.1300     2.6997   1.110E+03    34     0    325
3d5(2F)s2_2Fe[7/2]           8.0     181277.3200     2.6658   1.125E+03    35     0    326
3d5(2F)s2_2Fe[5/2]           6.0     182276.5580     2.6359   1.137E+03    35     0    327
3d5(4F)s2_4Fe[9/2]          10.0     182642.6320     2.6249   1.142E+03    33     0    328
3d5(4F)s2_4Fe[7/2]           8.0     182738.0670     2.6220   1.143E+03    33     0    329
3d5(4F)s2_4Fe[5/2]           6.0     182973.5840     2.6150   1.146E+03    33     0    330
3d5(4F)s2_4Fe[3/2]           4.0     182993.2270     2.6144   1.147E+03    33     0    331
3d5(2H)s2_2He[9/2]          10.0     186159.4180     2.5195   1.190E+03    35     0    332
3d5(2H)s2_2He[11/2]         12.0     186686.9260     2.5037   1.197E+03    35     0    333
3d6(5D)5p_6Do[9/2]          10.0     187751.7930     2.4717   1.213E+03    36     0    334
3d5(2G)s2_2Ge[7/2]           8.0     187904.4470     2.4672   1.215E+03    35     0    335
3d6(5D)5p_6Do[7/2]           8.0     188016.5580     2.4638   1.217E+03    36     0    336
3d5(2G)s2_2Ge[9/2]          10.0     188335.1500     2.4542   1.222E+03    35     0    337
3d6(5D)5p_6Do[5/2]           6.0     188393.1470     2.4525   1.222E+03    36     0    338
3d6(5D)5p_6Do[3/2]           4.0     188695.1260     2.4435   1.227E+03    36     0    339
3d6(5D)5p_6Do[1/2]           2.0     188887.3530     2.4377   1.230E+03    36     0    340
3d6(5D)5p_6Fo[11/2]         12.0     188974.3160     2.4351   1.231E+03    36     0    341
3d6(5D)5p_6Fo[9/2]          10.0     189285.9140     2.4257   1.236E+03    36     0    342
3d6(5D)5p_6Po[7/2]           8.0     189390.5150     2.4226   1.237E+03    36     0    343
3d6(5D)5p_6Fo[7/2]           8.0     189632.6080     2.4153   1.241E+03    36     0    344
3d6(5D)5p_6Fo[5/2]           6.0     189795.9220     2.4105   1.244E+03    36     0    345
3d6(5D)5p_6Fo[3/2]           4.0     189956.2320     2.4056   1.246E+03    36     0    346
3d6(5D)5p_6Fo[1/2]           2.0     190039.3100     2.4032   1.247E+03    36     0    347
3d6(5D)5p_6Po[5/2]           6.0     190104.8540     2.4012   1.249E+03    36     0    348
3d6(5D)5p_4Do[7/2]           8.0     190118.8680     2.4008   1.249E+03    34     0    349
3d6(5D)5p_4Fo[9/2]          10.0     190208.6540     2.3981   1.250E+03    34     0    350
3d6(5D)5p_6Po[3/2]           4.0     190510.8980     2.3890   1.255E+03    36     0    351
3d6(5D)5p_4Do[5/2]           6.0     190606.1340     2.3862   1.256E+03    34     0    352
3d6(5D)5p_4Fo[7/2]           8.0     190864.7190     2.3784   1.260E+03    34     0    353
3d6(5D)5p_4Do[3/2]           4.0     191022.0660     2.3737   1.263E+03    34     0    354
3d6(5D)5p_4Fo[5/2]           6.0     191268.6970     2.3663   1.267E+03    34     0    355
3d6(5D)5p_4Do[1/2]           2.0     191280.1610     2.3660   1.267E+03    34     0    356
3d6(1D)4p_2Dbo[3/2]          4.0     191341.2790     2.3641   1.268E+03    37     0    357
3d6(5D)5p_4Po[5/2]           6.0     191393.8430     2.3625   1.269E+03    34     0    358
3d6(5D)5p_4Fo[3/2]           4.0     191564.9700     2.3574   1.272E+03    34     0    359
3d6(1D)4p_2Dbo[5/2]          6.0     191605.1150     2.3562   1.272E+03    37     0    360
3d6(5D)5p_4Po[3/2]           4.0     191970.3020     2.3453   1.278E+03    34     0    361
3d5(2F)s2_2Fbe[5/2]          6.0     191983.1080     2.3449   1.278E+03    35     0    362
3d5(2F)s2_2Fbe[7/2]          8.0     192000.7110     2.3444   1.279E+03    35     0    363
3d6(5D)5p_4Po[1/2]           2.0     192295.1850     2.3355   1.284E+03    34     0    364
3d6(3P)4d_4Pe[1/2]           2.0     192833.0420     2.3194   1.293E+03    38     0    365
3d6(3P)4d_4Pe[3/2]           4.0     192894.0750     2.3176   1.294E+03    38     0    366
3d6(3P)4d_4De[5/2]           6.0     193057.5370     2.3127   1.296E+03    33     0    367
3d6(3H)4d_2Fe[7/2]           8.0     193146.1470     2.3100   1.298E+03    35     0    368
3d6(3P)4d_4Fe[9/2]          10.0     193272.2390     2.3062   1.300E+03    39     0    369
3d6(3P)4d_4De[7/2]           8.0     193300.7480     2.3054   1.300E+03    33     0    370
3d6(3H)4d_4Ge[11/2]         12.0     193547.8640     2.2980   1.305E+03    33     0    371
3d6(3H)4d_4Ke[17/2]         18.0     193583.5150     2.2969   1.305E+03    33     0    372
3d6(3H)4d_4Ke[15/2]         16.0     193634.8490     2.2954   1.306E+03    33     0    373
3d6(3H)4d_4He[13/2]         14.0     193677.0550     2.2941   1.307E+03    33     0    374
3d6(3H)4d_4Ge[9/2]          10.0     193730.5110     2.2925   1.308E+03    33     0    375
3d6(3H)4d_4Ke[13/2]         14.0     193775.8840     2.2911   1.308E+03    33     0    376
3d6(3H)4d_4He[11/2]         12.0     193826.9580     2.2896   1.309E+03    33     0    377
3d6(3H)4d_2Fe[5/2]           6.0     193865.9180     2.2884   1.310E+03    35     0    378
3d6(3H)4d_4Ge[7/2]           8.0     193902.6050     2.2873   1.311E+03    33     0    379
3d6(3H)4d_4Ke[11/2]         12.0     193918.1600     2.2869   1.311E+03    33     0    380
3d6(3H)4d_4He[9/2]          10.0     194000.6490     2.2844   1.312E+03    33     0    381
3d6(3H)4d_4Ie[15/2]         16.0     194093.9730     2.2816   1.314E+03    33     0    382
3d6(3H)4d_4He[7/2]           8.0     194138.2930     2.2803   1.315E+03    33     0    383
3d6(3H)4d_4Ge[5/2]           6.0     194153.8310     2.2798   1.315E+03    33     0    384
3d6(3P)5s_4Pe[5/2]           6.0     194249.3000     2.2769   1.317E+03    38     0    385
3d6(3P)4d_4De[3/2]           4.0     194263.6210     2.2765   1.317E+03    33     0    386
3d6(3H)4d_4Ie[13/2]         14.0     194270.4910     2.2763   1.317E+03    33     0    387
3d6(3H)4d_4Ie[9/2]          10.0     194299.3690     2.2754   1.318E+03    33     0    388
3d6(3H)4d_4Ie[11/2]         12.0     194337.3230     2.2743   1.318E+03    33     0    389
3d6(3H)4d_4Fe[7/2]           8.0     194353.7900     2.2738   1.318E+03    33     0    390
3d6(3P)4d_4De[1/2]           2.0     194389.2120     2.2728   1.319E+03    33     0    391
3d6(3H)4d_2Fbe[5/2]          6.0     194430.2080     2.2715   1.320E+03    35     0    392
3d6(3H)4d_2Ke[15/2]         16.0     194544.5530     2.2681   1.322E+03    35     0    393
3d6(3H)5s_4He[13/2]         14.0     194754.7350     2.2618   1.325E+03    33     0    394
3d6(3H)5s_4Hbe[13/2]        14.0     194849.9860     2.2589   1.327E+03    33     0    395
3d6(3H)4d_4Fe[3/2]           4.0     194891.9920     2.2577   1.328E+03    33     0    396
3d6(3H)4d_4Fe[5/2]           6.0     194962.5670     2.2556   1.329E+03    33     0    397
3d6(3H)5s_4He[11/2]         12.0     194993.4560     2.2546   1.330E+03    33     0    398
3d6(3P)5s_2Pe[3/2]           4.0     195008.8650     2.2542   1.330E+03    35     0    399
3d6(3F)4d_4De[7/2]           8.0     195128.5700     2.2506   1.332E+03    33     0    400
3d6(3H)5s_4He[9/2]          10.0     195163.1210     2.2495   1.333E+03    33     0    401
3d6(3H)5s_4He[7/2]           8.0     195291.9290     2.2457   1.335E+03    33     0    402
3d6(3F)4d_4Ge[11/2]         12.0     195326.6220     2.2446   1.336E+03    33     0    403
3d6(3F)4d_4Fe[9/2]          10.0     195412.2150     2.2421   1.337E+03    33     0    404
3d6(3P)4d_2De[5/2]           6.0     195422.9110     2.2418   1.337E+03    35     0    405
3d6(1D)4p_2Fo[5/2]           6.0     195448.1000     2.2410   1.338E+03    37     0    406
3d6(3F)4d_4Ge[9/2]          10.0     195599.2820     2.2365   1.340E+03    33     0    407
3d6(3H)4d_2Ie[13/2]         14.0     195618.4160     2.2359   1.341E+03    35     0    408
3d6(3F)4d_4Dbe[7/2]          8.0     195620.9330     2.2358   1.341E+03    40     0    409
3d6(3F)4d_4De[5/2]           6.0     195717.7180     2.2329   1.343E+03    33     0    410
3d6(3P)4d_2De[3/2]           4.0     195742.1350     2.2322   1.343E+03    35     0    411
3d6(3H)5s_2He[11/2]         12.0     195770.6650     2.2313   1.344E+03    35     0    412
3d6(3F)4d_4Ge[7/2]           8.0     195838.1580     2.2293   1.345E+03    33     0    413
3d6(3P)4d_2Pe[1/2]           2.0     195847.1930     2.2290   1.345E+03    35     0    414
3d6(3H)4d_2Ie[11/2]         12.0     195874.2390     2.2282   1.345E+03    35     0    415
3d6(3H)4d_2Ge[9/2]          10.0     195898.9690     2.2275   1.346E+03    35     0    416
3d6(3F)4d_4He[13/2]         14.0     195918.6580     2.2269   1.346E+03    41     0    417
3d6(3F)4d_4De[3/2]           4.0     195931.2990     2.2265   1.346E+03    33     0    418
3d6(3F)4d_4Fe[7/2]           8.0     195966.8920     2.2255   1.347E+03    33     0    419
3d6(3F)4d_4De[1/2]           2.0     196065.9640     2.2225   1.349E+03    33     0    420
3d6(3F)4d_4Ge[5/2]           6.0     196071.7410     2.2223   1.349E+03    33     0    421
3d6(3H)5s_2He[9/2]          10.0     196071.9410     2.2223   1.349E+03    35     0    422
3d6(3F)4d_4He[11/2]         12.0     196073.5740     2.2223   1.349E+03    41     0    423
3d6(1D)4p_2Fo[7/2]           8.0     196165.3790     2.2195   1.351E+03    37     0    424
3d6(3F)4d_4Fe[5/2]           6.0     196170.3110     2.2194   1.351E+03    33     0    425
3d6(3F)4d_4He[9/2]          10.0     196193.3110     2.2187   1.351E+03    41     0    426
3d6(3H)4d_2Ge[7/2]           8.0     196200.9300     2.2184   1.351E+03    35     0    427
3d6(3F)4d_4Fe[3/2]           4.0     196255.2680     2.2168   1.352E+03    33     0    428
3d6(3H)4d_2Gbe[7/2]          8.0     196259.3460     2.2167   1.352E+03    35     0    429
3d6(3P)5s_4Pe[3/2]           4.0     196408.0620     2.2122   1.355E+03    38     0    430
3d6(3P)5s_4Pe[1/2]           2.0     196467.7690     2.2104   1.356E+03    38     0    431
3d6(3F)5s_4Fe[9/2]          10.0     196541.2410     2.2082   1.358E+03    38     0    432
3d6(3F)4d_2Fe[5/2]           6.0     196583.8770     2.2070   1.358E+03    35     0    433
3d6(3F)4d_2Pe[3/2]           4.0     196644.7650     2.2051   1.360E+03    42     0    434
3d6(3F)5s_4Fe[7/2]           8.0     196700.5560     2.2035   1.361E+03    38     0    435
3d6(1D)4p_2Pbo[3/2]          4.0     196793.5900     2.2007   1.362E+03    37     0    436
3d6(3F)4d_2Fe[7/2]           8.0     196848.2820     2.1990   1.363E+03    35     0    437
3d6(3F)5s_4Fe[5/2]           6.0     196889.5200     2.1978   1.364E+03    38     0    438
3d5(6S)4s4p_6Pbo[7/2]        8.0     196895.3550     2.1976   1.364E+03    36     0    439
3d5(6S)4s4p_6Pbo[5/2]        6.0     196912.7040     2.1971   1.364E+03    36     0    440
3d5(6S)4s4p_6Pbo[3/2]        4.0     196914.0430     2.1971   1.365E+03    36     0    441
3d6(3F)5s_4Fe[3/2]           4.0     197039.9070     2.1933   1.367E+03    38     0    442
3d6(3F)4d_2He[11/2]         12.0     197060.5500     2.1927   1.367E+03    35     0    443
3d6(1D)4p_2Pbo[1/2]          2.0     197121.2300     2.1908   1.368E+03    37     0    444
3d6(3F)4d_2He[9/2]          10.0     197208.4200     2.1882   1.370E+03    35     0    445
3d6(3F)4d_4Pe[5/2]           6.0     197415.1630     2.1820   1.374E+03    38     0    446
3d6(3F)4d_2Fbe[5/2]          6.0     197517.8110     2.1790   1.376E+03    35     0    447
3d6(3P)5s_2Pe[1/2]           2.0     197552.7790     2.1779   1.377E+03    35     0    448
3d6(3F)4d_2Hbe[9/2]         10.0     197646.2160     2.1751   1.378E+03    35     0    449
3d6(3H)4d_2He[11/2]         12.0     197662.7290     2.1746   1.379E+03    35     0    450
3d6(3F)4d_4Pe[3/2]           4.0     197729.5320     2.1726   1.380E+03    38     0    451
3d6(3F)5s_2Fe[7/2]           8.0     197751.1790     2.1720   1.380E+03    35     0    452
3d6(3G)4d_4Fe[7/2]           8.0     197899.2110     2.1675   1.383E+03    38     0    453
3d6(3F)4d_4Pe[1/2]           2.0     197963.3840     2.1656   1.384E+03    38     0    454
3d6(3G)4d_4Fe[5/2]           6.0     198013.2680     2.1641   1.385E+03    38     0    455
3d6(3G)4d_4Fe[9/2]          10.0     198039.2810     2.1633   1.386E+03    38     0    456
3d6(3G)4d_4Fe[3/2]           4.0     198053.3980     2.1629   1.386E+03    38     0    457
3d6(3F)5s_2Fe[5/2]           6.0     198179.4670     2.1591   1.388E+03    35     0    458
3d5(4G)4s4p_6Go[5/2]         6.0     198453.6010     2.1509   1.394E+03    36     0    459
3d5(4G)4s4p_6Go[7/2]         8.0     198464.4440     2.1506   1.394E+03    36     0    460
3d6(3F)4d_2Ge[7/2]           8.0     198464.8610     2.1506   1.394E+03    35     0    461
3d5(4G)4s4p_6Go[3/2]         4.0     198469.7580     2.1504   1.394E+03    36     0    462
3d5(4G)4s4p_6Go[9/2]        10.0     198509.8800     2.1492   1.395E+03    36     0    463
3d5(2S)s2_2Se[1/2]           2.0     198527.0240     2.1487   1.395E+03    35     0    464
3d5(4G)4s4p_6Go[11/2]       12.0     198599.1340     2.1465   1.397E+03    36     0    465
3d5(4G)4s4p_6Go[13/2]       14.0     198757.1460     2.1418   1.400E+03    36     0    466
3d6(3H)4d_2He[9/2]          10.0     198839.8810     2.1393   1.401E+03    35     0    467
3d6(3G)4d_4He[13/2]         14.0     198982.7360     2.1350   1.404E+03    38     0    468
3d6(3G)4d_4Ge[11/2]         12.0     199247.5270     2.1271   1.409E+03    38     0    469
3d6(3G)4d_4Ie[15/2]         16.0     199344.2160     2.1242   1.411E+03    38     0    470
3d6(3G)4d_4He[11/2]         12.0     199396.4460     2.1226   1.412E+03    38     0    471
3d5(4G)4s4p_6Ho[5/2]         6.0     199427.9510     2.1217   1.413E+03    36     0    472
3d6(3G)4d_4De[7/2]           8.0     199542.3470     2.1183   1.415E+03    38     0    473
3d6(3G)4d_4He[9/2]          10.0     199580.6960     2.1171   1.416E+03    38     0    474
3d6(3G)4d_4Ie[13/2]         14.0     199620.4830     2.1159   1.417E+03    38     0    475
3d5(4G)4s4p_6Ho[7/2]         8.0     199644.9590     2.1152   1.417E+03    36     0    476
3d6(3G)4d_4Hbe[9/2]         10.0     199686.9870     2.1139   1.418E+03    38     0    477
3d6(3G)4d_4Ge[5/2]           6.0     199712.2260     2.1132   1.419E+03    38     0    478
3d6(3G)4d_4Ge[7/2]           8.0     199760.2970     2.1117   1.420E+03    38     0    479
3d6(3G)4d_4He[7/2]           8.0     199856.1500     2.1089   1.422E+03    38     0    480
3d5(4G)4s4p_6Ho[9/2]        10.0     199879.4270     2.1082   1.422E+03    36     0    481
3d6(3F)4d_2De[3/2]           4.0     199912.4990     2.1072   1.423E+03    42     0    482
3d6(3G)4d_4Ie[11/2]         12.0     199960.1700     2.1057   1.424E+03    38     0    483
3d6(3G)4d_4De[5/2]           6.0     199968.3910     2.1055   1.424E+03    38     0    484
3d6(3G)4d_4De[1/2]           2.0     200025.1140     2.1038   1.425E+03    38     0    485
3d6(3G)5s_4Ge[11/2]         12.0     200086.3130     2.1020   1.426E+03    38     0    486
3d5(4G)4s4p_6Ho[11/2]       12.0     200119.1350     2.1010   1.427E+03    36     0    487
3d6(3G)4d_4De[3/2]           4.0     200125.8120     2.1008   1.427E+03    38     0    488
3d6(3G)4d_4Ie[9/2]          10.0     200166.1330     2.0996   1.428E+03    38     0    489
3d6(3F)4d_2De[5/2]           6.0     200247.6910     2.0971   1.430E+03    42     0    490
3d5(4G)4s4p_6Ho[13/2]       14.0     200355.0340     2.0939   1.432E+03    36     0    491
3d6(3G)5s_4Ge[9/2]          10.0     200425.6830     2.0918   1.433E+03    38     0    492
3d5(4G)4s4p_6Ho[15/2]       16.0     200537.6350     2.0884   1.435E+03    36     0    493
3d6(3G)4d_2Ie[13/2]         14.0     200665.1660     2.0846   1.438E+03    42     0    494
3d6(3G)5s_4Ge[7/2]           8.0     200738.2650     2.0824   1.440E+03    38     0    495
3d6(3G)5s_4Ge[5/2]           6.0     200902.2240     2.0775   1.443E+03    38     0    496
3d5(4G)4s4p_6Fo[11/2]       12.0     201221.5700     2.0679   1.450E+03    36     0    497
3d6(3G)4d_2Ie[11/2]         12.0     201252.8220     2.0670   1.450E+03    42     0    498
3d5(4P)4s4p_6Do[1/2]         2.0     201304.2990     2.0654   1.451E+03    36     0    499
3d5(4P)4s4p_6Do[3/2]         4.0     201333.9620     2.0646   1.452E+03    36     0    500
3d6(3G)5s_2Ge[9/2]          10.0     201346.5750     2.0642   1.452E+03    42     0    501
3d5(4P)4s4p_6Do[5/2]         6.0     201402.7540     2.0625   1.454E+03    36     0    502
3d6(3F)4d_2Pe[1/2]           2.0     201426.6170     2.0618   1.454E+03    42     0    503
3d5(4G)4s4p_6Fo[9/2]        10.0     201431.1080     2.0616   1.454E+03    36     0    504
3d5(4G)4s4p_6Fo[7/2]         8.0     201480.2320     2.0602   1.455E+03    36     0    505
3d6(3G)4d_2Ge[9/2]          10.0     201704.5680     2.0534   1.460E+03    42     0    506
3d6(3G)5s_2Ge[7/2]           8.0     201778.4510     2.0512   1.462E+03    42     0    507
3d6(3G)5s_2Gbe[7/2]          8.0     201928.7850     2.0467   1.465E+03    42     0    508
3d5(4G)4s4p_6Fo[1/2]         2.0     201992.1170     2.0448   1.466E+03    36     0    509
3d5(4G)4s4p_6Fo[3/2]         4.0     202013.7500     2.0442   1.467E+03    36     0    510
3d5(4G)4s4p_6Fo[5/2]         6.0     202036.6150     2.0435   1.467E+03    36     0    511
3d6(3G)4d_2He[11/2]         12.0     202067.5480     2.0426   1.468E+03    42     0    512
3d6(3G)4d_2He[9/2]          10.0     202156.0160     2.0399   1.470E+03    42     0    513
3d5(4P)4s4p_6So[5/2]         6.0     202181.1270     2.0392   1.470E+03    36     0    514
3d5(4P)4s4p_6Do[7/2]         8.0     202232.4430     2.0376   1.471E+03    36     0    515
3d6(3F)4d_2Pbe[3/2]          4.0     202375.6100     2.0333   1.474E+03    43     0    516
3d6(3G)4d_2De[5/2]           6.0     202433.1460     2.0316   1.476E+03    42     0    517
3d5(4P)4s4p_6Do[9/2]        10.0     202862.5450     2.0187   1.485E+03    36     0    518
3d6(3G)4d_2De[3/2]           4.0     203022.1070     2.0139   1.489E+03    42     0    519
3d6(3G)4d_2Fe[5/2]           6.0     203832.6050     1.9896   1.507E+03    42     0    520
3d6(3G)4d_2Fe[7/2]           8.0     203861.8990     1.9888   1.507E+03    42     0    521
3d5(4P)4s4p_6Po[7/2]         8.0     204005.4520     1.9845   1.511E+03    36     0    522
3d5(4P)4s4p_6Po[5/2]         6.0     204272.9340     1.9764   1.517E+03    36     0    523
3d5(4P)4s4p_6Po[3/2]         4.0     204323.7890     1.9749   1.518E+03    36     0    524
3d6(3G)4d_4Fbe[9/2]         10.0     204884.6840     1.9581   1.531E+03    38     0    525
3d6(3G)4d_4Fbe[7/2]          8.0     205220.7930     1.9480   1.539E+03    38     0    526
3d6(3D)4d_4Fe[5/2]           6.0     205389.3490     1.9430   1.543E+03    38     0    527
3d6(3D)4d_4Fe[3/2]           4.0     205479.3180     1.9403   1.545E+03    38     0    528
3d6(1I)4d_2Le[15/2]         16.0     205640.4040     1.9354   1.549E+03    42     0    529
3d6(1I)4d_2Le[17/2]         18.0     205734.0790     1.9326   1.551E+03    42     0    530
3d6(1G)4d_2He[9/2]          10.0     205994.3740     1.9248   1.557E+03    42     0    531
3d6(1G)4d_2He[11/2]         12.0     206074.9120     1.9224   1.559E+03    42     0    532
3d6(3D)4d_4Se[3/2]           4.0     206214.1180     1.9182   1.563E+03    38     0    533
3d5(4D)4s4p_6Fo[1/2]         2.0     206262.4910     1.9168   1.564E+03    44     0    534
3d6(1G)4d_2Ie[11/2]         12.0     206335.7680     1.9146   1.566E+03    42     0    535
3d6(1G)4d_2Ie[13/2]         14.0     206395.6800     1.9128   1.567E+03    42     0    536
3d5(4D)4s4p_6Fo[3/2]         4.0     206397.6340     1.9127   1.567E+03    44     0    537
3d6(1I)4d_2Ge[7/2]           8.0     206433.4830     1.9117   1.568E+03    42     0    538
3d6(1I)4d_2Ge[9/2]          10.0     206435.5610     1.9116   1.568E+03    42     0    539
3d6(3D)4d_4Ge[5/2]           6.0     206548.9320     1.9082   1.571E+03    38     0    540
3d5(4G)4s4p_4Ho[7/2]         8.0     206583.6740     1.9072   1.572E+03    45     0    541
3d6(3D)4d_4Ge[7/2]           8.0     206593.7440     1.9069   1.572E+03    38     0    542
3d5(4D)4s4p_6Fo[5/2]         6.0     206602.5060     1.9066   1.572E+03    44     0    543
3d6(1G)4d_2Fe[5/2]           6.0     206620.4570     1.9061   1.573E+03    42     0    544
3d5(4G)4s4p_4Ho[9/2]        10.0     206665.0090     1.9047   1.574E+03    45     0    545
3d6(3D)4d_4Ge[9/2]          10.0     206692.3040     1.9039   1.575E+03    38     0    546
3d6(1G)4d_2Fe[7/2]           8.0     206715.7330     1.9032   1.575E+03    42     0    547
3d6(3D)4d_4De[3/2]           4.0     206755.9240     1.9020   1.576E+03    38     0    548
3d6(3D)4d_4De[1/2]           2.0     206759.8440     1.9019   1.576E+03    38     0    549
3d5(4G)4s4p_4Ho[11/2]       12.0     206769.0070     1.9016   1.577E+03    45     0    550
3d6(3D)4d_4De[5/2]           6.0     206816.2880     1.9002   1.578E+03    38     0    551
3d5(4D)4s4p_6Fo[7/2]         8.0     206834.4070     1.8997   1.578E+03    44     0    552
3d6(3D)4d_4Ge[11/2]         12.0     206835.0490     1.8996   1.578E+03    38     0    553
3d5(2D)s2_2Dbe[3/2]          4.0     206841.0380     1.8995   1.578E+03    42     0    554
3d6(3D)4d_4De[7/2]           8.0     206897.9110     1.8977   1.580E+03    38     0    555
3d5(2D)s2_2Dbe[5/2]          6.0     206906.8380     1.8975   1.580E+03    42     0    556
3d5(4G)4s4p_4Ho[13/2]       14.0     206933.6980     1.8967   1.581E+03    45     0    557
3d5(4D)4s4p_6Fo[9/2]        10.0     207013.1020     1.8943   1.583E+03    44     0    558
3d6(1I)4d_2Ke[13/2]         14.0     207040.2900     1.8935   1.583E+03    42     0    559
3d6(1I)4d_2Ke[15/2]         16.0     207090.6570     1.8920   1.585E+03    42     0    560
3d6(5D)4f_6Fo[11/2]         12.0     207107.1790     1.8915   1.585E+03    44     0    561
3d6(1G)5s_2Ge[7/2]           8.0     207217.7970     1.8882   1.588E+03    42     0    562
3d6(1G)5s_2Ge[9/2]          10.0     207221.2940     1.8881   1.588E+03    42     0    563
3d5(4G)4s4p_4Fo[9/2]        10.0     207256.3180     1.8870   1.589E+03    45     0    564
3d6(5D)4f_6Go[13/2]         14.0     207310.8020     1.8854   1.590E+03    44     0    565
3d5(4G)4s4p_4Fo[7/2]         8.0     207319.9440     1.8851   1.590E+03    45     0    566
3d6(3D)5s_4De[1/2]           2.0     207383.9900     1.8832   1.592E+03    38     0    567
3d5(4G)4s4p_4Fo[5/2]         6.0     207387.8130     1.8831   1.592E+03    45     0    568
3d6(3D)5s_4De[3/2]           4.0     207391.4620     1.8830   1.592E+03    38     0    569
3d6(1I)5s_2Ie[11/2]         12.0     207434.0600     1.8817   1.593E+03    42     0    570
3d6(3D)5s_4De[5/2]           6.0     207435.6160     1.8816   1.593E+03    38     0    571
3d6(1I)5s_2Ie[13/2]         14.0     207444.0370     1.8814   1.593E+03    42     0    572
3d6(3D)4d_2Pe[3/2]           4.0     207455.6990     1.8810   1.594E+03    42     0    573
3d5(4G)4s4p_4Fo[3/2]         4.0     207465.1080     1.8807   1.594E+03    45     0    574
3d6(5D)4f_6Go[11/2]         12.0     207504.6030     1.8796   1.595E+03    44     0    575
3d6(5D)4f_4Fo[9/2]          10.0     207504.8890     1.8796   1.595E+03    45     0    576
3d6(5D)4f_6Fo[7/2]           8.0     207533.9480     1.8787   1.596E+03    44     0    577
3d5(4D)4s4p_6Fbo[9/2]       10.0     207563.1420     1.8778   1.597E+03    44     0    578
3d6(3D)5s_4De[7/2]           8.0     207588.6800     1.8770   1.597E+03    38     0    579
3d6(5D)4f_4Fo[7/2]           8.0     207613.9110     1.8763   1.598E+03    45     0    580
3d6(3D)4d_4Fe[9/2]          10.0     207615.8240     1.8762   1.598E+03    38     0    581
3d6(5D)4f_6Fo[5/2]           6.0     207622.2100     1.8760   1.598E+03    44     0    582
3d6(5D)4f_4Go[11/2]         12.0     207671.8380     1.8745   1.599E+03    45     0    583
3d6(1I)4d_2Ie[11/2]         12.0     207684.7920     1.8742   1.600E+03    42     0    584
3d6(3D)4d_2Ge[9/2]          10.0     207695.7240     1.8738   1.600E+03    42     0    585
3d6(3D)4d_2Ge[7/2]           8.0     207728.8230     1.8728   1.601E+03    42     0    586
3d6(1I)4d_2Ie[13/2]         14.0     207736.9830     1.8726   1.601E+03    42     0    587
3d6(5D)4f_6Ho[15/2]         16.0     207744.3580     1.8724   1.601E+03    44     0    588
3d6(5D)4f_6Do[3/2]           4.0     207767.4020     1.8717   1.602E+03    44     0    589
3d6(5D)4f_4Fo[5/2]           6.0     207768.7900     1.8716   1.602E+03    45     0    590
3d6(3D)4d_4Fe[7/2]           8.0     207774.0770     1.8715   1.602E+03    38     0    591
3d6(5D)4f_4Ho[13/2]         14.0     207871.3970     1.8686   1.604E+03    45     0    592
3d6(3D)4d_4Fbe[5/2]          6.0     207911.2600     1.8674   1.605E+03    38     0    593
3d6(5D)4f_6Do[1/2]           2.0     207945.4360     1.8663   1.606E+03    44     0    594
3d6(3D)4d_2Pe[1/2]           2.0     207958.9790     1.8659   1.607E+03    42     0    595
3d6(5D)4f_4Do[3/2]           4.0     207972.8900     1.8655   1.607E+03    45     0    596
3d6(3D)4d_4Fbe[3/2]          4.0     208031.0870     1.8638   1.609E+03    38     0    597
3d6(5D)4f_6Go[9/2]          10.0     208055.7520     1.8630   1.609E+03    44     0    598
3d6(5D)4f_6Go[7/2]           8.0     208080.8230     1.8623   1.610E+03    44     0    599
3d6(1G)4d_2De[5/2]           6.0     208080.9960     1.8623   1.610E+03    42     0    600
3d6(5D)4f_6Go[5/2]           6.0     208146.0200     1.8603   1.612E+03    44     0    601
3d6(3D)5s_2De[3/2]           4.0     208177.9490     1.8594   1.612E+03    42     0    602
3d6(5D)4f_6Fbo[11/2]        12.0     208196.6730     1.8588   1.613E+03    44     0    603
3d6(5D)4f_6Go[3/2]           4.0     208211.2620     1.8584   1.613E+03    44     0    604
3d6(5D)4f_4Go[9/2]          10.0     208231.7420     1.8578   1.614E+03    45     0    605
3d5(4D)4s4p_6Do[5/2]         6.0     208276.4490     1.8564   1.615E+03    44     0    606
3d5(4D)4s4p_6Do[7/2]         8.0     208285.9280     1.8561   1.615E+03    44     0    607
3d6(5D)4f_4Do[1/2]           2.0     208290.1850     1.8560   1.615E+03    45     0    608
3d6(5D)4f_6Ho[13/2]         14.0     208298.0540     1.8558   1.615E+03    44     0    609
3d5(4D)4s4p_6Do[3/2]         4.0     208298.3370     1.8558   1.615E+03    44     0    610
3d6(5D)4f_4Po[1/2]           2.0     208343.5000     1.8544   1.617E+03    45     0    611
3d6(5D)4f_4Ho[11/2]         12.0     208347.4450     1.8543   1.617E+03    45     0    612
3d6(5D)4f_4Go[5/2]           6.0     208357.0290     1.8540   1.617E+03    45     0    613
3d5(4D)4s4p_6Dbo[7/2]        8.0     208360.8480     1.8539   1.617E+03    44     0    614
3d6(5D)4f_4Fo[3/2]           4.0     208385.8840     1.8531   1.618E+03    45     0    615
3d5(4D)4s4p_6Do[9/2]        10.0     208388.6940     1.8531   1.618E+03    44     0    616
3d6(3D)4d_2Se[1/2]           2.0     208420.2190     1.8521   1.619E+03    42     0    617
3d5(4D)4s4p_6Do[1/2]         2.0     208420.3180     1.8521   1.619E+03    44     0    618
3d6(5D)4f_6Gbo[3/2]          4.0     208582.3180     1.8473   1.623E+03    44     0    619
3d5(4G)4s4p_4Go[5/2]         6.0     208603.9150     1.8466   1.623E+03    45     0    620
3d5(4G)4s4p_4Gbo[5/2]        6.0     208655.7090     1.8451   1.625E+03    45     0    621
3d6(3D)5s_2De[5/2]           6.0     208665.9790     1.8447   1.625E+03    42     0    622
3d6(5D)4f_6Fbo[7/2]          8.0     208669.2240     1.8446   1.625E+03    44     0    623
3d6(5D)4f_6Ho[11/2]         12.0     208682.9960     1.8442   1.626E+03    44     0    624
3d6(5D)4f_6Do[9/2]          10.0     208691.8760     1.8440   1.626E+03    44     0    625
3d6(5D)4f_6Ho[9/2]          10.0     208708.0010     1.8435   1.626E+03    44     0    626
3d6(5D)4f_6Po[3/2]           4.0     208708.8430     1.8435   1.626E+03    44     0    627
3d6(5D)4f_4Dbo[1/2]          2.0     208740.2810     1.8425   1.627E+03    45     0    628
3d6(3D)4d_2De[3/2]           4.0     208755.2750     1.8421   1.627E+03    42     0    629
3d6(5D)4f_4Do[7/2]           8.0     208776.6340     1.8414   1.628E+03    45     0    630
3d6(5D)4f_4Gbo[5/2]          6.0     208807.8870     1.8405   1.629E+03    45     0    631
3d5(4G)4s4p_4Go[7/2]         8.0     208841.9230     1.8395   1.630E+03    45     0    632
3d6(5D)4f_6Hbo[9/2]         10.0     208914.4590     1.8373   1.632E+03    44     0    633
3d6(5D)4f_6Ho[7/2]           8.0     208972.1680     1.8356   1.633E+03    44     0    634
3d6(5D)4f_6Po[5/2]           6.0     209011.1150     1.8344   1.634E+03    44     0    635
3d6(5D)4f_4Po[3/2]           4.0     209061.3510     1.8329   1.636E+03    45     0    636
3d5(4G)4s4p_4Go[9/2]        10.0     209070.4770     1.8326   1.636E+03    45     0    637
3d5(4G)4s4p_4Go[11/2]       12.0     209090.0110     1.8320   1.636E+03    45     0    638
3d6(5D)4f_6Ho[5/2]           6.0     209099.5000     1.8317   1.637E+03    44     0    639
3d5(4P)4s4p_4Po[5/2]         6.0     209123.6240     1.8310   1.637E+03    45     0    640
3d6(5D)4f_4Ho[7/2]           8.0     209168.4960     1.8297   1.638E+03    45     0    641
3d6(5D)4f_6Po[7/2]           8.0     209291.9100     1.8260   1.642E+03    44     0    642
3d5(4D)4s4p_6Po[3/2]         4.0     209335.1240     1.8247   1.643E+03    44     0    643
3d6(5D)4f_4Po[5/2]           6.0     209399.3980     1.8228   1.645E+03    45     0    644
3d6(3D)4d_4Pe[1/2]           2.0     209479.3950     1.8204   1.647E+03    38     0    645
3d6(3D)4d_4Pe[3/2]           4.0     209506.5530     1.8195   1.648E+03    38     0    646
3d6(3D)4d_4Pe[5/2]           6.0     209560.8310     1.8179   1.649E+03    38     0    647
3d6(3D)4d_4Pbe[3/2]          4.0     209568.8150     1.8177   1.649E+03    38     0    648
3d5(4D)4s4p_6Dbo[3/2]        4.0     209612.1780     1.8164   1.650E+03    44     0    649
3d5(4D)4s4p_6Po[5/2]         6.0     209767.2230     1.8117   1.655E+03    44     0    650
3d6(1S)4d_2De[5/2]           6.0     209794.4780     1.8109   1.655E+03    42     0    651
3d5(4P)4s4p_4Po[1/2]         2.0     209831.3160     1.8098   1.656E+03    45     0    652
3d5(4D)4s4p_6Po[7/2]         8.0     209912.5090     1.8074   1.659E+03    44     0    653
3d5(4P)4s4p_4Do[1/2]         2.0     210581.0350     1.7873   1.677E+03    45     0    654
3d5(4P)4s4p_4Do[3/2]         4.0     210733.3950     1.7828   1.682E+03    45     0    655
3d6(3D)4d_2Fe[7/2]           8.0     210929.3860     1.7769   1.687E+03    42     0    656
3d5(4P)4s4p_4Do[5/2]         6.0     210941.4250     1.7765   1.688E+03    45     0    657
3d6(3D)4d_2Fe[5/2]           6.0     211101.4910     1.7717   1.692E+03    42     0    658
3d5(4G)4s4p_2Fo[5/2]         6.0     211243.3350     1.7675   1.696E+03    46     0    659
3d5(4G)4s4p_2Ho[11/2]       12.0     211244.4950     1.7674   1.696E+03    46     0    660
3d5(4P)4s4p_4Do[7/2]         8.0     211287.4830     1.7662   1.697E+03    45     0    661
3d5(4G)4s4p_2Fo[7/2]         8.0     211429.9710     1.7619   1.702E+03    46     0    662
3d6(3P)5p_4So[3/2]           4.0     211444.9750     1.7614   1.702E+03    45     0    663
3d5(4G)4s4p_2Ho[9/2]        10.0     211500.5430     1.7598   1.704E+03    46     0    664
3d6(1S)5s_2Se[1/2]           2.0     211511.8270     1.7594   1.704E+03    42     0    665
3d6(3P)5p_4Po[5/2]           6.0     211755.6960     1.7521   1.711E+03    45     0    666
3d6(3P)5p_4Do[7/2]           8.0     212092.5810     1.7420   1.721E+03    45     0    667
3d6(3P)5p_2Do[5/2]           6.0     212232.7300     1.7378   1.725E+03    46     0    668
3d5(4P)4s4p_2Po[3/2]         4.0     212242.8320     1.7375   1.725E+03    46     0    669
3d6(5D)5d_6Fe[11/2]         12.0     212514.2120     1.7294   1.734E+03    47     0    670
3d6(3H)5p_4Io[13/2]         14.0     212542.9410     1.7285   1.734E+03    45     0    671
3d6(5D)5d_6Fe[9/2]          10.0     212593.0610     1.7270   1.736E+03    47     0    672
3d6(3H)5p_4Go[11/2]         12.0     212600.7650     1.7268   1.736E+03    45     0    673
3d6(3H)5p_4Io[11/2]         12.0     212701.5580     1.7238   1.739E+03    45     0    674
3d6(3P)5p_4Po[1/2]           2.0     212756.3330     1.7221   1.741E+03    45     0    675
3d6(5D)5d_6Fe[7/2]           8.0     212756.4400     1.7221   1.741E+03    47     0    676
3d6(3H)5p_4Io[15/2]         16.0     212764.1910     1.7219   1.741E+03    45     0    677
3d6(3H)5p_4Io[9/2]          10.0     212825.1000     1.7201   1.743E+03    45     0    678
3d6(3P)5p_4Do[3/2]           4.0     212836.7470     1.7197   1.743E+03    45     0    679
3d6(1D)4d_2Ge[7/2]           8.0     212850.0230     1.7193   1.744E+03    42     0    680
3d6(3H)5p_4Go[9/2]          10.0     212903.1220     1.7177   1.745E+03    45     0    681
3d6(5D)5d_6Fe[5/2]           6.0     212996.9280     1.7149   1.748E+03    47     0    682
3d6(3H)5p_4Ho[13/2]         14.0     213020.9930     1.7142   1.749E+03    45     0    683
3d6(3H)5p_4Ho[7/2]           8.0     213063.1970     1.7129   1.750E+03    45     0    684
3d5(4P)4s4p_2Po[1/2]         2.0     213063.4440     1.7129   1.750E+03    46     0    685
3d6(5D)6s_6De[9/2]          10.0     213105.7270     1.7116   1.751E+03    47     0    686
3d6(1D)4d_2Ge[9/2]          10.0     213162.6800     1.7099   1.753E+03    42     0    687
3d6(3H)5p_4Ho[9/2]          10.0     213167.4640     1.7098   1.753E+03    45     0    688
3d6(3H)5p_4Go[7/2]           8.0     213172.2490     1.7096   1.754E+03    45     0    689
3d6(3H)5p_4Ho[11/2]         12.0     213182.0650     1.7094   1.754E+03    45     0    690
3d6(5D)5d_6Ge[13/2]         14.0     213259.1810     1.7070   1.756E+03    47     0    691
3d6(5D)5d_6Fbe[7/2]          8.0     213300.9600     1.7058   1.757E+03    47     0    692
3d6(5D)5d_6Fe[3/2]           4.0     213303.7750     1.7057   1.758E+03    47     0    693
3d6(3H)5p_4Go[5/2]           6.0     213359.8170     1.7040   1.759E+03    45     0    694
3d6(3H)5p_2Io[13/2]         14.0     213373.1880     1.7036   1.760E+03    46     0    695
3d6(5D)5d_6Fbe[5/2]          6.0     213419.0990     1.7022   1.761E+03    47     0    696
3d6(1D)4d_2Se[1/2]           2.0     213446.2910     1.7014   1.762E+03    42     0    697
3d5(4P)4s4p_4So[3/2]         4.0     213457.9270     1.7011   1.762E+03    45     0    698
3d6(5D)5d_6De[9/2]          10.0     213482.1470     1.7004   1.763E+03    47     0    699
3d6(3H)5p_2Go[9/2]          10.0     213498.7090     1.6999   1.764E+03    46     0    700
3d6(5D)5d_6Fe[1/2]           2.0     213527.4660     1.6990   1.765E+03    47     0    701
3d6(5D)5d_6Ge[11/2]         12.0     213623.1070     1.6961   1.768E+03    47     0    702
3d6(5D)6s_6De[7/2]           8.0     213633.3520     1.6958   1.768E+03    47     0    703
3d6(5D)5d_6Pe[3/2]           4.0     213672.2970     1.6947   1.769E+03    47     0    704
3d6(3H)5p_2Io[11/2]         12.0     213701.0390     1.6938   1.770E+03    46     0    705
3d6(3H)5p_2Go[7/2]           8.0     213776.8650     1.6915   1.772E+03    46     0    706
3d6(3P)5p_4Do[5/2]           6.0     213857.8540     1.6891   1.775E+03    45     0    707
3d6(5D)5d_6De[1/2]           2.0     213875.1990     1.6886   1.775E+03    47     0    708
3d6(5D)6s_6De[5/2]           6.0     213931.5490     1.6869   1.777E+03    47     0    709
3d6(5D)5d_6De[7/2]           8.0     213940.9140     1.6866   1.777E+03    47     0    710
3d6(3P)5p_2Do[3/2]           4.0     213950.6010     1.6863   1.778E+03    46     0    711
3d6(1D)4d_2De[3/2]           4.0     213954.4870     1.6862   1.778E+03    42     0    712
3d5(4D)4s4p_4Fo[3/2]         4.0     213973.2080     1.6856   1.779E+03    45     0    713
3d6(3P)5p_2So[1/2]           2.0     213985.2050     1.6853   1.779E+03    46     0    714
3d6(5D)5d_6Ge[9/2]          10.0     213986.4820     1.6852   1.779E+03    47     0    715
3d6(3F)5p_4Fo[7/2]           8.0     214044.5520     1.6835   1.781E+03    45     0    716
3d6(3F)5p_4Fo[9/2]          10.0     214045.4770     1.6835   1.781E+03    45     0    717
3d5(4D)4s4p_4Fbo[3/2]        4.0     214088.5480     1.6822   1.782E+03    45     0    718
3d6(5D)5d_6Pbe[3/2]          4.0     214115.9870     1.6814   1.783E+03    47     0    719
3d6(5D)6s_4De[7/2]           8.0     214124.1240     1.6811   1.783E+03    40     0    720
3d6(3P)5p_4Do[1/2]           2.0     214134.2590     1.6808   1.784E+03    45     0    721
3d6(5D)5d_4Ge[11/2]         12.0     214136.4480     1.6807   1.784E+03    40     0    722
3d5(4D)4s4p_4Do[7/2]         8.0     214163.9280     1.6799   1.785E+03    45     0    723
3d6(3F)5p_4Fo[5/2]           6.0     214184.3980     1.6793   1.785E+03    45     0    724
3d6(5D)6s_6Dbe[5/2]          6.0     214211.7370     1.6785   1.786E+03    47     0    725
3d6(1D)4d_2De[5/2]           6.0     214213.6790     1.6784   1.786E+03    42     0    726
3d6(5D)5d_4De[7/2]           8.0     214228.1900     1.6780   1.787E+03    40     0    727
3d6(5D)5d_6Ge[7/2]           8.0     214271.2920     1.6767   1.788E+03    47     0    728
3d5(4D)4s4p_4Do[5/2]         6.0     214289.0120     1.6762   1.789E+03    45     0    729
3d5(4D)4s4p_4Fo[5/2]         6.0     214410.7420     1.6725   1.792E+03    45     0    730
3d6(5D)5d_6Ge[5/2]           6.0     214444.4940     1.6715   1.794E+03    47     0    731
3d6(1I)4d_2He[11/2]         12.0     214448.2050     1.6714   1.794E+03    42     0    732
3d6(5D)5d_4De[5/2]           6.0     214458.5620     1.6711   1.794E+03    40     0    733
3d6(5D)6s_6De[3/2]           4.0     214484.5320     1.6703   1.795E+03    47     0    734
3d6(3F)5p_4Go[11/2]         12.0     214502.3470     1.6698   1.795E+03    45     0    735
3d6(3F)5p_4Go[9/2]          10.0     214537.5570     1.6687   1.797E+03    45     0    736
3d6(3F)5p_4Fo[3/2]           4.0     214541.5640     1.6686   1.797E+03    45     0    737
3d6(3F)5p_4Do[7/2]           8.0     214549.2660     1.6684   1.797E+03    45     0    738
3d6(5D)5d_6Ge[3/2]           4.0     214570.8200     1.6677   1.798E+03    47     0    739
3d5(4D)4s4p_4Fo[7/2]         8.0     214614.2620     1.6664   1.799E+03    45     0    740
3d6(5D)5d_4Ge[9/2]          10.0     214620.9900     1.6662   1.799E+03    40     0    741
3d6(5D)6s_6De[1/2]           2.0     214648.7650     1.6654   1.800E+03    47     0    742
3d6(5D)5d_4De[3/2]           4.0     214681.1480     1.6644   1.801E+03    40     0    743
3d6(3H)5p_2Ho[11/2]         12.0     214688.1880     1.6642   1.801E+03    46     0    744
3d6(5D)6s_4De[5/2]           6.0     214721.4650     1.6632   1.802E+03    40     0    745
3d5(4D)4s4p_4Do[3/2]         4.0     214726.1350     1.6631   1.803E+03    45     0    746
3d6(3F)5p_4Go[7/2]           8.0     214763.7840     1.6619   1.804E+03    45     0    747
3d5(4D)4s4p_4Fo[9/2]        10.0     214782.5740     1.6614   1.804E+03    45     0    748
3d6(3F)5p_4Go[5/2]           6.0     214791.2540     1.6611   1.805E+03    45     0    749
3d6(1I)4d_2He[9/2]          10.0     214799.3600     1.6609   1.805E+03    42     0    750
3d6(5D)5d_4De[1/2]           2.0     214844.6490     1.6595   1.807E+03    40     0    751
3d6(3F)5p_4Do[5/2]           6.0     214851.4790     1.6593   1.807E+03    45     0    752
3d6(3P)5p_2Po[3/2]           4.0     214889.3340     1.6582   1.808E+03    46     0    753
3d6(5D)5d_4Se[3/2]           4.0     214931.0030     1.6569   1.809E+03    40     0    754
3d6(3H)5p_2Ho[9/2]          10.0     214975.1470     1.6556   1.811E+03    46     0    755
3d6(5D)5d_4Ge[7/2]           8.0     215000.2830     1.6548   1.812E+03    40     0    756
3d5(4D)4s4p_4Do[1/2]         2.0     215015.2480     1.6544   1.812E+03    45     0    757
3d6(3F)5p_4Do[3/2]           4.0     215025.7870     1.6541   1.812E+03    45     0    758
3d6(5D)5d_6Se[5/2]           6.0     215041.6990     1.6536   1.813E+03    47     0    759
3d5(4G)4s4p_2Go[7/2]         8.0     215107.8970     1.6516   1.815E+03    46     0    760
3d6(5D)6s_4De[3/2]           4.0     215120.4960     1.6512   1.816E+03    40     0    761
3d6(3F)5p_4Do[1/2]           2.0     215131.4900     1.6509   1.816E+03    45     0    762
3d6(1D)5s_2De[5/2]           6.0     215136.1050     1.6508   1.816E+03    42     0    763
3d6(1D)5s_2De[3/2]           4.0     215139.0370     1.6507   1.816E+03    42     0    764
3d6(3F)5p_2Go[9/2]          10.0     215172.1660     1.6497   1.817E+03    46     0    765
3d6(5D)5d_4Ge[5/2]           6.0     215286.9890     1.6463   1.821E+03    40     0    766
3d6(5D)6s_4De[1/2]           2.0     215351.2210     1.6443   1.823E+03    40     0    767
3d6(3P)5p_2Po[1/2]           2.0     215415.9900     1.6424   1.825E+03    46     0    768
3d6(3F)5p_2Fo[7/2]           8.0     215438.4480     1.6417   1.826E+03    46     0    769
3d5(4G)4s4p_2Go[9/2]        10.0     215514.7870     1.6394   1.829E+03    46     0    770
3d6(3F)5p_2Do[5/2]           6.0     215605.4700     1.6367   1.832E+03    46     0    771
3d6(3F)5p_2Fo[5/2]           6.0     215690.5450     1.6342   1.835E+03    46     0    772
3d6(3F)5p_2Go[7/2]           8.0     215741.1280     1.6326   1.836E+03    46     0    773
3d6(1D)4d_2Fe[5/2]           6.0     215911.0460     1.6275   1.842E+03    42     0    774
3d6(3F)5p_2Do[3/2]           4.0     216033.2950     1.6239   1.846E+03    46     0    775
3d5(4P)4s4p_2Do[5/2]         6.0     216260.7910     1.6171   1.854E+03    46     0    776
3d6(1D)4d_2Fe[7/2]           8.0     216320.6740     1.6153   1.856E+03    42     0    777
3d5(4P)4s4p_2Do[3/2]         4.0     216685.1090     1.6043   1.869E+03    46     0    778
3d5(2G)s2_2Gbe[9/2]         10.0     216755.8850     1.6022   1.871E+03    43     0    779
3d5(2G)s2_2Gbe[7/2]          8.0     216793.5850     1.6011   1.872E+03    43     0    780
3d6(1D)4d_2Dbe[5/2]          6.0     217014.5700     1.5945   1.880E+03    43     0    781
3d6(1D)4d_2Dbe[3/2]          4.0     217034.8420     1.5939   1.881E+03    43     0    782
3d5(4D)4s4p_4Po[1/2]         2.0     217579.5990     1.5775   1.900E+03    45     0    783
3d6(3G)5p_4Go[11/2]         12.0     217671.8980     1.5748   1.904E+03    45     0    784
3d6(3G)5p_4Fo[9/2]          10.0     217702.5230     1.5738   1.905E+03    45     0    785
3d5(4D)4s4p_4Po[3/2]         4.0     217796.6800     1.5710   1.908E+03    45     0    786
3d5(4D)4s4p_4Po[5/2]         6.0     217866.0030     1.5689   1.911E+03    45     0    787
3d6(3G)5p_4Ho[13/2]         14.0     217917.7450     1.5674   1.913E+03    45     0    788
3d6(1D)4d_2Pe[3/2]           4.0     217972.4740     1.5657   1.915E+03    43     0    789
3d6(3G)5p_4Ho[11/2]         12.0     218055.2370     1.5633   1.918E+03    45     0    790
3d6(3G)5p_4Go[7/2]           8.0     218098.6850     1.5620   1.919E+03    45     0    791
3d6(3G)5p_4Go[9/2]          10.0     218166.2130     1.5599   1.922E+03    45     0    792
3d6(1D)4d_2Pe[1/2]           2.0     218290.5980     1.5562   1.926E+03    43     0    793
3d5(2I)4s4p_4Ko[11/2]       12.0     218290.8420     1.5562   1.926E+03    45     0    794
3d6(3G)5p_4Ho[9/2]          10.0     218366.0970     1.5539   1.929E+03    45     0    795
3d6(3G)5p_4Go[5/2]           6.0     218377.8070     1.5536   1.930E+03    45     0    796
3d6(3G)5p_4Ho[7/2]           8.0     218433.8460     1.5519   1.932E+03    45     0    797
3d6(5D)5d_4Pe[5/2]           6.0     218482.9220     1.5504   1.934E+03    48     0    798
3d5(2I)4s4p_4Ko[13/2]       14.0     218484.5730     1.5504   1.934E+03    45     0    799
3d6(5D)5d_4Pe[1/2]           2.0     218514.3170     1.5495   1.935E+03    48     0    800
3d6(5D)5d_4Pe[3/2]           4.0     218535.5340     1.5489   1.936E+03    48     0    801
3d6(3G)5p_4Fo[7/2]           8.0     218587.4200     1.5473   1.938E+03    45     0    802
3d5(4D)4s4p_2Do[5/2]         6.0     218706.9050     1.5437   1.942E+03    46     0    803
3d6(3G)5p_4Fo[5/2]           6.0     218772.5620     1.5418   1.944E+03    45     0    804
3d6(3G)5p_2Ho[11/2]         12.0     218828.5380     1.5401   1.947E+03    46     0    805
3d6(5D)5d_4Fe[9/2]          10.0     218840.5910     1.5397   1.947E+03    48     0    806
3d5(2I)4s4p_4Ko[15/2]       16.0     218858.3110     1.5392   1.948E+03    45     0    807
3d6(3G)5p_4Fo[3/2]           4.0     218896.3430     1.5380   1.949E+03    45     0    808
3d5(4D)4s4p_2Do[3/2]         4.0     218918.1030     1.5374   1.950E+03    46     0    809
3d5(2I)4s4p_4Io[9/2]        10.0     219136.7280     1.5308   1.958E+03    45     0    810
3d6(3G)5p_2Fo[7/2]           8.0     219164.4510     1.5300   1.959E+03    46     0    811
3d6(5D)5d_4Fe[7/2]           8.0     219253.1290     1.5273   1.963E+03    48     0    812
3d6(3G)5p_2Ho[9/2]          10.0     219315.9970     1.5255   1.965E+03    46     0    813
3d6(3G)5p_2Go[9/2]          10.0     219410.9940     1.5226   1.969E+03    46     0    814
3d5(2I)4s4p_4Io[11/2]       12.0     219415.5540     1.5225   1.969E+03    45     0    815
3d6(5D)5d_4Fe[5/2]           6.0     219550.5390     1.5184   1.974E+03    48     0    816
3d6(3G)5p_2Fo[5/2]           6.0     219596.5320     1.5171   1.976E+03    46     0    817
3d5(2I)4s4p_4Io[13/2]       14.0     219691.1170     1.5142   1.980E+03    45     0    818
3d5(2I)4s4p_4Ko[17/2]       18.0     219691.3020     1.5142   1.980E+03    45     0    819
3d6(5D)5d_4Fe[3/2]           4.0     219749.6020     1.5125   1.982E+03    48     0    820
3d6(3G)5p_2Go[7/2]           8.0     219789.9330     1.5113   1.984E+03    46     0    821
3d5(4P)4s4p_2So[1/2]         2.0     219833.0280     1.5100   1.985E+03    46     0    822
3d5(2I)4s4p_4Io[15/2]       16.0     219974.6510     1.5057   1.991E+03    45     0    823
3d5(4D)4s4p_2Fo[7/2]         8.0     220055.6490     1.5033   1.994E+03    46     0    824
3d6(1I)4d_2Gbe[9/2]         10.0     220076.8410     1.5027   1.995E+03    43     0    825
3d5(4D)4s4p_2Fo[5/2]         6.0     220273.4580     1.4968   2.003E+03    46     0    826
3d5(2D)4s4p_4Fo[3/2]         4.0     220426.7740     1.4922   2.009E+03    45     0    827
3d6(1S)4p_2Pbo[1/2]          2.0     220541.9730     1.4887   2.014E+03    46     0    828
3d5(2D)4s4p_4Fo[5/2]         6.0     220574.5640     1.4877   2.015E+03    45     0    829
3d6(1D)4d_2Gbe[7/2]          8.0     220718.8320     1.4834   2.021E+03    43     0    830
3d5(2D)4s4p_4Fo[7/2]         8.0     220976.2190     1.4757   2.032E+03    45     0    831
3d5(2I)4s4p_4Ho[13/2]       14.0     221091.4930     1.4722   2.036E+03    45     0    832
3d6(5D)6p_6Do[9/2]          10.0     221232.0510     1.4680   2.042E+03    44     0    833
3d5(2I)4s4p_4Ho[11/2]       12.0     221349.6040     1.4645   2.047E+03    45     0    834
3d6(5D)6p_6Do[7/2]           8.0     221460.9350     1.4612   2.052E+03    44     0    835
3d6(1S)4p_2Pbo[3/2]          4.0     221470.8870     1.4609   2.052E+03    46     0    836
3d5(2I)4s4p_4Ho[9/2]        10.0     221543.3480     1.4587   2.055E+03    45     0    837
3d5(2I)4s4p_4Ho[7/2]         8.0     221686.0780     1.4544   2.061E+03    45     0    838
3d6(5D)6p_6Fo[11/2]         12.0     221742.0990     1.4527   2.064E+03    44     0    839
3d5(2D)4s4p_4Fo[9/2]        10.0     221815.1300     1.4505   2.067E+03    45     0    840
3d6(5D)6p_6Do[5/2]           6.0     221865.3560     1.4490   2.069E+03    44     0    841
3d6(1F)4d_2He[9/2]          10.0     221900.1890     1.4480   2.070E+03    43     0    842
3d6(5D)6p_4Fo[9/2]          10.0     221996.0160     1.4451   2.075E+03    45     0    843
3d6(5D)6p_6Po[7/2]           8.0     222165.1470     1.4400   2.082E+03    44     0    844
3d6(5D)6p_6Do[3/2]           4.0     222209.0460     1.4387   2.084E+03    44     0    845
3d6(1F)4d_2He[11/2]         12.0     222269.3030     1.4369   2.086E+03    43     0    846
3d5(2D)4s4p_4Po[5/2]         6.0     222326.0530     1.4352   2.089E+03    45     0    847
3d6(5D)6p_4Do[7/2]           8.0     222370.5590     1.4339   2.091E+03    45     0    848
3d6(5D)6p_6Do[1/2]           2.0     222429.8330     1.4321   2.093E+03    44     0    849
3d6(5D)6p_6Fo[9/2]          10.0     222454.9990     1.4314   2.094E+03    44     0    850
3d6(5D)6p_6Fo[7/2]           8.0     222475.5120     1.4307   2.095E+03    44     0    851
3d5(4F)4s4p_6Go[3/2]         4.0     222481.2790     1.4306   2.096E+03    44     0    852
3d6(5D)6p_4Po[5/2]           6.0     222575.8540     1.4277   2.100E+03    45     0    853
3d6(5D)6p_6Fo[5/2]           6.0     222670.9770     1.4249   2.104E+03    44     0    854
3d5(4F)4s4p_6Go[5/2]         6.0     222721.7960     1.4234   2.106E+03    44     0    855
3d6(1F)5s_2Fe[5/2]           6.0     222726.5290     1.4232   2.106E+03    43     0    856
3d5(2I)4s4p_2Ko[13/2]       14.0     222728.4330     1.4232   2.107E+03    46     0    857
3d6(1F)5s_2Fe[7/2]           8.0     222730.8470     1.4231   2.107E+03    43     0    858
3d5(4D)4s4p_2Po[1/2]         2.0     222755.5220     1.4223   2.108E+03    46     0    859
3d5(4F)4s4p_6Go[7/2]         8.0     222813.3280     1.4206   2.110E+03    44     0    860
3d6(5D)6p_6Fo[3/2]           4.0     222875.2880     1.4188   2.113E+03    44     0    861
3d6(5D)6p_6Po[5/2]           6.0     222881.5090     1.4186   2.113E+03    44     0    862
3d5(2D)4s4p_4Po[3/2]         4.0     222963.2980     1.4161   2.117E+03    45     0    863
3d6(5D)6p_6Fo[1/2]           2.0     222987.0510     1.4154   2.118E+03    44     0    864
3d6(5D)6p_4Fo[7/2]           8.0     223002.5740     1.4149   2.119E+03    45     0    865
3d5(4F)4s4p_6Go[9/2]        10.0     223006.4580     1.4148   2.119E+03    44     0    866
3d6(5D)6p_6Pbo[5/2]          6.0     223051.9400     1.4135   2.121E+03    44     0    867
3d6(1F)4d_2Ge[7/2]           8.0     223096.6540     1.4121   2.123E+03    43     0    868
3d6(5D)6p_4Do[3/2]           4.0     223133.1440     1.4110   2.125E+03    45     0    869
3d6(1F)4d_2Ge[9/2]          10.0     223174.4580     1.4098   2.127E+03    43     0    870
3d5(4D)4s4p_2Po[3/2]         4.0     223212.8360     1.4086   2.128E+03    46     0    871
3d5(4F)4s4p_6Go[11/2]       12.0     223253.6530     1.4074   2.130E+03    44     0    872
3d5(4F)4s4p_6Fo[1/2]         2.0     223255.3530     1.4074   2.130E+03    44     0    873
3d6(5D)6p_6Po[3/2]           4.0     223286.2550     1.4064   2.132E+03    44     0    874
3d5(2F)4s4p_4Go[5/2]         6.0     223351.4020     1.4045   2.135E+03    45     0    875
3d5(2I)4s4p_2Ko[15/2]       16.0     223382.2850     1.4036   2.136E+03    46     0    876
3d5(2I)4s4p_2Ho[11/2]       12.0     223407.6870     1.4028   2.137E+03    46     0    877
3d6(5D)6p_4Fo[5/2]           6.0     223411.5040     1.4027   2.137E+03    45     0    878
3d6(5D)6p_4Do[1/2]           2.0     223432.2350     1.4021   2.138E+03    45     0    879
3d5(2D)4s4p_4Do[7/2]         8.0     223453.5770     1.4014   2.139E+03    45     0    880
3d6(5D)6p_4Po[3/2]           4.0     223466.2880     1.4010   2.140E+03    45     0    881
3d5(4F)4s4p_6Go[13/2]       14.0     223609.7200     1.3967   2.146E+03    44     0    882
3d6(5D)6p_4Fo[3/2]           4.0     223623.5230     1.3963   2.147E+03    45     0    883
3d6(5D)6p_4Po[1/2]           2.0     223639.8630     1.3958   2.148E+03    45     0    884
3d5(4F)4s4p_6Fo[5/2]         6.0     223686.0570     1.3945   2.150E+03    44     0    885
3d6(1F)4d_2Fe[7/2]           8.0     223721.3370     1.3934   2.152E+03    43     0    886
3d5(4F)4s4p_6Fo[3/2]         4.0     223756.9760     1.3923   2.153E+03    44     0    887
3d5(4F)4s4p_6Fo[9/2]        10.0     223786.5150     1.3914   2.155E+03    44     0    888
3d6(5D)6p_4Pbo[1/2]          2.0     223876.8580     1.3887   2.159E+03    45     0    889
3d5(4F)4s4p_6Fo[7/2]         8.0     223912.9440     1.3877   2.160E+03    44     0    890
3d6(1F)4d_2Fe[5/2]           6.0     223944.9910     1.3867   2.162E+03    43     0    891
3d5(2I)4s4p_2Ho[9/2]        10.0     223976.7840     1.3857   2.163E+03    46     0    892
3d5(4F)4s4p_6Fbo[3/2]        4.0     224138.7060     1.3809   2.171E+03    44     0    893
3d5(4F)4s4p_6Fo[11/2]       12.0     224146.7500     1.3806   2.171E+03    44     0    894
3d5(4F)4s4p_6Fbo[5/2]        6.0     224188.4960     1.3794   2.173E+03    44     0    895
3d5(2F)4s4p_4Go[7/2]         8.0     224230.5600     1.3781   2.175E+03    45     0    896
3d5(2D)4s4p_4Do[3/2]         4.0     224484.9220     1.3705   2.187E+03    45     0    897
3d5(4F)4s4p_6Fbo[1/2]        2.0     224552.1340     1.3685   2.191E+03    44     0    898
3d6(1G)5p_2Ho[9/2]          10.0     224578.0830     1.3677   2.192E+03    46     0    899
3d5(2F)4s4p_4Fo[9/2]        10.0     224619.4650     1.3665   2.194E+03    45     0    900
3d6(3D)5p_4Fo[3/2]           4.0     224641.6730     1.3658   2.195E+03    45     0    901
3d6(3D)5p_4Fo[5/2]           6.0     224664.9220     1.3651   2.196E+03    45     0    902
3d6(1I)5p_2Ko[13/2]         14.0     224694.3580     1.3642   2.198E+03    46     0    903
3d6(1G)5p_2Go[7/2]           8.0     224723.8230     1.3633   2.199E+03    46     0    904
3d6(1I)5p_2Ho[11/2]         12.0     224801.4230     1.3610   2.203E+03    46     0    905
3d5(2D)4s4p_4Do[5/2]         6.0     224844.6050     1.3597   2.205E+03    45     0    906
3d6(3D)5p_4Fo[7/2]           8.0     224845.2730     1.3597   2.205E+03    45     0    907
3d6(3D)5p_4Do[1/2]           2.0     224858.7710     1.3593   2.205E+03    45     0    908
3d5(2F)4s4p_4Go[11/2]       12.0     224880.4260     1.3586   2.207E+03    45     0    909
3d6(3D)5p_4Do[3/2]           4.0     224888.3030     1.3584   2.207E+03    45     0    910
3d6(1G)5p_2Go[9/2]          10.0     224902.4110     1.3580   2.208E+03    46     0    911
3d6(1F)4d_2Pe[3/2]           4.0     224920.0360     1.3575   2.208E+03    49     0    912
3d5(2F)4s4p_4Go[9/2]        10.0     224926.5620     1.3573   2.209E+03    45     0    913
3d5(2F)4s4p_4Do[7/2]         8.0     224945.7300     1.3567   2.210E+03    45     0    914
3d6(3D)5p_4Po[5/2]           6.0     224990.5470     1.3553   2.212E+03    45     0    915
3d6(1I)5p_2Ko[15/2]         16.0     225030.5890     1.3541   2.214E+03    46     0    916
3d6(1G)5p_2Fo[7/2]           8.0     225049.2500     1.3536   2.215E+03    46     0    917
3d6(3D)5p_4Pbo[5/2]          6.0     225106.5760     1.3519   2.218E+03    45     0    918
3d6(3D)5p_4Po[3/2]           4.0     225137.7290     1.3509   2.219E+03    45     0    919
3d6(3D)5p_4Fo[9/2]          10.0     225142.0350     1.3508   2.219E+03    45     0    920
3d6(1G)5p_2Fo[5/2]           6.0     225177.3370     1.3497   2.221E+03    46     0    921
3d6(3D)5p_4Po[1/2]           2.0     225205.8540     1.3489   2.223E+03    45     0    922
3d5(4F)4s4p_6Do[9/2]        10.0     225225.6500     1.3483   2.223E+03    44     0    923
3d6(1F)4d_2Pe[1/2]           2.0     225233.0730     1.3481   2.224E+03    49     0    924
3d6(3D)5p_4Do[7/2]           8.0     225240.7030     1.3478   2.224E+03    45     0    925
3d6(1I)5p_2Hbo[11/2]        12.0     225347.8600     1.3446   2.230E+03    46     0    926
3d5(4F)4s4p_6Do[7/2]         8.0     225354.3540     1.3444   2.230E+03    44     0    927
3d5(2F)4s4p_4Do[5/2]         6.0     225400.6420     1.3431   2.232E+03    45     0    928
3d5(4F)4s4p_6Do[3/2]         4.0     225603.1760     1.3370   2.242E+03    44     0    929
3d6(1I)5p_2Ho[9/2]          10.0     225613.0410     1.3367   2.243E+03    46     0    930
3d6(1I)5p_2Io[13/2]         14.0     225614.2240     1.3366   2.243E+03    46     0    931
3d6(1I)5p_2Io[11/2]         12.0     225696.2460     1.3342   2.247E+03    46     0    932
3d5(4F)4s4p_6Do[5/2]         6.0     225699.2760     1.3341   2.247E+03    44     0    933
3d5(4F)4s4p_6Do[1/2]         2.0     225737.9660     1.3329   2.249E+03    44     0    934
3d6(3D)5p_2Po[1/2]           2.0     225759.3790     1.3323   2.250E+03    46     0    935
3d5(2F)4s4p_4Dbo[7/2]        8.0     225831.4830     1.3301   2.254E+03    45     0    936
3d6(3D)5p_2Po[3/2]           4.0     225851.4050     1.3295   2.255E+03    46     0    937
3d5(2F)4s4p_4Fo[3/2]         4.0     226039.7560     1.3239   2.264E+03    45     0    938
3d6(1F)4d_2De[5/2]           6.0     226091.3970     1.3223   2.267E+03    49     0    939
3d6(3D)5p_2Fo[7/2]           8.0     226143.3600     1.3208   2.270E+03    46     0    940
3d5(2F)4s4p_4Do[1/2]         2.0     226147.6170     1.3207   2.270E+03    45     0    941
3d6(3D)5p_2Fo[5/2]           6.0     226149.0260     1.3206   2.270E+03    46     0    942
3d6(3D)5p_2Do[3/2]           4.0     226170.6210     1.3200   2.271E+03    46     0    943
3d6(3D)5p_2Do[5/2]           6.0     226262.6370     1.3172   2.276E+03    46     0    944
3d5(2F)4s4p_4Do[3/2]         4.0     226396.4950     1.3132   2.283E+03    45     0    945
3d5(2I)4s4p_2Io[13/2]       14.0     226485.4610     1.3105   2.288E+03    46     0    946
3d5(2I)4s4p_2Io[11/2]       12.0     226571.3130     1.3080   2.292E+03    46     0    947
3d5(2F)4s4p_4Dbo[5/2]        6.0     226655.2150     1.3054   2.296E+03    45     0    948
3d6(1F)4d_2De[3/2]           4.0     226768.9580     1.3020   2.303E+03    49     0    949
3d5(2F)4s4p_2Go[7/2]         8.0     227060.1310     1.2933   2.318E+03    46     0    950
3d5(2H)4s4p_4Ho[7/2]         8.0     227319.0790     1.2855   2.332E+03    50     0    951
3d5(2H)4s4p_4Ho[9/2]        10.0     227353.9750     1.2845   2.334E+03    50     0    952
3d5(2D)4s4p_2Fo[5/2]         6.0     227631.6800     1.2762   2.349E+03    46     0    953
3d5(2H)4s4p_4Ho[11/2]       12.0     227742.0410     1.2729   2.355E+03    50     0    954
3d5(2F)4s4p_2Go[9/2]        10.0     228029.3060     1.2642   2.371E+03    46     0    955
3d5(2H)4s4p_4Go[11/2]       12.0     228212.2020     1.2588   2.382E+03    50     0    956
3d5(2D)4s4p_2Fo[7/2]         8.0     228322.8030     1.2554   2.388E+03    46     0    957
3d5(2H)4s4p_4Go[5/2]         6.0     228335.4770     1.2551   2.389E+03    50     0    958
3d5(2H)4s4p_4Go[7/2]         8.0     228350.3260     1.2546   2.390E+03    50     0    959
3d5(2H)4s4p_4Ho[13/2]       14.0     228378.6390     1.2538   2.391E+03    50     0    960
3d5(2H)4s4p_4Go[9/2]        10.0     228434.1180     1.2521   2.394E+03    50     0    961
3d5(6S)4p2_8Pe[5/2]          6.0     228480.3330     1.2507   2.397E+03    51     0    962
3d6(1S)5p_2Po[1/2]           2.0     228481.4640     1.2507   2.397E+03    46     0    963
3d6(1S)5p_2Po[3/2]           4.0     228677.4120     1.2448   2.408E+03    46     0    964
3d6(3F)4d_4Dbe[3/2]          4.0     228734.3030     1.2431   2.412E+03    40     0    965
3d6(3F)4d_4Dbe[1/2]          2.0     228787.1250     1.2415   2.415E+03    40     0    966
3d6(3F)4d_4Dbe[5/2]          6.0     228827.8730     1.2403   2.417E+03    40     0    967
3d5(6S)4p2_8Pe[7/2]          8.0     228988.5560     1.2355   2.427E+03    51     0    968
3d6(3F)4d_4Dce[7/2]          8.0     229051.9100     1.2336   2.430E+03    48     0    969
3d6(3F)4d_4Dce[3/2]          4.0     229054.1000     1.2335   2.430E+03    48     0    970
3d5(2H)4s4p_4Io[9/2]        10.0     229127.4950     1.2313   2.435E+03    50     0    971
3d6(3F)4d_2Pbe[1/2]          2.0     229183.5240     1.2296   2.438E+03    43     0    972
3d6(3F)4d_2Pce[3/2]          4.0     229203.2810     1.2291   2.439E+03    49     0    973
3d6(3P)4d_4Fe[5/2]           6.0     229288.5960     1.2265   2.444E+03    39     0    974
3d5(2H)4s4p_4Io[11/2]       12.0     229529.2890     1.2193   2.459E+03    50     0    975
3d5(6S)4p2_8Pe[9/2]         10.0     229588.3430     1.2175   2.462E+03    51     0    976
3d6(3P)4d_4Fe[7/2]           8.0     229589.3730     1.2175   2.462E+03    39     0    977
3d5(2D)4s4p_2Po[3/2]         4.0     229625.5200     1.2164   2.465E+03    46     0    978
3d6(3F)4d_4He[7/2]           8.0     229795.2950     1.2113   2.475E+03    41     0    979
3d6(3F)4d_4Hbe[9/2]         10.0     229872.4750     1.2090   2.480E+03    48     0    980
3d6(3F)4d_4Hbe[13/2]        14.0     229876.7880     1.2089   2.480E+03    48     0    981
3d6(3F)4d_4Hbe[11/2]        12.0     229916.6350     1.2077   2.482E+03    48     0    982
3d5(2H)4s4p_4Io[13/2]       14.0     229925.7250     1.2074   2.483E+03    50     0    983
3d6(3P)4d_4Fbe[9/2]         10.0     229989.6620     1.2055   2.487E+03    48     0    984
3d5(4F)4s4p_4Go[5/2]         6.0     230059.7550     1.2034   2.491E+03    50     0    985
3d6(3P)4d_4Pe[5/2]           6.0     230096.4570     1.2023   2.494E+03    38     0    986
3d5(4F)4s4p_4Go[7/2]         8.0     230134.6520     1.2011   2.496E+03    50     0    987
3d5(4F)4s4p_4Go[9/2]        10.0     230198.0880     1.1992   2.500E+03    50     0    988
3d5(2D)4s4p_2Po[1/2]         2.0     230220.5840     1.1986   2.501E+03    46     0    989
3d6(5D)5f_6Go[11/2]         12.0     230242.8640     1.1979   2.503E+03    52     0    990
3d6(5D)5f_6Go[13/2]         14.0     230251.8810     1.1976   2.503E+03    52     0    991
3d5(2H)4s4p_4Io[15/2]       16.0     230264.8000     1.1972   2.504E+03    50     0    992
3d6(5D)5f_6Fo[9/2]          10.0     230271.8330     1.1970   2.504E+03    52     0    993
3d6(5D)5f_4Go[11/2]         12.0     230284.5500     1.1966   2.505E+03    50     0    994
3d6(5D)5f_6Fo[7/2]           8.0     230305.7890     1.1960   2.507E+03    52     0    995
3d6(3F)4d_4Pbe[3/2]          4.0     230310.3300     1.1959   2.507E+03    48     0    996
3d6(3F)4d_4Pbe[1/2]          2.0     230327.4320     1.1953   2.508E+03    48     0    997
3d6(5D)5f_4Ho[13/2]         14.0     230332.4910     1.1952   2.508E+03    50     0    998
3d6(5D)5f_4Do[5/2]           6.0     230361.2150     1.1943   2.510E+03    50     0    999
3d6(5D)5f_4Fo[9/2]          10.0     230361.8600     1.1943   2.510E+03    50     0   1000
