                                                                                
********************************************************************************
                                                                                
                 Energy Levels and statistical weights for OIII                 
                                                                                
********************************************************************************
                                                                                
23-Apr-1997                                      !Date                          
128                                              !Number of energy levels       
6                                      !Entry number of link to super level
  
2p^2_3Pe[0]               1.0          0.0000    13.2804   2.257E+02     1     0      1
2p^2_3Pe[1]               3.0        113.1780    13.2770   2.258E+02     1     0      2
2p^2_3Pe[2]               5.0        306.1740    13.2712   2.259E+02     1     0      3
2p^2_1De[2]               5.0      20273.2700    12.6726   2.366E+02     2     0      4
2p^2_1Se[0]               1.0      43185.7400    11.9857   2.501E+02     3     0      5
2p^3_5So[2]               5.0      60324.7900    11.4719   2.613E+02     4     0      6
2p^3_3Do[3]               7.0     120025.2000     9.6821   3.096E+02     5     0      7
2p^3_3Do[2]               5.0     120053.4000     9.6813   3.097E+02     5     0      8
2p^3_3Do[1]               3.0     120058.2000     9.6811   3.097E+02     5     0      9
2p^3_3Po[2]               5.0     142381.0000     9.0119   3.327E+02     6     0     10
2p^3_3Po[1]               3.0     142381.8000     9.0119   3.327E+02     6     0     11
2p^3_3Po[0]               1.0     142393.5000     9.0115   3.327E+02     6     0     12
2p^3_1Do[2]               5.0     187054.0000     7.6726   3.907E+02     7     0     13
2p^3_3So[1]               3.0     197087.7000     7.3718   4.067E+02     8     0     14
2p^3_1Po[1]               3.0     210461.8000     6.9709   4.301E+02     9     0     15
2p3s3Po[0]                1.0     267258.7100     5.2682   5.691E+02    10     0     16
2p3s3Po[1]                3.0     267377.1100     5.2646   5.694E+02    10     0     17
2p3s3Po[2]                5.0     267634.0000     5.2569   5.703E+02    10     0     18
2p3s1Po[1]                3.0     273081.3300     5.0936   5.886E+02    11     0     19
2p^4_3Pe[2]               5.0     283759.7000     4.7735   6.280E+02    12     0     20
2p^4_3Pe[1]               3.0     283977.4000     4.7670   6.289E+02    12     0     21
2p^4_3Pe[0]               1.0     284071.9000     4.7641   6.293E+02    12     0     22
2p3p1Pe[1]                3.0     290958.2500     4.5577   6.578E+02    13     0     23
2p3p3De[1]                1.0     293866.4900     4.4705   6.706E+02    14     0     24
2p3p3De[2]                5.0     294002.8600     4.4664   6.712E+02    14     0     25
2p3p3De[3]                7.0     294223.0700     4.4598   6.722E+02    14     0     26
2p3p3Se[1]                3.0     297558.6600     4.3598   6.876E+02    15     0     27
2p^4_1De[2]               5.0     298294.0000     4.3378   6.911E+02    16     0     28
2p3p3Pe[0]                1.0     300239.9300     4.2794   7.005E+02    17     0     29
2p3p3Pe[1]                3.0     300311.9600     4.2773   7.009E+02    17     0     30
2p3p3Pe[2]                5.0     300442.5500     4.2733   7.015E+02    17     0     31
2p3p1De[2]                5.0     306586.0800     4.0892   7.331E+02    18     0     32
2p3p1Se[0]                1.0     313802.7700     3.8728   7.741E+02    19     0     33
2p3d3Fo[2]                5.0     324464.8800     3.5532   8.437E+02    20     0     34
2p3d3Fo[3]                7.0     324660.8000     3.5473   8.451E+02    20     0     35
2p3d3Fo[4]                9.0     324839.0300     3.5420   8.464E+02    20     0     36
2p3d1Do[2]                5.0     324735.6500     3.5451   8.457E+02    21     0     37
2p3d3Do[1]                3.0     327229.2500     3.4703   8.639E+02    22     0     38
2p3d3Do[2]                5.0     327278.3000     3.4688   8.642E+02    22     0     39
2p3d3Do[3]                7.0     327352.1700     3.4666   8.648E+02    22     0     40
2p3d3Po[2]                5.0     329469.8000     3.4031   8.809E+02    23     0     41
2p3d3Po[1]                3.0     329583.8900     3.3997   8.818E+02    23     0     42
2p3d3Po[0]                1.0     329645.1400     3.3979   8.823E+02    23     0     43
2p3d1Fo[3]                7.0     331821.4400     3.3326   8.996E+02    24     0     44
2p3d1Po[1]                3.0     332778.9400     3.3039   9.074E+02    25     0     45
2p^4_1Se[0]               1.0     343306.3000     2.9883   1.003E+03    26     0     46
2p^2_3s3Pe[0]             1.0     350024.4900     2.7869   1.076E+03    27     0     47
2p^2_3s3Pe[1]             3.0     350124.4500     2.7839   1.077E+03    27     0     48
2p^2_3s3Pe[2]             5.0     350298.3800     2.7787   1.079E+03    27     0     49
2p4s3Po[0]                1.0     356736.3000     2.5857   1.159E+03    28     0     50
2p4s3Po[1]                3.0     356844.9800     2.5824   1.161E+03    28     0     51
2p4s3Po[2]                5.0     357117.0100     2.5743   1.165E+03    28     0     52
2p4s1Po[1]                3.0     358668.9000     2.5278   1.186E+03    29     0     53
2p^2_3p3So[1]             3.0     363263.3800     2.3900   1.254E+03    30     0     54
2p4p1Pe[1]                3.0     365726.7600     2.3162   1.294E+03    31     0     55
2p4p3De[1]                3.0     366488.4500     2.2933   1.307E+03    32     0     56
2p4p3De[2]                5.0     366595.7600     2.2901   1.309E+03    32     0     57
2p4p3De[3]                7.0     366802.6200     2.2839   1.313E+03    32     0     58
2p4p3Se[1]                3.0     367953.9000     2.2494   1.333E+03    33     0     59
2p4p3Pe[0]                1.0     370329.1800     2.1782   1.376E+03    34     0     60
2p4p3Pe[1]                3.0     370418.3200     2.1755   1.378E+03    34     0     61
2p4p3Pe[2]                5.0     370526.4900     2.1723   1.380E+03    34     0     62
2p4p1De[2]                5.0     370902.2200     2.1610   1.387E+03    35     0     63
2p4p1Se[1]                1.0     372630.0000     2.1092   1.421E+03    36     0     64
2p^2_3p3Do[1]             3.0     374571.6400     2.0510   1.462E+03    37     0     65
2p^2_3p3Do[2]             5.0     374663.5200     2.0483   1.464E+03    37     0     66
2p^2_3p3Do[3]             7.0     374795.1400     2.0443   1.466E+03    37     0     67
2p4d3Fo[2]                5.0     377385.5800     1.9667   1.524E+03    38     0     68
2p4d3Fo[3]                7.0     377562.3100     1.9614   1.528E+03    38     0     69
2p4d3Fo[4]                9.0     377748.5700     1.9558   1.533E+03    38     0     70
2p4d1Do[2]                5.0     377686.8300     1.9576   1.531E+03    39     0     71
2p^2_3p3Po[2]             5.0     378405.6800     1.9361   1.548E+03    40     0     72
2p^2_3p3Po[1]             3.0     378417.8400     1.9357   1.549E+03    40     0     73
2p^2_3p3Po[0]             1.0     378435.1600     1.9352   1.549E+03    40     0     74
2p4d3Do[1]                3.0     379227.1500     1.9114   1.568E+03    41     0     75
2p4d3Do[2]                5.0     379293.0300     1.9095   1.570E+03    41     0     76
2p4d3Do[3]                7.0     379356.7500     1.9076   1.572E+03    41     0     77
2p4d3Po                   9.0     380480.0000     1.8739   1.600E+03    42     0     78
2p4f1Fe                   7.0     380558.0000     1.8715   1.602E+03    43     0     79
2p4d1Fo                   7.0     380574.0000     1.8711   1.602E+03    44     0     80
2p4f3Fe                  21.0     380600.0000     1.8703   1.603E+03    45     0     81
2p4d1Po                   3.0     380878.0000     1.8620   1.610E+03    46     0     82
2p4f3Ge                  27.0     381286.0000     1.8497   1.621E+03    47     0     83
2p4f3De                  15.0     381519.0000     1.8427   1.627E+03    48     0     84
2p4f1Ge                   9.0     381537.0000     1.8422   1.627E+03    49     0     85
2p4f1De                   5.0     381665.0000     1.8384   1.631E+03    50     0     86
2p5s3Po                   9.0     392013.0000     1.5281   1.962E+03    51     0     87
2p5s1Po                   3.0     392570.0000     1.5114   1.983E+03    52     0     88
2p^2_3s'3De              15.0     393943.0000     1.4703   2.039E+03    53     0     89
2p5p3De                  15.0     395421.0000     1.4260   2.102E+03    54     0     90
2p5p1Pe                   3.0     396121.0000     1.4050   2.134E+03    55     0     91
2p5p3Se                   3.0     396854.0000     1.3830   2.168E+03    56     0     92
2p5p3Pe                   9.0     398082.0000     1.3462   2.227E+03    57     0     93
2p5p1De                   5.0     398118.0000     1.3451   2.229E+03    58     0     94
2p^2_3d3Pe                9.0     400201.0000     1.2827   2.337E+03    59     0     95
2p^2_3d3Fe               21.0     401301.0000     1.2497   2.399E+03    60     0     96
2p5d3Fo                  21.0     401322.0000     1.2491   2.400E+03    61     0     97
2p5d1Do                   5.0     401579.0000     1.2414   2.415E+03    62     0     98
2p5p1Se                   1.0     402107.0000     1.2255   2.446E+03    63     0     99
2p5d3Do                  15.0     402322.0000     1.2191   2.459E+03    64     0    100
2p5d3Po                   9.0     402727.0000     1.2069   2.484E+03    65     0    101
2p5d1Fo                   7.0     403166.0000     1.1938   2.511E+03    66     0    102
2p5f1Fe                   7.0     403205.0000     1.1926   2.514E+03    67     0    103
2p5f3Fe                  21.0     403259.0000     1.1910   2.517E+03    68     0    104
2p5d1Po                   3.0     403318.0000     1.1892   2.521E+03    69     0    105
2p5g3Go                  27.0     403533.0000     1.1828   2.535E+03    70     0    106
2p5f3Ge                  27.0     403536.0000     1.1827   2.535E+03    71     0    107
2p5g1Go                   9.0     403553.0000     1.1822   2.536E+03    72     0    108
2p5f3De                  15.0     403656.0000     1.1791   2.543E+03    73     0    109
2p5f1Ge                   9.0     403739.0000     1.1766   2.548E+03    74     0    110
2p5g3Ho                  33.0     403742.0000     1.1765   2.548E+03    75     0    111
2p5g1Ho                  11.0     403745.0000     1.1764   2.548E+03    76     0    112
2p5f1De                   5.0     403766.0000     1.1758   2.550E+03    77     0    113
2p5g3Fo                  21.0     403776.0000     1.1755   2.550E+03    78     0    114
2p5g1Fo                   7.0     403777.0000     1.1755   2.550E+03    79     0    115
2p^2_3d3De               15.0     405643.0000     1.1195   2.678E+03    80     0    116
2p^2_3s'1De               5.0     407860.0000     1.0531   2.847E+03    81     0    117
2p^2_3p'3Fo              21.0     420645.0000     0.6698   4.476E+03    82     0    118
2p^2_3p'3Do              15.0     424140.0000     0.5650   5.306E+03    83     0    119
2p^2_3p'1Fo               7.0     424790.0000     0.5455   5.496E+03    84     0    120
2p^2_3p'1Do               5.0     426130.0000     0.5053   5.933E+03    85     0    121
2p^2_3p'3Po               9.0     427672.0000     0.4591   6.530E+03    86     0    122
2p^2_3p'1Po               3.0     429817.0000     0.3948   7.594E+03    87     0    123
2p^2_3s''3Se              3.0     431864.0000     0.3334   8.991E+03    88     0    124
2p^2_4s3Pe                9.0     433731.0000     0.2775   1.080E+04    89     0    125
2p^2_4p3So                3.0     436807.0000     0.1852   1.618E+04    90     0    126
2p^2_4p3Do               15.0     442502.0000     0.0145   2.066E+05    91     0    127
2p^2_3s''1Se              1.0     442675.0000     0.0093   3.215E+05    92     0    128
