********************************************************************************
                                                                                
            Super links for FeV
            E%LS option with /\E%=10%
            This file should only be used for model construction.
            Use additional levels for spectroscopic analyses.
                                                                                
                           g        E(cm^-1)    10^15 Hz     eV       Lam(A)    
********************************************************************************
                                                                                
17-Oct-2001                            !Date
1000                                   !Number of energy levels
6                                      !Entry number of link to super level
  
3d4_5De[0]                 1.0          0.0000    17.8864   1.676E+02     1     0      1
3d4_5De[1]                 3.0        142.1000    17.8822   1.676E+02     1     0      2
3d4_5De[2]                 5.0        417.3000    17.8739   1.677E+02     1     0      3
3d4_5De[3]                 7.0        803.1000    17.8624   1.678E+02     1     0      4
3d4_5De[4]                 9.0       1282.8000    17.8480   1.680E+02     1     0      5
3d4_3P2e[0]                1.0      24055.4000    17.1653   1.747E+02     2     0      6
3d4_3He[4]                 9.0      24932.5000    17.1390   1.749E+02     2     0      7
3d4_3P2e[1]                3.0      24972.9000    17.1378   1.749E+02     2     0      8
3d4_3He[5]                11.0      25225.9000    17.1302   1.750E+02     2     0      9
3d4_3He[6]                13.0      25528.5000    17.1211   1.751E+02     2     0     10
3d4_3P2e[2]                5.0      26468.3000    17.0929   1.754E+02     2     0     11
3d4_3F2e[2]                5.0      26760.7000    17.0842   1.755E+02     3     0     12
3d4_3F2e[3]                7.0      26842.3000    17.0817   1.755E+02     3     0     13
3d4_3F2e[4]                9.0      26974.0000    17.0778   1.755E+02     3     0     14
3d4_3Ge[3]                 7.0      29817.1000    16.9925   1.764E+02     4     0     15
3d4_3Ge[4]                 9.0      30147.0000    16.9826   1.765E+02     4     0     16
3d4_3Ge[5]                11.0      30430.1000    16.9742   1.766E+02     4     0     17
3d4_1G2e[4]                9.0      36586.3000    16.7896   1.786E+02     5     0     18
3d4_3De[3]                 7.0      36630.1000    16.7883   1.786E+02     6     0     19
3d4_3De[2]                 5.0      36758.5000    16.7844   1.786E+02     6     0     20
3d4_3De[1]                 3.0      36925.4000    16.7794   1.787E+02     6     0     21
3d4_1Ie[6]                13.0      37511.7000    16.7619   1.789E+02     5     0     22
3d4_1S2e[0]                1.0      39633.4000    16.6982   1.795E+02     5     0     23
3d4_1D2e[2]                5.0      46291.2000    16.4987   1.817E+02     7     0     24
3d4_1Fe[3]                 7.0      52732.7000    16.3055   1.839E+02     8     0     25
3d4_3P1e[2]                5.0      61854.4000    16.0321   1.870E+02     9     0     26
3d4_3F1e[4]                9.0      62238.1000    16.0206   1.871E+02     9     0     27
3d4_3F1e[2]                5.0      62321.1000    16.0181   1.872E+02     9     0     28
3d4_3F1e[3]                7.0      62364.4000    16.0168   1.872E+02     9     0     29
3d4_3P1e[1]                3.0      62914.2000    16.0003   1.874E+02     9     0     30
3d4_3P1e[0]                1.0      63420.0000    15.9851   1.875E+02     9     0     31
3d4_1G1e[4]                9.0      71280.3000    15.7495   1.904E+02    10     0     32
3d4_1D1e[2]                5.0      93832.3000    15.0734   1.989E+02    11     0     33
3d4_1S1e[0]                1.0     121130.2000    14.2550   2.103E+02    12     0     34
3d3(4F)4s_5Fe[1]           3.0     186433.6000    12.2973   2.438E+02    13     0     35
3d3(4F)4s_5Fe[2]           5.0     186725.5000    12.2885   2.440E+02    13     0     36
3d3(4F)4s_5Fe[3]           7.0     187157.5000    12.2756   2.442E+02    13     0     37
3d3(4F)4s_5Fe[4]           9.0     187719.0000    12.2588   2.446E+02    13     0     38
3d3(4F)4s_5Fe[5]          11.0     188395.3000    12.2385   2.450E+02    13     0     39
3d3(4F)4s_3Fe[2]           5.0     195196.3000    12.0346   2.491E+02    14     0     40
3d3(4F)4s_3Fe[3]           7.0     195933.0000    12.0125   2.496E+02    14     0     41
3d3(4F)4s_3Fe[4]           9.0     196838.6000    11.9854   2.501E+02    14     0     42
3d3(4P)4s_5Pe[1]           3.0     204729.9000    11.7488   2.552E+02    15     0     43
3d3(4P)4s_5Pe[2]           5.0     204975.4000    11.7414   2.553E+02    15     0     44
3d3(4P)4s_5Pe[3]           7.0     205536.4000    11.7246   2.557E+02    15     0     45
3d3(2G)4s_3Ge[3]           7.0     208838.2000    11.6256   2.579E+02    14     0     46
3d3(2G)4s_3Ge[4]           9.0     209110.1000    11.6175   2.581E+02    14     0     47
3d3(2G)4s_3Ge[5]          11.0     209523.9000    11.6051   2.583E+02    14     0     48
3d3(4P)4s_3Pe[0]           1.0     212542.1000    11.5146   2.604E+02    14     0     49
3d3(4P)4s_3Pe[1]           3.0     212818.1000    11.5063   2.605E+02    14     0     50
3d3(2G)4s_1Ge[4]           9.0     213534.1000    11.4848   2.610E+02    16     0     51
3d3(4P)4s_3Pe[2]           5.0     213649.2000    11.4814   2.611E+02    14     0     52
3d3(2P)4s_3Pe[0]           1.0     214393.6490    11.4591   2.616E+02    14     0     53
3d3(2P)4s_3Pe[2]           5.0     214525.8000    11.4551   2.617E+02    14     0     54
3d3(2P)4s_3Pe[1]           3.0     214611.4000    11.4525   2.618E+02    14     0     55
3d3(2D2)4s_3De[1]          3.0     215782.6000    11.4174   2.626E+02    17     0     56
3d3(2D2)4s_3De[3]          7.0     216538.1000    11.3948   2.631E+02    17     0     57
3d3(2D2)4s_3De[2]          5.0     216592.7000    11.3931   2.631E+02    17     0     58
3d3(2H)4s_3He[4]           9.0     216779.1000    11.3876   2.633E+02    17     0     59
3d3(2H)4s_3He[5]          11.0     216860.4000    11.3851   2.633E+02    17     0     60
3d3(2H)4s_3He[6]          13.0     217122.5000    11.3773   2.635E+02    17     0     61
3d3(2P)4s_1Pe[1]           3.0     219486.9000    11.3064   2.652E+02    16     0     62
3d3(2D2)4s_1De[2]          5.0     220621.0000    11.2724   2.660E+02    16     0     63
3d3(2H)4s_1He[5]          11.0     221305.2000    11.2519   2.664E+02    16     0     64
3d3(2F)4s_3Fe[4]           9.0     233633.6000    10.8823   2.755E+02    17     0     65
3d3(2F)4s_3Fe[3]           7.0     233848.9000    10.8758   2.757E+02    17     0     66
3d3(2F)4s_3Fe[2]           5.0     234027.4000    10.8705   2.758E+02    17     0     67
3d3(2F)4s_1Fe[3]           7.0     237729.6000    10.7595   2.786E+02    18     0     68
3d3(4F)4p_5Go[2]           5.0     254803.3000    10.2476   2.925E+02    19     0     69
3d3(4F)4p_5Go[3]           7.0     255399.2000    10.2298   2.931E+02    19     0     70
3d3(4F)4p_5Go[4]           9.0     256177.9000    10.2064   2.937E+02    19     0     71
3d3(4F)4p_5Go[5]          11.0     257138.0000    10.1776   2.946E+02    19     0     72
3d3(4F)4p_5Fo[1]           3.0     257742.3000    10.1595   2.951E+02    19     0     73
3d3(4F)4p_5Do[2]           5.0     258128.5000    10.1479   2.954E+02    19     0     74
3d3(4F)4p_5Go[6]          13.0     258297.4000    10.1429   2.956E+02    19     0     75
3d3(2D1)4s_3De[3]          7.0     258434.1000    10.1388   2.957E+02    20     0     76
3d3(4F)4p_5Do[0]           1.0     258619.5000    10.1332   2.959E+02    19     0     77
3d3(2D1)4s_3De[2]          5.0     258628.5000    10.1329   2.959E+02    20     0     78
3d3(4F)4p_5Do[3]           7.0     258680.0000    10.1314   2.959E+02    19     0     79
3d3(2D1)4s_3De[1]          3.0     258769.5000    10.1287   2.960E+02    20     0     80
3d3(4F)4p_5Do[1]           3.0     258891.5000    10.1251   2.961E+02    19     0     81
3d3(4F)4p_5Do[4]           9.0     259344.8000    10.1115   2.965E+02    19     0     82
3d3(4F)4p_5Fo[2]           5.0     259376.1000    10.1105   2.965E+02    19     0     83
3d3(4F)4p_5Fo[3]           7.0     259954.7000    10.0932   2.970E+02    19     0     84
3d3(4F)4p_3Do[1]           3.0     259995.2000    10.0920   2.971E+02    21     0     85
3d3(4F)4p_3Do[2]           5.0     260411.4000    10.0795   2.974E+02    21     0     86
3d3(4F)4p_5Fo[4]           9.0     260521.0000    10.0762   2.975E+02    19     0     87
3d3(4F)4p_5Fo[5]          11.0     261051.9000    10.0603   2.980E+02    19     0     88
3d3(4F)4p_3Do[3]           7.0     261179.6000    10.0565   2.981E+02    21     0     89
3d3(2D1)4s_1De[2]          5.0     262509.3000    10.0166   2.993E+02    22     0     90
3d3(4F)4p_3Go[3]           7.0     263898.6000     9.9749   3.005E+02    21     0     91
3d3(4F)4p_3Go[4]           9.0     264434.2000     9.9589   3.010E+02    21     0     92
3d3(4F)4p_3Go[5]          11.0     265112.6000     9.9386   3.016E+02    21     0     93
3d3(4F)4p_3Fo[2]           5.0     266612.8000     9.8936   3.030E+02    21     0     94
3d3(4F)4p_3Fo[3]           7.0     267240.1000     9.8748   3.036E+02    21     0     95
3d3(4F)4p_3Fo[4]           9.0     267928.6000     9.8541   3.042E+02    21     0     96
3d3(4P)4p_5Po[1]           3.0     273643.1000     9.6828   3.096E+02    19     0     97
3d3(4P)4p_5Po[2]           5.0     274136.1000     9.6680   3.101E+02    19     0     98
3d3(4P)4p_5Do[0]           1.0     274753.3000     9.6495   3.107E+02    19     0     99
3d3(4P)4p_5Po[3]           7.0     274930.3000     9.6442   3.109E+02    19     0    100
3d3(4P)4p_5Do[1]           3.0     275146.6000     9.6377   3.111E+02    19     0    101
3d3(4P)4p_3Po[2]           5.0     275374.3000     9.6309   3.113E+02    21     0    102
3d3(2G)4p_3Ho[4]           9.0     276429.7000     9.5993   3.123E+02    21     0    103
3d3(4P)4p_3Po[0]           1.0     276434.9000     9.5991   3.123E+02    21     0    104
3d3(4P)4p_5Do[2]           5.0     276759.2000     9.5894   3.126E+02    19     0    105
3d3(4P)4p_3Po[1]           3.0     276765.9000     9.5892   3.126E+02    21     0    106
3d3(4P)4p_5Do[3]           7.0     277068.5000     9.5801   3.129E+02    19     0    107
3d3(2G)4p_3Ho[5]          11.0     277292.7000     9.5734   3.132E+02    21     0    108
3d3(4P)4p_5Do[4]           9.0     278075.8000     9.5499   3.139E+02    19     0    109
3d3(2G)4p_3Ho[6]          13.0     278650.7000     9.5327   3.145E+02    21     0    110
3d3(2G)4p_3Go[3]           7.0     278794.2000     9.5284   3.146E+02    21     0    111
3d3(2G)4p_3Go[4]           9.0     279502.6000     9.5072   3.153E+02    21     0    112
3d3(2P)4p_1So[0]           1.0     279814.3680     9.4978   3.156E+02    23     0    113
3d3(2G)4p_3Go[5]          11.0     280039.6000     9.4911   3.159E+02    21     0    114
3d3(2G)4p_3Fo[4]           9.0     280367.2000     9.4812   3.162E+02    21     0    115
3d3(2G)4p_3Fo[2]           5.0     280539.7000     9.4761   3.164E+02    21     0    116
3d3(2G)4p_3Fo[3]           7.0     280832.2000     9.4673   3.167E+02    21     0    117
3d3(2P)4p_3Po[1]           3.0     281944.9000     9.4339   3.178E+02    21     0    118
3d3(2G)4p_1Go[4]           9.0     282038.1000     9.4311   3.179E+02    23     0    119
3d3(2P)4p_3Po[0]           1.0     282234.5000     9.4253   3.181E+02    21     0    120
3d3(4P)4p_1Do[2]           5.0     282423.5000     9.4196   3.183E+02    23     0    121
3d3(2G)4p_1Fo[3]           7.0     282571.6000     9.4151   3.184E+02    23     0    122
3d3(4P)4p_5So[2]           5.0     282604.8000     9.4141   3.184E+02    24     0    123
3d3(2G)4p_1Ho[5]          11.0     282871.9000     9.4061   3.187E+02    23     0    124
3d3(2P)4p_3Po[2]           5.0     283686.3000     9.3817   3.195E+02    21     0    125
3d3(2P)4p_3Do[1]           3.0     283754.0000     9.3797   3.196E+02    21     0    126
3d3(2H)4p_3Ho[4]           9.0     284690.3000     9.3516   3.206E+02    21     0    127
3d3(2H)4p_3Ho[5]          11.0     284790.8000     9.3486   3.207E+02    21     0    128
3d3(2P)4p_3Do[2]           5.0     284911.2000     9.3450   3.208E+02    21     0    129
3d3(2H)4p_3Ho[6]          13.0     285196.1000     9.3365   3.211E+02    21     0    130
3d3(2P)4p_3Do[3]           7.0     285474.0000     9.3281   3.214E+02    21     0    131
3d3(2D2)4p_1Po[1]          3.0     285961.7000     9.3135   3.219E+02    23     0    132
3d3(2D2)4p_3Fo[2]          5.0     286154.9000     9.3077   3.221E+02    25     0    133
3d3(2P)4p_3So[1]           3.0     286187.7000     9.3067   3.221E+02    25     0    134
3d3(4P)4p_3Do[3]           7.0     286431.3000     9.2994   3.224E+02    25     0    135
3d3(4P)4p_3Do[1]           3.0     286855.3000     9.2867   3.228E+02    25     0    136
3d3(4P)4p_3Do[2]           5.0     286862.7000     9.2865   3.228E+02    25     0    137
3d3(2D2)4p_3Fo[3]          7.0     287109.6000     9.2791   3.231E+02    25     0    138
3d3(2H)4p_3Io[5]          11.0     287440.5000     9.2692   3.234E+02    25     0    139
3d3(2D2)4p_3Fo[4]          9.0     287620.2000     9.2638   3.236E+02    25     0    140
3d3(2H)4p_3Io[6]          13.0     288167.2000     9.2474   3.242E+02    25     0    141
3d3(2D2)4p_3Do[1]          3.0     288669.8000     9.2323   3.247E+02    25     0    142
3d3(2H)4p_3Io[7]          15.0     289171.9000     9.2173   3.253E+02    25     0    143
3d3(2D2)4p_3Do[2]          5.0     289389.7000     9.2107   3.255E+02    25     0    144
3d3(2H)4p_1Go[4]           9.0     289545.9000     9.2061   3.256E+02    23     0    145
3d3(2D2)4p_3Do[3]          7.0     289913.0000     9.1951   3.260E+02    25     0    146
3d3(2H)4p_1Ho[5]          11.0     290099.1000     9.1895   3.262E+02    23     0    147
3d3(2D2)4p_3Po[2]          5.0     290407.7000     9.1802   3.266E+02    25     0    148
3d3(2D2)4p_3Po[1]          3.0     290583.7000     9.1749   3.268E+02    25     0    149
3d3(2D2)4p_3Po[0]          1.0     290903.4000     9.1654   3.271E+02    25     0    150
3d3(2D2)4p_1Fo[3]          7.0     291231.4000     9.1555   3.274E+02    23     0    151
3d3(2H)4p_3Go[5]          11.0     292287.6000     9.1239   3.286E+02    25     0    152
3d3(2H)4p_1Io[6]          13.0     292365.9000     9.1215   3.287E+02    23     0    153
3d3(2H)4p_3Go[4]           9.0     292430.7000     9.1196   3.287E+02    25     0    154
3d3(2H)4p_3Go[3]           7.0     292513.2000     9.1171   3.288E+02    25     0    155
3d3(4P)4p_3So[1]           3.0     294644.0000     9.0532   3.311E+02    25     0    156
3d3(2D2)4p_1Do[2]          5.0     295716.4000     9.0211   3.323E+02    23     0    157
3d3(2P)4p_1Po[1]           3.0     295973.2000     9.0134   3.326E+02    23     0    158
3d3(2F)4p_3Fo[2]           5.0     302292.7000     8.8239   3.397E+02    25     0    159
3d3(2F)4p_3Fo[3]           7.0     302377.1000     8.8214   3.398E+02    25     0    160
3d3(2F)4p_3Fo[4]           9.0     302602.5000     8.8146   3.401E+02    25     0    161
3d3(2F)4p_3Go[3]           7.0     306193.9000     8.7070   3.443E+02    25     0    162
3d3(2F)4p_3Go[4]           9.0     306622.8000     8.6941   3.448E+02    25     0    163
3d3(2F)4p_3Go[5]          11.0     307064.4000     8.6809   3.453E+02    25     0    164
3d3(2F)4p_3Do[3]           7.0     307288.7000     8.6741   3.456E+02    25     0    165
3d3(2F)4p_1Do[2]           5.0     307644.4000     8.6635   3.460E+02    23     0    166
3d3(2F)4p_3Do[2]           5.0     308165.0000     8.6479   3.467E+02    25     0    167
3d3(2F)4p_3Do[1]           3.0     308671.5000     8.6327   3.473E+02    25     0    168
3d3(2F)4p_1Go[4]           9.0     311180.9000     8.5575   3.503E+02    26     0    169
3d3(2F)4p_1Fo[3]           7.0     311538.7000     8.5467   3.508E+02    26     0    170
3d3(2D1)4p_3Do[1]          3.0     327533.8000     8.0672   3.716E+02    27     0    171
3d3(2D1)4p_3Do[2]          5.0     327605.4000     8.0651   3.717E+02    27     0    172
3d3(2D1)4p_3Do[3]          7.0     327924.4000     8.0555   3.722E+02    27     0    173
3d3(2D1)4p_1Do[2]          5.0     329848.6000     7.9978   3.748E+02    26     0    174
3d3(2D1)4p_3Fo[2]          5.0     331333.8000     7.9533   3.769E+02    27     0    175
3d3(2D1)4p_3Fo[3]          7.0     331367.0000     7.9523   3.770E+02    27     0    176
3d3(2D1)4p_3Fo[4]          9.0     332017.3000     7.9328   3.779E+02    27     0    177
3d3(2D1)4p_3Po[2]          5.0     334509.1000     7.8581   3.815E+02    27     0    178
3d3(2D1)4p_3Po[1]          3.0     335267.8000     7.8354   3.826E+02    27     0    179
3d3(2D1)4p_3Po[0]          1.0     335642.7000     7.8241   3.832E+02    27     0    180
3d3(2D1)4p_1Fo[3]          7.0     335947.4000     7.8150   3.836E+02    26     0    181
3d3(2D1)4p_1Po[1]          3.0     342462.2000     7.6197   3.934E+02    28     0    182
3d3(4F)4d_5He[3]           7.0     356158.2010     7.2091   4.159E+02    29     0    183
3d3(4F)4d_5He[4]           9.0     356567.0670     7.1968   4.166E+02    29     0    184
3d3(4F)4d_5Pe[1]           3.0     357046.2740     7.1824   4.174E+02    29     0    185
3d3(4F)4d_5He[5]          11.0     357075.3680     7.1816   4.174E+02    29     0    186
3d3(4F)4d_5Fe[1]           3.0     357508.4590     7.1686   4.182E+02    29     0    187
3d3(4F)4d_5Pe[2]           5.0     357556.7830     7.1671   4.183E+02    29     0    188
3d3(4F)4d_5He[6]          13.0     357680.5480     7.1634   4.185E+02    29     0    189
3d3(4F)4d_5Fe[2]           5.0     357860.3810     7.1580   4.188E+02    29     0    190
3d3(4F)4d_5Fe[3]           7.0     358219.9410     7.1473   4.195E+02    29     0    191
3d3(4F)4d_3De[1]           3.0     358318.0360     7.1443   4.196E+02    30     0    192
3d3(4F)4d_5Pe[3]           7.0     358352.9780     7.1433   4.197E+02    29     0    193
3d3(4F)4d_5He[7]          15.0     358377.9420     7.1425   4.197E+02    29     0    194
3d3(4F)4d_5Ge[2]           5.0     358555.0760     7.1372   4.200E+02    29     0    195
3d3(4F)4d_5Fe[4]           9.0     358684.7770     7.1333   4.203E+02    29     0    196
3d3(4F)4d_3De[2]           5.0     358709.5670     7.1326   4.203E+02    30     0    197
3d3(4F)4d_5Ge[3]           7.0     359004.7590     7.1237   4.208E+02    29     0    198
3d3(4F)4d_5Fe[5]          11.0     359277.3540     7.1156   4.213E+02    29     0    199
3d3(4F)4d_3De[3]           7.0     359442.9450     7.1106   4.216E+02    30     0    200
3d3(4F)4d_5Ge[4]           9.0     359494.6880     7.1090   4.217E+02    29     0    201
3d3(4F)4d_5Ge[5]          11.0     360012.6390     7.0935   4.226E+02    29     0    202
3d3(4F)4d_5Ge[6]          13.0     360449.3300     7.0804   4.234E+02    29     0    203
3d3(4F)4d_3Pe[0]           1.0     363844.8660     6.9786   4.296E+02    30     0    204
3d3(4F)4d_3He[4]           9.0     364172.4420     6.9688   4.302E+02    30     0    205
3d3(4F)4d_3Pe[1]           3.0     364282.8020     6.9655   4.304E+02    30     0    206
3d3(4F)4d_3Ge[3]           7.0     364860.2750     6.9482   4.315E+02    30     0    207
3d3(4F)4d_3He[5]          11.0     364908.8420     6.9467   4.316E+02    30     0    208
3d3(4F)4d_3Pe[2]           5.0     365193.4610     6.9382   4.321E+02    30     0    209
3d3(4F)4d_3Ge[4]           9.0     365576.3040     6.9267   4.328E+02    30     0    210
3d3(4F)4d_3He[6]          13.0     365788.1450     6.9204   4.332E+02    30     0    211
3d3(4F)4d_3Fe[2]           5.0     365958.3490     6.9153   4.335E+02    30     0    212
3d3(4F)4d_3Ge[5]          11.0     366441.8710     6.9008   4.344E+02    30     0    213
3d3(4F)4d_3Fe[3]           7.0     366452.4940     6.9005   4.345E+02    30     0    214
3d3(4F)4d_3Fe[4]           9.0     367032.4570     6.8831   4.356E+02    30     0    215
3d3(4F)4d_5De[0]           1.0     368555.8740     6.8374   4.385E+02    29     0    216
3d3(4F)4d_5De[1]           3.0     368675.5270     6.8338   4.387E+02    29     0    217
3d3(4F)4d_5De[2]           5.0     368912.7970     6.8267   4.391E+02    29     0    218
3d3(4F)4d_5De[3]           7.0     369261.2870     6.8163   4.398E+02    29     0    219
3d3(4F)4d_5De[4]           9.0     369713.2190     6.8027   4.407E+02    29     0    220
3d3(4P)4d_5Fe[1]           3.0     377300.4640     6.5752   4.559E+02    29     0    221
3d3(4P)4d_5Fe[2]           5.0     377414.6430     6.5718   4.562E+02    29     0    222
3d3(4P)4d_5Fe[3]           7.0     377600.5940     6.5662   4.566E+02    29     0    223
3d3(4P)4d_3De[1]           3.0     377873.7990     6.5581   4.571E+02    30     0    224
3d3(4P)4d_5Fe[4]           9.0     377956.1400     6.5556   4.573E+02    29     0    225
3d3(4P)4d_3De[2]           5.0     378114.3600     6.5508   4.576E+02    30     0    226
3d3(2G)4d_1Fe[3]           7.0     378117.7890     6.5507   4.576E+02    31     0    227
3d3(4P)4d_3De[3]           7.0     378244.1250     6.5470   4.579E+02    30     0    228
3d3(4P)4d_5Fe[5]          11.0     378373.5390     6.5431   4.582E+02    29     0    229
3d3(2G)4d_3Ie[5]          11.0     378391.6790     6.5425   4.582E+02    30     0    230
3d3(2G)4d_3Ie[6]          13.0     378908.4360     6.5270   4.593E+02    30     0    231
3d3(2G)4d_1He[5]          11.0     379259.2970     6.5165   4.600E+02    31     0    232
3d3(2G)4d_3Ge[4]           9.0     379372.0310     6.5131   4.603E+02    30     0    233
3d3(2G)4d_3Ie[7]          15.0     379512.2920     6.5089   4.606E+02    30     0    234
3d3(2G)4d_3Ge[3]           7.0     379515.9290     6.5088   4.606E+02    30     0    235
3d3(2G)4d_3Ge[5]          11.0     379682.5650     6.5038   4.609E+02    30     0    236
3d3(4P)4d_5Pe[3]           7.0     380056.9910     6.4926   4.617E+02    29     0    237
3d3(2G)4d_3He[4]           9.0     380077.5220     6.4920   4.618E+02    30     0    238
3d3(4P)4d_5Pe[2]           5.0     380168.1910     6.4893   4.620E+02    29     0    239
3d3(4P)4d_5Pe[1]           3.0     380304.3770     6.4852   4.623E+02    29     0    240
3d3(2G)4d_3He[5]          11.0     380571.9230     6.4772   4.628E+02    30     0    241
3d3(2G)4d_3He[6]          13.0     381033.7530     6.4633   4.638E+02    30     0    242
3d3(2P)4d_3Fe[2]           5.0     381717.4720     6.4428   4.653E+02    30     0    243
3d3(2P)4d_1Pe[1]           3.0     381874.6330     6.4381   4.657E+02    31     0    244
3d3(2G)4d_1De[2]           5.0     382212.7380     6.4280   4.664E+02    31     0    245
3d3(2P)4d_3Fe[3]           7.0     382215.1260     6.4279   4.664E+02    30     0    246
3d3(2G)4d_3De[3]           7.0     382500.3880     6.4194   4.670E+02    30     0    247
3d3(2G)4d_3De[2]           5.0     382689.0210     6.4137   4.674E+02    30     0    248
3d3(2P)4d_3Fe[4]           9.0     382777.0590     6.4111   4.676E+02    30     0    249
3d3(2G)4d_3De[1]           3.0     382945.3090     6.4060   4.680E+02    30     0    250
3d3(2P)4d_3De[1]           3.0     383570.7390     6.3873   4.694E+02    30     0    251
3d3(2G)4d_1Ie[6]          13.0     383630.9020     6.3855   4.695E+02    31     0    252
3d3(4P)4d_3Fe[3]           7.0     383765.7070     6.3814   4.698E+02    30     0    253
3d3(4P)4d_3Fe[4]           9.0     383778.4280     6.3810   4.698E+02    30     0    254
3d3(2P)4d_3De[2]           5.0     384081.9250     6.3719   4.705E+02    30     0    255
3d3(4P)4d_3Fe[2]           5.0     384236.3090     6.3673   4.708E+02    30     0    256
3d3(2D)4d_3Se[1]           3.0     384426.3260     6.3616   4.713E+02    30     0    257
3d3(2P)4d_1Fe[3]           7.0     384730.2250     6.3525   4.719E+02    31     0    258
3d3(2H)4d_3Ie[5]          11.0     384986.4710     6.3448   4.725E+02    30     0    259
3d3(4P)4d_3Pe[1]           3.0     385137.6560     6.3403   4.728E+02    30     0    260
3d3(4P)4d_3Pe[0]           1.0     385206.1140     6.3382   4.730E+02    30     0    261
3d3(2H)4d_3Ie[6]          13.0     385212.3490     6.3381   4.730E+02    30     0    262
3d3(4P)4d_3Pe[2]           5.0     385382.4510     6.3330   4.734E+02    30     0    263
3d3(2H)4d_3Ie[7]          15.0     385412.4590     6.3321   4.735E+02    30     0    264
3d3(2G)4d_1Ge[4]           9.0     385453.0150     6.3308   4.735E+02    31     0    265
3d3(2P)4d_3De[3]           7.0     385489.3180     6.3297   4.736E+02    30     0    266
3d3(2H)4d_1He[5]          11.0     385573.9320     6.3272   4.738E+02    31     0    267
3d3(4P)4d_5De[0]           1.0     385892.4500     6.3177   4.745E+02    29     0    268
3d3(4P)4d_5De[1]           3.0     385895.7840     6.3176   4.745E+02    29     0    269
3d3(4P)4d_5De[2]           5.0     386076.3020     6.3122   4.749E+02    29     0    270
3d3(4P)4d_5De[3]           7.0     386331.0890     6.3045   4.755E+02    29     0    271
3d3(4P)4d_5De[4]           9.0     386570.7200     6.2973   4.761E+02    29     0    272
3d3(2D)4d_3Ge[3]           7.0     386866.9450     6.2884   4.767E+02    30     0    273
3d3(2D)4d_3Ge[4]           9.0     386920.4470     6.2868   4.769E+02    30     0    274
3d3(2D)4d_3Ge[5]          11.0     387214.0800     6.2780   4.775E+02    30     0    275
3d3(2D)4d_1Pe[1]           3.0     387475.7040     6.2702   4.781E+02    31     0    276
3d3(2D)4d_3Fe[2]           5.0     387818.4870     6.2599   4.789E+02    30     0    277
3d3(2H)4d_3Ke[6]          13.0     388245.7120     6.2471   4.799E+02    30     0    278
3d3(2D)4d_3Fe[3]           7.0     388296.3420     6.2456   4.800E+02    30     0    279
3d3(2H)4d_3Ke[7]          15.0     388530.9530     6.2386   4.805E+02    30     0    280
3d3(4P)4d_3Pbe[2]          5.0     388833.2720     6.2295   4.812E+02    30     0    281
3d3(2H)4d_3Ke[8]          17.0     388929.4060     6.2266   4.815E+02    30     0    282
3d3(2D)4d_3Fe[4]           9.0     388934.6210     6.2265   4.815E+02    30     0    283
3d3(2P)4d_3Pe[1]           3.0     389884.7640     6.1980   4.837E+02    30     0    284
3d3(2D)4d_1De[2]           5.0     390050.4230     6.1930   4.841E+02    31     0    285
3d3(2P)4d_3Pe[0]           1.0     390313.4380     6.1851   4.847E+02    30     0    286
3d3(2H)4d_1Fe[3]           7.0     390367.3560     6.1835   4.848E+02    31     0    287
3d3(2H)4d_1Ge[4]           9.0     390504.4660     6.1794   4.851E+02    31     0    288
3d3(2H)4d_1Ke[7]          15.0     390517.5960     6.1790   4.852E+02    31     0    289
3d3(4F)5s_5Fe[1]           3.0     393976.9770     6.0753   4.935E+02    32     0    290
3d3(4F)5s_5Fe[2]           5.0     394255.7400     6.0669   4.941E+02    32     0    291
3d3(4F)5s_5Fe[3]           7.0     394703.8480     6.0535   4.952E+02    32     0    292
3d3(2H)4d_3Ge[3]           7.0     395050.0790     6.0431   4.961E+02    33     0    293
3d3(2H)4d_3Fe[2]           5.0     395221.9990     6.0380   4.965E+02    33     0    294
3d3(4F)5s_5Fe[4]           9.0     395321.3190     6.0350   4.968E+02    32     0    295
3d3(2H)4d_3Ge[4]           9.0     395425.0740     6.0319   4.970E+02    33     0    296
3d3(2H)4d_3Fe[3]           7.0     395587.0130     6.0270   4.974E+02    33     0    297
3d3(2H)4d_3Fe[4]           9.0     395991.3710     6.0149   4.984E+02    33     0    298
3d3(2H)4d_3Ge[5]          11.0     396071.8310     6.0125   4.986E+02    33     0    299
3d3(4F)5s_5Fe[5]          11.0     396108.6260     6.0114   4.987E+02    32     0    300
3d3(4F)5s_3Fe[2]           5.0     396237.8750     6.0075   4.990E+02    33     0    301
3d3(4F)5s_3Fe[3]           7.0     396839.0040     5.9895   5.005E+02    33     0    302
3d3(4F)5s_3Fe[4]           9.0     397429.8590     5.9718   5.020E+02    33     0    303
3d3(2D)4d_3De[3]           7.0     398708.1150     5.9335   5.053E+02    33     0    304
3d3(4F)5s_3Fbe[2]          5.0     398774.3220     5.9315   5.054E+02    33     0    305
3d3(2H)4d_3He[4]           9.0     399061.1520     5.9229   5.062E+02    33     0    306
3d3(4F)5s_3Fbe[3]          7.0     399138.7700     5.9205   5.064E+02    33     0    307
3d3(2D)4d_3De[2]           5.0     399165.9070     5.9197   5.064E+02    33     0    308
3d3(2H)4d_3He[5]          11.0     399296.1660     5.9158   5.068E+02    33     0    309
3d3(2D)4d_3Pe[0]           1.0     399388.5160     5.9131   5.070E+02    33     0    310
3d3(2D)4d_3De[1]           3.0     399395.3510     5.9129   5.070E+02    33     0    311
3d3(2H)4d_3He[6]          13.0     399454.7360     5.9111   5.072E+02    33     0    312
3d3(4F)5s_3Fbe[4]          9.0     399558.4320     5.9080   5.074E+02    33     0    313
3d3(2F)4d_1Fe[3]           7.0     400063.6900     5.8928   5.087E+02    31     0    314
3d3(2D)4d_3Pe[1]           3.0     400191.1660     5.8890   5.091E+02    33     0    315
3d3(2D)4d_3Pe[2]           5.0     401237.7230     5.8576   5.118E+02    33     0    316
3d3(2P)4d_1De[2]           5.0     402460.5410     5.8210   5.150E+02    31     0    317
3d3(2G)4d_1Gbe[4]          9.0     405349.5620     5.7344   5.228E+02    31     0    318
3d3(2F)4d_1Pe[1]           3.0     406164.2530     5.7099   5.250E+02    31     0    319
3d3(2F)4d_1He[5]          11.0     406720.0350     5.6933   5.266E+02    31     0    320
3d3(2H)4d_1Ie[6]          13.0     407206.8000     5.6787   5.279E+02    31     0    321
3d3(2F)4d_3He[5]          11.0     408147.2090     5.6505   5.306E+02    33     0    322
3d3(2F)4d_3He[4]           9.0     408186.6940     5.6493   5.307E+02    33     0    323
3d3(2F)4d_3He[6]          13.0     408217.9180     5.6484   5.308E+02    33     0    324
3d3(2D)4d_1Se[0]           1.0     409701.6240     5.6039   5.350E+02    31     0    325
3d3(2F)4d_3Ge[3]           7.0     409888.0950     5.5983   5.355E+02    33     0    326
3d3(2F)4d_3Ge[4]           9.0     409926.7960     5.5971   5.356E+02    33     0    327
3d3(2F)4d_3Ge[5]          11.0     409986.0030     5.5954   5.358E+02    33     0    328
3d3(2F)4d_3De[1]           3.0     410186.7450     5.5893   5.364E+02    33     0    329
3d3(2F)4d_3De[2]           5.0     410186.8900     5.5893   5.364E+02    33     0    330
3d3(2F)4d_3De[3]           7.0     410234.5550     5.5879   5.365E+02    33     0    331
3d3(2F)4d_3Fe[2]           5.0     411186.4950     5.5594   5.393E+02    33     0    332
3d3(2F)4d_3Fe[3]           7.0     411305.3190     5.5558   5.396E+02    33     0    333
3d3(2F)4d_3Fe[4]           9.0     411397.0280     5.5531   5.399E+02    33     0    334
3d3(4P)5s_5Pe[1]           3.0     413161.6400     5.5002   5.451E+02    32     0    335
3d3(4P)5s_5Pe[2]           5.0     413360.5000     5.4942   5.457E+02    32     0    336
3d3(4P)5s_5Pe[3]           7.0     413989.4250     5.4753   5.475E+02    32     0    337
3d3(4P)5s_3Pe[0]           1.0     415215.7120     5.4386   5.512E+02    33     0    338
3d3(4P)5s_3Pe[1]           3.0     415360.3550     5.4342   5.517E+02    33     0    339
3d3(2F)4d_1Fbe[3]          7.0     415470.9030     5.4309   5.520E+02    31     0    340
3d3(2G)5s_3Ge[3]           7.0     415524.0110     5.4293   5.522E+02    33     0    341
3d3(2G)5s_3Ge[4]           9.0     415726.0540     5.4233   5.528E+02    33     0    342
3d3(4P)5s_3Pe[2]           5.0     416022.8820     5.4144   5.537E+02    33     0    343
3d3(2G)5s_3Ge[5]          11.0     416243.1130     5.4078   5.544E+02    33     0    344
3d3(2G)5s_1Ge[4]           9.0     416992.2980     5.3853   5.567E+02    34     0    345
3d3(2F)4d_1De[2]           5.0     418919.7210     5.3275   5.627E+02    34     0    346
3d3(2F)4d_3Pe[2]           5.0     419993.3380     5.2953   5.661E+02    33     0    347
3d3(2P)5s_3Pe[1]           3.0     420003.3600     5.2950   5.662E+02    33     0    348
3d3(2P)5s_3Pe[0]           1.0     420040.4410     5.2939   5.663E+02    33     0    349
3d3(2F)4d_3Pe[1]           3.0     420586.4530     5.2776   5.681E+02    33     0    350
3d3(2F)4d_3Pe[0]           1.0     420619.5600     5.2766   5.682E+02    33     0    351
3d3(2P)5s_3Pe[2]           5.0     420687.1280     5.2745   5.684E+02    33     0    352
3d3(4F)5p_5Go[2]           5.0     421017.3280     5.2646   5.694E+02    35     0    353
3d3(2P)5s_1Pe[1]           3.0     421316.4200     5.2557   5.704E+02    34     0    354
3d3(4F)5p_5Go[3]           7.0     421497.6560     5.2502   5.710E+02    35     0    355
3d3(4F)5p_5Fo[1]           3.0     422057.9080     5.2334   5.728E+02    35     0    356
3d3(2F)4d_1Ge[4]           9.0     422106.4540     5.2320   5.730E+02    34     0    357
3d3(4F)5p_5Go[4]           9.0     422116.2360     5.2317   5.730E+02    35     0    358
3d3(4F)5p_5Do[0]           1.0     422328.7790     5.2253   5.737E+02    35     0    359
3d3(4F)5p_5Do[1]           3.0     422451.7310     5.2216   5.741E+02    35     0    360
3d3(4F)5p_5Fo[2]           5.0     422487.4470     5.2206   5.743E+02    35     0    361
3d3(4F)5p_5Fbo[2]          5.0     422710.5720     5.2139   5.750E+02    35     0    362
3d3(4F)5p_5Go[5]          11.0     422859.0940     5.2094   5.755E+02    35     0    363
3d3(4F)5p_5Do[3]           7.0     423107.3470     5.2020   5.763E+02    35     0    364
3d3(4F)5p_5Fo[3]           7.0     423111.6490     5.2019   5.763E+02    35     0    365
3d3(2H)5s_3He[4]           9.0     423242.2220     5.1979   5.768E+02    33     0    366
3d3(2D)5s_3De[2]           5.0     423402.9350     5.1931   5.773E+02    33     0    367
3d3(2H)5s_3He[5]          11.0     423411.5380     5.1929   5.773E+02    33     0    368
3d3(4F)5p_3Do[1]           3.0     423412.8920     5.1928   5.773E+02    36     0    369
3d3(2D)5s_3De[1]           3.0     423546.4240     5.1888   5.778E+02    33     0    370
3d3(2D)5s_3De[3]           7.0     423599.3660     5.1872   5.779E+02    33     0    371
3d3(4F)5p_5Fo[4]           9.0     423665.9000     5.1852   5.782E+02    35     0    372
3d3(4F)5p_5Go[6]          13.0     423714.0760     5.1838   5.783E+02    35     0    373
3d3(2H)5s_3He[6]          13.0     423754.4390     5.1826   5.785E+02    33     0    374
3d3(4F)5p_5Do[4]           9.0     423892.0110     5.1785   5.789E+02    35     0    375
3d3(4F)5p_3Do[2]           5.0     424012.8050     5.1748   5.793E+02    36     0    376
3d3(4F)5p_3Go[3]           7.0     424194.5900     5.1694   5.799E+02    36     0    377
3d3(4F)5p_5Fo[5]          11.0     424374.1450     5.1640   5.805E+02    35     0    378
3d3(2H)5s_1He[5]          11.0     424741.1710     5.1530   5.818E+02    34     0    379
3d3(2D)5s_1De[2]           5.0     424817.5470     5.1507   5.820E+02    34     0    380
3d3(4F)5p_3Go[4]           9.0     424910.4770     5.1479   5.824E+02    36     0    381
3d3(4F)5p_3Do[3]           7.0     424961.4460     5.1464   5.825E+02    36     0    382
3d3(4F)5p_3Fo[2]           5.0     425184.7450     5.1397   5.833E+02    36     0    383
3d3(4F)5p_3Go[5]          11.0     425802.8910     5.1212   5.854E+02    36     0    384
3d3(4F)5p_3Fo[3]           7.0     425967.8650     5.1162   5.860E+02    36     0    385
3d3(4F)5p_3Fo[4]           9.0     426673.1910     5.0951   5.884E+02    36     0    386
3d2(3F)4s2_3Fe[2]          5.0     429504.1610     5.0102   5.984E+02    33     0    387
3d3(4F)4f_5Io[4]           9.0     429707.7450     5.0041   5.991E+02    35     0    388
3d3(4F)4f_5Io[5]          11.0     430049.4760     4.9939   6.003E+02    35     0    389
3d3(2D)4d_3Dbe[3]          7.0     430382.5570     4.9839   6.015E+02    33     0    390
3d3(2D)4d_3Dbe[2]          5.0     430405.3710     4.9832   6.016E+02    33     0    391
3d3(4F)4f_5So[2]           5.0     430410.2420     4.9831   6.016E+02    35     0    392
3d3(2D)4d_3Dbe[1]          3.0     430416.7190     4.9829   6.016E+02    33     0    393
3d3(2D)4d_1Fe[3]           7.0     430467.1260     4.9813   6.018E+02    34     0    394
3d3(4F)4f_5Io[6]          13.0     430498.3120     4.9804   6.019E+02    35     0    395
3d2(3F)4s2_3Fe[3]          7.0     430539.8860     4.9792   6.021E+02    33     0    396
3d3(4F)4f_5Ho[3]           7.0     430545.0420     4.9790   6.021E+02    35     0    397
3d3(4F)4f_5Ho[4]           9.0     430779.7850     4.9720   6.030E+02    35     0    398
3d3(4F)4f_5Go[2]           5.0     430880.5250     4.9690   6.033E+02    35     0    399
3d3(4F)4f_5Io[7]          15.0     431065.8800     4.9634   6.040E+02    35     0    400
3d3(4F)4f_5Ho[5]          11.0     431151.5590     4.9608   6.043E+02    35     0    401
3d3(4F)4f_5Go[3]           7.0     431235.4780     4.9583   6.046E+02    35     0    402
3d3(4F)4f_3Do[1]           3.0     431440.0250     4.9522   6.054E+02    36     0    403
3d3(4F)4f_3Do[2]           5.0     431496.7760     4.9505   6.056E+02    36     0    404
3d3(4F)4f_5Go[4]           9.0     431623.8710     4.9467   6.060E+02    35     0    405
3d3(4F)4f_5Po[3]           7.0     431652.7320     4.9458   6.062E+02    35     0    406
3d3(4F)4f_5Ho[6]          13.0     431694.7800     4.9445   6.063E+02    35     0    407
3d3(4F)4f_5Po[1]           3.0     431718.4850     4.9438   6.064E+02    35     0    408
3d3(4F)4f_5Io[8]          17.0     431751.1470     4.9429   6.065E+02    35     0    409
3d2(3F)4s2_3Fe[4]          9.0     431818.0850     4.9408   6.068E+02    33     0    410
3d3(2D)4d_3Gbe[5]         11.0     431950.8880     4.9369   6.073E+02    33     0    411
3d3(4F)4f_5Po[2]           5.0     431979.7330     4.9360   6.074E+02    35     0    412
3d3(4F)4f_5Go[5]          11.0     432092.0980     4.9326   6.078E+02    35     0    413
3d3(2D)4d_3Gbe[4]          9.0     432098.7190     4.9324   6.078E+02    33     0    414
3d3(2D)4d_3Gbe[3]          7.0     432213.2870     4.9290   6.082E+02    33     0    415
3d3(4F)4f_5Pbo[3]          7.0     432213.5840     4.9290   6.082E+02    35     0    416
3d3(4F)4f_3Po[0]           1.0     432344.7890     4.9251   6.087E+02    36     0    417
3d3(4F)4f_3Io[5]          11.0     432397.4390     4.9235   6.089E+02    36     0    418
3d3(4F)4f_5Fo[1]           3.0     432430.8440     4.9225   6.090E+02    35     0    419
3d3(4F)4f_3Fo[2]           5.0     432442.4970     4.9221   6.091E+02    36     0    420
3d3(4F)4f_5Ho[7]          15.0     432458.0410     4.9217   6.091E+02    35     0    421
3d3(4F)4f_3Po[1]           3.0     432571.5830     4.9183   6.096E+02    36     0    422
3d3(4F)4f_5Fo[3]           7.0     432620.9760     4.9168   6.097E+02    35     0    423
3d3(4F)4f_5Go[6]          13.0     432628.1780     4.9166   6.098E+02    35     0    424
3d3(4F)4f_3Fo[4]           9.0     432710.2620     4.9141   6.101E+02    36     0    425
3d3(4F)4f_5Fo[2]           5.0     432823.1050     4.9107   6.105E+02    35     0    426
3d3(4F)4f_3Ho[4]           9.0     432946.0310     4.9070   6.109E+02    36     0    427
3d3(4F)4f_5Do[0]           1.0     433054.4810     4.9038   6.113E+02    35     0    428
3d3(4F)4f_3Io[6]          13.0     433205.1480     4.8993   6.119E+02    36     0    429
3d3(4F)4f_5Do[1]           3.0     433261.2560     4.8976   6.121E+02    35     0    430
3d3(4F)4f_3Fo[3]           7.0     433271.8180     4.8973   6.122E+02    36     0    431
3d3(4F)4f_3Po[2]           5.0     433273.7950     4.8972   6.122E+02    36     0    432
3d3(4F)4f_3Fbo[4]          9.0     433370.4070     4.8943   6.125E+02    36     0    433
3d3(2D)4d_3Sbe[1]          3.0     433458.6150     4.8917   6.129E+02    33     0    434
3d3(4F)4f_3Ho[5]          11.0     433681.8290     4.8850   6.137E+02    36     0    435
3d3(2D)4d_3Sce[1]          3.0     433685.3950     4.8849   6.137E+02    33     0    436
3d3(4F)4f_5Fo[5]          11.0     433704.1800     4.8843   6.138E+02    35     0    437
3d3(4F)4f_5Do[2]           5.0     433725.9570     4.8837   6.139E+02    35     0    438
3d3(4F)4f_5Do[3]           7.0     433934.5900     4.8774   6.147E+02    35     0    439
3d3(4F)4f_5Do[4]           9.0     434045.7280     4.8741   6.151E+02    35     0    440
3d3(4F)4f_3Io[7]          15.0     434152.7670     4.8709   6.155E+02    36     0    441
3d3(4F)4f_3Go[3]           7.0     434170.7860     4.8703   6.156E+02    36     0    442
3d3(4F)4f_3So[1]           3.0     434235.6920     4.8684   6.158E+02    36     0    443
3d3(4F)4f_3Ho[6]          13.0     434575.7820     4.8582   6.171E+02    36     0    444
3d3(4F)4f_3Go[4]           9.0     434754.8410     4.8528   6.178E+02    36     0    445
3d3(4F)4f_3Go[5]          11.0     435216.0440     4.8390   6.195E+02    36     0    446
3d3(2D)4d_3Fbe[4]          9.0     436811.2480     4.7912   6.257E+02    37     0    447
3d3(2D)4d_3Fbe[3]          7.0     436959.4150     4.7867   6.263E+02    37     0    448
3d3(2D)4d_3Fbe[2]          5.0     437023.9360     4.7848   6.266E+02    37     0    449
3d3(2D)4d_3Pbe[2]          5.0     438145.0610     4.7512   6.310E+02    37     0    450
3d3(2D)4d_3Pbe[1]          3.0     438410.3340     4.7432   6.320E+02    37     0    451
3d3(2D)4d_3Pbe[0]          1.0     438545.9200     4.7392   6.326E+02    37     0    452
3d3(2D)4d_1Ge[4]           9.0     439410.4820     4.7132   6.361E+02    34     0    453
3d3(4P)5p_5Po[1]           3.0     440071.2760     4.6934   6.388E+02    35     0    454
3d3(4P)5p_5Do[0]           1.0     440380.2650     4.6842   6.400E+02    35     0    455
3d3(4P)5p_5Po[2]           5.0     440457.9420     4.6818   6.403E+02    35     0    456
3d3(4P)5p_5Do[1]           3.0     440510.7280     4.6802   6.405E+02    35     0    457
3d3(4P)5p_5Do[2]           5.0     440751.9520     4.6730   6.415E+02    35     0    458
3d3(4P)5p_5Po[3]           7.0     440850.1830     4.6701   6.419E+02    35     0    459
3d3(2F)5s_3Fe[4]           9.0     441050.5870     4.6641   6.428E+02    37     0    460
3d3(2F)5s_3Fe[3]           7.0     441198.2020     4.6596   6.434E+02    37     0    461
3d3(2F)5s_3Fe[2]           5.0     441350.3640     4.6551   6.440E+02    37     0    462
3d3(4P)5p_5Do[3]           7.0     441378.1620     4.6542   6.441E+02    35     0    463
3d3(4P)5p_3Po[0]           1.0     441404.1280     4.6535   6.442E+02    36     0    464
3d3(4P)5p_3Po[2]           5.0     441586.1280     4.6480   6.450E+02    36     0    465
3d3(4P)5p_3Po[1]           3.0     441606.2550     4.6474   6.451E+02    36     0    466
3d3(4P)5p_5Do[4]           9.0     442042.5180     4.6343   6.469E+02    35     0    467
3d3(2F)5s_1Fe[3]           7.0     442296.6050     4.6267   6.480E+02    34     0    468
3d3(2G)5p_3Ho[4]           9.0     442644.1870     4.6163   6.494E+02    36     0    469
3d3(2G)5p_3Go[3]           7.0     443028.2190     4.6048   6.510E+02    36     0    470
3d3(2G)5p_3Ho[5]          11.0     443268.9860     4.5976   6.521E+02    36     0    471
3d3(4P)5p_5So[2]           5.0     443419.3930     4.5930   6.527E+02    35     0    472
3d3(2G)5p_3Go[4]           9.0     443524.3610     4.5899   6.532E+02    36     0    473
3d3(4P)5p_3Do[1]           3.0     443714.0060     4.5842   6.540E+02    36     0    474
3d3(2G)5p_3Go[5]          11.0     443915.4440     4.5782   6.548E+02    36     0    475
3d3(4P)5p_3Do[2]           5.0     443918.3940     4.5781   6.548E+02    36     0    476
3d3(2G)5p_1Go[4]           9.0     444090.0730     4.5729   6.556E+02    38     0    477
3d3(2G)5p_3Ho[6]          13.0     444116.6220     4.5721   6.557E+02    36     0    478
3d3(2G)5p_3Fo[3]           7.0     444194.9680     4.5698   6.560E+02    36     0    479
3d3(4P)5p_3Do[3]           7.0     444269.2580     4.5676   6.563E+02    36     0    480
3d3(2G)5p_3Fo[2]           5.0     444280.6170     4.5672   6.564E+02    36     0    481
3d3(2G)5p_3Fo[4]           9.0     444893.5050     4.5489   6.591E+02    36     0    482
3d3(2G)5p_1Ho[5]          11.0     445046.0790     4.5443   6.597E+02    38     0    483
3d3(2G)5p_1Fo[3]           7.0     445520.6770     4.5301   6.618E+02    38     0    484
3d2(1D)4s2_1De[2]          5.0     446399.9830     4.5037   6.657E+02    34     0    485
3d3(4P)5p_3So[1]           3.0     446790.9520     4.4920   6.674E+02    36     0    486
3d3(2P)5p_1So[0]           1.0     446898.2590     4.4888   6.679E+02    38     0    487
3d3(2P)5p_3Po[0]           1.0     447456.7540     4.4720   6.704E+02    36     0    488
3d3(2P)5p_3Po[1]           3.0     447495.0430     4.4709   6.705E+02    36     0    489
3d3(2P)5p_3Do[2]           5.0     447755.8990     4.4630   6.717E+02    36     0    490
3d3(2P)5p_3Do[1]           3.0     447869.9260     4.4596   6.722E+02    36     0    491
3d3(2D)4d_1Dbe[2]          5.0     448275.3110     4.4475   6.741E+02    34     0    492
3d3(2P)5p_3Dbo[2]          5.0     448379.6450     4.4443   6.745E+02    36     0    493
3d3(2P)5p_3Do[3]           7.0     448437.3000     4.4426   6.748E+02    36     0    494
3d3(2P)5p_3So[1]           3.0     448700.5350     4.4347   6.760E+02    36     0    495
3d2(3P)4s2_3Pe[0]          1.0     448948.2850     4.4273   6.771E+02    37     0    496
3d3(2P)5p_3Po[2]           5.0     449002.9180     4.4257   6.774E+02    36     0    497
3d3(4P)4f_5Fo[1]           3.0     449279.8780     4.4174   6.787E+02    35     0    498
3d3(4P)4f_5Fo[2]           5.0     449299.4180     4.4168   6.788E+02    35     0    499
3d3(4P)4f_5Fo[3]           7.0     449326.4030     4.4160   6.789E+02    35     0    500
3d2(3P)4s2_3Pe[1]          3.0     449330.7080     4.4158   6.789E+02    37     0    501
3d3(4P)4f_5Fo[4]           9.0     449365.0860     4.4148   6.791E+02    35     0    502
3d3(4P)4f_5Fo[5]          11.0     449428.8750     4.4129   6.794E+02    35     0    503
3d3(4P)4f_3Fo[2]           5.0     449535.5190     4.4097   6.798E+02    36     0    504
3d3(4P)4f_3Fo[3]           7.0     449667.8140     4.4057   6.805E+02    36     0    505
3d3(2P)5p_1Po[1]           3.0     449720.2120     4.4042   6.807E+02    38     0    506
3d3(2H)5p_3Ho[4]           9.0     449746.0430     4.4034   6.808E+02    36     0    507
3d3(4P)4f_3Fo[4]           9.0     449749.3910     4.4033   6.808E+02    36     0    508
3d3(4P)4f_5Go[2]           5.0     449868.3380     4.3997   6.814E+02    35     0    509
3d3(2H)5p_3Ho[5]          11.0     449954.7570     4.3971   6.818E+02    36     0    510
3d3(4P)4f_5Go[3]           7.0     450027.9760     4.3949   6.821E+02    35     0    511
3d3(4P)4f_5Go[4]           9.0     450174.9090     4.3905   6.828E+02    35     0    512
3d2(3P)4s2_3Pe[2]          5.0     450243.9600     4.3885   6.831E+02    37     0    513
3d3(2H)5p_3Ho[6]          13.0     450252.4560     4.3882   6.832E+02    36     0    514
3d3(4P)4f_5Go[5]          11.0     450347.5850     4.3853   6.836E+02    35     0    515
3d3(4P)4f_5Go[6]          13.0     450545.9220     4.3794   6.846E+02    35     0    516
3d3(2D)5p_3Fo[2]           5.0     450750.8300     4.3733   6.855E+02    36     0    517
3d3(2H)5p_3Io[5]          11.0     450821.1660     4.3711   6.858E+02    36     0    518
3d3(2D)5p_3Fo[3]           7.0     450991.6100     4.3660   6.866E+02    36     0    519
3d3(4P)4f_5Do[4]           9.0     451037.2520     4.3647   6.869E+02    35     0    520
3d3(2D)5p_3Po[2]           5.0     451215.1970     4.3593   6.877E+02    36     0    521
3d3(4P)4f_5Do[3]           7.0     451218.2960     4.3592   6.877E+02    35     0    522
3d3(2D)5p_3Do[1]           3.0     451251.6730     4.3582   6.879E+02    39     0    523
3d3(2H)5p_3Io[6]          13.0     451323.0030     4.3561   6.882E+02    36     0    524
3d3(4P)4f_5Do[2]           5.0     451370.2430     4.3547   6.884E+02    35     0    525
3d3(2G)4f_3Ko[6]          13.0     451463.9870     4.3519   6.889E+02    36     0    526
3d3(4P)4f_5Do[1]           3.0     451479.3540     4.3514   6.890E+02    35     0    527
3d3(2D)5p_3Fo[4]           9.0     451510.2830     4.3505   6.891E+02    36     0    528
3d3(2H)5p_1Ho[5]          11.0     451527.6220     4.3500   6.892E+02    38     0    529
3d3(4P)4f_5Do[0]           1.0     451535.4950     4.3497   6.892E+02    35     0    530
3d3(2G)4f_1Io[6]          13.0     451689.1130     4.3451   6.900E+02    38     0    531
3d3(2G)4f_3Ho[4]           9.0     451713.1010     4.3444   6.901E+02    36     0    532
3d3(4P)4f_3Go[3]           7.0     451742.7760     4.3435   6.902E+02    36     0    533
3d3(2G)4f_3Ko[7]          15.0     451780.0590     4.3424   6.904E+02    36     0    534
3d3(2G)4f_3Io[5]          11.0     451788.5230     4.3421   6.904E+02    36     0    535
3d3(2D)5p_3Po[0]           1.0     451908.4080     4.3386   6.910E+02    36     0    536
3d3(2H)5p_3Io[7]          15.0     451911.2110     4.3385   6.910E+02    36     0    537
3d3(2G)4f_3Ho[5]          11.0     451949.0830     4.3373   6.912E+02    36     0    538
3d3(2D)5p_3Po[1]           3.0     451961.5840     4.3370   6.913E+02    36     0    539
3d3(4P)4f_3Go[4]           9.0     452047.0950     4.3344   6.917E+02    36     0    540
3d3(2D)5p_3Do[2]           5.0     452077.9440     4.3335   6.918E+02    39     0    541
3d3(2D)5p_1Fo[3]           7.0     452152.0320     4.3313   6.922E+02    38     0    542
3d3(2G)4f_3Ko[8]          17.0     452275.5280     4.3275   6.928E+02    36     0    543
3d3(2G)4f_3Io[6]          13.0     452321.6760     4.3262   6.930E+02    36     0    544
3d3(4P)4f_3Go[5]          11.0     452397.6830     4.3239   6.933E+02    36     0    545
3d3(2G)4f_3Ho[6]          13.0     452416.0300     4.3233   6.934E+02    36     0    546
3d3(2G)4f_3Go[3]           7.0     452432.2640     4.3228   6.935E+02    36     0    547
3d3(2H)5p_1Go[4]           9.0     452459.3010     4.3220   6.936E+02    38     0    548
3d3(2G)4f_3Io[7]          15.0     452562.0740     4.3190   6.941E+02    36     0    549
3d3(2G)4f_3Gbo[3]          7.0     452564.4320     4.3189   6.941E+02    36     0    550
3d3(2H)5p_1Io[6]          13.0     452663.6560     4.3159   6.946E+02    38     0    551
3d3(2G)4f_3Go[4]           9.0     452676.6930     4.3155   6.947E+02    36     0    552
3d3(4P)4f_3Do[3]           7.0     452749.7530     4.3133   6.950E+02    36     0    553
3d3(2G)4f_1Do[2]           5.0     452825.9450     4.3110   6.954E+02    38     0    554
3d3(2H)5p_3Go[3]           7.0     452846.6830     4.3104   6.955E+02    36     0    555
3d3(4P)4f_3Do[2]           5.0     452875.3490     4.3096   6.956E+02    36     0    556
3d3(4P)4f_3Do[1]           3.0     452918.5810     4.3083   6.959E+02    36     0    557
3d3(2H)5p_3Go[5]          11.0     452980.1040     4.3064   6.962E+02    36     0    558
3d3(4P)4f_3Dbo[3]          7.0     453043.0420     4.3045   6.965E+02    36     0    559
3d3(2G)4f_3Po[0]           1.0     453142.6980     4.3016   6.969E+02    36     0    560
3d3(2G)4f_3Po[1]           3.0     453157.2420     4.3011   6.970E+02    36     0    561
3d3(2G)4f_3Pbo[1]          3.0     453303.4770     4.2967   6.977E+02    36     0    562
3d3(4P)4f_3Gbo[5]         11.0     453311.0030     4.2965   6.978E+02    36     0    563
3d3(2G)4f_3Fo[2]           5.0     453311.5140     4.2965   6.978E+02    36     0    564
3d3(2H)5p_3Go[4]           9.0     453324.5070     4.2961   6.978E+02    36     0    565
3d3(2D)5p_1Do[2]           5.0     453489.8110     4.2911   6.986E+02    38     0    566
3d3(2G)4f_3Fo[3]           7.0     453599.3110     4.2879   6.992E+02    36     0    567
3d3(2G)4f_1Ho[5]          11.0     453658.6090     4.2861   6.995E+02    38     0    568
3d3(2G)4f_1Go[4]           9.0     453711.5490     4.2845   6.997E+02    38     0    569
3d3(2G)4f_3Po[2]           5.0     453775.6600     4.2826   7.000E+02    36     0    570
3d3(2G)4f_3Do[1]           3.0     453785.4400     4.2823   7.001E+02    36     0    571
3d3(2G)4f_1Ko[7]          15.0     453893.9840     4.2790   7.006E+02    38     0    572
3d3(2G)4f_3Fo[4]           9.0     453936.9510     4.2777   7.008E+02    36     0    573
3d3(2G)4f_3Do[2]           5.0     454078.5320     4.2735   7.015E+02    36     0    574
3d3(2G)4f_3Do[3]           7.0     454147.5660     4.2714   7.019E+02    36     0    575
3d3(2G)4f_1Po[1]           3.0     455077.6550     4.2435   7.065E+02    38     0    576
3d3(2P)4f_3Fo[2]           5.0     456290.1040     4.2072   7.126E+02    36     0    577
3d3(2P)4f_1Go[4]           9.0     456493.9510     4.2011   7.136E+02    38     0    578
3d3(2P)4f_3Fbo[2]          5.0     456610.3670     4.1976   7.142E+02    36     0    579
3d3(2P)4f_3Fo[3]           7.0     456800.1710     4.1919   7.152E+02    36     0    580
3d3(2P)4f_3Go[5]          11.0     456944.2450     4.1876   7.159E+02    36     0    581
3d3(2P)4f_3Go[4]           9.0     457017.4680     4.1854   7.163E+02    36     0    582
3d3(2P)4f_3Go[3]           7.0     457213.2170     4.1795   7.173E+02    36     0    583
3d3(2P)4f_3Do[1]           3.0     457347.8290     4.1755   7.180E+02    36     0    584
3d2(1G)4s2_1Ge[4]          9.0     457359.0980     4.1751   7.180E+02    34     0    585
3d3(2P)4f_3Do[2]           5.0     457479.1950     4.1715   7.187E+02    36     0    586
3d3(2P)4f_3Do[3]           7.0     457508.1770     4.1707   7.188E+02    36     0    587
3d3(2P)4f_3Fo[4]           9.0     457519.3630     4.1703   7.189E+02    36     0    588
3d3(2H)4f_3Ko[6]          13.0     458418.1050     4.1434   7.235E+02    36     0    589
3d3(2H)4f_3Ko[7]          15.0     458556.8600     4.1392   7.243E+02    36     0    590
3d3(2H)4f_3Ko[8]          17.0     458786.4070     4.1324   7.255E+02    36     0    591
3d3(2P)4f_1Fo[3]           7.0     458853.3970     4.1303   7.258E+02    38     0    592
3d3(2H)4f_1Ho[5]          11.0     459163.5360     4.1211   7.275E+02    38     0    593
3d3(2H)4f_3Io[5]          11.0     459269.4730     4.1179   7.280E+02    36     0    594
3d3(2H)4f_3Io[6]          13.0     459317.6170     4.1164   7.283E+02    36     0    595
3d3(2D)4f_3Ho[4]           9.0     459396.8290     4.1141   7.287E+02    36     0    596
3d3(2D)4f_1Do[2]           5.0     459435.2540     4.1129   7.289E+02    38     0    597
3d3(2D)4f_3Ho[5]          11.0     459605.2130     4.1078   7.298E+02    36     0    598
3d3(2D)4f_3Po[0]           1.0     459625.3880     4.1072   7.299E+02    36     0    599
3d3(2D)4f_3Po[1]           3.0     459668.1750     4.1059   7.301E+02    36     0    600
3d3(2H)4f_3Io[7]          15.0     459670.6760     4.1058   7.302E+02    36     0    601
3d3(2D)4f_3Ho[6]          13.0     459708.3480     4.1047   7.304E+02    36     0    602
3d3(2D)4f_3Po[2]           5.0     459773.0080     4.1028   7.307E+02    36     0    603
3d3(2H)4f_3Ho[4]           9.0     459879.3840     4.0996   7.313E+02    36     0    604
3d3(2H)4f_1Io[6]          13.0     459939.7700     4.0978   7.316E+02    38     0    605
3d3(2D)4f_3Go[4]           9.0     459967.6050     4.0969   7.317E+02    36     0    606
3d3(2H)4f_3Ho[5]          11.0     460145.6790     4.0916   7.327E+02    36     0    607
3d3(2H)4f_3Lo[7]          15.0     460149.5170     4.0915   7.327E+02    36     0    608
3d3(2H)4f_3Go[3]           7.0     460173.1630     4.0908   7.328E+02    36     0    609
3d3(2H)4f_3Lo[8]          17.0     460261.7460     4.0881   7.333E+02    36     0    610
3d3(2H)4f_3Ho[6]          13.0     460347.5780     4.0856   7.338E+02    36     0    611
3d3(2D)4f_3Go[5]          11.0     460369.7650     4.0849   7.339E+02    36     0    612
3d3(2H)4f_3Go[4]           9.0     460641.5070     4.0767   7.354E+02    36     0    613
3d3(2H)4f_3Lo[9]          19.0     460647.3230     4.0766   7.354E+02    36     0    614
3d3(2D)4f_3Do[3]           7.0     460787.3110     4.0724   7.362E+02    36     0    615
3d3(2H)4f_1Lo[8]          17.0     460886.8830     4.0694   7.367E+02    38     0    616
3d3(2H)4f_3Gbo[3]          7.0     460958.8350     4.0672   7.371E+02    36     0    617
3d3(2D)4f_3Do[2]           5.0     460960.9970     4.0672   7.371E+02    36     0    618
3d3(2H)4f_1Go[4]           9.0     461022.5040     4.0653   7.374E+02    38     0    619
3d3(2H)4f_3Fo[2]           5.0     461187.3980     4.0604   7.383E+02    36     0    620
3d3(2H)4f_3Fo[3]           7.0     461190.8870     4.0603   7.384E+02    36     0    621
3d3(2H)4f_3Gbo[4]          9.0     461192.6830     4.0602   7.384E+02    36     0    622
3d3(2D)4f_3Do[1]           3.0     461204.4220     4.0599   7.384E+02    36     0    623
3d3(2H)4f_3Go[5]          11.0     461238.8420     4.0588   7.386E+02    36     0    624
3d3(2D)4d_1Sbe[0]          1.0     461287.5290     4.0574   7.389E+02    40     0    625
3d3(2D)4f_1Ho[5]          11.0     461339.2780     4.0558   7.392E+02    38     0    626
3d3(2D)4f_1Fo[3]           7.0     461389.2590     4.0543   7.394E+02    38     0    627
3d3(2D)4f_1Po[1]           3.0     461479.0340     4.0516   7.399E+02    38     0    628
3d3(2D)4f_3Fo[2]           5.0     461684.2490     4.0455   7.411E+02    41     0    629
3d3(2H)4f_3Fbo[3]          7.0     461783.2840     4.0425   7.416E+02    36     0    630
3d3(4F)5d_5He[3]           7.0     461868.9090     4.0399   7.421E+02    42     0    631
3d3(2H)4f_3Fo[4]           9.0     461904.4330     4.0389   7.423E+02    36     0    632
3d3(4F)5d_5He[4]           9.0     462237.1870     4.0289   7.441E+02    42     0    633
3d3(2H)4f_1Do[2]           5.0     462255.6040     4.0284   7.442E+02    38     0    634
3d3(2H)4f_1Ko[7]          15.0     462334.9760     4.0260   7.446E+02    38     0    635
3d3(4F)5d_5Pe[1]           3.0     462346.8750     4.0256   7.447E+02    42     0    636
3d3(2H)4f_3Do[1]           3.0     462462.1530     4.0222   7.454E+02    36     0    637
3d3(4F)5d_5Fe[1]           3.0     462591.0640     4.0183   7.461E+02    42     0    638
3d3(2H)4f_1Fo[3]           7.0     462616.1470     4.0175   7.462E+02    38     0    639
3d3(4F)5d_5Ge[2]           5.0     462628.2400     4.0172   7.463E+02    42     0    640
3d3(4F)5d_5He[5]          11.0     462713.3940     4.0146   7.468E+02    42     0    641
3d3(2D)4f_1Go[4]           9.0     462759.5030     4.0132   7.470E+02    38     0    642
3d3(4F)5d_5Ge[3]           7.0     462889.8270     4.0093   7.477E+02    42     0    643
3d3(4F)5d_5Pe[2]           5.0     462892.6980     4.0093   7.478E+02    42     0    644
3d3(2H)4f_3Do[2]           5.0     462900.4950     4.0090   7.478E+02    36     0    645
3d3(2H)4f_3Do[3]           7.0     463016.1920     4.0056   7.484E+02    36     0    646
3d3(4F)5d_5Fe[2]           5.0     463090.7770     4.0033   7.489E+02    42     0    647
3d3(4F)5d_5Ge[4]           9.0     463298.2960     3.9971   7.500E+02    42     0    648
3d3(4F)5d_5He[6]          13.0     463303.6710     3.9969   7.501E+02    42     0    649
3d3(4F)5d_3De[1]           3.0     463518.9490     3.9905   7.513E+02    37     0    650
3d3(4F)5d_5Fe[3]           7.0     463554.4710     3.9894   7.515E+02    42     0    651
3d3(4F)5d_5Pe[3]           7.0     463736.3390     3.9840   7.525E+02    42     0    652
3d3(4F)5d_5Ge[5]          11.0     463879.0230     3.9797   7.533E+02    42     0    653
3d3(4F)5d_3De[2]           5.0     463944.7460     3.9777   7.537E+02    37     0    654
3d3(4F)5d_5He[7]          15.0     464005.8910     3.9759   7.540E+02    42     0    655
3d3(4F)5d_5Fe[4]           9.0     464062.3810     3.9742   7.543E+02    42     0    656
3d3(4F)5d_5Fe[5]          11.0     464599.2470     3.9581   7.574E+02    42     0    657
3d3(4F)5d_5Ge[6]          13.0     464729.1270     3.9542   7.582E+02    42     0    658
3d3(4F)5d_3De[3]           7.0     464768.4220     3.9530   7.584E+02    37     0    659
3d3(2D)5s_3Dbe[3]          7.0     466084.0090     3.9136   7.660E+02    37     0    660
3d3(2D)5s_3Dbe[2]          5.0     466266.2710     3.9081   7.671E+02    37     0    661
3d3(4F)5d_3He[4]           9.0     466353.6900     3.9055   7.676E+02    37     0    662
3d3(4F)5d_3Pe[0]           1.0     466400.7010     3.9041   7.679E+02    37     0    663
3d3(2D)5s_3Dbe[1]          3.0     466449.5830     3.9026   7.682E+02    37     0    664
3d3(4F)5d_3Ge[3]           7.0     466826.2960     3.8913   7.704E+02    37     0    665
3d3(4F)5d_3Pe[1]           3.0     466916.1500     3.8886   7.709E+02    37     0    666
3d3(4F)5d_3He[5]          11.0     467130.7520     3.8822   7.722E+02    37     0    667
3d3(2D)5s_1Dbe[2]          5.0     467301.9180     3.8771   7.732E+02    40     0    668
3d3(4F)5d_3Ge[4]           9.0     467554.0300     3.8695   7.748E+02    37     0    669
3d3(4F)5d_3Fe[2]           5.0     467810.2290     3.8618   7.763E+02    37     0    670
3d3(2F)5p_3Fo[4]           9.0     467896.7060     3.8592   7.768E+02    39     0    671
3d3(2F)5p_3Fo[3]           7.0     467910.5320     3.8588   7.769E+02    39     0    672
3d3(4F)5d_3Pe[2]           5.0     467923.2470     3.8584   7.770E+02    37     0    673
3d3(2F)5p_3Fo[2]           5.0     468012.3110     3.8558   7.775E+02    39     0    674
3d3(4F)5d_3He[6]          13.0     468059.9260     3.8543   7.778E+02    37     0    675
3d3(4F)5d_3Fe[3]           7.0     468445.5590     3.8428   7.801E+02    37     0    676
3d3(4F)5d_3Ge[5]          11.0     468449.4720     3.8427   7.802E+02    37     0    677
3d3(4F)5d_5De[0]           1.0     468492.5660     3.8414   7.804E+02    42     0    678
3d3(4F)5d_5De[1]           3.0     468662.3220     3.8363   7.815E+02    42     0    679
3d3(2F)5p_3Go[3]           7.0     468844.9550     3.8308   7.826E+02    39     0    680
3d3(2F)5p_3Go[4]           9.0     468904.2460     3.8290   7.829E+02    39     0    681
3d3(4F)5d_5De[2]           5.0     468983.6950     3.8267   7.834E+02    42     0    682
3d3(4F)5d_3Fe[4]           9.0     469050.5460     3.8246   7.838E+02    37     0    683
3d3(2F)5p_3Go[5]          11.0     469087.8720     3.8235   7.841E+02    39     0    684
3d3(2F)5p_3Do[3]           7.0     469402.0080     3.8141   7.860E+02    39     0    685
3d3(4F)5d_5De[3]           7.0     469410.1360     3.8139   7.861E+02    42     0    686
3d3(2F)5p_3Do[2]           5.0     469860.1170     3.8004   7.888E+02    39     0    687
3d3(4F)5d_5De[4]           9.0     469949.7410     3.7977   7.894E+02    42     0    688
3d3(2F)5p_1Go[4]           9.0     469971.0440     3.7971   7.895E+02    38     0    689
3d3(2F)5p_1Do[2]           5.0     470099.8870     3.7932   7.903E+02    38     0    690
3d3(2F)5p_3Do[1]           3.0     470145.4780     3.7918   7.906E+02    39     0    691
3d3(2F)5p_1Fo[3]           7.0     470477.1830     3.7819   7.927E+02    38     0    692
3d3(2F)4f_3Ho[6]          13.0     476998.6500     3.5864   8.359E+02    39     0    693
3d3(2F)4f_3Ho[5]          11.0     477053.2900     3.5847   8.363E+02    39     0    694
3d3(2F)4f_3Ho[4]           9.0     477130.0680     3.5824   8.368E+02    39     0    695
3d3(2F)4f_3Go[5]          11.0     477194.3060     3.5805   8.373E+02    39     0    696
3d3(2F)4f_3Fo[4]           9.0     477220.7250     3.5797   8.375E+02    39     0    697
3d3(2F)4f_3Go[3]           7.0     477265.9740     3.5784   8.378E+02    39     0    698
3d3(2F)4f_3Go[4]           9.0     477338.9620     3.5762   8.383E+02    39     0    699
3d3(2F)4f_3Fo[3]           7.0     477401.8810     3.5743   8.387E+02    39     0    700
3d3(2F)4f_1Io[6]          13.0     477422.8890     3.5736   8.389E+02    38     0    701
3d3(2F)4f_3Fo[2]           5.0     477423.0020     3.5736   8.389E+02    39     0    702
3d3(4F)6s_5Fe[1]           3.0     477510.9160     3.5710   8.395E+02    42     0    703
3d3(2F)4f_3Io[7]          15.0     477516.7730     3.5708   8.396E+02    39     0    704
3d3(2F)4f_1So[0]           1.0     477517.6930     3.5708   8.396E+02    38     0    705
3d3(4F)6s_5Fe[2]           5.0     477752.2640     3.5638   8.412E+02    42     0    706
3d3(2F)4f_3Io[6]          13.0     477781.6810     3.5629   8.414E+02    39     0    707
3d3(2F)4f_3Io[5]          11.0     477824.0540     3.5616   8.417E+02    39     0    708
3d3(2F)4f_3Do[3]           7.0     478032.1770     3.5554   8.432E+02    39     0    709
3d3(2F)4f_3Do[2]           5.0     478117.6820     3.5528   8.438E+02    39     0    710
3d3(2F)4f_3Do[1]           3.0     478159.1540     3.5516   8.441E+02    39     0    711
3d3(4F)6s_5Fe[3]           7.0     478204.4520     3.5502   8.444E+02    42     0    712
3d3(2F)4f_1Go[4]           9.0     478549.5620     3.5399   8.469E+02    38     0    713
3d3(2F)4f_1Po[1]           3.0     478637.1800     3.5372   8.475E+02    38     0    714
3d3(4F)6s_3Fe[2]           5.0     478676.2730     3.5361   8.478E+02    37     0    715
3d3(4F)6s_5Fe[4]           9.0     478843.6660     3.5311   8.490E+02    42     0    716
3d3(2F)4f_1Fo[3]           7.0     479020.5090     3.5258   8.503E+02    38     0    717
3d3(2F)4f_3Po[2]           5.0     479186.1840     3.5208   8.515E+02    39     0    718
3d3(2F)4f_3Po[1]           3.0     479320.3320     3.5168   8.525E+02    39     0    719
3d3(2F)4f_3Po[0]           1.0     479403.7830     3.5143   8.531E+02    39     0    720
3d3(2F)4f_1Ho[5]          11.0     479440.9130     3.5132   8.533E+02    38     0    721
3d3(2F)4f_1Do[2]           5.0     479445.9360     3.5130   8.534E+02    38     0    722
3d3(4F)6s_3Fe[3]           7.0     479475.8100     3.5121   8.536E+02    37     0    723
3d3(4F)6s_5Fe[5]          11.0     479643.2890     3.5071   8.548E+02    42     0    724
3d3(2F)4f_3So[1]           3.0     480212.4590     3.4900   8.590E+02    39     0    725
3d3(4F)6s_3Fe[4]           9.0     480431.2370     3.4835   8.606E+02    37     0    726
3d3(4P)5d_5Fe[1]           3.0     481752.2450     3.4439   8.705E+02    42     0    727
3d3(4P)5d_5Fe[2]           5.0     481839.4540     3.4412   8.712E+02    42     0    728
3d3(4P)5d_5Fe[3]           7.0     481992.3190     3.4367   8.723E+02    42     0    729
3d3(4P)5d_5Fe[4]           9.0     482267.0560     3.4284   8.744E+02    42     0    730
3d3(4P)5d_3De[1]           3.0     482483.4220     3.4219   8.761E+02    43     0    731
3d3(4P)5d_3De[3]           7.0     482666.1670     3.4165   8.775E+02    43     0    732
3d3(4P)5d_3De[2]           5.0     482670.5110     3.4163   8.775E+02    43     0    733
3d2(3F)4s4p_5Go[2]         5.0     482673.4120     3.4162   8.776E+02    44     0    734
3d3(4P)5d_5Fe[5]          11.0     482678.9010     3.4161   8.776E+02    42     0    735
3d3(4P)5d_5Pe[3]           7.0     483100.3890     3.4034   8.809E+02    42     0    736
3d3(4P)5d_5Pe[2]           5.0     483114.9000     3.4030   8.810E+02    42     0    737
3d3(4P)5d_5Pe[1]           3.0     483287.9890     3.3978   8.823E+02    42     0    738
3d2(3F)4s4p_5Go[3]         7.0     483347.8400     3.3960   8.828E+02    44     0    739
3d3(2G)5d_3Ie[5]          11.0     483477.2620     3.3921   8.838E+02    43     0    740
3d3(2G)5d_1Fe[3]           7.0     483681.5420     3.3860   8.854E+02    40     0    741
3d3(4P)5d_5De[0]           1.0     483786.3530     3.3829   8.862E+02    42     0    742
3d3(2G)5d_3Ie[6]          13.0     483853.3990     3.3809   8.867E+02    43     0    743
3d3(4P)5d_5De[1]           3.0     483949.1710     3.3780   8.875E+02    42     0    744
3d3(2G)5d_1He[5]          11.0     484030.4050     3.3756   8.881E+02    40     0    745
3d2(3F)4s4p_5Fo[1]         3.0     484070.0980     3.3744   8.884E+02    44     0    746
3d3(4P)5d_5De[2]           5.0     484118.3070     3.3729   8.888E+02    42     0    747
3d3(4P)5d_5De[3]           7.0     484252.0580     3.3689   8.899E+02    42     0    748
3d2(3F)4s4p_5Go[4]         9.0     484256.3340     3.3688   8.899E+02    44     0    749
3d3(4P)5d_5De[4]           9.0     484307.2090     3.3673   8.903E+02    42     0    750
3d3(2G)5d_3He[4]           9.0     484321.3630     3.3668   8.904E+02    43     0    751
3d3(2G)5d_3Ie[7]          15.0     484348.4810     3.3660   8.906E+02    43     0    752
3d2(3F)4s4p_5Fo[2]         5.0     484469.4380     3.3624   8.916E+02    44     0    753
3d3(2G)5d_3Ge[3]           7.0     484609.7290     3.3582   8.927E+02    43     0    754
3d3(2G)5d_3Ge[4]           9.0     484629.3150     3.3576   8.929E+02    43     0    755
3d3(2G)5d_3He[5]          11.0     484736.2390     3.3544   8.937E+02    43     0    756
3d3(4P)5d_3Fe[2]           5.0     484895.7610     3.3496   8.950E+02    43     0    757
3d3(2G)5d_3Ge[5]          11.0     484994.7330     3.3467   8.958E+02    43     0    758
3d2(3F)4s4p_5Fo[3]         7.0     485071.2170     3.3444   8.964E+02    44     0    759
3d3(2G)5d_3He[6]          13.0     485181.2470     3.3411   8.973E+02    43     0    760
3d3(4P)5d_3Fe[3]           7.0     485337.1120     3.3364   8.986E+02    43     0    761
3d2(3F)4s4p_5Go[5]        11.0     485401.0640     3.3345   8.991E+02    44     0    762
3d3(4P)5d_3Fe[4]           9.0     485758.5490     3.3238   9.020E+02    43     0    763
3d2(3F)4s4p_5Fo[4]         9.0     485854.6940     3.3209   9.028E+02    44     0    764
3d3(2G)5d_3De[2]           5.0     485993.1170     3.3167   9.039E+02    43     0    765
3d3(2G)5d_3De[1]           3.0     486014.6710     3.3161   9.041E+02    43     0    766
3d3(2G)5d_3Fe[2]           5.0     486233.0550     3.3095   9.058E+02    43     0    767
3d3(2G)5d_3De[3]           7.0     486336.4110     3.3064   9.067E+02    43     0    768
3d3(2G)5d_1Ie[6]          13.0     486373.9090     3.3053   9.070E+02    40     0    769
3d3(2G)5d_3Fe[3]           7.0     486658.8390     3.2968   9.094E+02    43     0    770
3d3(4P)5d_3Pe[1]           3.0     486724.3920     3.2948   9.099E+02    43     0    771
3d3(4P)5d_3Pe[2]           5.0     486745.3830     3.2942   9.101E+02    43     0    772
3d2(3F)4s4p_5Fo[5]        11.0     486773.4050     3.2933   9.103E+02    44     0    773
3d2(3F)4s4p_5Go[6]        13.0     486813.6480     3.2921   9.106E+02    44     0    774
3d3(2G)5d_3Fe[4]           9.0     486978.3770     3.2872   9.120E+02    43     0    775
3d3(4P)5d_3Pe[0]           1.0     486994.9370     3.2867   9.121E+02    43     0    776
3d3(2G)5d_1De[2]           5.0     487123.8010     3.2828   9.132E+02    40     0    777
3d2(3F)4s4p_5Do[0]         1.0     487852.7910     3.2610   9.193E+02    44     0    778
3d2(3F)4s4p_5Do[1]         3.0     487911.1970     3.2592   9.198E+02    44     0    779
3d2(3F)4s4p_5Do[2]         5.0     488042.6560     3.2553   9.209E+02    44     0    780
3d2(3F)4s4p_5Do[3]         7.0     488283.0750     3.2481   9.230E+02    44     0    781
3d3(2P)5d_3De[1]           3.0     488348.4610     3.2461   9.235E+02    43     0    782
3d3(2G)5d_1Ge[4]           9.0     488685.0750     3.2360   9.264E+02    40     0    783
3d2(3F)4s4p_5Do[4]         9.0     488716.3850     3.2351   9.267E+02    44     0    784
3d3(2P)5d_1Pe[1]           3.0     488744.5520     3.2342   9.269E+02    40     0    785
3d3(2P)5d_3De[2]           5.0     489024.9080     3.2258   9.293E+02    43     0    786
3d3(2P)5d_1Fe[3]           7.0     489096.6750     3.2237   9.300E+02    40     0    787
3d3(2P)5d_3De[3]           7.0     489928.4550     3.1987   9.372E+02    43     0    788
3d3(2P)5d_3Fe[2]           5.0     490283.5140     3.1881   9.403E+02    43     0    789
3d3(2D)5d_3Se[1]           3.0     490302.1250     3.1875   9.405E+02    43     0    790
3d2(3F)4s4p_3Fo[2]         5.0     490306.2490     3.1874   9.406E+02    39     0    791
3d3(2H)5d_3Ie[5]          11.0     490546.4330     3.1802   9.427E+02    43     0    792
3d3(2P)5d_3Fe[3]           7.0     490599.4470     3.1786   9.432E+02    43     0    793
3d3(2H)5d_3Ie[6]          13.0     490736.4560     3.1745   9.444E+02    43     0    794
3d3(2P)5d_3Pe[2]           5.0     490765.0020     3.1737   9.446E+02    43     0    795
3d2(3F)4s4p_3Fo[3]         7.0     490854.3590     3.1710   9.454E+02    39     0    796
3d3(2H)5d_1He[5]          11.0     490928.0250     3.1688   9.461E+02    40     0    797
3d3(2H)5d_3Ie[7]          15.0     490987.4160     3.1670   9.466E+02    43     0    798
3d3(2D)5d_3Ge[4]           9.0     491033.1900     3.1656   9.470E+02    43     0    799
3d3(4F)6p_5Go[2]           5.0     491178.5470     3.1613   9.483E+02    44     0    800
3d3(2D)5d_1Pe[1]           3.0     491205.8300     3.1604   9.486E+02    40     0    801
3d3(2D)5d_3Ge[3]           7.0     491468.0060     3.1526   9.509E+02    43     0    802
3d3(4F)6p_5Go[3]           7.0     491584.2470     3.1491   9.520E+02    44     0    803
3d3(4F)6p_5Fo[1]           3.0     491653.3260     3.1470   9.526E+02    44     0    804
3d3(2P)5d_3Fe[4]           9.0     491707.1600     3.1454   9.531E+02    43     0    805
3d3(2D)5d_3Ge[5]          11.0     491731.5350     3.1447   9.533E+02    43     0    806
3d3(4F)6p_5Do[0]           1.0     491779.0790     3.1433   9.538E+02    44     0    807
3d2(3F)4s4p_3Fo[4]         9.0     491841.5470     3.1414   9.543E+02    39     0    808
3d3(4F)6p_5Do[1]           3.0     491849.1550     3.1412   9.544E+02    44     0    809
3d3(2H)5d_3Ke[6]          13.0     491888.1290     3.1400   9.548E+02    43     0    810
3d3(4F)6p_5Fo[2]           5.0     492038.3220     3.1355   9.561E+02    44     0    811
3d3(2H)5d_3Ke[7]          15.0     492099.9140     3.1336   9.567E+02    43     0    812
3d3(4F)6p_5Go[4]           9.0     492114.2700     3.1332   9.568E+02    44     0    813
3d3(4F)6p_5Do[2]           5.0     492128.9310     3.1328   9.570E+02    44     0    814
3d3(2P)5d_3Pe[0]           1.0     492135.8280     3.1326   9.570E+02    43     0    815
3d3(2P)5d_3Pe[1]           3.0     492167.9470     3.1316   9.573E+02    43     0    816
3d3(4F)6p_5Fo[3]           7.0     492408.9520     3.1244   9.595E+02    44     0    817
3d3(2H)5d_3Ke[8]          17.0     492469.4640     3.1226   9.601E+02    43     0    818
3d3(4F)6p_3Do[1]           3.0     492518.9530     3.1211   9.605E+02    39     0    819
3d2(3F)4s4p_3Do[2]         5.0     492609.2320     3.1184   9.614E+02    39     0    820
3d2(3F)4s4p_3Go[3]         7.0     492710.3190     3.1153   9.623E+02    39     0    821
3d2(3F)4s4p_3Do[1]         3.0     492735.7830     3.1146   9.625E+02    39     0    822
3d3(2D)5p_3Dbo[2]          5.0     492746.3940     3.1143   9.626E+02    39     0    823
3d3(4F)6p_5Do[3]           7.0     492758.0390     3.1139   9.628E+02    44     0    824
3d3(4F)6p_5Go[5]          11.0     492776.9090     3.1133   9.629E+02    44     0    825
3d3(2H)5d_1Fe[3]           7.0     492815.3070     3.1122   9.633E+02    40     0    826
3d3(4F)6p_3Go[3]           7.0     492818.6040     3.1121   9.633E+02    39     0    827
3d2(1S)4s2_1Se[0]          1.0     492888.0180     3.1100   9.640E+02    40     0    828
3d3(2D)5p_3Do[3]           7.0     492911.2100     3.1093   9.642E+02    39     0    829
3d3(2H)5d_1Ke[7]          15.0     492977.1380     3.1073   9.648E+02    40     0    830
3d3(4F)6p_5Fo[4]           9.0     493013.4430     3.1063   9.651E+02    44     0    831
3d3(2D)5p_3Dbo[1]          3.0     493016.0660     3.1062   9.651E+02    39     0    832
3d3(4F)6p_3Fo[2]           5.0     493030.2220     3.1058   9.653E+02    39     0    833
3d3(2D)5d_3Fe[2]           5.0     493167.8530     3.1016   9.666E+02    43     0    834
3d3(2D)5d_3Fe[3]           7.0     493231.9860     3.0997   9.672E+02    43     0    835
3d2(3F)4s4p_3Gbo[3]        7.0     493238.9340     3.0995   9.672E+02    39     0    836
3d3(2D)5p_1Dbo[2]          5.0     493286.2590     3.0981   9.677E+02    45     0    837
3d3(2D)5d_3Fe[4]           9.0     493344.7850     3.0963   9.682E+02    43     0    838
3d3(2D)5d_1De[2]           5.0     493378.6670     3.0953   9.685E+02    40     0    839
3d3(4F)6p_5Go[6]          13.0     493571.6580     3.0895   9.704E+02    44     0    840
3d3(4F)6p_3Go[4]           9.0     493575.4680     3.0894   9.704E+02    39     0    841
3d3(2H)5d_1Ge[4]           9.0     493580.5460     3.0893   9.704E+02    40     0    842
3d3(4F)6p_3Do[2]           5.0     493590.9150     3.0889   9.705E+02    39     0    843
3d3(4F)6p_5Do[4]           9.0     493640.4940     3.0875   9.710E+02    44     0    844
3d3(4F)6p_5Fo[5]          11.0     493809.6350     3.0824   9.726E+02    44     0    845
3d3(4F)6p_3Fo[3]           7.0     493833.0150     3.0817   9.728E+02    39     0    846
3d2(3F)4s4p_3Go[4]         9.0     494091.5660     3.0739   9.753E+02    39     0    847
3d3(2H)5d_3Ge[3]           7.0     494199.7220     3.0707   9.763E+02    43     0    848
3d3(2D)5p_3Fbo[3]          7.0     494228.6670     3.0698   9.766E+02    39     0    849
3d3(4F)5f_5Io[4]           9.0     494324.1640     3.0670   9.775E+02    44     0    850
3d3(2D)5p_3Fbo[2]          5.0     494339.6080     3.0665   9.776E+02    39     0    851
3d3(2D)5p_3Fbo[4]          9.0     494456.3150     3.0630   9.788E+02    39     0    852
3d3(4F)6p_3Do[3]           7.0     494479.9150     3.0623   9.790E+02    39     0    853
3d3(4F)6p_3Go[5]          11.0     494506.3490     3.0615   9.792E+02    39     0    854
3d3(2H)5d_3Ge[4]           9.0     494559.1400     3.0599   9.797E+02    43     0    855
3d3(4F)5f_5Io[5]          11.0     494641.9440     3.0574   9.805E+02    44     0    856
3d3(2H)5d_3Ge[5]          11.0     494770.0760     3.0536   9.818E+02    43     0    857
3d3(4F)5f_5Ho[3]           7.0     494806.6760     3.0525   9.821E+02    44     0    858
3d3(2D)5d_3Pe[0]           1.0     494814.8440     3.0523   9.822E+02    43     0    859
3d3(4F)5f_5So[2]           5.0     494896.1630     3.0498   9.830E+02    44     0    860
3d3(4F)6p_3Fo[4]           9.0     494904.7070     3.0496   9.831E+02    39     0    861
3d3(4F)5f_5Ho[4]           9.0     495045.3930     3.0453   9.844E+02    44     0    862
3d3(4F)5f_5Io[6]          13.0     495085.1750     3.0441   9.848E+02    44     0    863
3d3(4F)5f_5Go[2]           5.0     495109.5620     3.0434   9.851E+02    44     0    864
3d2(3F)4s4p_3Go[5]        11.0     495239.9620     3.0395   9.863E+02    39     0    865
3d3(2H)5d_3He[4]           9.0     495312.2110     3.0373   9.870E+02    43     0    866
3d3(2D)5d_3Pe[1]           3.0     495327.4350     3.0369   9.872E+02    43     0    867
3d3(2D)5p_3Pbo[2]          5.0     495337.6910     3.0366   9.873E+02    39     0    868
3d2(3F)4s4p_1Fo[3]         7.0     495398.7890     3.0347   9.879E+02    45     0    869
3d3(4F)5f_5Ho[5]          11.0     495430.0340     3.0338   9.882E+02    44     0    870
3d3(4F)5f_5Go[3]           7.0     495448.8430     3.0332   9.884E+02    44     0    871
3d3(2H)5d_3He[5]          11.0     495535.3720     3.0307   9.892E+02    43     0    872
3d3(2D)5d_3De[3]           7.0     495537.8830     3.0306   9.892E+02    43     0    873
3d3(4F)5f_3Do[1]           3.0     495630.3980     3.0278   9.901E+02    39     0    874
3d3(2P)5d_1De[2]           5.0     495655.7640     3.0270   9.904E+02    40     0    875
3d3(4F)5f_5Io[7]          15.0     495668.5440     3.0267   9.905E+02    44     0    876
3d3(2H)5d_3He[6]          13.0     495673.0160     3.0265   9.906E+02    43     0    877
3d3(2D)5p_1Fbo[3]          7.0     495682.4090     3.0262   9.906E+02    45     0    878
3d3(4F)5f_3Do[2]           5.0     495760.0530     3.0239   9.914E+02    39     0    879
3d3(2D)5p_3Pbo[1]          3.0     495788.0510     3.0231   9.917E+02    39     0    880
3d3(4F)5f_5Go[4]           9.0     495822.7660     3.0220   9.920E+02    44     0    881
3d3(4F)5f_5Po[3]           7.0     495832.1960     3.0218   9.921E+02    44     0    882
3d3(2D)5d_3Pe[2]           5.0     495888.8750     3.0201   9.927E+02    43     0    883
3d3(4F)5f_5Po[1]           3.0     495914.0820     3.0193   9.929E+02    44     0    884
3d3(2D)5p_3Pbo[0]          1.0     495989.6780     3.0170   9.937E+02    39     0    885
3d3(4F)5f_5Ho[6]          13.0     495989.8290     3.0170   9.937E+02    44     0    886
3d3(2D)5d_3De[1]           3.0     496035.6800     3.0157   9.941E+02    43     0    887
3d3(4F)5f_5Fo[2]           5.0     496057.1590     3.0150   9.943E+02    44     0    888
3d2(3F)4s4p_1Do[2]         5.0     496238.0100     3.0096   9.961E+02    45     0    889
3d3(2H)5d_3Fe[2]           5.0     496311.9700     3.0074   9.969E+02    43     0    890
3d3(4F)5f_5Go[5]          11.0     496316.9740     3.0072   9.969E+02    44     0    891
3d3(4F)5f_3Fo[3]           7.0     496357.3710     3.0060   9.973E+02    39     0    892
3d3(4F)5f_5Fo[1]           3.0     496366.2970     3.0057   9.974E+02    44     0    893
3d3(4F)5f_5Io[8]          17.0     496386.5520     3.0051   9.976E+02    44     0    894
3d3(4F)5f_3Io[5]          11.0     496405.7920     3.0046   9.978E+02    39     0    895
3d3(4F)5f_3Po[0]           1.0     496407.2800     3.0045   9.978E+02    39     0    896
3d3(4F)5f_5Po[2]           5.0     496568.3970     2.9997   9.994E+02    44     0    897
3d3(4F)5f_3Ho[4]           9.0     496585.5870     2.9992   9.996E+02    39     0    898
3d3(2H)5d_3Fe[3]           7.0     496608.0720     2.9985   9.998E+02    43     0    899
3d3(4F)5f_5Fo[3]           7.0     496647.9830     2.9973   1.000E+03    44     0    900
3d3(4F)5f_3Dbo[1]          3.0     496693.5370     2.9959   1.001E+03    39     0    901
3d3(4F)5g_5Pe[3]           7.0     496700.1690     2.9957   1.001E+03    42     0    902
3d3(4F)5g_3Pe[2]           5.0     496707.3190     2.9955   1.001E+03    43     0    903
3d3(4F)5g_5Ke[5]          11.0     496720.4870     2.9951   1.001E+03    42     0    904
3d3(4F)5g_3Ke[6]          13.0     496744.1630     2.9944   1.001E+03    43     0    905
3d3(4F)5f_5Ho[7]          15.0     496758.8570     2.9940   1.001E+03    44     0    906
3d3(4F)5f_3Hbo[4]          9.0     496766.7420     2.9937   1.001E+03    39     0    907
3d3(4P)6s_5Pe[1]           3.0     496774.8940     2.9935   1.001E+03    42     0    908
3d3(2H)5d_3Fe[4]           9.0     496784.5580     2.9932   1.002E+03    43     0    909
3d3(4F)5g_5Ge[3]           7.0     496805.1150     2.9926   1.002E+03    42     0    910
3d3(4F)5g_5Fe[4]           9.0     496812.3180     2.9924   1.002E+03    42     0    911
3d3(4F)5g_5Ie[4]           9.0     496851.1950     2.9912   1.002E+03    42     0    912
3d3(4F)5g_3Ie[5]          11.0     496863.9560     2.9908   1.002E+03    43     0    913
3d3(4F)5f_3Fo[2]           5.0     496880.4420     2.9903   1.003E+03    39     0    914
3d3(4F)5f_5Go[6]          13.0     496897.6580     2.9898   1.003E+03    44     0    915
3d3(4P)6s_5Pe[2]           5.0     496960.8900     2.9879   1.003E+03    42     0    916
3d3(4F)5f_5Do[0]           1.0     497058.4520     2.9850   1.004E+03    44     0    917
3d3(4F)5f_3Go[3]           7.0     497171.3030     2.9816   1.005E+03    41     0    918
3d3(4F)5f_5Do[1]           3.0     497180.8680     2.9813   1.006E+03    44     0    919
3d3(4F)5f_3Io[6]          13.0     497212.6980     2.9804   1.006E+03    39     0    920
3d3(4F)5g_5De[2]           5.0     497236.3440     2.9797   1.006E+03    42     0    921
3d3(4F)5g_5Fe[1]           3.0     497240.0510     2.9795   1.006E+03    42     0    922
3d3(4F)5g_5Ke[6]          13.0     497272.9580     2.9786   1.007E+03    42     0    923
3d3(4F)5g_5Ke[7]          15.0     497274.6930     2.9785   1.007E+03    42     0    924
3d3(4F)5g_5Pbe[3]          7.0     497303.7780     2.9776   1.007E+03    42     0    925
3d3(4F)5f_3Fo[4]           9.0     497305.9870     2.9776   1.007E+03    39     0    926
3d3(4F)5g_5Ge[2]           5.0     497306.6860     2.9775   1.007E+03    42     0    927
3d3(4F)5g_5He[3]           7.0     497342.8600     2.9765   1.007E+03    42     0    928
3d3(4F)5g_5Ibe[4]          9.0     497352.6740     2.9762   1.007E+03    42     0    929
3d3(4F)5g_3He[4]           9.0     497363.2020     2.9759   1.007E+03    43     0    930
3d3(4F)5g_5Ie[5]          11.0     497364.8240     2.9758   1.007E+03    42     0    931
3d3(4F)5g_5He[6]          13.0     497373.0210     2.9756   1.008E+03    42     0    932
3d3(4F)5g_3Ibe[5]         11.0     497374.1390     2.9755   1.008E+03    43     0    933
3d3(4F)5f_3Ho[5]          11.0     497412.6510     2.9744   1.008E+03    39     0    934
3d3(4F)5f_3Po[2]           5.0     497413.6000     2.9743   1.008E+03    39     0    935
3d3(2P)5d_1Dbe[2]          5.0     497483.0150     2.9723   1.009E+03    40     0    936
3d3(4P)6s_5Pe[3]           7.0     497611.9450     2.9684   1.010E+03    42     0    937
3d3(4F)5f_5Fo[5]          11.0     497632.4000     2.9678   1.010E+03    44     0    938
3d3(4P)6s_3Pe[0]           1.0     497725.2850     2.9650   1.011E+03    43     0    939
3d3(4F)5f_5Do[2]           5.0     497756.4400     2.9641   1.011E+03    44     0    940
3d3(2D)5p_1Po[1]           3.0     497759.6540     2.9640   1.011E+03    45     0    941
3d3(4F)5f_3Fbo[3]          7.0     497766.5620     2.9638   1.012E+03    39     0    942
3d3(4P)6s_3Pe[1]           3.0     497869.3390     2.9607   1.013E+03    43     0    943
3d3(4F)5f_5Do[3]           7.0     497890.2400     2.9601   1.013E+03    44     0    944
3d3(4F)5g_5De[1]           3.0     497935.1300     2.9587   1.013E+03    42     0    945
3d3(4F)5g_5De[0]           1.0     497937.7770     2.9586   1.013E+03    42     0    946
3d3(4F)5f_5Do[4]           9.0     497952.6190     2.9582   1.013E+03    44     0    947
3d3(4F)5g_5Pe[2]           5.0     497965.6680     2.9578   1.014E+03    42     0    948
3d3(4F)5g_5Fbe[1]          3.0     497975.6170     2.9575   1.014E+03    42     0    949
3d3(4F)5g_5Ke[8]          17.0     497976.1000     2.9575   1.014E+03    42     0    950
3d3(4F)5g_3Ke[7]          15.0     497990.6050     2.9570   1.014E+03    43     0    951
3d3(4F)5g_5Pce[3]          7.0     498014.2890     2.9563   1.014E+03    42     0    952
3d3(4F)5g_5Gbe[2]          5.0     498015.7330     2.9563   1.014E+03    42     0    953
3d3(4F)5f_3So[1]           3.0     498054.5210     2.9551   1.014E+03    39     0    954
3d3(4F)5g_3De[3]           7.0     498055.9380     2.9551   1.014E+03    43     0    955
3d3(4F)5g_5De[4]           9.0     498061.3630     2.9549   1.015E+03    42     0    956
3d3(4F)5g_5Ie[7]          15.0     498080.3200     2.9544   1.015E+03    42     0    957
3d3(4F)5g_5Ie[6]          13.0     498091.6760     2.9540   1.015E+03    42     0    958
3d3(4F)5g_3Fe[4]           9.0     498091.7380     2.9540   1.015E+03    43     0    959
3d3(4F)5g_5He[5]          11.0     498091.9990     2.9540   1.015E+03    42     0    960
3d3(4F)5g_5Ge[6]          13.0     498108.7430     2.9535   1.015E+03    42     0    961
3d3(4F)5g_3Ge[5]          11.0     498115.3070     2.9533   1.015E+03    43     0    962
3d3(4F)5f_3Io[7]          15.0     498170.0040     2.9517   1.016E+03    39     0    963
3d3(4F)5f_3Go[4]           9.0     498208.8980     2.9505   1.016E+03    41     0    964
3d3(4F)5f_3Ho[6]          13.0     498325.9440     2.9470   1.017E+03    39     0    965
3d3(2D)5d_1Ge[4]           9.0     498484.0590     2.9423   1.019E+03    40     0    966
3d3(4F)5f_3Go[5]          11.0     498545.1800     2.9404   1.020E+03    41     0    967
3d3(4P)6s_3Pe[2]           5.0     498559.0360     2.9400   1.020E+03    43     0    968
3d3(2G)6s_3Ge[3]           7.0     498788.5520     2.9331   1.022E+03    43     0    969
3d3(4F)5g_5Pe[1]           3.0     498800.1310     2.9328   1.022E+03    42     0    970
3d3(4F)5g_5Pbe[2]          5.0     498815.8750     2.9323   1.022E+03    42     0    971
3d3(4F)5g_3Pe[0]           1.0     498822.1490     2.9321   1.022E+03    43     0    972
3d3(4F)5g_3Pe[1]           3.0     498827.3710     2.9320   1.022E+03    43     0    973
3d3(4F)5g_5Ke[9]          19.0     498828.1950     2.9319   1.023E+03    42     0    974
3d3(4F)5g_5De[3]           7.0     498849.9790     2.9313   1.023E+03    42     0    975
3d3(4F)5g_3De[2]           5.0     498851.1970     2.9312   1.023E+03    43     0    976
3d3(4F)5g_3Ke[8]          17.0     498857.1910     2.9311   1.023E+03    43     0    977
3d3(4F)5g_5Fbe[4]          9.0     498897.8190     2.9298   1.023E+03    42     0    978
3d3(4F)5g_3Fe[3]           7.0     498902.9920     2.9297   1.023E+03    43     0    979
3d3(2G)6s_3Ge[4]           9.0     498931.1670     2.9288   1.024E+03    43     0    980
3d3(4F)5g_5Ie[8]          17.0     498942.8010     2.9285   1.024E+03    42     0    981
3d3(4F)5g_3Ie[7]          15.0     498963.1930     2.9279   1.024E+03    43     0    982
3d3(4F)5g_5Ge[5]          11.0     498963.5660     2.9279   1.024E+03    42     0    983
3d3(2H)5d_1Fbe[3]          7.0     498968.4090     2.9277   1.024E+03    40     0    984
3d3(4F)5g_3Ge[4]           9.0     498984.5200     2.9272   1.024E+03    43     0    985
3d3(4F)5g_5Hbe[6]         13.0     499006.3980     2.9266   1.024E+03    42     0    986
3d3(4F)5g_5He[7]          15.0     499014.2360     2.9264   1.024E+03    42     0    987
3d3(4F)5g_3Gbe[5]         11.0     499023.8670     2.9261   1.025E+03    43     0    988
3d3(4F)5g_3He[6]          13.0     499042.0480     2.9255   1.025E+03    43     0    989
3d2(3F)4s4p_1Go[4]         9.0     499160.4900     2.9220   1.026E+03    45     0    990
3d3(2H)5d_1Ie[6]          13.0     499419.3040     2.9142   1.029E+03    40     0    991
3d3(2G)6s_3Ge[5]          11.0     499521.6420     2.9111   1.030E+03    43     0    992
3d3(2G)6s_1Ge[4]           9.0     499837.7030     2.9017   1.033E+03    40     0    993
3d2(3P)4s4p_5So[2]         5.0     501073.8160     2.8646   1.047E+03    44     0    994
3d3(2D)5d_1Se[0]           1.0     501256.6060     2.8591   1.049E+03    40     0    995
3d3(2D)4f_1Gbo[4]          9.0     501461.0600     2.8530   1.051E+03    45     0    996
3d3(2D)4f_3Fo[4]           9.0     501873.8340     2.8406   1.055E+03    41     0    997
3d3(2D)4f_3Fo[3]           7.0     501889.3050     2.8402   1.056E+03    41     0    998
3d3(2D)4f_3Fbo[2]          5.0     501924.3600     2.8391   1.056E+03    41     0    999
3d2(3P)4s4p_3So[1]         3.0     502405.0250     2.8247   1.061E+03    41     0   1000
