                                                                                
******************************************************************************  
                                                                                
       Energy levels and statistical weights for Fe IX
       Super level assignments for FeIX                          
                                                                                
  Config          Statistical   Energy   Ionization  Frequency  Wavelength      
                    Weight      (cm^-1)  Energy(eV)  (Hz 10^15) (Angstroms)     
******************************************************************************  
                                                                                
22-Apr-2022                            !Date
490                                    !Number of energy levels
6                                      !Entry number of link to super level
  
3s2_3p6_1Se                1.0          0.0000    56.7601   5.282E+01     1     0      1
3s2_3p5_3d_3Po             9.0     407549.0000    44.5421   6.731E+01     2     0      2
3s2_3p5_3d_1Do             5.0     454242.0000    43.1422   6.949E+01     3     0      3
3s2_3p5_3d_3Do            15.0     456568.0000    43.0725   6.960E+01     4     0      4
3s2_3p5_3d_1Fo             7.0     459696.0000    42.9787   6.975E+01     5     0      5
3s2_3p5_3d_1Po             3.0     589613.0000    39.0839   7.670E+01     6     0      6
3s_3p6_3d_3De             15.0     728736.0000    34.9131   8.587E+01     7     0      7
3s_3p6_3d_1De              5.0     753471.0000    34.1716   8.773E+01     8     0      8
3s2_3p4_3d2_3Pe            9.0     852422.0000    31.2051   9.607E+01     9     0      9
3s2_3p4_3d2_3Fe           21.0     864378.0000    30.8467   9.719E+01     9     0     10
3s2_3p4_3d2_1De            5.0     878466.0000    30.4243   9.854E+01    10     0     11
3s2_3p4_3d2(a)_3Fe        21.0     885507.0000    30.2132   9.923E+01     9     0     12
3s2_3p4_3d2_3De           15.0     887217.0000    30.1620   9.939E+01     9     0     13
3s2_3p4_3d2_1Se            1.0     889942.0000    30.0803   9.966E+01    10     0     14
3s2_3p4_3d2_1Ge            9.0     899863.0000    29.7829   1.007E+02    10     0     15
3s2_3p4_3d2_1Fe            7.0     899866.0000    29.7828   1.007E+02    10     0     16
3s2_3p4_3d2(a)_3De        15.0     899901.0000    29.7817   1.007E+02    11     0     17
3s2_3p4_3d2(a)_3Pe         9.0     904459.0000    29.6451   1.011E+02    11     0     18
3s2_3p4_3d2_1Pe            3.0     921867.0000    29.1232   1.029E+02    10     0     19
3s2_3p4_3d2(b)_3Fe        21.0     921896.0000    29.1223   1.029E+02    11     0     20
3s2_3p4_3d2(a)_1Ge         9.0     929736.0000    28.8873   1.038E+02    12     0     21
3s2_3p4_3d2(a)_1De         5.0     948901.0000    28.3127   1.059E+02    12     0     22
3s2_3p4_3d2(b)_3De        15.0     949858.0000    28.2840   1.060E+02    13     0     23
3s2_3p4_3d2(b)_3Pe         9.0     960183.0000    27.9745   1.072E+02    13     0     24
3s2_3p5_4s_3Po             9.0     960860.0000    27.9542   1.072E+02    14     0     25
3s2_3p4_3d2(c)_3Fe        21.0     963865.0000    27.8641   1.076E+02    13     0     26
3s2_3p5_4s_1Po             3.0     971250.0000    27.6427   1.085E+02    15     0     27
3s2_3p4_3d2(a)_1Fe         7.0     991539.0000    27.0345   1.109E+02    16     0     28
3s2_3p4_3d2(c)_3Pe         9.0    1000950.0000    26.7523   1.121E+02    17     0     29
3s2_3p4_3d2(d)_3Fe        21.0    1004660.0000    26.6411   1.125E+02    17     0     30
3s2_3p4_3d2(b)_1De         5.0    1009040.0000    26.5098   1.131E+02    16     0     31
3s2_3p4_3d2(b)_1Ge         9.0    1009680.0000    26.4906   1.132E+02    16     0     32
3s2_3p4_3d2_3Se            3.0    1021520.0000    26.1357   1.147E+02    17     0     33
3s2_3p4_3d2(c)_1Ge         9.0    1021530.0000    26.1354   1.147E+02    16     0     34
3s2_3p4_3d2(c)_3De        15.0    1024890.0000    26.0346   1.152E+02    17     0     35
3s2_3p4_3d2(d)_3Pe         9.0    1030560.0000    25.8647   1.159E+02    17     0     36
3s2_3p4_3d2(c)_1De         5.0    1032410.0000    25.8092   1.162E+02    16     0     37
3s2_3p5_4p_3Se             3.0    1042850.0000    25.4962   1.176E+02    17     0     38
3s2_3p5_4p_1De             5.0    1051790.0000    25.2282   1.188E+02    18     0     39
3s2_3p4_3d2(a)_1Se         1.0    1053950.0000    25.1634   1.191E+02    18     0     40
3s2_3p5_4p_3De            15.0    1055230.0000    25.1251   1.193E+02    19     0     41
3s2_3p5_4p_1Pe             3.0    1056040.0000    25.1008   1.194E+02    18     0     42
3s2_3p4_3d2(e)_3Fe        21.0    1058920.0000    25.0144   1.198E+02    19     0     43
3s2_3p5_4p_3Pe             9.0    1060360.0000    24.9713   1.201E+02    19     0     44
3s2_3p4_3d2(d)_3De        15.0    1072580.0000    24.6049   1.218E+02    19     0     45
3s2_3p4_3d2(a)_1Pe         3.0    1078980.0000    24.4131   1.228E+02    18     0     46
3s2_3p4_3d2(d)_1De         5.0    1079780.0000    24.3891   1.229E+02    18     0     47
3s2_3p4_3d2(e)_3Pe         9.0    1082650.0000    24.3030   1.234E+02    19     0     48
3s2_3p4_3d2(b)_1Fe         7.0    1085040.0000    24.2314   1.237E+02    18     0     49
3s2_3p5_4p_1Se             1.0    1099750.0000    23.7904   1.260E+02    18     0     50
3s_3p5_3d2_3Do            15.0    1159410.0000    22.0018   1.363E+02    20     0     51
3s_3p5_3d2_3Po             9.0    1160430.0000    21.9713   1.364E+02    20     0     52
3s2_3p4_3d2(e)_1De         5.0    1171320.0000    21.6448   1.385E+02    21     0     53
3s2_3p5_4d_3Po             9.0    1194440.0000    20.9517   1.431E+02    20     0     54
3s2_3p5_4d_1Fo             7.0    1203220.0000    20.6884   1.449E+02    22     0     55
3s2_3p5_4d_1Po             3.0    1206280.0000    20.5967   1.456E+02    22     0     56
3s_3p5_3d2_1Go             9.0    1207930.0000    20.5472   1.459E+02    22     0     57
3s2_3p5_4d_1Do             5.0    1208900.0000    20.5182   1.461E+02    22     0     58
3s2_3p5_4d_3Do            15.0    1208980.0000    20.5158   1.461E+02    20     0     59
3s_3p5_3d2(a)_3Do         15.0    1211250.0000    20.4477   1.466E+02    20     0     60
3s_3p5_3d2(b)_3Do         15.0    1224160.0000    20.0607   1.494E+02    23     0     61
3s_3p5_3d2_1Fo             7.0    1230270.0000    19.8775   1.508E+02    22     0     62
3s_3p5_3d2_1Do             5.0    1231480.0000    19.8412   1.511E+02    22     0     63
3s_3p5_3d2_3So             3.0    1232350.0000    19.8151   1.513E+02    23     0     64
3s_3p5_3d2(a)_3Po          9.0    1232820.0000    19.8011   1.514E+02    23     0     65
3s_3p5_3d2_1So             1.0    1238040.0000    19.6446   1.526E+02    22     0     66
3s2_3p4_3d2(b)_1Se         1.0    1254160.0000    19.1613   1.565E+02    24     0     67
3s_3p6_4s_3Se              3.0    1254880.0000    19.1397   1.566E+02    25     0     68
3s_3p5_3d2(a)_1Do          5.0    1258870.0000    19.0201   1.576E+02    22     0     69
3s_3p5_3d2(b)_3Po          9.0    1258980.0000    19.0168   1.576E+02    23     0     70
3s_3p5_3d2_1Po             3.0    1261570.0000    18.9392   1.583E+02    22     0     71
3s_3p5_3d2(a)_1Fo          7.0    1267010.0000    18.7761   1.597E+02    26     0     72
3s_3p6_4s_1Se              1.0    1272280.0000    18.6181   1.610E+02    24     0     73
3s_3p5_3d2(c)_3Do         15.0    1295900.0000    17.9100   1.674E+02    27     0     74
3s_3p5_3d2(a)_1Go          9.0    1308000.0000    17.5472   1.708E+02    26     0     75
3s2_3p5_4f_3De            15.0    1309010.0000    17.5169   1.711E+02    25     0     76
3s2_3p3_3d3_3Po            9.0    1314930.0000    17.3395   1.729E+02    27     0     77
3s_3p5_3d2(b)_1Fo          7.0    1316230.0000    17.3005   1.733E+02    26     0     78
3s2_3p5_4f_1Ge             9.0    1318060.0000    17.2456   1.738E+02    28     0     79
3s_3p5_3d2(a)_3So          3.0    1320270.0000    17.1794   1.745E+02    27     0     80
3s2_3p5_4f_1Fe             7.0    1322990.0000    17.0978   1.753E+02    28     0     81
3s2_3p5_4f_3Fe            21.0    1323030.0000    17.0966   1.754E+02    29     0     82
3s2_3p5_4f_1De             5.0    1329640.0000    16.8985   1.774E+02    28     0     83
3s_3p5_3d2(c)_3Po          9.0    1330960.0000    16.8589   1.778E+02    27     0     84
3s2_3p3_3d3_1So            1.0    1340020.0000    16.5873   1.807E+02    30     0     85
3s2_3p3_3d3_3Do           15.0    1340770.0000    16.5648   1.810E+02    27     0     86
3s_3p6_4p_1Po              3.0    1343130.0000    16.4940   1.818E+02    30     0     87
3s_3p5_3d2(a)_1Po          3.0    1347390.0000    16.3663   1.832E+02    30     0     88
3s_3p6_4p_3Po              9.0    1350830.0000    16.2632   1.843E+02    27     0     89
3s_3p5_3d2(d)_3Do         15.0    1351010.0000    16.2578   1.844E+02    27     0     90
3s2_3p3_3d3(a)_3Po         9.0    1362510.0000    15.9130   1.884E+02    31     0     91
3s2_3p3_3d3_1Go            9.0    1366150.0000    15.8039   1.897E+02    30     0     92
(3Pe)3d(4DE)4s_3De        15.0    1366300.0000    15.7994   1.897E+02    29     0     93
3s2_3p5_5s_3Po             9.0    1369140.0000    15.7143   1.908E+02    31     0     94
3s_3p5_3d2(b)_1Do          5.0    1369230.0000    15.7116   1.908E+02    30     0     95
3s2_3p5_5s_1Po             3.0    1369380.0000    15.7071   1.909E+02    30     0     96
3s_3p5_3d2(b)_1Po          3.0    1375700.0000    15.5176   1.932E+02    30     0     97
3s2_3p3_3d3_1Fo            7.0    1377550.0000    15.4622   1.939E+02    30     0     98
3s2_3p3_3d3(a)_3Do        15.0    1379070.0000    15.4166   1.945E+02    31     0     99
3s2_3p3_3d3(b)_3Po         9.0    1384680.0000    15.2484   1.966E+02    31     0    100
3s2_3p3_3d3(a)_1Fo         7.0    1391330.0000    15.0490   1.992E+02    30     0    101
(1De)3d(2PE)4s_3Pe         9.0    1396020.0000    14.9084   2.011E+02    32     0    102
3s2_3p3_3d3_1Do            5.0    1396060.0000    14.9072   2.011E+02    30     0    103
3s2_3p3_3d3(b)_3Do        15.0    1397530.0000    14.8632   2.017E+02    31     0    104
(3Pe)3d(4FE)4s_3Fe        21.0    1398940.0000    14.8209   2.023E+02    32     0    105
(1De)3d(2DE)4s_3De        15.0    1399250.0000    14.8116   2.024E+02    32     0    106
(1De)3d(2PE)4s_1Pe         3.0    1401700.0000    14.7382   2.034E+02    33     0    107
3s2_3p5_5p_3Se             3.0    1402330.0000    14.7193   2.037E+02    32     0    108
(1De)3d(2DE)4s_1De         5.0    1404290.0000    14.6605   2.045E+02    33     0    109
3s2_3p5_5p_3De            15.0    1408670.0000    14.5292   2.063E+02    32     0    110
(3Pe)3d(2FE)4s_3Fe        21.0    1410330.0000    14.4794   2.070E+02    32     0    111
3s2_3p5_5p_3Pe             9.0    1410840.0000    14.4642   2.073E+02    32     0    112
3s2_3p5_5p_1De             5.0    1412590.0000    14.4117   2.080E+02    33     0    113
3s2_3p5_5p_1Pe             3.0    1414350.0000    14.3589   2.088E+02    33     0    114
3s2_3p3_3d3(c)_3Do        15.0    1415270.0000    14.3313   2.092E+02    31     0    115
3s2_3p3_3d3(c)_3Po         9.0    1415300.0000    14.3304   2.092E+02    31     0    116
3s2_3p3_3d3(a)_1Do         5.0    1416850.0000    14.2840   2.099E+02    34     0    117
(3Pe)3d(4PE)4s_3Pe         9.0    1418350.0000    14.2390   2.105E+02    32     0    118
(3Pe)3d(2FE)4s_1Fe         7.0    1419770.0000    14.1964   2.112E+02    33     0    119
(1De)3d(2GE)4s_1Ge         9.0    1421300.0000    14.1506   2.119E+02    33     0    120
3s2_3p5_5p_1Se             1.0    1425650.0000    14.0202   2.138E+02    33     0    121
3s2_3p3_3d3(d)_3Do        15.0    1427220.0000    13.9731   2.145E+02    31     0    122
3s2_3p3_3d3(a)_1Go         9.0    1427370.0000    13.9686   2.146E+02    34     0    123
3s2_3p3_3d3(b)_1Go         9.0    1438960.0000    13.6211   2.201E+02    34     0    124
3s2_3p3_3d3_1Po            3.0    1445170.0000    13.4350   2.231E+02    34     0    125
3s2_3p3_3d3(e)_3Do        15.0    1447100.0000    13.3771   2.241E+02    35     0    126
3s2_3p3_3d3(c)_1Go         9.0    1448120.0000    13.3465   2.246E+02    34     0    127
3s2_3p3_3d3(a)_1Po         3.0    1448180.0000    13.3447   2.247E+02    34     0    128
3s2_3p3_3d3(d)_3Po         9.0    1451450.0000    13.2467   2.263E+02    35     0    129
3s2_3p3_3d3_3So            3.0    1455790.0000    13.1166   2.286E+02    35     0    130
3s2_3p3_3d3(b)_1Do         5.0    1456580.0000    13.0929   2.290E+02    34     0    131
(1De)3d(2FE)4s_1Fe         7.0    1456790.0000    13.0866   2.291E+02    33     0    132
(3Pe)3d(4DE)4p_3Do        15.0    1457360.0000    13.0695   2.294E+02    35     0    133
(3Pe)3d(4DE)4p_3Po         9.0    1459730.0000    12.9985   2.306E+02    35     0    134
3s2_3p3_3d3(b)_1Fo         7.0    1461160.0000    12.9556   2.314E+02    34     0    135
3s2_3p3_3d3(a)_1So         1.0    1462300.0000    12.9214   2.320E+02    34     0    136
3s2_3p3_3d3(e)_3Po         9.0    1462450.0000    12.9169   2.321E+02    35     0    137
3s2_3p5_5d_1Fo             7.0    1470780.0000    12.6672   2.367E+02    34     0    138
3s2_3p5_5d_3Po             9.0    1471390.0000    12.6489   2.370E+02    35     0    139
3s2_3p5_5d_1Po             3.0    1471630.0000    12.6417   2.371E+02    34     0    140
3s2_3p5_5d_3Do            15.0    1472280.0000    12.6222   2.375E+02    35     0    141
3s2_3p5_5d_1Do             5.0    1473610.0000    12.5824   2.383E+02    34     0    142
3s2_3p3_3d3(d)_1Go         9.0    1475800.0000    12.5167   2.395E+02    34     0    143
(1Se)3d(2DE)4s_3De        15.0    1475880.0000    12.5143   2.396E+02    36     0    144
3s2_3p3_3d3(c)_1Do         5.0    1475970.0000    12.5116   2.396E+02    34     0    145
3s2_3p3_3d3(a)_3So         3.0    1477170.0000    12.4756   2.403E+02    35     0    146
3s2_3p3_3d3(f)_3Do        15.0    1478470.0000    12.4367   2.411E+02    35     0    147
(1Se)3d(2DE)4s_1De         5.0    1480020.0000    12.3902   2.420E+02    37     0    148
(1De)3d(2DE)4p_1Po         3.0    1483650.0000    12.2814   2.441E+02    34     0    149
3s2_3p3_3d3(c)_1Fo         7.0    1483860.0000    12.2751   2.442E+02    34     0    150
(1De)3d(2PE)4p_3Do        15.0    1487580.0000    12.1635   2.465E+02    35     0    151
(1De)3d(2DE)4p_3Do        15.0    1490670.0000    12.0709   2.484E+02    35     0    152
(1De)3d(2PE)4p_1Do         5.0    1491010.0000    12.0607   2.486E+02    38     0    153
3s2_3p3_3d3(g)_3Do        15.0    1492870.0000    12.0050   2.497E+02    35     0    154
3s_3p6_4d_3De             15.0    1493160.0000    11.9963   2.499E+02    36     0    155
(1De)3d(2PE)4p_3Po         9.0    1494030.0000    11.9702   2.504E+02    35     0    156
(3Pe)3d(2FE)4p_1Fo         7.0    1495380.0000    11.9297   2.513E+02    38     0    157
3s2_3p3_3d3(d)_1Do         5.0    1496700.0000    11.8901   2.521E+02    38     0    158
3s_3p6_4d_1De              5.0    1497500.0000    11.8661   2.526E+02    37     0    159
(1De)3d(2DE)4p_3Po         9.0    1499010.0000    11.8209   2.536E+02    35     0    160
(1De)3d(2PE)4p_3So         3.0    1499840.0000    11.7960   2.541E+02    35     0    161
(1De)3d(2DE)4p_1Fo         7.0    1501220.0000    11.7546   2.550E+02    38     0    162
(1De)3d(2PE)4p_1So         1.0    1503560.0000    11.6845   2.566E+02    38     0    163
(1De)3d(2PE)4p_1Po         3.0    1504980.0000    11.6419   2.575E+02    38     0    164
(3Pe)3d(2FE)4p_1Go         9.0    1505410.0000    11.6290   2.578E+02    38     0    165
(3Pe)3d(4PE)4p_3Po         9.0    1505560.0000    11.6245   2.579E+02    35     0    166
(3Pe)3d(4PE)4p_3Do        15.0    1507190.0000    11.5756   2.590E+02    35     0    167
(3Pe)3d(4FE)4p_3Do        15.0    1508310.0000    11.5421   2.597E+02    35     0    168
(1De)3d(2SE)4s_3Se         3.0    1509450.0000    11.5079   2.605E+02    36     0    169
3s2_3p3_3d3(h)_3Do        15.0    1510450.0000    11.4779   2.612E+02    35     0    170
3s2_3p3_3d3(d)_1Fo         7.0    1513320.0000    11.3919   2.632E+02    38     0    171
(1De)3d(2DE)4p_1Do         5.0    1515110.0000    11.3382   2.644E+02    38     0    172
(1De)3d(2GE)4p_1Go         9.0    1516660.0000    11.2917   2.655E+02    38     0    173
3s2_3p3_3d3(f)_3Po         9.0    1517990.0000    11.2519   2.664E+02    35     0    174
(3Pe)3d(2FE)4p_3Do        15.0    1518510.0000    11.2363   2.668E+02    35     0    175
(1De)3d(2SE)4s_1Se         1.0    1518830.0000    11.2267   2.670E+02    37     0    176
(3Pe)3d(4PE)4p_3So         3.0    1519310.0000    11.2123   2.674E+02    35     0    177
3s2_3p5_5f_3De            15.0    1521190.0000    11.1559   2.687E+02    36     0    178
3s2_3p3_3d3(i)_3Do        15.0    1524770.0000    11.0486   2.713E+02    39     0    179
3s2_3p5_5f_1Ge             9.0    1525290.0000    11.0330   2.717E+02    37     0    180
3s2_3p5_5f_1Fe             7.0    1527090.0000    10.9791   2.731E+02    37     0    181
3s2_3p3_3d3(g)_3Po         9.0    1527230.0000    10.9749   2.732E+02    39     0    182
3s2_3p3_3d3(e)_1Go         9.0    1529020.0000    10.9212   2.745E+02    38     0    183
3s2_3p3_3d3(j)_3Do        15.0    1529500.0000    10.9068   2.749E+02    39     0    184
3s2_3p5_5f_1De             5.0    1530560.0000    10.8750   2.757E+02    37     0    185
3s2_3p3_3d3(e)_1Fo         7.0    1530660.0000    10.8720   2.757E+02    38     0    186
(3Pe)3d(2PE)4s_3Pe         9.0    1531600.0000    10.8439   2.765E+02    36     0    187
(3Pe)3d(2FE)4p_1Do         5.0    1532950.0000    10.8034   2.775E+02    38     0    188
3s2_3p3_3d3(b)_1Po         3.0    1534780.0000    10.7485   2.789E+02    38     0    189
3s2_3p3_3d3(e)_1Do         5.0    1535240.0000    10.7347   2.793E+02    38     0    190
3p6_3d2_3Pe                9.0    1535540.0000    10.7257   2.795E+02    36     0    191
3p6_3d2_1De                5.0    1535580.0000    10.7245   2.795E+02    37     0    192
3s2_3p5_5g_1Fo             7.0    1535790.0000    10.7182   2.797E+02    38     0    193
3s2_3p5_5g_1Go             9.0    1538030.0000    10.6511   2.815E+02    38     0    194
3s2_3p3_3d3(c)_1Po         3.0    1539120.0000    10.6184   2.823E+02    38     0    195
(1De)3d(2GE)4p_1Fo         7.0    1540320.0000    10.5824   2.833E+02    38     0    196
(3Pe)3d(2PE)4s_1Pe         3.0    1540840.0000    10.5668   2.837E+02    37     0    197
(3Pe)3d(2DE)4s_3De        15.0    1544040.0000    10.4709   2.863E+02    36     0    198
3s2_3p3_3d3(k)_3Do        15.0    1544860.0000    10.4463   2.870E+02    39     0    199
3p6_3d2_1Ge                9.0    1547700.0000    10.3612   2.893E+02    37     0    200
3s2_3p3_3d3(b)_3So         3.0    1548180.0000    10.3468   2.897E+02    39     0    201
(1De)3d(2FE)4p_1Do         5.0    1548500.0000    10.3372   2.900E+02    38     0    202
3s2_3p3_3d3(f)_1Fo         7.0    1552220.0000    10.2257   2.932E+02    38     0    203
3s2_3p5_6s_3Po             9.0    1553140.0000    10.1981   2.940E+02    39     0    204
(3Pe)3d(2DE)4s_1De         5.0    1553470.0000    10.1882   2.943E+02    37     0    205
3s2_3p3_3d3(h)_3Po         9.0    1553960.0000    10.1735   2.947E+02    39     0    206
3s2_3p5_6s_1Po             3.0    1555190.0000    10.1366   2.958E+02    38     0    207
(1De)3d(2FE)4p_1Go         9.0    1556120.0000    10.1088   2.966E+02    38     0    208
(1De)3d(2FE)4p_3Do        15.0    1557720.0000    10.0608   2.980E+02    39     0    209
(1De)3d(2FE)4p_1Fo         7.0    1563380.0000     9.8911   3.031E+02    38     0    210
3s2_3p3_3d3(i)_3Po         9.0    1564200.0000     9.8665   3.038E+02    39     0    211
(1Se)3d(2DE)4p_1Do         5.0    1569710.0000     9.7013   3.090E+02    40     0    212
(1Se)3d(2DE)4p_3Do        15.0    1571870.0000     9.6366   3.111E+02    39     0    213
3s2_3p3_3d3(d)_1Po         3.0    1572960.0000     9.6039   3.122E+02    40     0    214
3s2_3p5_6p_3Se             3.0    1573630.0000     9.5838   3.128E+02    41     0    215
(1Se)3d(2DE)4p_1Fo         7.0    1574550.0000     9.5562   3.137E+02    40     0    216
3s2_3p5_6p_3De            15.0    1577120.0000     9.4792   3.163E+02    41     0    217
3s2_3p5_6p_3Pe             9.0    1578010.0000     9.4525   3.172E+02    41     0    218
3s2_3p3_3d3(l)_3Do        15.0    1578270.0000     9.4447   3.174E+02    39     0    219
3s2_3p5_6p_1De             5.0    1578780.0000     9.4294   3.179E+02    42     0    220
3s2_3p5_6p_1Pe             3.0    1578880.0000     9.4264   3.180E+02    42     0    221
3s2_3p3_3d3(f)_1Do         5.0    1580690.0000     9.3722   3.199E+02    40     0    222
3s2_3p3_3d3(f)_1Go         9.0    1582260.0000     9.3251   3.215E+02    40     0    223
(1Se)3d(2DE)4p_3Po         9.0    1582750.0000     9.3104   3.220E+02    39     0    224
3s2_3p3_3d3(b)_1So         1.0    1584030.0000     9.2720   3.233E+02    40     0    225
3s2_3p5_6p_1Se             1.0    1584380.0000     9.2616   3.237E+02    42     0    226
3s2_3p3_3d3(j)_3Po         9.0    1586400.0000     9.2010   3.258E+02    39     0    227
(1Se)3d(2DE)4p_1Po         3.0    1589240.0000     9.1159   3.289E+02    40     0    228
(3Pe)3d(4DE)4d_3Se         3.0    1591120.0000     9.0595   3.309E+02    41     0    229
3s2_3p3_3d3(g)_1Do         5.0    1592200.0000     9.0271   3.321E+02    40     0    230
(3Pe)3d(4DE)4d_3De        15.0    1593280.0000     8.9947   3.333E+02    41     0    231
3s2_3p3_3d3(g)_1Fo         7.0    1595580.0000     8.9258   3.359E+02    40     0    232
(1De)3d(2SE)4p_1Po         3.0    1601550.0000     8.7468   3.427E+02    40     0    233
3p6_3d2_1Se                1.0    1603260.0000     8.6955   3.448E+02    42     0    234
(1De)3d(2SE)4p_3Po         9.0    1604590.0000     8.6557   3.464E+02    43     0    235
3s2_3p3_3d3(g)_1Go         9.0    1605240.0000     8.6362   3.471E+02    40     0    236
3s2_3p3_3d3(30)_3Do       15.0    1606300.0000     8.6044   3.484E+02    43     0    237
(3Pe)3d(4DE)4d_3Pe         9.0    1606480.0000     8.5990   3.486E+02    41     0    238
3s_3p6_4f_1Fo              7.0    1607940.0000     8.5552   3.504E+02    40     0    239
3s2_3p3_3d3(h)_1Fo         7.0    1609670.0000     8.5034   3.526E+02    40     0    240
3s2_3p5_6d_1Po             3.0    1609940.0000     8.4953   3.529E+02    40     0    241
3s2_3p5_6d_1Fo             7.0    1612340.0000     8.4233   3.559E+02    40     0    242
3s2_3p5_6d_3Po             9.0    1612540.0000     8.4173   3.562E+02    43     0    243
3s2_3p5_6d_1Do             5.0    1612740.0000     8.4113   3.564E+02    40     0    244
3s2_3p5_6d_3Do            15.0    1612810.0000     8.4092   3.565E+02    43     0    245
3s2_3p3_3d3(c)_3So         3.0    1614780.0000     8.3502   3.590E+02    43     0    246
(3Pe)3d(2PE)4p_3Po         9.0    1618170.0000     8.2486   3.634E+02    43     0    247
3s2_3p3_3d3(e)_1Po         3.0    1619060.0000     8.2219   3.646E+02    40     0    248
3s_3p4_3d3_3Pe             9.0    1619320.0000     8.2141   3.650E+02    41     0    249
(1De)3d(2DE)4d_1Pe         3.0    1621200.0000     8.1577   3.675E+02    42     0    250
(1De)3d(2PE)4d_3De        15.0    1624360.0000     8.0630   3.718E+02    41     0    251
3s_3p4_3d3_3De            15.0    1627120.0000     7.9802   3.757E+02    41     0    252
3s2_3p3_3d3(f)_1Po         3.0    1627390.0000     7.9721   3.760E+02    40     0    253
(3Pe)3d(2PE)4p_3Do        15.0    1629160.0000     7.9191   3.786E+02    43     0    254
(1De)3d(2PE)4d_1Fe         7.0    1629560.0000     7.9071   3.791E+02    42     0    255
3s2_3p3_3d3(k)_3Po         9.0    1630950.0000     7.8654   3.812E+02    43     0    256
(1De)3d(2PE)4d_3Pe         9.0    1633120.0000     7.8004   3.843E+02    41     0    257
(1De)3d(2DE)4d_3Se         3.0    1633190.0000     7.7983   3.844E+02    41     0    258
(1De)3d(2DE)4d_3De        15.0    1633540.0000     7.7878   3.850E+02    41     0    259
(3Pe)3d(2PE)4p_1So         1.0    1633720.0000     7.7824   3.852E+02    40     0    260
(1De)3d(2PE)4d_1De         5.0    1634680.0000     7.7536   3.866E+02    42     0    261
(1De)3d(2DE)4d_1Ge         9.0    1636030.0000     7.7131   3.887E+02    42     0    262
3s2_3p5_6f_3De            15.0    1636710.0000     7.6927   3.897E+02    41     0    263
(3Pe)3d(2PE)4p_1Do         5.0    1637910.0000     7.6568   3.915E+02    40     0    264
3s2_3p5_6f_1Ge             9.0    1639000.0000     7.6241   3.932E+02    42     0    265
3s2_3p5_6f_1Fe             7.0    1639040.0000     7.6229   3.933E+02    42     0    266
(3Pe)3d(4PE)4d_3De        15.0    1639210.0000     7.6178   3.935E+02    41     0    267
(1De)3d(2DE)4d_3Pe         9.0    1639520.0000     7.6085   3.940E+02    41     0    268
(3Pe)3d(2PE)4p_3So         3.0    1640870.0000     7.5680   3.961E+02    43     0    269
3s2_3p5_6f_1De             5.0    1641500.0000     7.5491   3.971E+02    42     0    270
3s2_3p3_3d3(i)_1Fo         7.0    1641760.0000     7.5413   3.975E+02    40     0    271
(3Pe)3d(4PE)4d_3Pe         9.0    1642970.0000     7.5051   3.995E+02    41     0    272
(1De)3d(2DE)4d_1De         5.0    1643720.0000     7.4826   4.007E+02    42     0    273
(3Pe)3d(4FE)4d_3De        15.0    1645410.0000     7.4319   4.034E+02    41     0    274
3s2_3p5_6g_1Go             9.0    1645990.0000     7.4145   4.043E+02    40     0    275
3s2_3p5_6g_1Fo             7.0    1646080.0000     7.4118   4.045E+02    40     0    276
(3Pe)3d(2DE)4p_1Do         5.0    1646190.0000     7.4085   4.047E+02    40     0    277
(1De)3d(2PE)4d_1Pe         3.0    1646560.0000     7.3974   4.053E+02    42     0    278
(3Pe)3d(2DE)4p_3Do        15.0    1647900.0000     7.3573   4.075E+02    43     0    279
3s_3p4_3d3_3Se             3.0    1649130.0000     7.3204   4.095E+02    41     0    280
(3Pe)3d(2DE)4p_3Po         9.0    1649150.0000     7.3198   4.096E+02    43     0    281
(3Pe)3d(2FE)4d_1Fe         7.0    1649340.0000     7.3141   4.099E+02    42     0    282
(3Pe)3d(2PE)4p_1Po         3.0    1649370.0000     7.3132   4.099E+02    44     0    283
(1De)3d(2DE)4d_1Fe         7.0    1649890.0000     7.2976   4.108E+02    42     0    284
(1De)3d(2DE)4d_1Se         1.0    1649990.0000     7.2946   4.110E+02    42     0    285
(3Pe)3d(2DE)4p_1Fo         7.0    1650890.0000     7.2676   4.125E+02    44     0    286
3s_3p4_3d3(a)_3De         15.0    1651770.0000     7.2413   4.140E+02    41     0    287
3s2_3p3_3d3(34)_3Do       15.0    1652100.0000     7.2314   4.146E+02    43     0    288
3s2_3p3_3d3(h)_1Do         5.0    1652780.0000     7.2110   4.157E+02    44     0    289
3s_3p6_5s_3Se              3.0    1653640.0000     7.1852   4.172E+02    45     0    290
(1De)3d(2GE)4d_3De        15.0    1656020.0000     7.1138   4.214E+02    45     0    291
(3Pe)3d(4FE)4d_3Pe         9.0    1657160.0000     7.0797   4.235E+02    45     0    292
(3Pe)3d(2FE)4d_1Ge         9.0    1657520.0000     7.0689   4.241E+02    42     0    293
3s2_3p5_7s_1Po             3.0    1658060.0000     7.0527   4.251E+02    44     0    294
(1De)3d(2GE)4d_1De         5.0    1658240.0000     7.0473   4.254E+02    46     0    295
3s2_3p5_7s_3Po             9.0    1659320.0000     7.0149   4.274E+02    43     0    296
3s_3p6_5s_1Se              1.0    1659790.0000     7.0008   4.282E+02    46     0    297
(1De)3d(2GE)4d_1Fe         7.0    1662380.0000     6.9232   4.330E+02    46     0    298
(3Pe)3d(2FE)4d_3De        15.0    1662610.0000     6.9163   4.335E+02    45     0    299
(1De)3d(2GE)4d_1Ge         9.0    1663870.0000     6.8785   4.358E+02    46     0    300
(3Pe)3d(2FE)4d_1Pe         3.0    1664650.0000     6.8551   4.373E+02    46     0    301
(3Pe)3d(2FE)4d_1De         5.0    1666970.0000     6.7856   4.418E+02    46     0    302
3s2_3p5_7p_3Se             3.0    1668840.0000     6.7295   4.455E+02    45     0    303
3s2_3p5_7p_3De            15.0    1669300.0000     6.7157   4.464E+02    45     0    304
3s2_3p5_7p_3Pe             9.0    1669640.0000     6.7055   4.471E+02    45     0    305
3s2_3p5_7p_1Pe             3.0    1670200.0000     6.6887   4.482E+02    46     0    306
(3Pe)3d(2DE)4p_1Po         3.0    1670400.0000     6.6827   4.486E+02    44     0    307
3s2_3p5_7p_1De             5.0    1670840.0000     6.6695   4.495E+02    46     0    308
3s_3p4_3d3(b)_3De         15.0    1671510.0000     6.6495   4.509E+02    45     0    309
(3Pe)3d(2FE)4d_3Pe         9.0    1672190.0000     6.6291   4.522E+02    45     0    310
3s2_3p5_7p_1Se             1.0    1674320.0000     6.5652   4.566E+02    46     0    311
3s_3p4_3d3_1Fe             7.0    1678840.0000     6.4297   4.663E+02    46     0    312
3s_3p4_3d3(a)_3Pe          9.0    1683650.0000     6.2855   4.770E+02    45     0    313
3s2_3p3_3d3(j)_1Fo         7.0    1685330.0000     6.2351   4.808E+02    44     0    314
(1De)3d(2FE)4d_1Fe         7.0    1687280.0000     6.1767   4.854E+02    46     0    315
(1De)3d(2FE)4d_3De        15.0    1687370.0000     6.1740   4.856E+02    45     0    316
3s2_3p5_7d_3Po             9.0    1688240.0000     6.1479   4.876E+02    47     0    317
(1De)3d(2FE)4d_1Pe         3.0    1690850.0000     6.0697   4.939E+02    46     0    318
3s2_3p5_7d_1Fo             7.0    1690900.0000     6.0682   4.940E+02    44     0    319
3s_3p4_3d3(b)_3Pe          9.0    1690920.0000     6.0676   4.941E+02    45     0    320
3s2_3p5_7d_3Do            15.0    1691400.0000     6.0532   4.953E+02    47     0    321
3s2_3p5_7d_1Do             5.0    1691420.0000     6.0526   4.953E+02    44     0    322
3s_3p4_3d3(c)_3De         15.0    1691640.0000     6.0460   4.959E+02    45     0    323
3s_3p4_3d3_1De             5.0    1692290.0000     6.0265   4.975E+02    46     0    324
3s2_3p5_7d_1Po             3.0    1693370.0000     5.9941   5.001E+02    44     0    325
3s_3p4_3d3_1Ge             9.0    1695560.0000     5.9285   5.057E+02    46     0    326
3s_3p6_5p_3Po              9.0    1698000.0000     5.8553   5.120E+02    47     0    327
(1De)3d(2FE)4d_3Pe         9.0    1698100.0000     5.8523   5.123E+02    45     0    328
3s_3p6_5p_1Po              3.0    1699410.0000     5.8130   5.157E+02    44     0    329
3s_3p4_3d3_1Se             1.0    1700300.0000     5.7864   5.181E+02    46     0    330
(1De)3d(2FE)4d_1Ge         9.0    1701660.0000     5.7456   5.218E+02    46     0    331
3s_3p4_3d3(d)_3De         15.0    1702010.0000     5.7351   5.227E+02    45     0    332
(1De)3d(2FE)4d_1De         5.0    1702470.0000     5.7213   5.240E+02    46     0    333
(1Se)3d(2DE)4d_1Fe         7.0    1704120.0000     5.6718   5.286E+02    46     0    334
3s2_3p5_7f_3De            15.0    1705390.0000     5.6338   5.321E+02    45     0    335
3s2_3p5_7f_1Ge             9.0    1706910.0000     5.5882   5.365E+02    46     0    336
3s2_3p5_7f_1Fe             7.0    1707420.0000     5.5729   5.379E+02    46     0    337
(1Se)3d(2DE)4d_3De        15.0    1707770.0000     5.5624   5.390E+02    45     0    338
3s2_3p5_7f_1De             5.0    1708490.0000     5.5408   5.411E+02    46     0    339
(1Se)3d(2DE)4d_1Pe         3.0    1710930.0000     5.4677   5.483E+02    46     0    340
3s2_3p5_7g_1Fo             7.0    1710990.0000     5.4659   5.485E+02    44     0    341
3s2_3p5_7g_1Go             9.0    1711370.0000     5.4545   5.496E+02    44     0    342
3s_3p4_3d3(a)_1De          5.0    1711740.0000     5.4434   5.507E+02    46     0    343
3s_3p4_3d3(c)_3Pe          9.0    1712260.0000     5.4278   5.523E+02    45     0    344
(3Pe)3d(4DE)4f_3Po         9.0    1713390.0000     5.3939   5.558E+02    47     0    345
3s_3p4_3d3_1Pe             3.0    1714640.0000     5.3565   5.597E+02    46     0    346
(3Pe)3d(4DE)4f_3Do        15.0    1716680.0000     5.2953   5.661E+02    47     0    347
3s2_3p5_8s_3Po             9.0    1718610.0000     5.2374   5.724E+02    47     0    348
3s2_3p5_8s_1Po             3.0    1719100.0000     5.2227   5.740E+02    44     0    349
(1Se)3d(2DE)4d_3Se         3.0    1719700.0000     5.2048   5.760E+02    45     0    350
3s_3p4_3d3(a)_3Se          3.0    1723960.0000     5.0770   5.905E+02    45     0    351
3s2_3p5_8p_3Se             3.0    1725640.0000     5.0267   5.964E+02    45     0    352
3s2_3p5_8p_3De            15.0    1726320.0000     5.0063   5.988E+02    45     0    353
3s2_3p5_8p_1De             5.0    1726800.0000     4.9919   6.006E+02    46     0    354
3s2_3p5_8p_3Pe             9.0    1727070.0000     4.9838   6.015E+02    45     0    355
3s2_3p5_8p_1Pe             3.0    1727080.0000     4.9835   6.016E+02    46     0    356
3s2_3p5_8p_1Se             1.0    1729330.0000     4.9161   6.098E+02    46     0    357
3s_3p4_3d3(e)_3De         15.0    1731780.0000     4.8426   6.191E+02    45     0    358
(1Se)3d(2DE)4d_1De         5.0    1732990.0000     4.8063   6.237E+02    46     0    359
(1Se)3d(2DE)4d_3Pe         9.0    1734280.0000     4.7677   6.288E+02    45     0    360
3s_3p4_3d3(f)_3De         15.0    1734830.0000     4.7512   6.310E+02    45     0    361
3s_3p4_3d3(a)_1Pe          3.0    1735100.0000     4.7431   6.321E+02    46     0    362
3s_3p4_3d3(a)_1Fe          7.0    1737130.0000     4.6822   6.403E+02    46     0    363
(1Se)3d(2DE)4d_1Ge         9.0    1737590.0000     4.6684   6.422E+02    46     0    364
(1De)3d(2DE)4f_1Do         5.0    1738770.0000     4.6331   6.471E+02    48     0    365
3s2_3p5_8d_3Po             9.0    1739690.0000     4.6055   6.509E+02    47     0    366
3s_3p4_3d3(a)_1Ge          9.0    1740080.0000     4.5938   6.526E+02    46     0    367
3s_3p4_3d3(d)_3Pe          9.0    1740130.0000     4.5923   6.528E+02    49     0    368
3s2_3p5_8d_1Fo             7.0    1740270.0000     4.5881   6.534E+02    48     0    369
3s2_3p5_8d_3Do            15.0    1740670.0000     4.5761   6.551E+02    47     0    370
3s2_3p5_8d_1Do             5.0    1740750.0000     4.5737   6.555E+02    48     0    371
3s2_3p5_8d_1Po             3.0    1740780.0000     4.5728   6.556E+02    48     0    372
(1De)3d(2PE)4f_1Go         9.0    1744010.0000     4.4760   6.698E+02    48     0    373
(1De)3d(2PE)4f_3Do        15.0    1744680.0000     4.4559   6.728E+02    47     0    374
(1De)3d(2SE)4d_3De        15.0    1745450.0000     4.4328   6.763E+02    49     0    375
(1De)3d(2DE)4f_3Po         9.0    1749100.0000     4.3234   6.934E+02    47     0    376
3s_3p4_3d3(g)_3De         15.0    1749380.0000     4.3150   6.948E+02    49     0    377
(1De)3d(2DE)4f_1Po         3.0    1749480.0000     4.3120   6.953E+02    48     0    378
(1De)3d(2PE)4f_1Fo         7.0    1749520.0000     4.3108   6.954E+02    48     0    379
3s_3p4_3d3(b)_1Fe          7.0    1749830.0000     4.3015   6.970E+02    50     0    380
3s2_3p5_8f_3De            15.0    1750330.0000     4.2865   6.994E+02    49     0    381
3s2_3p5_8f_1Ge             9.0    1750890.0000     4.2697   7.021E+02    50     0    382
(3Pe)3d(4FE)4f_3Do        15.0    1750980.0000     4.2670   7.026E+02    47     0    383
3s2_3p5_8f_1Fe             7.0    1751190.0000     4.2607   7.036E+02    50     0    384
3s2_3p5_8f_1De             5.0    1751580.0000     4.2490   7.056E+02    50     0    385
3s2_3p5_8g_1Fo             7.0    1753510.0000     4.1912   7.153E+02    48     0    386
3s2_3p5_8g_1Go             9.0    1753960.0000     4.1777   7.176E+02    48     0    387
(1De)3d(2SE)4d_1De         5.0    1754230.0000     4.1696   7.190E+02    50     0    388
(1De)3d(2DE)4f_3Do        15.0    1754830.0000     4.1516   7.221E+02    47     0    389
(1Se)3d(2DE)4d_1Se         1.0    1754880.0000     4.1501   7.224E+02    50     0    390
(3Pe)3d(4FE)4f_3Po         9.0    1756980.0000     4.0871   7.335E+02    47     0    391
(1De)3d(2DE)4f_1Fo         7.0    1757950.0000     4.0581   7.388E+02    48     0    392
(1De)3d(2PE)4f_1Do         5.0    1758210.0000     4.0503   7.402E+02    48     0    393
(3Pe)3d(4DE)5s_3De        15.0    1758930.0000     4.0287   7.441E+02    49     0    394
3s2_3p5_9s_3Po             9.0    1758930.0000     4.0287   7.441E+02    47     0    395
3s2_3p5_9s_1Po             3.0    1759180.0000     4.0212   7.455E+02    48     0    396
(3Pe)3d(4FE)4f_3So         3.0    1759400.0000     4.0146   7.468E+02    47     0    397
(3Pe)3d(2FE)4f_1Go         9.0    1759940.0000     3.9984   7.498E+02    48     0    398
3s_3p6_5d_3De             15.0    1760530.0000     3.9807   7.531E+02    49     0    399
(1De)3d(2DE)4f_1Go         9.0    1761380.0000     3.9552   7.580E+02    48     0    400
3s_3p4_3d3(b)_1De          5.0    1761860.0000     3.9408   7.607E+02    50     0    401
(1De)3d(2GE)4f_1Fo         7.0    1762410.0000     3.9243   7.639E+02    48     0    402
3s_3p6_5d_1De              5.0    1762820.0000     3.9121   7.663E+02    50     0    403
(3Pe)3d(2FE)4f_3Do        15.0    1763480.0000     3.8923   7.702E+02    47     0    404
3s2_3p5_9p_3Se             3.0    1763480.0000     3.8923   7.702E+02    49     0    405
3s2_3p5_9p_3De            15.0    1764260.0000     3.8689   7.749E+02    49     0    406
3s2_3p5_9p_3Pe             9.0    1764500.0000     3.8617   7.763E+02    49     0    407
3s2_3p5_9p_1Pe             3.0    1764510.0000     3.8614   7.764E+02    50     0    408
3s2_3p5_9p_1De             5.0    1764550.0000     3.8602   7.766E+02    50     0    409
3s_3p4_3d3(b)_3Se          3.0    1765590.0000     3.8290   7.829E+02    49     0    410
3s2_3p5_9p_1Se             1.0    1766090.0000     3.8140   7.860E+02    50     0    411
(3Pe)3d(4PE)4f_3Do        15.0    1766170.0000     3.8116   7.865E+02    47     0    412
(1De)3d(2GE)4f_1Do         5.0    1766490.0000     3.8020   7.885E+02    48     0    413
3s_3p4_3d3(c)_1Fe          7.0    1766680.0000     3.7963   7.897E+02    50     0    414
3s_3p4_3d3(b)_1Ge          9.0    1767560.0000     3.7700   7.952E+02    50     0    415
(3Pe)3d(2FE)4f_3Po         9.0    1768070.0000     3.7547   7.985E+02    47     0    416
(3Pe)3d(2PE)4d_3De        15.0    1768290.0000     3.7481   7.999E+02    49     0    417
(3Pe)3d(2PE)4d_1Pe         3.0    1768770.0000     3.7337   8.029E+02    50     0    418
(1De)3d(2GE)4f_1Po         3.0    1769370.0000     3.7157   8.068E+02    48     0    419
(3Pe)3d(2PE)4d_3Pe         9.0    1769410.0000     3.7145   8.071E+02    49     0    420
(1De)3d(2GE)4f_3Po         9.0    1770000.0000     3.6968   8.110E+02    47     0    421
(1De)3d(2GE)4f_3Do        15.0    1771000.0000     3.6668   8.176E+02    47     0    422
3s_3p4_3d3(h)_3De         15.0    1771760.0000     3.6440   8.227E+02    49     0    423
(3Pe)3d(2FE)4f_3So         3.0    1771910.0000     3.6395   8.237E+02    47     0    424
(3Pe)3d(2PE)4d_1Fe         7.0    1772140.0000     3.6326   8.253E+02    50     0    425
(1De)3d(2GE)4f_1Go         9.0    1772270.0000     3.6288   8.262E+02    48     0    426
3s2_3p5_9d_3Po             9.0    1773230.0000     3.6000   8.328E+02    51     0    427
3s2_3p5_9d_1Fo             7.0    1773670.0000     3.5868   8.358E+02    48     0    428
3s2_3p5_9d_1Po             3.0    1773830.0000     3.5820   8.369E+02    48     0    429
3s2_3p5_9d_1Do             5.0    1773950.0000     3.5784   8.378E+02    48     0    430
3s2_3p5_9d_3Do            15.0    1773960.0000     3.5781   8.379E+02    51     0    431
3s_3p4_3d3(c)_1Ge          9.0    1775380.0000     3.5355   8.479E+02    50     0    432
3s_3p4_3d3(e)_3Pe          9.0    1775910.0000     3.5196   8.518E+02    49     0    433
(3Pe)3d(2FE)4f_1Fo         7.0    1779420.0000     3.4144   8.780E+02    48     0    434
(3Pe)3d(2DE)4d_3Se         3.0    1780280.0000     3.3886   8.847E+02    49     0    435
3s2_3p5_9f_1Ge             9.0    1780430.0000     3.3841   8.859E+02    50     0    436
3s2_3p5_9f_3De            15.0    1780550.0000     3.3805   8.868E+02    49     0    437
3s2_3p5_9f_1De             5.0    1780700.0000     3.3760   8.880E+02    50     0    438
3s2_3p5_9f_1Fe             7.0    1781280.0000     3.3586   8.926E+02    50     0    439
3s2_3p3_3d3(g)_1Po         3.0    1781600.0000     3.3490   8.952E+02    48     0    440
(3Pe)3d(2FE)4f_1Do         5.0    1782570.0000     3.3200   9.030E+02    48     0    441
3s2_3p5_9g_1Fo             7.0    1782920.0000     3.3095   9.059E+02    48     0    442
3s_3p4_3d3(b)_1Pe          3.0    1782950.0000     3.3086   9.061E+02    50     0    443
3s2_3p5_9g_1Go             9.0    1783220.0000     3.3005   9.083E+02    48     0    444
(3Pe)3d(2FE)4f_1So         1.0    1783400.0000     3.2951   9.098E+02    48     0    445
(3Pe)3d(2PE)4d_1De         5.0    1783420.0000     3.2945   9.100E+02    50     0    446
(3Pe)3d(2DE)4d_1Ge         9.0    1784180.0000     3.2717   9.163E+02    50     0    447
(3Pe)3d(2DE)4d_3De        15.0    1786500.0000     3.2021   9.362E+02    49     0    448
3s2_3p510s_3Po             9.0    1786700.0000     3.1962   9.380E+02    51     0    449
3s2_3p510s_1Po             3.0    1786940.0000     3.1890   9.401E+02    48     0    450
(3Pe)3d(2DE)4d_1Fe         7.0    1787190.0000     3.1815   9.423E+02    50     0    451
(3Pe)3d(2FE)4f_1Po         3.0    1787270.0000     3.1791   9.430E+02    48     0    452
(3Pe)3d(2DE)4d_1Pe         3.0    1788110.0000     3.1539   9.506E+02    50     0    453
3s2_3p510p_3Pe             9.0    1788850.0000     3.1317   9.573E+02    49     0    454
3s_3p4_3d3(i)_3De         15.0    1789070.0000     3.1251   9.593E+02    49     0    455
3s2_3p510p_3Se             3.0    1790530.0000     3.0813   9.729E+02    49     0    456
3s2_3p510p_1De             5.0    1790900.0000     3.0702   9.764E+02    50     0    457
3s_3p4_3d3(f)_3Pe          9.0    1791230.0000     3.0603   9.796E+02    49     0    458
3s2_3p510p_1Se             1.0    1791580.0000     3.0499   9.830E+02    50     0    459
3s2_3p510p_3De            15.0    1791600.0000     3.0493   9.832E+02    49     0    460
3s2_3p510p_1Pe             3.0    1792070.0000     3.0352   9.877E+02    50     0    461
(3Pe)3d(2DE)4d_3Pe         9.0    1793510.0000     2.9920   1.002E+03    49     0    462
(1De)3d(2PE)5s_3Pe         9.0    1795980.0000     2.9179   1.027E+03    49     0    463
(3Pe)3d(2DE)4d_1De         5.0    1796430.0000     2.9045   1.032E+03    50     0    464
3s2_3p510d_3Po             9.0    1796660.0000     2.8976   1.035E+03    51     0    465
3s2_3p510d_3Do            15.0    1797180.0000     2.8820   1.040E+03    51     0    466
3s2_3p510d_1Fo             7.0    1797210.0000     2.8811   1.041E+03    48     0    467
(1De)3d(2FE)4f_1So         1.0    1797280.0000     2.8790   1.041E+03    48     0    468
3s2_3p510d_1Do             5.0    1797420.0000     2.8748   1.043E+03    48     0    469
3s2_3p510d_1Po             3.0    1797450.0000     2.8739   1.043E+03    48     0    470
3s_3p4_3d3(j)_3De         15.0    1798590.0000     2.8397   1.056E+03    49     0    471
(3Pe)3d(4DE)5p_3Do        15.0    1799280.0000     2.8190   1.063E+03    51     0    472
(3Pe)3d(2FE)5s_1Fe         7.0    1799350.0000     2.8169   1.064E+03    50     0    473
(1De)3d(2PE)5s_1Pe         3.0    1799520.0000     2.8118   1.066E+03    50     0    474
(3Pe)3d(4PE)5s_3Pe         9.0    1799710.0000     2.8061   1.068E+03    49     0    475
(1De)3d(2DE)5s_3De        15.0    1801040.0000     2.7662   1.084E+03    49     0    476
3s2_3p510f_3De            15.0    1802240.0000     2.7303   1.098E+03    49     0    477
3s2_3p510f_1Ge             9.0    1802690.0000     2.7168   1.103E+03    50     0    478
3s2_3p510f_1Fe             7.0    1802820.0000     2.7129   1.105E+03    50     0    479
(1De)3d(2DE)5s_1De         5.0    1802950.0000     2.7090   1.107E+03    50     0    480
(1De)3d(2FE)4f_1Fo         7.0    1802960.0000     2.7087   1.107E+03    48     0    481
3s2_3p510g_1Go             9.0    1803430.0000     2.6946   1.113E+03    48     0    482
3s2_3p510f_1De             5.0    1803640.0000     2.6883   1.115E+03    50     0    483
3s2_3p510g_1Fo             7.0    1803920.0000     2.6799   1.119E+03    48     0    484
(3Pe)3d(4DE)5p_3Po         9.0    1804070.0000     2.6754   1.121E+03    51     0    485
(1De)3d(2FE)4f_3Do        15.0    1804220.0000     2.6709   1.122E+03    51     0    486
(1De)3d(2FE)4f_3So         3.0    1809920.0000     2.5000   1.199E+03    51     0    487
(1De)3d(2PE)5p_3So         3.0    1839870.0000     1.6022   1.871E+03    51     0    488
(1De)3d(2PE)5p_1So         1.0    1841210.0000     1.5620   1.919E+03    52     0    489
(3Pe)3d(4PE)5p_3So         3.0    1852840.0000     1.2133   2.471E+03    51     0    490
