********************************************************************************
                                                                                
Super level assignmenet for NIV
LS coupling 
                     g        E(cm^-1)    10^15 Hz     eV       Lam(A)       ID 
********************************************************************************
                                                                                
17-Oct-2000                                      !Format date                   
22-Sep-2005                            !Date
278                                    !Number of energy levels
6                                      !Entry number of link to super level
  
2s2_1Se[0]           1.0          0.0000    18.7330   1.600E+02     1     0      1
2s_2p_3Po[0]         1.0      67209.2000    16.7181   1.793E+02     2     0      2
2s_2p_3Po[1]         3.0      67272.3000    16.7162   1.793E+02     2     0      3
2s_2p_3Po[2]         5.0      67416.3000    16.7119   1.794E+02     2     0      4
2s_2p_1Po[1]         3.0     130693.9000    14.8149   2.024E+02     3     0      5
2p2_3Pe[0]           1.0     175535.4000    13.4706   2.226E+02     4     0      6
2p2_3Pe[1]           3.0     175608.1000    13.4684   2.226E+02     4     0      7
2p2_3Pe[2]           5.0     175732.9000    13.4647   2.227E+02     4     0      8
2p2_1De[2]           5.0     188882.5000    13.0705   2.294E+02     5     0      9
2p2_1Se[0]           1.0     235369.3000    11.6768   2.567E+02     6     0     10
2s_3s_3Se[1]         3.0     377284.8000     7.4223   4.039E+02     7     0     11
2s_3s_1Se[0]         1.0     388854.6000     7.0754   4.237E+02     8     0     12
2s_3p_1Po[1]         3.0     404522.4000     6.6057   4.538E+02     9     0     13
2s_3p_3Po[0]         1.0     405971.6000     6.5623   4.568E+02    10     0     14
2s_3p_3Po[1]         3.0     405987.5000     6.5618   4.569E+02    10     0     15
2s_3p_3Po[2]         5.0     406022.8000     6.5608   4.569E+02    10     0     16
2s_3d_3De[1]         3.0     420045.8000     6.1404   4.882E+02    11     0     17
2s_3d_3De[2]         5.0     420049.6000     6.1402   4.882E+02    11     0     18
2s_3d_3De[3]         7.0     420058.0000     6.1400   4.883E+02    11     0     19
2s_3d_1De[2]         5.0     429159.6000     5.8671   5.110E+02    12     0     20
2p_3s_3Po[0]         1.0     465291.8000     4.7839   6.267E+02    13     0     21
2p_3s_3Po[1]         3.0     465371.0000     4.7815   6.270E+02    13     0     22
2p_3s_3Po[2]         5.0     465536.6000     4.7766   6.276E+02    13     0     23
2p_3s_1Po[1]         3.0     473029.3000     4.5519   6.586E+02    14     0     24
2p_3p_1Pe[1]         3.0     480884.2000     4.3165   6.945E+02    15     0     25
2p_3p_3De[1]         3.0     484498.2000     4.2081   7.124E+02    16     0     26
2p_3p_3De[2]         5.0     484594.9000     4.2052   7.129E+02    16     0     27
2p_3p_3De[3]         7.0     484746.2000     4.2007   7.137E+02    16     0     28
2s_4s_3Se[1]         3.0     487607.4000     4.1149   7.286E+02    17     0     29
2p_3p_3Pe[0]         1.0     494253.1000     3.9157   7.656E+02    18     0     30
2p_3p_3Pe[1]         3.0     494309.2000     3.9140   7.660E+02    18     0     31
2p_3p_3Pe[2]         5.0     494402.0000     3.9112   7.665E+02    18     0     32
2s_4s_1Se            1.0     495079.0000     3.8909   7.705E+02    19     0     33
2p_3d_3Fo[2]         5.0     495406.2000     3.8811   7.724E+02    20     0     34
2p_3d_3Fo[3]         7.0     495482.6000     3.8788   7.729E+02    20     0     35
2p_3d_3Fo[4]         9.0     495585.7000     3.8757   7.735E+02    20     0     36
2p_3p_3Se[1]         3.0     498045.5000     3.8020   7.885E+02    21     0     37
2p_3d_1Do[2]         5.0     498310.3000     3.7940   7.902E+02    22     0     38
2p_3p_1De[2]         5.0     499705.9000     3.7522   7.990E+02    23     0     39
2s_4p_3Po[2]         5.0     503680.4000     3.6331   8.252E+02    24     0     40
2s_4p_3Po[1]         3.0     503691.9000     3.6327   8.253E+02    24     0     41
2s_4p_3Po[0]         1.0     503699.8000     3.6325   8.253E+02    24     0     42
2p_3d_3Do[1]         3.0     505554.0000     3.5769   8.381E+02    25     0     43
2p_3d_3Do[2]         5.0     505588.2000     3.5759   8.384E+02    25     0     44
2p_3d_3Do[3]         7.0     505630.6000     3.5746   8.387E+02    25     0     45
2p_3d_1Fo[3]         7.0     506284.8000     3.5550   8.433E+02    26     0     46
2s_4p_1Po[1]         3.0     507027.9000     3.5327   8.486E+02    27     0     47
2s_4d_3De[1]         3.0     511440.0000     3.4004   8.816E+02    28     0     48
2s_4d_3De[2]         5.0     511446.0000     3.4002   8.817E+02    28     0     49
2s_4d_3De[3]         7.0     511448.0000     3.4002   8.817E+02    28     0     50
2p_3d_3Po[2]         5.0     511509.3000     3.3983   8.822E+02    29     0     51
2p_3d_3Po[1]         3.0     511560.4000     3.3968   8.826E+02    29     0     52
2p_3d_3Po[0]         1.0     511591.2000     3.3959   8.828E+02    29     0     53
2s_4d_1De[2]         5.0     514647.7000     3.3043   9.073E+02    30     0     54
2p_3p_1Se[0]         1.0     515569.8000     3.2766   9.149E+02    31     0     55
2s_4f_3Fo[2]         5.0     516552.6000     3.2472   9.232E+02    32     0     56
2s_4f_3Fo[3]         7.0     516560.8000     3.2469   9.233E+02    32     0     57
2s_4f_3Fo[4]         9.0     516572.0000     3.2466   9.234E+02    32     0     58
2p_3d_1Po[1]         3.0     518610.5000     3.1855   9.411E+02    33     0     59
2s_4f_1Fo[3]         7.0     521862.8000     3.0880   9.708E+02    34     0     60
2s_5s_3Se[1]         3.0     544813.4000     2.3999   1.249E+03    35     0     61
2s_5s_1Se[0]         1.0     546731.3000     2.3424   1.280E+03    36     0     62
2s_5p_3Po            9.0     550103.6970     2.2413   1.338E+03    37     0     63
2s_5p_1Po[1]         3.0     550232.6000     2.2375   1.340E+03    38     0     64
2s_5d_3De[1]         3.0     552789.6000     2.1608   1.387E+03    39     0     65
2s_5d_3De[2]         5.0     552789.6000     2.1608   1.387E+03    39     0     66
2s_5d_3De[3]         7.0     552790.9000     2.1608   1.387E+03    39     0     67
2s_5d_1De[2]         5.0     554300.7000     2.1155   1.417E+03    40     0     68
2s_5g_1Ge[4]         9.0     554339.1000     2.1143   1.418E+03    41     0     69
2s_5g_3Ge[3]         7.0     554339.7000     2.1143   1.418E+03    42     0     70
2s_5g_3Ge[4]         9.0     554339.7000     2.1143   1.418E+03    42     0     71
2s_5g_3Ge[5]        11.0     554339.7000     2.1143   1.418E+03    42     0     72
2s_5f_3Fo[4]         9.0     554571.8000     2.1074   1.423E+03    43     0     73
2s_5f_3Fo[3]         7.0     554571.8000     2.1074   1.423E+03    43     0     74
2s_5f_3Fo[2]         5.0     554571.8000     2.1074   1.423E+03    43     0     75
2s_5f_1Fo[3]         7.0     554995.7000     2.0947   1.431E+03    44     0     76
2s_6s_3Se[1]         3.0     570381.3000     1.6334   1.835E+03    45     0     77
2s_6s_1Se[0]         1.0     571172.1000     1.6097   1.862E+03    46     0     78
2s_6p_1Po[1]         3.0     572731.1000     1.5630   1.918E+03    47     0     79
2s_6p_3Po            9.0     573397.5950     1.5430   1.943E+03    48     0     80
2s_6d_3De[3]         7.0     575030.5000     1.4940   2.007E+03    49     0     81
2s_6d_3De[2]         5.0     575030.5000     1.4940   2.007E+03    49     0     82
2s_6d_3De[1]         3.0     575030.5000     1.4940   2.007E+03    49     0     83
2s_6g_1Ge[4]         9.0     575807.9000     1.4707   2.038E+03    50     0     84
2s_6g_3Ge[5]        11.0     575809.4000     1.4707   2.038E+03    51     0     85
2s_6g_3Ge[4]         9.0     575809.4000     1.4707   2.038E+03    51     0     86
2s_6g_3Ge[3]         7.0     575809.4000     1.4707   2.038E+03    51     0     87
2s_6f_3Fo           21.0     575842.2020     1.4697   2.040E+03    52     0     88
2s_6d_1De[2]         5.0     575872.4000     1.4688   2.041E+03    53     0     89
2s_6f_1Fo[3]         7.0     575999.3000     1.4650   2.046E+03    54     0     90
2s_6z_1Z            11.0     576095.7711     1.4621   2.050E+03    55     0     92
2s_6z_3Z            33.0     576095.7711     1.4621   2.050E+03    56     0     91
2p_4s_3Po[0]         1.0     577957.8000     1.4063   2.132E+03    57     0     93
2p_4s_3Po[1]         3.0     578045.4000     1.4036   2.136E+03    57     0     94
2p_4s_3Po[2]         5.0     578210.6000     1.3987   2.143E+03    57     0     95
2p_4s_1Po[1]         3.0     580817.5000     1.3205   2.270E+03    58     0     96
2p_4p_1Pe[1]         3.0     584661.6000     1.2053   2.487E+03    59     0     97
2s_7s_3Se[1]         3.0     584977.1000     1.1958   2.507E+03    60     0     98
2s_7s_1Se[0]         1.0     584983.3000     1.1957   2.507E+03    61     0     99
2p_4p_3De[1]         3.0     585709.5000     1.1739   2.554E+03    62     0    100
2p_4p_3De[2]         5.0     585798.1000     1.1712   2.560E+03    62     0    101
2p_4p_3De[3]         7.0     585929.8000     1.1673   2.568E+03    62     0    102
2s_7p_3Po            9.0     587282.7630     1.1267   2.661E+03    63     0    103
2s_7p_1Po[1]         3.0     587979.4000     1.1058   2.711E+03    64     0    104
2s_7d_3De[3]         7.0     588382.6000     1.0937   2.741E+03    65     0    105
2s_7d_3De[1]         3.0     588382.6000     1.0937   2.741E+03    65     0    106
2s_7d_3De[2]         5.0     588382.6000     1.0937   2.741E+03    65     0    107
2s_7f_3Fo           21.0     588490.0380     1.0905   2.749E+03    66     0    108
2s_7g_3Ge           27.0     588573.1940     1.0880   2.755E+03    67     0    109
2s_7g_1Ge            9.0     588581.2100     1.0878   2.756E+03    68     0    110
2s_7f_1Fo            7.0     588621.2850     1.0866   2.759E+03    69     0    111
2p_4d_1Do[2]         5.0     588689.0000     1.0846   2.764E+03    70     0    112
2p_4p_3Pe[0]         1.0     588790.1000     1.0815   2.772E+03    71     0    113
2s_7d_1De[2]         5.0     588884.0000     1.0787   2.779E+03    72     0    114
2p_4p_3Pe[1]         3.0     588991.2000     1.0755   2.787E+03    71     0    115
2s_7z_1Z            24.0     589034.8114     1.0742   2.791E+03    73     0    116
2s_7z_3Z            72.0     589034.8114     1.0742   2.791E+03    74     0    117
2p_4p_3Pe[2]         5.0     589059.3000     1.0735   2.793E+03    71     0    118
2p_4d_1Fo[3]         7.0     591047.8000     1.0138   2.957E+03    75     0    119
2p_4p_1De[2]         5.0     591060.9000     1.0135   2.958E+03    76     0    120
2p_4d_3Fo           21.0     591581.8640     0.9978   3.004E+03    77     0    121
2p_4d_3Do[1]         3.0     593690.0000     0.9346   3.208E+03    78     0    122
2p_4d_3Do[2]         5.0     593713.7000     0.9339   3.210E+03    78     0    123
2p_4d_3Do[3]         7.0     593772.1000     0.9322   3.216E+03    78     0    124
2p_4p_1Se[0]         1.0     594182.6000     0.9199   3.259E+03    79     0    125
2p_4d_3Po[2]         5.0     594489.9000     0.9107   3.292E+03    80     0    126
2p_4d_3Po[1]         3.0     594547.7000     0.9089   3.298E+03    80     0    127
2p_4d_3Po[0]         1.0     594573.8000     0.9081   3.301E+03    80     0    128
2p_4f_1Fe            7.0     594773.8800     0.9021   3.323E+03    81     0    129
2p_4f_3Fe           21.0     594855.0330     0.8997   3.332E+03    82     0    130
2p_4p_3Se[1]         3.0     595296.3000     0.8865   3.382E+03    83     0    131
2p_4f_3Ge           27.0     595389.0390     0.8837   3.392E+03    84     0    132
2p_4f_1Ge            9.0     595567.3750     0.8784   3.413E+03    85     0    133
2s_8s_1Se[0]         1.0     596150.1000     0.8609   3.482E+03    86     0    134
2s_8p_1Po[1]         3.0     596270.9000     0.8573   3.497E+03    87     0    135
2s_8p_3Po            9.0     596768.6390     0.8423   3.559E+03    88     0    136
2s_8d_3De[3]         7.0     597026.8000     0.8346   3.592E+03    89     0    137
2s_8d_3De[1]         3.0     597026.8000     0.8346   3.592E+03    89     0    138
2s_8d_3De[2]         5.0     597026.8000     0.8346   3.592E+03    89     0    139
2p_4f_3De           15.0     597153.3640     0.8308   3.608E+03    90     0    140
2s_8d_1De[2]         5.0     597349.1000     0.8249   3.634E+03    91     0    141
2s_8z_3Z           117.0     597432.7462     0.8224   3.645E+03    92     0    142
2s_8z_1Z            39.0     597432.7462     0.8224   3.645E+03    93     0    143
2s_8f_3Fo           21.0     597468.9590     0.8213   3.650E+03    94     0    144
2p_4f_1De            5.0     597472.9670     0.8212   3.651E+03    95     0    145
2s_8s_3Se[1]         3.0     597481.6000     0.8210   3.652E+03    96     0    146
2s_8g_3Ge           27.0     598080.1110     0.8030   3.733E+03    97     0    147
2s_8g_1Ge            9.0     598168.2770     0.8004   3.746E+03    98     0    148
2p_4d_1Po[1]         3.0     598538.2000     0.7893   3.798E+03    99     0    149
2s_8f_1Fo            7.0     598864.5890     0.7795   3.846E+03   100     0    150
2s_9s_3Se[1]         3.0     601621.5000     0.6969   4.302E+03   101     0    151
2s_9s_1Se            1.0     602215.9050     0.6790   4.415E+03   102     0    152
2s_9p_3Po            9.0     602469.3820     0.6714   4.465E+03   103     0    153
2s_9p_1Po[1]         3.0     602609.3000     0.6672   4.493E+03   104     0    154
2s_9d_3De[1]         3.0     602865.7000     0.6596   4.545E+03   105     0    155
2s_9d_3De[2]         5.0     602865.7000     0.6596   4.545E+03   105     0    156
2s_9d_3De[3]         7.0     602865.7000     0.6596   4.545E+03   105     0    157
2s_9d_1De[2]         5.0     603107.3000     0.6523   4.596E+03   106     0    158
2s_9f_3Fo           21.0     603163.6910     0.6506   4.608E+03   107     0    159
2s_9z_3Z           168.0     603190.3427     0.6498   4.613E+03   108     0    160
2s_9z_1Z            56.0     603190.3427     0.6498   4.613E+03   109     0    161
2s_9g_3Ge           27.0     603264.8820     0.6476   4.629E+03   110     0    162
2s_9g_1Ge            9.0     603273.8990     0.6473   4.631E+03   111     0    163
2s_9f_1Fo            7.0     603441.2140     0.6423   4.667E+03   112     0    164
2s_10s_3Se[1]        3.0     606142.6000     0.5613   5.341E+03   113     0    165
2s_10s_1Se           1.0     606426.8410     0.5528   5.423E+03   114     0    166
2s_10p_3Po           9.0     606762.4730     0.5427   5.524E+03   115     0    167
2s_10p_1Po[1]        3.0     606818.2000     0.5411   5.541E+03   116     0    168
2s_10d_3De[3]        7.0     607064.2000     0.5337   5.617E+03   117     0    169
2s_10d_3De[2]        5.0     607064.2000     0.5337   5.617E+03   117     0    170
2s_10d_3De[1]        3.0     607064.2000     0.5337   5.617E+03   117     0    171
2s_10d_1De[2]        5.0     607242.9000     0.5283   5.674E+03   118     0    172
2s_10f_3Fo          21.0     607275.4400     0.5274   5.685E+03   119     0    173
2s_10z_3Z          225.0     607308.7176     0.5264   5.696E+03   120     0    174
2s_10z_1Z           75.0     607308.7176     0.5264   5.696E+03   121     0    175
2s_10g_3Ge          27.0     607316.5170     0.5261   5.698E+03   122     0    176
2s_10g_1Ge           9.0     607319.5230     0.5260   5.699E+03   123     0    177
2s_10f_1Fo           7.0     607400.6760     0.5236   5.726E+03   124     0    178
2s_11w_3W          363.0     610355.8492     0.4350   6.892E+03   125     0    179
2s_11w_1W          121.0     610355.8492     0.4350   6.892E+03   126     0    180
2s_12w_3W          432.0     612673.4428     0.3655   8.202E+03   127     0    181
2s_12w_1W          144.0     612673.4428     0.3655   8.202E+03   128     0    182
2s_13w_3W          507.0     614477.0755     0.3115   9.626E+03   129     0    183
2s_13w_1W          169.0     614477.0755     0.3115   9.626E+03   130     0    184
2s_14w_3W          588.0     615908.2029     0.2685   1.116E+04   131     0    185
2s_14w_1W          196.0     615908.2029     0.2685   1.116E+04   132     0    186
2s_15w_3W          675.0     617062.7634     0.2339   1.282E+04   133     0    187
2s_15w_1W          225.0     617062.7634     0.2339   1.282E+04   134     0    188
2s_16w_3W          768.0     618007.6866     0.2056   1.458E+04   135     0    189
2s_16w_1W          256.0     618007.6866     0.2056   1.458E+04   136     0    190
2s_17w_3W          867.0     618790.8158     0.1821   1.646E+04   137     0    191
2s_17w_1W          289.0     618790.8158     0.1821   1.646E+04   138     0    192
2s_18w_3W          972.0     619447.0857     0.1625   1.845E+04   139     0    193
2s_18w_1W          324.0     619447.0857     0.1625   1.845E+04   140     0    194
2s_19w_3W         1083.0     620002.4869     0.1458   2.056E+04   141     0    195
2s_19w_1W          361.0     620002.4869     0.1458   2.056E+04   142     0    196
2s_20w_3W         1200.0     620476.6794     0.1316   2.278E+04   143     0    197
2s_20w_1W          400.0     620476.6794     0.1316   2.278E+04   144     0    198
2s_21w_3W         1323.0     620884.7568     0.1194   2.512E+04   145     0    199
2s_21w_1W          441.0     620884.7568     0.1194   2.512E+04   146     0    200
2s_22w_1W          484.0     621238.4623     0.1088   2.757E+04   147     0    201
2s_22w_3W         1452.0     621238.4623     0.1088   2.757E+04   148     0    202
2s_23w_3W         1587.0     621547.0430     0.0995   3.013E+04   149     0    203
2s_23w_1W          529.0     621547.0430     0.0995   3.013E+04   150     0    204
2s_24w_3W         1728.0     621817.8607     0.0914   3.281E+04   151     0    205
2s_24w_1W          576.0     621817.8607     0.0914   3.281E+04   152     0    206
2s_25w_3W         1875.0     622056.8348     0.0842   3.560E+04   153     0    207
2s_25w_1W          625.0     622056.8348     0.0842   3.560E+04   154     0    208
2s_26w_1W          676.0     622268.7689     0.0779   3.850E+04   155     0    209
2s_26w_3W         2028.0     622268.7689     0.0779   3.850E+04   156     0    210
2s_27w_3W         2187.0     622457.5936     0.0722   4.152E+04   157     0    211
2s_27w_1W          729.0     622457.5936     0.0722   4.152E+04   158     0    212
2s_28w_3W         2352.0     622626.5507     0.0671   4.465E+04   159     0    213
2s_28w_1W          784.0     622626.5507     0.0671   4.465E+04   160     0    214
2s_29w_3W         2523.0     622778.3327     0.0626   4.790E+04   161     0    215
2s_29w_1W          841.0     622778.3327     0.0626   4.790E+04   162     0    216
2s_30w_3W         2700.0     622915.1908     0.0585   5.126E+04   163     0    217
2s_30w_1W          900.0     622915.1908     0.0585   5.126E+04   164     0    218
2p_5p_1Pe[1]         3.0     629845.3000    -0.1493  -2.008E+04   165     0    219
2p_5p_3Pe[0]         1.0     631780.0000    -0.2073  -1.446E+04   166     0    220
2p_5p_3Pe[1]         3.0     631807.7000    -0.2081  -1.441E+04   166     0    221
2p_5p_3Pe[2]         5.0     631868.2000    -0.2099  -1.428E+04   166     0    222
2p_5d_1Do            5.0     633477.8190    -0.2582  -1.161E+04   167     0    223
2p_5d_3Do[1]         3.0     634158.4000    -0.2786  -1.076E+04   168     0    224
2p_5d_3Do[2]         5.0     634182.8000    -0.2793  -1.073E+04   168     0    225
2p_5d_3Do[3]         7.0     634263.4000    -0.2817  -1.064E+04   168     0    226
2p_5f_1Fe            7.0     635035.7550    -0.3049  -9.833E+03   169     0    227
2p_5f_3Fe           21.0     635087.8540    -0.3064  -9.783E+03   170     0    228
2p_6p_1Pe[1]         3.0     653629.9000    -0.8623  -3.477E+03   171     0    229
2p_6p_3Pe[2]         5.0     654791.3000    -0.8971  -3.342E+03   172     0    230
2p_6p_3Pe[0]         1.0     654791.3000    -0.8971  -3.342E+03   172     0    231
2p_6p_3Pe[1]         3.0     654791.3000    -0.8971  -3.342E+03   172     0    232
2p_6d_1Do            5.0     655936.1430    -0.9315  -3.219E+03   173     0    233
2p_6d_3Do[1]         3.0     656043.6000    -0.9347  -3.207E+03   174     0    234
2p_6d_3Do[2]         5.0     656074.7000    -0.9356  -3.204E+03   174     0    235
2p_6d_3Do[3]         7.0     656155.7000    -0.9380  -3.196E+03   174     0    236
2p_6f_1Fe            7.0     656812.7950    -0.9577  -3.130E+03   175     0    237
2p_6f_3Fe           21.0     656843.8540    -0.9587  -3.127E+03   176     0    238
2p_7p_1Pe[1]         3.0     667698.9000    -1.2841  -2.335E+03   177     0    239
2p_7p_3Pe[2]         5.0     668460.9000    -1.3069  -2.294E+03   178     0    240
2p_7p_3Pe[0]         1.0     668460.9000    -1.3069  -2.294E+03   178     0    241
2p_7p_3Pe[1]         3.0     668460.9000    -1.3069  -2.294E+03   178     0    242
2p_7d_3Do[3]         7.0     669328.5000    -1.3330  -2.249E+03   179     0    243
2p_7d_3Do[2]         5.0     669328.5000    -1.3330  -2.249E+03   179     0    244
2p_7d_3Do[1]         3.0     669328.5000    -1.3330  -2.249E+03   179     0    245
2p_7d_1Do            5.0     669375.4700    -1.3344  -2.247E+03   180     0    246
2p_7f_1Fe            7.0     669918.4940    -1.3506  -2.220E+03   181     0    247
2p_7f_3Fe           21.0     669938.5310    -1.3512  -2.219E+03   182     0    248
2p_8p_1Pe[1]         3.0     676706.4000    -1.5541  -1.929E+03   183     0    249
2p_8p_3Pe[0]         1.0     677276.5000    -1.5712  -1.908E+03   184     0    250
2p_8p_3Pe[1]         3.0     677276.5000    -1.5712  -1.908E+03   184     0    251
2p_8p_3Pe[2]         5.0     677276.5000    -1.5712  -1.908E+03   184     0    252
2p_8d_3Do[3]         7.0     677844.3000    -1.5882  -1.888E+03   185     0    253
2p_8d_3Do[2]         5.0     677844.3000    -1.5882  -1.888E+03   185     0    254
2p_8d_3Do[1]         3.0     677844.3000    -1.5882  -1.888E+03   185     0    255
2p_8d_1Do            5.0     678052.8230    -1.5945  -1.880E+03   186     0    256
2p_8f_1Fe            7.0     678411.4990    -1.6053  -1.868E+03   187     0    257
2p_8f_3Fe           21.0     678425.5250    -1.6057  -1.867E+03   188     0    258
2p_9p_3Pe[0]         1.0     683278.4000    -1.7512  -1.712E+03   189     0    259
2p_9p_3Pe[1]         3.0     683278.4000    -1.7512  -1.712E+03   189     0    260
2p_9p_3Pe[2]         5.0     683278.4000    -1.7512  -1.712E+03   189     0    261
2p_9p_1Pe            3.0     683487.0640    -1.7574  -1.706E+03   190     0    262
2p_9d_3Do[1]         3.0     683692.6000    -1.7636  -1.700E+03   191     0    263
2p_9d_3Do[2]         5.0     683692.6000    -1.7636  -1.700E+03   191     0    264
2p_9d_3Do[3]         7.0     683692.6000    -1.7636  -1.700E+03   191     0    265
2p_9d_1Do            5.0     683977.9890    -1.7721  -1.692E+03   192     0    266
2p_9f_1Fe            7.0     684227.4600    -1.7796  -1.685E+03   193     0    267
2p_9f_3Fe           21.0     684237.4780    -1.7799  -1.684E+03   194     0    268
2p_10p_3Pe[0]        1.0     687548.3000    -1.8792  -1.595E+03   195     0    269
2p_10p_3Pe[1]        3.0     687548.3000    -1.8792  -1.595E+03   195     0    270
2p_10p_3Pe[2]        5.0     687548.3000    -1.8792  -1.595E+03   195     0    271
2p_10p_1Pe           3.0     687848.2830    -1.8882  -1.588E+03   196     0    272
2p_10d_3Do[1]        3.0     687875.8000    -1.8890  -1.587E+03   197     0    273
2p_10d_3Do[2]        5.0     687875.8000    -1.8890  -1.587E+03   197     0    274
2p_10d_3Do[3]        7.0     687875.8000    -1.8890  -1.587E+03   197     0    275
2p_10d_1Do           5.0     688203.9530    -1.8988  -1.579E+03   198     0    276
2p_10f_1Fe           7.0     688384.2930    -1.9042  -1.574E+03   199     0    277
2p_10f_3Fe          21.0     688392.3080    -1.9045  -1.574E+03   200     0    278
