********************************************************************************
                                                                                
                 Energy Levels and statistical weights for OVII                 
                                                                                
                     g        E(cm^-1)    10^15 Hz     eV       Lam(A)       ID 
********************************************************************************
                                                                                
17-Oct-2000                                      !Format date                   
27-Jan-2003                            !Date
141                                    !Number of energy levels
6                                      !Entry number of link to super level
  
1s2_1Se[0]           1.0          0.0000   178.7602   1.677E+01     1     0      1
1s_2s_3Se[1]         3.0    4524640.0000    43.1150   6.953E+01     2     0      2
1s_2p_3Po[0]         1.0    4585620.0000    41.2868   7.261E+01     3     0      3
1s_2p_3Po[1]         3.0    4585680.0000    41.2850   7.262E+01     3     0      4
1s_2p_3Po[2]         5.0    4586230.0000    41.2685   7.264E+01     3     0      5
1s_2s_1Se[0]         1.0    4588380.0000    41.2041   7.276E+01     4     0      6
1s_2p_1Po[1]         3.0    4629201.0000    39.9803   7.499E+01     5     0      7
1s_3s_3Se[1]         3.0    5338820.0000    18.7064   1.603E+02     6     0      8
1s_3p_3Po[0]         1.0    5355670.0000    18.2013   1.647E+02     7     0      9
1s_3p_3Po[1]         3.0    5355670.0000    18.2013   1.647E+02     7     0     10
1s_3p_3Po[2]         5.0    5355670.0000    18.2013   1.647E+02     7     0     11
1s_3s_1Se[0]         1.0    5356420.0000    18.1788   1.649E+02     8     0     12
1s_3d_3De[1]         3.0    5364370.0000    17.9405   1.671E+02     9     0     13
1s_3d_3De[2]         5.0    5364430.0000    17.9387   1.671E+02     9     0     14
1s_3d_3De[3]         7.0    5364440.0000    17.9384   1.671E+02     9     0     15
1s_3d_1De[2]         5.0    5365470.0000    17.9075   1.674E+02    10     0     16
1s_3p_1Po[1]         3.0    5368550.0000    17.8152   1.683E+02    11     0     17
1s_4s_3Se[1]         3.0    5616340.0000    10.3866   2.886E+02    12     0     18
1s_4s_1Se            1.0    5622122.4750    10.2133   2.935E+02    13     0     19
1s_4p_3Po[0]         1.0    5622600.0000    10.1989   2.939E+02    14     0     20
1s_4p_3Po[1]         3.0    5622600.0000    10.1989   2.939E+02    14     0     21
1s_4p_3Po[2]         5.0    5622600.0000    10.1989   2.939E+02    14     0     22
1s_4d_3De[1]         3.0    5625960.0000    10.0982   2.969E+02    15     0     23
1s_4d_3De[2]         5.0    5626000.0000    10.0970   2.969E+02    15     0     24
1s_4d_3De[3]         7.0    5626500.0000    10.0820   2.974E+02    15     0     25
1s_4d_1De[2]         5.0    5626670.0000    10.0769   2.975E+02    16     0     26
1s_4z_1Z             7.0    5626741.0030    10.0748   2.976E+02    17     0     27
1s_4z_3Z            21.0    5626741.0030    10.0748   2.976E+02    18     0     28
1s_4p_1Po[1]         3.0    5628100.0000    10.0341   2.988E+02    19     0     29
1s_5s_3Se[1]         3.0    5742610.0000     6.6011   4.542E+02    20     0     30
1s_5s_1Se            1.0    5745231.0820     6.5226   4.596E+02    21     0     31
1s_5p_3Po[2]         5.0    5745440.0000     6.5163   4.601E+02    22     0     32
1s_5p_3Po[0]         1.0    5745440.0000     6.5163   4.601E+02    22     0     33
1s_5p_3Po[1]         3.0    5745440.0000     6.5163   4.601E+02    22     0     34
1s_5d_3De[1]         3.0    5747400.0000     6.4575   4.643E+02    23     0     35
1s_5d_3De[2]         5.0    5747420.0000     6.4569   4.643E+02    23     0     36
1s_5d_3De[3]         7.0    5747620.0000     6.4509   4.647E+02    23     0     37
1s_5z_1Z            16.0    5747722.2419     6.4479   4.649E+02    24     0     38
1s_5z_3Z            48.0    5747722.2419     6.4479   4.649E+02    25     0     39
1s_5d_1De[2]         5.0    5748230.0000     6.4326   4.660E+02    26     0     40
1s_5p_1Po[1]         3.0    5748450.0000     6.4261   4.665E+02    27     0     41
1s_6s_3Se            3.0    5809969.1420     4.5818   6.543E+02    28     0     42
1s_6p_3Po[2]         5.0    5811730.0000     4.5290   6.619E+02    29     0     43
1s_6p_3Po[1]         3.0    5811730.0000     4.5290   6.619E+02    29     0     44
1s_6p_3Po[0]         1.0    5811730.0000     4.5290   6.619E+02    29     0     45
1s_6s_1Se            1.0    5811924.5210     4.5231   6.628E+02    30     0     46
1s_6d_3De[1]         3.0    5813070.0000     4.4888   6.679E+02    31     0     47
1s_6d_3De[2]         5.0    5813070.0000     4.4888   6.679E+02    31     0     48
1s_6d_3De[3]         7.0    5813070.0000     4.4888   6.679E+02    31     0     49
1s_6z_1Z            27.0    5813440.4458     4.4777   6.695E+02    32     0     50
1s_6z_3Z            81.0    5813440.4458     4.4777   6.695E+02    33     0     51
1s_6d_1De[2]         5.0    5813680.0000     4.4705   6.706E+02    34     0     52
1s_6p_1Po[1]         3.0    5813950.0000     4.4624   6.718E+02    35     0     53
1s_7s_3Se            3.0    5850841.5610     3.3564   8.932E+02    36     0     54
1s_7p_3Po[1]         3.0    5851890.0000     3.3250   9.016E+02    37     0     55
1s_7p_3Po[2]         5.0    5851890.0000     3.3250   9.016E+02    37     0     56
1s_7p_3Po[0]         1.0    5851890.0000     3.3250   9.016E+02    37     0     57
1s_7s_1Se            1.0    5852074.9530     3.3195   9.031E+02    38     0     58
1s_7p_1Po[1]         3.0    5852740.0000     3.2995   9.086E+02    39     0     59
1s_7d_1De            5.0    5852766.8560     3.2987   9.088E+02    40     0     60
1s_7z_1Z            40.0    5853066.4500     3.2897   9.113E+02    41     0     61
1s_7z_3Z           120.0    5853066.4500     3.2897   9.113E+02    42     0     62
1s_7d_3De[3]         7.0    5853660.0000     3.2719   9.163E+02    43     0     63
1s_7d_3De[1]         3.0    5853660.0000     3.2719   9.163E+02    43     0     64
1s_7d_3De[2]         5.0    5853660.0000     3.2719   9.163E+02    43     0     65
1s_8s_3Se            3.0    5877274.2630     2.5640   1.169E+03    44     0     66
1s_8p_3Po[0]         1.0    5877800.0000     2.5482   1.176E+03    45     0     67
1s_8p_3Po[1]         3.0    5877800.0000     2.5482   1.176E+03    45     0     68
1s_8p_3Po[2]         5.0    5877800.0000     2.5482   1.176E+03    45     0     69
1s_8s_1Se            1.0    5878086.4980     2.5396   1.180E+03    46     0     70
1s_8d_3De[3]         7.0    5878400.0000     2.5302   1.185E+03    47     0     71
1s_8d_3De[1]         3.0    5878400.0000     2.5302   1.185E+03    47     0     72
1s_8d_3De[2]         5.0    5878400.0000     2.5302   1.185E+03    47     0     73
1s_8d_1De            5.0    5878557.7940     2.5255   1.187E+03    48     0     74
1s_8p_1Po            3.0    5878688.1520     2.5216   1.189E+03    49     0     75
1s_8z_3Z           165.0    5878785.2508     2.5187   1.190E+03    50     0     76
1s_8z_1Z            55.0    5878785.2508     2.5187   1.190E+03    51     0     77
1s_9d_3De[1]         3.0    5892950.0000     2.0941   1.432E+03    52     0     78
1s_9d_3De[2]         5.0    5892950.0000     2.0941   1.432E+03    52     0     79
1s_9d_3De[3]         7.0    5892950.0000     2.0941   1.432E+03    52     0     80
1s_9p_3Po[2]         5.0    5894500.0000     2.0476   1.464E+03    53     0     81
1s_9p_3Po[1]         3.0    5894500.0000     2.0476   1.464E+03    53     0     82
1s_9p_3Po[0]         1.0    5894500.0000     2.0476   1.464E+03    53     0     83
1s_9s_3Se            3.0    5895333.9360     2.0226   1.482E+03    54     0     84
1s_9s_1Se            1.0    5895905.5080     2.0054   1.495E+03    55     0     85
1s_9d_1De            5.0    5896236.4180     1.9955   1.502E+03    56     0     86
1s_9p_1Po            3.0    5896326.6670     1.9928   1.504E+03    57     0     87
1s_9z_3Z           216.0    5896417.9759     1.9901   1.506E+03    58     0     88
1s_9z_1Z            72.0    5896417.9759     1.9901   1.506E+03    59     0     89
1s_10p_3Po[0]        1.0    5907800.0000     1.6489   1.818E+03    60     0     90
1s_10p_3Po[1]        3.0    5907800.0000     1.6489   1.818E+03    60     0     91
1s_10p_3Po[2]        5.0    5907800.0000     1.6489   1.818E+03    60     0     92
1s_10s_3Se           3.0    5908229.4050     1.6360   1.832E+03    61     0     93
1s_10s_1Se           1.0    5908640.5360     1.6237   1.846E+03    62     0     94
1s_10d_1De           5.0    5908881.1980     1.6164   1.855E+03    63     0     95
1s_10p_1Po           3.0    5908951.3910     1.6143   1.857E+03    64     0     96
1s_10z_3Z          273.0    5909030.5605     1.6120   1.860E+03    65     0     97
1s_10z_1Z           91.0    5909030.5605     1.6120   1.860E+03    66     0     98
1s_10d_3De[3]        7.0    5910500.0000     1.5679   1.912E+03    67     0     99
1s_10d_3De[1]        3.0    5910500.0000     1.5679   1.912E+03    67     0    100
1s_10d_3De[2]        5.0    5910500.0000     1.5679   1.912E+03    67     0    101
1s_11w_3W          363.0    5918362.4467     1.3322   2.250E+03    68     0    102
1s_11w_1W          121.0    5918362.4467     1.3322   2.250E+03    69     0    103
1s_12w_3W          432.0    5925460.1114     1.1194   2.678E+03    70     0    104
1s_12w_1W          144.0    5925460.1114     1.1194   2.678E+03    71     0    105
1s_13w_3W          507.0    5930983.7636     0.9538   3.143E+03    72     0    106
1s_13w_1W          169.0    5930983.7636     0.9538   3.143E+03    73     0    107
1s_14w_3W          588.0    5935366.6125     0.8224   3.645E+03    74     0    108
1s_14w_1W          196.0    5935366.6125     0.8224   3.645E+03    75     0    109
1s_15w_3W          675.0    5938902.4713     0.7164   4.185E+03    76     0    110
1s_15w_1W          225.0    5938902.4713     0.7164   4.185E+03    77     0    111
1s_16w_3W          768.0    5941796.3127     0.6297   4.761E+03    78     0    112
1s_16w_1W          256.0    5941796.3127     0.6297   4.761E+03    79     0    113
1s_17w_3W          867.0    5944194.6576     0.5578   5.375E+03    80     0    114
1s_17w_1W          289.0    5944194.6576     0.5578   5.375E+03    81     0    115
1s_18w_3W          972.0    5946204.4940     0.4975   6.026E+03    82     0    116
1s_18w_1W          324.0    5946204.4940     0.4975   6.026E+03    83     0    117
1s_19w_3W         1083.0    5947905.4184     0.4465   6.714E+03    84     0    118
1s_19w_1W          361.0    5947905.4184     0.4465   6.714E+03    85     0    119
1s_20w_3W         1200.0    5949357.6401     0.4030   7.439E+03    86     0    120
1s_20w_1W          400.0    5949357.6401     0.4030   7.439E+03    87     0    121
1s_21w_3W         1323.0    5950607.3833     0.3655   8.202E+03    88     0    122
1s_21w_1W          441.0    5950607.3833     0.3655   8.202E+03    89     0    123
1s_22w_3W         1452.0    5951690.6117     0.3331   9.001E+03    90     0    124
1s_22w_1W          484.0    5951690.6117     0.3331   9.001E+03    91     0    125
1s_23w_3W         1587.0    5952635.6447     0.3047   9.838E+03    92     0    126
1s_23w_1W          529.0    5952635.6447     0.3047   9.838E+03    93     0    127
1s_24w_3W         1728.0    5953465.0279     0.2799   1.071E+04    94     0    128
1s_24w_1W          576.0    5953465.0279     0.2799   1.071E+04    95     0    129
1s_25w_3W         1875.0    5954196.8897     0.2579   1.162E+04    96     0    130
1s_25w_1W          625.0    5954196.8897     0.2579   1.162E+04    97     0    131
1s_26w_3W         2028.0    5954845.9409     0.2385   1.257E+04    98     0    132
1s_26w_1W          676.0    5954845.9409     0.2385   1.257E+04    99     0    133
1s_27w_3W         2187.0    5955424.2195     0.2211   1.356E+04   100     0    134
1s_27w_1W          729.0    5955424.2195     0.2211   1.356E+04   101     0    135
1s_28w_3W         2352.0    5955941.6531     0.2056   1.458E+04   102     0    136
1s_28w_1W          784.0    5955941.6531     0.2056   1.458E+04   103     0    137
1s_29w_3W         2523.0    5956406.4876     0.1917   1.564E+04   104     0    138
1s_29w_1W          841.0    5956406.4876     0.1917   1.564E+04   105     0    139
1s_30w_3W         2700.0    5956825.6178     0.1791   1.674E+04   106     0    140
1s_30w_1W          900.0    5956825.6178     0.1791   1.674E+04   107     0    141
