******************************************************************************************

                Super level assignments for Cl IV
                E%LS option with /\E=2.0%

                            g        E(cm^-1)    10^15 Hz     Lam(A)    Link           ID
******************************************************************************************

14-Feb-2001                            !Date
379                                    !Number of energy levels
6                                      !Entry number of link to super level
  
3p2_3Pe[0]                 1.0          0.0000    12.9278   2.319E+02     1     0      1
3p2_3Pe[1]                 3.0        492.0000    12.9131   2.322E+02     1     0      2
3p2_3Pe[2]                 5.0       1341.9000    12.8876   2.326E+02     1     0      3
3p2_1De[2]                 5.0      13767.6000    12.5151   2.395E+02     2     0      4
3p2_1Se[0]                 1.0      32547.8000    11.9521   2.508E+02     3     0      5
3s_3p3_5So[2]              5.0      65000.0000    10.9792   2.731E+02     4     0      6
3s_3p3_3Do[1]              3.0     102752.0000     9.8474   3.044E+02     5     0      7
3s_3p3_3Do[2]              5.0     102787.0000     9.8464   3.045E+02     5     0      8
3s_3p3_3Do[3]              7.0     102869.0000     9.8439   3.045E+02     5     0      9
3s_3p3_3Po[2]              5.0     120256.0000     9.3226   3.216E+02     6     0     10
3s_3p3_3Po[1]              3.0     120274.0000     9.3221   3.216E+02     6     0     11
3s_3p3_3Po[0]              1.0     120300.0000     9.3213   3.216E+02     6     0     12
3s_3p3_1Do[2]              5.0     129340.0000     9.0503   3.313E+02     7     0     13
3s_3p3_3So[1]              3.0     164721.0000     7.9896   3.752E+02     8     0     14
3p_3d_3Fo                 21.0     165670.8000     7.9611   3.766E+02     8     0     15
3s_3p3_1Po[1]              3.0     166742.0000     7.9290   3.781E+02     9     0     16
3p_3d_3Po[2]               5.0     181643.0000     7.4823   4.007E+02    10     0     17
3p_3d_3Po[1]               3.0     182073.0000     7.4694   4.014E+02    10     0     18
3p_3d_3Po[0]               1.0     182300.0000     7.4626   4.017E+02    10     0     19
3p_3d_3Do[1]               3.0     187008.0000     7.3215   4.095E+02    11     0     20
3p_3d_3Do[2]               5.0     187174.0000     7.3165   4.097E+02    11     0     21
3p_3d_3Do[3]               7.0     187346.0000     7.3113   4.100E+02    11     0     22
3p_3d_1Do                  5.0     189961.3600     7.2329   4.145E+02    12     0     23
3p_3d_1Fo                  7.0     204707.6000     6.7909   4.415E+02    13     0     24
3p_3d_1Po                  3.0     210938.6400     6.6040   4.540E+02    14     0     25
3p4_3Pe                    9.0     214776.7200     6.4890   4.620E+02    15     0     26
3p_4s_3Po[0]               1.0     215026.0000     6.4815   4.625E+02    16     0     27
3p_4s_3Po[1]               3.0     215389.3000     6.4706   4.633E+02    16     0     28
3p_4s_3Po[2]               5.0     216468.1000     6.4383   4.656E+02    16     0     29
3p_4s_1Po[1]               3.0     219454.0000     6.3488   4.722E+02    17     0     30
3p4_1De                    5.0     219686.1600     6.3418   4.727E+02    18     0     31
3s_3p2(4P)3d_5Fe          35.0     220365.2000     6.3214   4.742E+02    19     0     32
3s_3p2(4P)3d_5De          25.0     225579.2800     6.1651   4.863E+02    20     0     33
3s_3p2(4P)3d_3Fe          21.0     234154.6400     5.9081   5.074E+02    21     0     34
3s_3p2(4P)3d_5Pe          15.0     243063.4400     5.6410   5.315E+02    22     0     35
3p_4p_3De[1]               3.0     247575.4000     5.5057   5.445E+02    23     0     36
3p_4p_3De[2]               5.0     248026.2000     5.4922   5.459E+02    23     0     37
3p4_1Se                    1.0     248073.3600     5.4908   5.460E+02    24     0     38
3p_4p_3De[3]               7.0     248961.2000     5.4642   5.487E+02    23     0     39
3p_4p_3Pe[0]               1.0     251471.4000     5.3889   5.563E+02    23     0     40
3p_4p_3Pe[1]               3.0     251725.8000     5.3813   5.571E+02    23     0     41
3s_3p2(4P)3d_3Pe           9.0     251887.7600     5.3764   5.576E+02    23     0     42
3p_4p_3Pe[2]               5.0     252396.7000     5.3612   5.592E+02    23     0     43
3s_3p2(2D)3d_3Ge          27.0     257226.0000     5.2164   5.747E+02    25     0     44
3p_4p_1Pe                  3.0     258342.8000     5.1829   5.784E+02    26     0     45
3s_3p2(2D)3d_1Ge           9.0     262045.2000     5.0719   5.911E+02    26     0     46
3s_3p2(4P)3d_3De          15.0     263389.2000     5.0316   5.958E+02    27     0     47
3p_4p_3Se                  3.0     264701.8400     4.9923   6.005E+02    27     0     48
3s_3p2(2D)3d_1Fe           7.0     266902.1600     4.9263   6.086E+02    28     0     49
3p_4p_1De                  5.0     268569.3600     4.8763   6.148E+02    28     0     50
3s_3p2(2D)3d_3Fe          21.0     272103.4400     4.7704   6.284E+02    29     0     51
3p4_3De                   15.0     274716.5600     4.6920   6.389E+02    29     0     52
3p_4p_1Se                  1.0     275754.6400     4.6609   6.432E+02    30     0     53
3s_3p2(2D)3d_3Pe           9.0     276158.4800     4.6488   6.449E+02    29     0     54
3s_3p2(2P)3d_1Pe           3.0     277012.2400     4.6232   6.485E+02    30     0     55
3s_3p2(2D)3d_3Se           3.0     282070.8000     4.4716   6.704E+02    31     0     56
3p3_3d_3Fe                21.0     285628.5600     4.3649   6.868E+02    31     0     57
3d2_3De                   15.0     285889.6800     4.3571   6.881E+02    31     0     58
3s_3p2(2D)3d_1De           5.0     286654.4800     4.3341   6.917E+02    32     0     59
3s_3p2(4P)4s_5Pe[1]        3.0     292150.0000     4.1694   7.190E+02    33     0     60
3s_3p2(4P)4s_5Pe[2]        5.0     292660.0000     4.1541   7.217E+02    33     0     61
3s_3p2(4P)4s_5Pe[3]        7.0     293400.0000     4.1319   7.256E+02    33     0     62
3p3_3d_3De                15.0     294991.1200     4.0842   7.340E+02    34     0     63
3p_4d_1Do                  5.0     298854.8000     3.9684   7.555E+02    35     0     64
3p_4d_3Do                 15.0     300052.8800     3.9325   7.624E+02    36     0     65
3p_4d_3Fo                 21.0     300648.7200     3.9146   7.658E+02    36     0     66
3s_3p2(2S)3d_1De           5.0     300987.9200     3.9044   7.678E+02    37     0     67
3p_4d_3Po                  9.0     302842.0000     3.8489   7.789E+02    36     0     68
3s_3p2(2D)3d_1Se           1.0     303380.2400     3.8327   7.822E+02    37     0     69
3p_4d_1Fo                  7.0     304313.3600     3.8047   7.879E+02    35     0     70
3p_4d_1Po                  3.0     305654.8000     3.7645   7.964E+02    38     0     71
3s_3p2(4P)4s_3Pe           9.0     306224.4000     3.7475   8.000E+02    39     0     72
3s_3p2(2P)3d_1Fe           7.0     308694.8000     3.6734   8.161E+02    40     0     73
3s_3p2(2D)3d_1Pe           3.0     311707.2800     3.5831   8.367E+02    40     0     74
3p_5s_3Po[0]               1.0     312747.0000     3.5519   8.440E+02    41     0     75
3p_5s_3Po[1]               3.0     312991.0000     3.5446   8.458E+02    41     0     76
3p_5s_3Po[2]               5.0     314225.0000     3.5076   8.547E+02    41     0     77
3p_4f_3Fe                 21.0     314303.1200     3.5053   8.553E+02    42     0     78
3s_3p2(2P)3d_3Pe           9.0     315021.8400     3.4837   8.606E+02    42     0     79
3p_4f_1Ge                  9.0     315040.4000     3.4832   8.607E+02    43     0     80
3p_5s_1Po[1]               3.0     315121.0000     3.4807   8.613E+02    44     0     81
3p_4f_3Ge                 27.0     318857.3600     3.3687   8.899E+02    42     0     82
3p_4f_1De                  5.0     319865.3600     3.3385   8.980E+02    43     0     83
3s_3p2(2D)4s_3De          15.0     320578.3200     3.3171   9.038E+02    42     0     84
3p3_3d_1So                 1.0     321039.1200     3.3033   9.075E+02    44     0     85
3s_3p2(4P)4p_3So           3.0     322132.8800     3.2705   9.166E+02    45     0     86
3p_4f_3De                 15.0     322534.8000     3.2585   9.200E+02    46     0     87
3s_3p2(4P)4p_5Do          25.0     322982.8000     3.2450   9.238E+02    47     0     88
3p3_3d_3Fo                21.0     325617.6800     3.1661   9.469E+02    45     0     89
3s_3p2(4P)4p_5Po          15.0     325680.4000     3.1642   9.475E+02    47     0     90
3s_3p2(2D)4s_1De           5.0     325914.0000     3.1572   9.496E+02    48     0     91
3p_4f_1Fe                  7.0     326380.5600     3.1432   9.538E+02    48     0     92
3p3_3d_3Do                15.0     326924.5600     3.1269   9.588E+02    45     0     93
3s_3p2(4P)4p_5So           5.0     327844.2400     3.0993   9.673E+02    47     0     94
3d2_3Fe                   21.0     328517.5200     3.0791   9.736E+02    46     0     95
3s_3p2(4P)4p_3Do          15.0     329632.4000     3.0457   9.843E+02    49     0     96
3p3_3d_5Do                25.0     331707.9200     2.9835   1.005E+03    50     0     97
3p_5p_1Pe                  3.0     332202.6400     2.9686   1.010E+03    48     0     98
3p3_3d_3Go                27.0     333010.3200     2.9444   1.018E+03    49     0     99
3s_3p2(4P)4p_3Po           9.0     333202.3200     2.9387   1.020E+03    49     0    100
3s_3p2(2P)3d_1De           5.0     333422.4800     2.9321   1.022E+03    51     0    101
3p_5p_3Se                  3.0     334267.9200     2.9067   1.031E+03    52     0    102
3d2_1Ge                    9.0     335853.8400     2.8592   1.049E+03    51     0    103
3d2_3Pe                    9.0     336706.3200     2.8336   1.058E+03    52     0    104
3p_5p_1De                  5.0     337759.7600     2.8020   1.070E+03    51     0    105
3p_5p_1Se                  1.0     339131.9200     2.7609   1.086E+03    51     0    106
3d2_1De                    5.0     339725.2000     2.7431   1.093E+03    51     0    107
3p3_3d_1Do                 5.0     342609.6800     2.6567   1.128E+03    53     0    108
3p3_3d_1Go                 9.0     343450.0000     2.6315   1.139E+03    53     0    109
3s_3p2(2D)4p_3Fo          21.0     345743.1200     2.5627   1.170E+03    54     0    110
3s_3p_3d2_5Go             45.0     346485.5200     2.5405   1.180E+03    55     0    111
3s_3p2(2S)4s_3Se           3.0     346947.6000     2.5266   1.187E+03    56     0    112
3s_3p2(2D)4p_3Do          15.0     347492.2400     2.5103   1.194E+03    54     0    113
3s_3p2(2D)4p_1Fo           7.0     349290.6400     2.4564   1.220E+03    53     0    114
3p_5d_1Do                  5.0     349343.1200     2.4548   1.221E+03    53     0    115
3s_3p2(2D)4p_1Po           3.0     349939.6000     2.4369   1.230E+03    57     0    116
3p_5d_3Do                 15.0     350402.9600     2.4230   1.237E+03    54     0    117
3p_5d_3Po                  9.0     350851.6000     2.4096   1.244E+03    54     0    118
3s_3p2(2D)4p_1Do           5.0     351768.0800     2.3821   1.259E+03    57     0    119
3s_3p2(2D)4p_3Po           9.0     352464.4000     2.3612   1.270E+03    54     0    120
3p_5d_1Fo                  7.0     352541.8400     2.3589   1.271E+03    57     0    121
3p_5d_3Fo                 21.0     352575.7600     2.3579   1.271E+03    54     0    122
3s_3p2(2S)4s_1Se           1.0     353243.9200     2.3378   1.282E+03    58     0    123
3p_5d_1Po                  3.0     354262.1600     2.3073   1.299E+03    57     0    124
3p3_3d(a)_3Fo             21.0     355118.4800     2.2816   1.314E+03    59     0    125
3p3_3d_3So                 3.0     355800.7200     2.2612   1.326E+03    59     0    126
3p3_3d_3Po                 9.0     356856.7200     2.2295   1.345E+03    59     0    127
3s_3p2(2P)4s_3Pe           9.0     357094.8000     2.2224   1.349E+03    60     0    128
3p3_3d(a)_3Do             15.0     357378.3200     2.2139   1.354E+03    59     0    129
3d_3d_1Se                  1.0     357855.1200     2.1996   1.363E+03    58     0    130
3s_3p2(2P)4s_1Pe           3.0     358881.6800     2.1688   1.382E+03    58     0    131
3p3_3d_1Po                 3.0     359114.0000     2.1619   1.387E+03    61     0    132
3p_5f_3Ge                 27.0     359180.5600     2.1599   1.388E+03    60     0    133
3p_5f_1Fe                  7.0     359494.8000     2.1504   1.394E+03    58     0    134
3p_5f_3Fe                 21.0     359688.7200     2.1446   1.398E+03    60     0    135
3p_5f_3De                 15.0     360252.5600     2.1277   1.409E+03    60     0    136
3p_5g_3Go                 27.0     360340.8800     2.1251   1.411E+03    59     0    137
3p_5g_1Go                  9.0     360343.4400     2.1250   1.411E+03    61     0    138
3p3_3d(a)_3Po              9.0     360651.9200     2.1158   1.417E+03    59     0    139
3p_5g_3Ho                 33.0     360880.4000     2.1089   1.422E+03    59     0    140
3p_5g_1Ho                 11.0     360942.4800     2.1070   1.423E+03    61     0    141
3p_5g_1Fo                  7.0     361080.7200     2.1029   1.426E+03    61     0    142
3p_5g_3Fo                 21.0     361092.2400     2.1026   1.426E+03    59     0    143
3p_5p_3Pe[0]               1.0     361500.0000     2.0903   1.434E+03    60     0    144
3s_3p2(4P)4d_5Fe          35.0     361586.3200     2.0877   1.436E+03    62     0    145
3p_5p_3Pe[1]               3.0     361700.0000     2.0843   1.438E+03    60     0    146
3p_6s_3Po                  9.0     361847.4400     2.0799   1.441E+03    59     0    147
3s_3p_3d2_5Do             25.0     362026.0000     2.0746   1.445E+03    63     0    148
3p_5f_1De                  5.0     362047.7600     2.0739   1.446E+03    64     0    149
3p_5p_3Pe[2]               5.0     362080.0000     2.0729   1.446E+03    60     0    150
3p_6s_1Po                  3.0     362238.4800     2.0682   1.450E+03    61     0    151
3p_5f_1Ge                  9.0     362322.9600     2.0657   1.451E+03    64     0    152
3s_3p2(4P)4d_5Pe          15.0     362410.0000     2.0631   1.453E+03    62     0    153
3s_3p2(4P)4d_5De          25.0     364008.7200     2.0151   1.488E+03    62     0    154
3s_3p2(4P)4d_3Pe           9.0     364575.1200     1.9981   1.500E+03    65     0    155
3s_3p2(4P)4d_3Fe          21.0     366217.3600     1.9489   1.538E+03    65     0    156
3s_3p_3d2_5Fo             35.0     366566.1600     1.9385   1.547E+03    63     0    157
3p_6p_3De                 15.0     367418.6400     1.9129   1.567E+03    65     0    158
3p_5p_3De[1]               3.0     368300.0000     1.8865   1.589E+03    65     0    159
3s_3p_3d2_5Po             15.0     368321.0400     1.8858   1.590E+03    63     0    160
3p_6p_3Se                  3.0     368420.8800     1.8829   1.592E+03    65     0    161
3p_6p_1Pe                  3.0     368485.5200     1.8809   1.594E+03    64     0    162
3p_5p_3De[2]               5.0     368620.0000     1.8769   1.597E+03    65     0    163
3p_6p_3Pe                  9.0     368674.3200     1.8753   1.599E+03    65     0    164
3p_6p_1De                  5.0     368848.4000     1.8700   1.603E+03    64     0    165
3p_5p_3De[3]               7.0     369100.0000     1.8625   1.610E+03    65     0    166
3s_3p2(4P)4d_3De          15.0     369923.6000     1.8378   1.631E+03    65     0    167
3p_6p_1Se                  1.0     370285.2000     1.8270   1.641E+03    66     0    168
3s_3p2(2S)4p_3Po           9.0     373133.8400     1.7416   1.721E+03    67     0    169
3s_3p2(4P)4f_5Do          25.0     373821.8400     1.7209   1.742E+03    68     0    170
3p3_3d(b)_3Do             15.0     373864.0800     1.7197   1.743E+03    67     0    171
3p3_3d_1Fo                 7.0     374451.6000     1.7021   1.761E+03    69     0    172
3s_3p2(2S)4p_1Po           3.0     375348.2400     1.6752   1.790E+03    69     0    173
3p_6d_3Do                 15.0     375738.0000     1.6635   1.802E+03    67     0    174
3p_6d_1Do                  5.0     375789.8400     1.6619   1.804E+03    69     0    175
3s_3p2(2P)4p_1So           1.0     375887.7600     1.6590   1.807E+03    69     0    176
3p_6d_3Fo                 21.0     376404.2400     1.6435   1.824E+03    67     0    177
3p_6d_1Fo                  7.0     376890.6400     1.6289   1.840E+03    69     0    178
3p3_3d(a)_1Do              5.0     376980.2400     1.6262   1.843E+03    69     0    179
3p3_3d(a)_1Fo              7.0     377355.2800     1.6150   1.856E+03    69     0    180
3s_3p_3d2_3Do             15.0     377451.9200     1.6121   1.860E+03    67     0    181
3p_6d_3Po                  9.0     377547.2800     1.6092   1.863E+03    67     0    182
3s_3p_3d2_3Ho             33.0     377844.8800     1.6003   1.873E+03    67     0    183
3s_3p2(4P)4f_3Go          27.0     377951.1200     1.5971   1.877E+03    67     0    184
3p_6d_1Po                  3.0     377963.9200     1.5968   1.878E+03    69     0    185
3s_3p_3d2_3Fo             21.0     378370.9600     1.5846   1.892E+03    67     0    186
3s_3p2(4P)4f_5Go          45.0     379098.0000     1.5628   1.918E+03    68     0    187
3d_4s_3De                 15.0     381212.5600     1.4994   1.999E+03    70     0    188
3p_6f_1Fe                  7.0     381222.1600     1.4991   2.000E+03    71     0    189
3p_6f_3Ge                 27.0     381244.5600     1.4984   2.001E+03    70     0    190
3s_3p2(4P)4f_5Fo          35.0     381375.1200     1.4945   2.006E+03    72     0    191
3p_6f_3Fe                 21.0     381639.4400     1.4866   2.017E+03    70     0    192
3p_6g_3Go                 27.0     381899.9200     1.4788   2.027E+03    73     0    193
3p_6g_1Go                  9.0     381901.8400     1.4787   2.027E+03    69     0    194
3p_6f_3De                 15.0     382134.8000     1.4717   2.037E+03    70     0    195
3p_6g_3Ho                 33.0     382282.0000     1.4673   2.043E+03    73     0    196
3p_6g_1Ho                 11.0     382316.5600     1.4663   2.045E+03    74     0    197
3p_6g_3Fo                 21.0     382401.0400     1.4637   2.048E+03    73     0    198
3p_6g_1Fo                  7.0     382513.6800     1.4604   2.053E+03    74     0    199
3p_6f_1Ge                  9.0     382596.2400     1.4579   2.056E+03    71     0    200
3p_6f_1De                  5.0     382605.8400     1.4576   2.057E+03    71     0    201
3s_3p2(2P)4p_3Do          15.0     382663.4400     1.4559   2.059E+03    73     0    202
3p_7s_3Po                  9.0     382779.2800     1.4524   2.064E+03    73     0    203
3p_7s_1Po                  3.0     383110.1600     1.4425   2.078E+03    74     0    204
3s_3p_3d2(a)_5Do          25.0     383700.2400     1.4248   2.104E+03    72     0    205
3s_3p2(2D)4d_3Fe          21.0     383775.7600     1.4225   2.107E+03    70     0    206
3d_4s_1De                  5.0     383814.8000     1.4214   2.109E+03    71     0    207
3s_3p2(4P)5s_5Pe          15.0     384197.5200     1.4099   2.126E+03    75     0    208
3s_3p2(2D)3d_3De          15.0     384498.9600     1.4008   2.140E+03    70     0    209
3s_3p2(2P)4p_3So           3.0     384589.2000     1.3981   2.144E+03    73     0    210
3s_3p2(2P)4p_3Po           9.0     384786.3200     1.3922   2.153E+03    73     0    211
3s_3p2(2D)4d_3Ge          27.0     384873.3600     1.3896   2.157E+03    70     0    212
3s_3p2(4P)4f_3Fo          21.0     385000.7200     1.3858   2.163E+03    73     0    213
3s_3p2(2D)4d_1Fe           7.0     385198.4800     1.3799   2.173E+03    71     0    214
3s_3p2(4P)5s_3Pe           9.0     385829.5200     1.3610   2.203E+03    70     0    215
3p_7p_1Pe                  3.0     386375.4400     1.3446   2.230E+03    71     0    216
3s_3p2(2P)4p_1Do           5.0     386495.1200     1.3410   2.236E+03    74     0    217
3p_7p_3Se                  3.0     386666.0000     1.3359   2.244E+03    70     0    218
3p_7p_3Pe                  9.0     386876.5600     1.3296   2.255E+03    70     0    219
3p_7p_3De                 15.0     386927.7600     1.3280   2.257E+03    70     0    220
3p_7p_1De                  5.0     387343.1200     1.3156   2.279E+03    71     0    221
3s_3p2(2D)4d_1Ge           9.0     387711.1200     1.3045   2.298E+03    71     0    222
3p_7p_1Se                  1.0     387855.7600     1.3002   2.306E+03    71     0    223
3s_3p2(2D)4d_1De           5.0     388350.4800     1.2854   2.332E+03    71     0    224
3s_3p_3d2_3Go             27.0     388595.6000     1.2780   2.346E+03    73     0    225
3s_3p2(2D)4d_1Pe           3.0     389428.2400     1.2531   2.392E+03    76     0    226
3s_3p2(2D)4d_3Se           3.0     389691.9200     1.2452   2.408E+03    77     0    227
3s_3p2(2D)4d_3Pe           9.0     389712.4000     1.2445   2.409E+03    77     0    228
3s_3p_3d2_3So              3.0     390262.8000     1.2280   2.441E+03    78     0    229
3s_3p2(2P)4p_1Po           3.0     390388.2400     1.2243   2.449E+03    79     0    230
3s_3p2(4P)4f_3Do          15.0     390429.8400     1.2230   2.451E+03    78     0    231
3s_3p_3d2_5So              5.0     390860.5600     1.2101   2.477E+03    80     0    232
3p_7d_1Fo                  7.0     391775.1200     1.1827   2.535E+03    79     0    233
3p_7d_3Fo                 21.0     392007.4400     1.1757   2.550E+03    78     0    234
3p_7d_3Do                 15.0     392202.6400     1.1699   2.563E+03    78     0    235
3s_3p2(2D)4d_1Se           1.0     392456.7200     1.1623   2.579E+03    76     0    236
3p_7d_3Po                  9.0     392524.5600     1.1602   2.584E+03    78     0    237
3p_7d_1Do                  5.0     392586.0000     1.1584   2.588E+03    79     0    238
3p_7d_1Po                  3.0     393187.6000     1.1404   2.629E+03    79     0    239
3s_3p2(2D)4f_3Fo          21.0     393622.8000     1.1273   2.659E+03    78     0    240
3p_7f_1Fe                  7.0     394621.2000     1.0974   2.732E+03    76     0    241
3p_7f_3Ge                 27.0     394678.1600     1.0957   2.736E+03    77     0    242
3p_7f_3Fe                 21.0     394794.6400     1.0922   2.745E+03    77     0    243
3s_3p2(2D)4f_1Fo           7.0     394871.4400     1.0899   2.751E+03    79     0    244
3p_7g_3Go                 27.0     394892.5600     1.0892   2.752E+03    78     0    245
3p_7g_1Go                  9.0     394954.0000     1.0874   2.757E+03    79     0    246
3p_7f_3De                 15.0     395019.9200     1.0854   2.762E+03    77     0    247
3p_7g_1Ho                 11.0     395177.3600     1.0807   2.774E+03    79     0    248
3p_7g_3Ho                 33.0     395183.7600     1.0805   2.775E+03    78     0    249
3p_7g_3Fo                 21.0     395316.8800     1.0765   2.785E+03    78     0    250
3s_3p2(4P)5p_5Do          25.0     395344.4000     1.0757   2.787E+03    80     0    251
3p_7f_1De                  5.0     395481.3600     1.0716   2.798E+03    76     0    252
3p_7f_1Ge                  9.0     395576.0800     1.0688   2.805E+03    76     0    253
3p_8s_3Po                  9.0     395750.1600     1.0635   2.819E+03    78     0    254
3p_7g_1Fo                  7.0     395775.7600     1.0628   2.821E+03    79     0    255
3p_8s_1Po                  3.0     396048.4000     1.0546   2.843E+03    79     0    256
3s_3p2(4P)5p_5Po          15.0     396075.2800     1.0538   2.845E+03    80     0    257
3s_3p2(4P)5p_3So           3.0     396223.7600     1.0493   2.857E+03    78     0    258
3s_3p2(4P)5p_5So           5.0     397530.6400     1.0102   2.968E+03    80     0    259
3p_8p_1Pe                  3.0     397851.2800     1.0005   2.996E+03    81     0    260
3p_8p_3De                 15.0     398007.4400     0.9959   3.010E+03    82     0    261
3s_3p2(4P)5p_3Do          15.0     398106.6400     0.9929   3.019E+03    83     0    262
3p_8p_3Se                  3.0     398234.0000     0.9891   3.031E+03    82     0    263
3s_3p_3d2(a)_3Go          27.0     398254.4800     0.9885   3.033E+03    83     0    264
3p_8p_3Pe                  9.0     398259.6000     0.9883   3.033E+03    82     0    265
3p_8p_1De                  5.0     398507.9200     0.9809   3.056E+03    81     0    266
3p_8p_1Se                  1.0     398934.8000     0.9681   3.097E+03    81     0    267
3s_3p2(4P)5p_3Po           9.0     399397.5200     0.9542   3.142E+03    83     0    268
3s_3p_3d2_3Po              9.0     400354.3200     0.9255   3.239E+03    83     0    269
3s_3p2(2D)4f_1Po           3.0     400376.7200     0.9248   3.242E+03    84     0    270
3p_8d_3Do                 15.0     401179.2800     0.9008   3.328E+03    83     0    271
3s_3p2(2D)4f_1Do           5.0     401318.8000     0.8966   3.344E+03    84     0    272
3p_8d_1Fo                  7.0     401324.5600     0.8964   3.344E+03    84     0    273
3s_3p2(2D)4f_3Go          27.0     401485.8400     0.8916   3.362E+03    83     0    274
3p_8d_3Fo                 21.0     401512.7200     0.8908   3.365E+03    83     0    275
3p_8d_1Do                  5.0     401732.2400     0.8842   3.391E+03    84     0    276
3p_8d_1Po                  3.0     401824.4000     0.8814   3.401E+03    84     0    277
3p_8d_3Po                  9.0     402086.8000     0.8736   3.432E+03    83     0    278
3s_3p2(2D)4f_1Go           9.0     402115.6000     0.8727   3.435E+03    84     0    279
3s_3p2(2D)4f_1Ho          11.0     402484.2400     0.8617   3.479E+03    84     0    280
3p_8f_1Fe                  7.0     403224.7200     0.8395   3.571E+03    81     0    281
3p_8g_3Ho                 33.0     403293.8400     0.8374   3.580E+03    83     0    282
3p_8f_3Ge                 27.0     403296.4000     0.8373   3.580E+03    82     0    283
3p_8f_3Fe                 21.0     403352.7200     0.8356   3.588E+03    82     0    284
3p_8f_3De                 15.0     403504.4000     0.8311   3.607E+03    82     0    285
3p_8g_1Go                  9.0     403602.3200     0.8281   3.620E+03    84     0    286
3p_8g_3Fo                 21.0     403668.2400     0.8262   3.629E+03    83     0    287
3p_8g_3Go                 27.0     403732.2400     0.8242   3.637E+03    83     0    288
3p_8g_1Fo                  7.0     403741.2000     0.8240   3.638E+03    84     0    289
3p_8f_1De                  5.0     403812.2400     0.8218   3.648E+03    81     0    290
3p_8f_1Ge                  9.0     403846.1600     0.8208   3.652E+03    81     0    291
3p_9s_3Po                  9.0     404029.2000     0.8153   3.677E+03    83     0    292
3p_9s_1Po                  3.0     404161.0400     0.8114   3.695E+03    84     0    293
3p_8g_1Ho                 11.0     404168.0800     0.8112   3.696E+03    84     0    294
3s_3p_3d2(a)_3Fo          21.0     404708.2400     0.7950   3.771E+03    83     0    295
3s_3p2(2D)4f_3Do          15.0     404810.0000     0.7919   3.786E+03    83     0    296
3s_3p2(2P)4f_1Go           9.0     405244.5600     0.7789   3.849E+03    84     0    297
3p_9p_3De                 15.0     405352.7200     0.7757   3.865E+03    82     0    298
3p_9p_1Pe                  3.0     405436.5600     0.7731   3.878E+03    81     0    299
3s_3p2(2D)4f_3Ho          33.0     405492.2400     0.7715   3.886E+03    83     0    300
3p_9p_3Pe                  9.0     405688.7200     0.7656   3.916E+03    82     0    301
3p_9p_3Se                  3.0     405701.5200     0.7652   3.918E+03    82     0    302
3p_9p_1De                  5.0     405821.8400     0.7616   3.936E+03    85     0    303
3d_4p_1Do                  5.0     405914.6400     0.7588   3.951E+03    84     0    304
3p_9p_1Se                  1.0     406173.8400     0.7510   3.992E+03    85     0    305
3d_4p_3Do                 15.0     406210.3200     0.7500   3.997E+03    86     0    306
3s_3p2(2D)5s_3De          15.0     406287.1200     0.7476   4.010E+03    87     0    307
3p_9d_1Fo                  7.0     407268.8800     0.7182   4.174E+03    84     0    308
3d_4p_3Fo                 21.0     407345.0400     0.7159   4.187E+03    86     0    309
3p_9d_1Po                  3.0     407892.8800     0.6995   4.286E+03    84     0    310
3p_9d_1Do                  5.0     407944.0800     0.6980   4.295E+03    84     0    311
3p_9d_3Po                  9.0     408137.3600     0.6922   4.331E+03    86     0    312
3p_9d_3Fo                 21.0     408296.0800     0.6874   4.361E+03    86     0    313
3s_3p2(2D)4f_3Po           9.0     408427.9200     0.6835   4.386E+03    86     0    314
3s_3p2(2D)5s_1De           5.0     408442.0000     0.6830   4.389E+03    85     0    315
3p_9d_3Do                 15.0     408714.0000     0.6749   4.442E+03    86     0    316
3s_3p2(2S)4f_1Fo           7.0     408733.8400     0.6743   4.446E+03    88     0    317
3p_9f_1Fe                  7.0     409119.1200     0.6627   4.523E+03    85     0    318
3p_9f_3Ge                 27.0     409195.9200     0.6604   4.539E+03    87     0    319
3p_9f_3Fe                 21.0     409214.4800     0.6599   4.543E+03    87     0    320
3p_9f_3De                 15.0     409288.0800     0.6577   4.558E+03    87     0    321
3p_9g_1Go                  9.0     409332.8800     0.6563   4.568E+03    88     0    322
3p_9g_3Go                 27.0     409350.1600     0.6558   4.571E+03    86     0    323
3p_9g_1Ho                 11.0     409447.4400     0.6529   4.592E+03    88     0    324
3p_9g_3Fo                 21.0     409480.0800     0.6519   4.599E+03    86     0    325
3p_9f_1De                  5.0     409547.9200     0.6499   4.613E+03    85     0    326
3p_9f_1Ge                  9.0     409563.9200     0.6494   4.616E+03    85     0    327
3p_9g_3Ho                 33.0     409610.6400     0.6480   4.626E+03    86     0    328
3p_9g_1Fo                  7.0     409616.4000     0.6478   4.628E+03    88     0    329
3p_10s_3Po                 9.0     409670.1600     0.6462   4.639E+03    86     0    330
3p_10s_1Po                 3.0     409782.8000     0.6429   4.663E+03    88     0    331
3p_10p_3De                15.0     410579.6000     0.6190   4.843E+03    87     0    332
3p_10p_1Pe                 3.0     410701.8400     0.6153   4.872E+03    85     0    333
3p_10p_3Pe                 9.0     410872.7200     0.6102   4.913E+03    87     0    334
3d_4p_3Po                  9.0     410890.6400     0.6096   4.918E+03    86     0    335
3p_10p_3Se                 3.0     410897.0400     0.6094   4.919E+03    87     0    336
3p_10p_1De                 5.0     411064.0800     0.6044   4.960E+03    85     0    337
3s_3p2(2S)3d_3De          15.0     411085.8400     0.6038   4.965E+03    87     0    338
3p_10p_1Se                 1.0     411233.6800     0.5994   5.002E+03    85     0    339
3s_3p2(2D)5f_1Do           5.0     411369.3600     0.5953   5.036E+03    88     0    340
3p_10d_1Fo                 7.0     411674.0000     0.5862   5.115E+03    88     0    341
3p_10d_1Po                 3.0     411974.1600     0.5772   5.194E+03    88     0    342
3s_3p2(2D)5p_3Do          15.0     412284.5600     0.5679   5.279E+03    86     0    343
3s_3p2(4P)5d_5Fe          35.0     412330.0000     0.5665   5.292E+03    89     0    344
3p_10d_3Fo                21.0     412499.6000     0.5614   5.340E+03    86     0    345
3s_3p2(2D)5f_1Po           3.0     412600.0800     0.5584   5.369E+03    88     0    346
3p_10d_1Do                 5.0     412615.4400     0.5579   5.373E+03    88     0    347
3s_3p2(4P)5d_5Pe          15.0     412648.0800     0.5570   5.383E+03    89     0    348
3p_10d_3Po                 9.0     412651.9200     0.5568   5.384E+03    86     0    349
3p_10d_3Do                15.0     412724.8800     0.5546   5.405E+03    86     0    350
3s_3p_3d2(a)_3Po           9.0     412984.7200     0.5469   5.482E+03    86     0    351
3s_3p2(2S)4d_1De           5.0     413053.2000     0.5448   5.503E+03    85     0    352
3s_3p2(4P)5d_3Pe           9.0     413195.9200     0.5405   5.546E+03    87     0    353
3s_3p2(4P)5d_5De          25.0     413260.5600     0.5386   5.566E+03    89     0    354
3p_10f_1Fe                 7.0     413322.0000     0.5367   5.585E+03    85     0    355
3p_10g_1Ho                11.0     413325.2000     0.5367   5.586E+03    88     0    356
3p_10f_3Fe                21.0     413350.1600     0.5359   5.594E+03    87     0    357
3p_10g_3Fo                21.0     413359.7600     0.5356   5.597E+03    86     0    358
3p_10f_3Ge                27.0     413407.7600     0.5342   5.612E+03    87     0    359
3p_10g_3Go                27.0     413460.8800     0.5326   5.629E+03    86     0    360
3p_10g_1Go                 9.0     413485.8400     0.5318   5.637E+03    88     0    361
3p_10f_3De                15.0     413519.1200     0.5308   5.648E+03    87     0    362
3p_10g_1Fo                 7.0     413588.8800     0.5287   5.670E+03    88     0    363
3p_10g_3Ho                33.0     413664.4000     0.5265   5.694E+03    86     0    364
3p_10f_1Ge                 9.0     413667.6000     0.5264   5.695E+03    85     0    365
3p_10f_1De                 5.0     413670.8000     0.5263   5.696E+03    85     0    366
3s_3p_3d2_1So              1.0     415483.9200     0.4719   6.352E+03    88     0    367
3s_3p2(4P)5f_5Go          45.0     419928.7200     0.3387   8.852E+03    90     0    368
3s_3p2(4P)5f_5Do          25.0     420788.8800     0.3129   9.581E+03    90     0    369
3s_3p2(4P)5f_5Fo          35.0     420848.4000     0.3111   9.636E+03    90     0    370
3s_3p2(4P)5g_5Fe          35.0     421999.1200     0.2766   1.084E+04    91     0    371
3s_3p2(4P)5g_5He          55.0     422077.8400     0.2743   1.093E+04    91     0    372
3s_3p2(4P)5g_3He          33.0     422162.9600     0.2717   1.103E+04    92     0    373
3s_3p2(4P)5g_5Ge          45.0     422635.9200     0.2575   1.164E+04    91     0    374
3s_3p2(4P)6s_5Pe          15.0     423293.2000     0.2378   1.261E+04    91     0    375
3s_3p2(4P)6p_3So           3.0     429003.2800     0.0666   4.499E+04    93     0    376
3s_3p2(4P)6p_5Do          25.0     429118.4800     0.0632   4.745E+04    94     0    377
3s_3p2(4P)6p_5Po          15.0     429505.0400     0.0516   5.811E+04    94     0    378
3s_3p2(4P)6p_5So           5.0     429949.8400     0.0383   7.836E+04    94     0    379
