Level              Type       Np          X1          X2          X2
3d7(4F)4s_a3Fe        1       3   1.0000E+00   0.0000E+00   3.0000E+00
3d6_4s2_a3P2e         1       3   1.0000E+00   0.0000E+00   3.0000E+00
3d6_4s2_a3He          1       3   1.0000E+00   1.0000E+00   2.0000E+00
3d6_4s2_b3F2e         1       3   1.0000E+00   1.0000E+00   2.0000E+00
3d7(2G)4s_a3Ge        1       3   1.0000E+00   0.0000E+00   3.0000E+00
3d7(4P)4s_b3Pe        1       3   1.0000E+00   0.0000E+00   3.0000E+00
3d6_4s2_b3Ge          1       3   1.0000E+00   1.0000E+00   2.0000E+00
3d7(2P)4s_c3Pe        1       3   1.0000E+00   0.0000E+00   3.0000E+00
3d7(2G)4s_a1Ge        1       3   1.0000E+00   0.0000E+00   3.0000E+00
3d7(2H)4s_b3He        1       3   1.0000E+00   0.0000E+00   3.0000E+00
3d7(2D)4s_a3De        1       3   1.0000E+00   0.0000E+00   3.0000E+00
3d7(2P)4s_a1Pe        1       3   1.0000E+00   0.0000E+00   3.0000E+00
3d7(2D)4s_a1De        1       3   1.0000E+00   0.0000E+00   3.0000E+00
3d7(2H)4s_a1He        1       3   1.0000E+00   0.0000E+00   3.0000E+00
3d6_4s2_a1Ie          1       3   1.0000E+00   0.0000E+00   3.0000E+00
3d6_4s2_b3De          1       3   1.0000E+00   1.0000E+00   2.0000E+00
3d6_4s2_b1G2e         1       3   1.0000E+00   0.0000E+00   3.0000E+00
3d6(5D)4s4p_z3Fo      1       3   1.4631E+01   1.0000E+00   2.0000E+00
3d6(5D)4s4p_z3Do      1       3   1.4607E+01   1.0000E+00   2.0000E+00
3d6(1S)4s2_1Se        1       3   1.0000E+00   0.0000E+00   3.0000E+00
3d8_c3Fe              1       3   1.0000E+00   1.0000E+00   2.0000E+00
3d6(5D)4s4p_z3Po      1       3   1.0000E+00   0.0000E+00   3.0000E+00
3d6_4s2_b1D2e         1       3   1.0000E+00   1.0000E+00   2.0000E+00
3d7(4F)4p_z3Go        1       3   1.0000E+00   0.0000E+00   3.0000E+00
3d5(6S)4s24p_y7Po     1       3   1.0000E+00   1.0000E+00   2.0000E+00
3d8_3Pe               1       3   1.0000E+00   1.0000E+00   2.0000E+00
3d6(1F)4s2_1Fe        1       3   1.0000E+00   1.0000E+00   2.0000E+00
3d8(1D)_1De           1       3   1.0000E+00   1.0000E+00   2.0000E+00
3d6(3P)4s4p_z3So      1       3   1.0000E+00   0.0000E+00   3.0000E+00
3d6(3P)4s4p_y3Po      1       3   1.0000E+00   0.0000E+00   3.0000E+00
3d8(1G)_1Ge           1       3   1.0000E+00   1.0000E+00   2.0000E+00
3d7(4P)4p_3Do         1       3   1.0000E+00   0.0000E+00   3.0000E+00
3d7(2G)4p_z1Go        1       3   1.0000E+00   0.0000E+00   3.0000E+00
3d7(4P)4p_y3So        1       3   1.0000E+00   0.0000E+00   3.0000E+00
3d7(4F)5s_e3Fe        1       3   1.0000E+00   0.0000E+00   3.0000E+00
v5Po                  1       3   1.0000E+00   1.0000E+00   2.0000E+00
3d7(4P)4p_x3Po        1       3   1.0000E+00   0.0000E+00   3.0000E+00
3d7(2G)4p_z1Ho        1       3   1.0000E+00   0.0000E+00   3.0000E+00
3d7(2P)4p_1So         1       3   1.0000E+00   0.0000E+00   3.0000E+00
3d7(2G)4p_w3Fo        1       3   1.0000E+00   0.0000E+00   3.0000E+00
3d6(3F)4s4p_1Fo       1       3   1.0000E+00   0.0000E+00   3.0000E+00
3d7(2G)4p_y3Ho        1       3   1.0000E+00   0.0000E+00   3.0000E+00
3d7(2G)4p_v3Go        1       3   1.0000E+00   0.0000E+00   3.0000E+00
3d7(2P)4p_w3Po        1       3   1.0000E+00   0.0000E+00   3.0000E+00
3d7(2G)4p_z1Fo        1       3   1.0000E+00   0.0000E+00   3.0000E+00
3d6(3F)4s4p_x1Go      1       3   1.0000E+00   0.0000E+00   3.0000E+00
3d6(5D)4s4d_7Fe       1       3   2.3329E+01   1.0000E+00   2.0000E+00
3d7(2D)4p_v3Fo        1       3   1.0000E+00   0.0000E+00   3.0000E+00
3d6(5D)4s5s_e3De      1       3   1.0000E+00   0.0000E+00   3.0000E+00
3d7(2H)4p_u3Go        1       3   1.0000E+00   0.0000E+00   3.0000E+00
3d6(5D)4s5p_u5Po      1       3   2.4041E+01   1.0000E+00   2.0000E+00
3d7(2P)4p_y1Do        1       3   1.0000E+00   0.0000E+00   3.0000E+00
3d7(2P)4p_u3Do        1       3   1.0000E+00   0.0000E+00   3.0000E+00
3d7(2P)4p_1Po         1       3   1.0000E+00   0.0000E+00   3.0000E+00
3d7(2D)4p_3Do         1       3   1.0000E+00   0.0000E+00   3.0000E+00
3d7(2H)4p_w3Ho        1       3   1.0000E+00   0.0000E+00   3.0000E+00
3d7(4F)5p_3Go         1       3   1.0000E+00   0.0000E+00   3.0000E+00
3d7(4F)5p_3Fo         1       3   1.0000E+00   0.0000E+00   3.0000E+00
3d7(2H)4p_z1Io        1       3   1.0000E+00   0.0000E+00   3.0000E+00
3d7(4F)4d_e3Ge        1       3   1.0000E+00   0.0000E+00   3.0000E+00
3d7(4F)4d_f3De        1       3   1.0000E+00   0.0000E+00   3.0000E+00
3d7(4F)5p_3Do         1       3   1.0000E+00   0.0000E+00   3.0000E+00
3d7(4F)4d_e3He        1       3   1.0000E+00   0.0000E+00   3.0000E+00
3d7(4F)4d_f3Fe        1       3   1.0000E+00   0.0000E+00   3.0000E+00
3d7(4F)4d_e3Pe        1       3   1.0000E+00   0.0000E+00   3.0000E+00
3d7(2D)4p_1Po         1       3   1.0000E+00   0.0000E+00   3.0000E+00
3d7(2H)4p_1Ho         1       3   1.0000E+00   0.0000E+00   3.0000E+00
3d6(3G)4s4p_1Fo       1       3   1.0000E+00   0.0000E+00   3.0000E+00
SEJ_6s_5Fe            1       3   1.0000E+00   1.0000E+00   2.0000E+00
SEJ_s6p_7Fo           1       3   1.0000E+00   1.0000E+00   2.0000E+00
3d7(4F)6s_3Fe         1       3   1.0000E+00   0.0000E+00   3.0000E+00
3d6(5D)4s6p_7Pbo      1       3   3.0755E+01   1.0000E+00   2.0000E+00
SEJ_s5d_7Ge           1       3   1.0000E+00   1.0000E+00   2.0000E+00
3d6(5D)4s5d_5Gbe      1       3   3.1561E+01   1.0000E+00   2.0000E+00
SEJ_s4f_7Go           1       3   1.0000E+00   1.0000E+00   2.0000E+00
SEJ_s4f_7Ho           1       3   1.0000E+00   1.0000E+00   2.0000E+00
3d6(5D)4s5d_7Gbe      1       3   3.2577E+01   1.0000E+00   2.0000E+00
3d6(5D)4s5d_7Dbe      1       3   3.2598E+01   1.0000E+00   2.0000E+00
3d6(5D)4s6p_5Fbo      1       3   3.2868E+01   1.0000E+00   2.0000E+00
3d6(5D)4s4f_5Gbo      1       3   3.3290E+01   1.0000E+00   2.0000E+00
3d6(5D)4s4f_7Gbo      1       3   3.3346E+01   1.0000E+00   2.0000E+00
3d6(5D)4s5d_7Pbe      1       3   3.3005E+01   1.0000E+00   2.0000E+00
3d6(5D)4s4f_7Dbo      1       3   3.3724E+01   1.0000E+00   2.0000E+00
3d6(5D)4s4f_5Hbo      1       3   3.3564E+01   1.0000E+00   2.0000E+00
3d6(5D)4s4f_7Hbo      1       3   3.3866E+01   1.0000E+00   2.0000E+00
3d6(5D)4s5p_3Do       1       3   1.0000E+00   0.0000E+00   3.0000E+00
3d7(4F)6p_3Go         1       3   1.0000E+00   0.0000E+00   3.0000E+00
3d6(5D)4p2_7Pe        1       3   1.0000E+00   1.0000E+00   2.0000E+00
3d6(5D)4s7s_7De       1       3   3.6010E+01   1.0000E+00   2.0000E+00
3d6(5D)4s5p_3Fo       1       3   1.0000E+00   0.0000E+00   3.0000E+00
3d6(5D)4p2_7Pbe       1       3   1.0000E+00   1.0000E+00   2.0000E+00
3d6(5D)4s5p_3Fbo      1       3   3.6230E+01   1.0000E+00   2.0000E+00
3d6(5D)4s4d_5De       1       3   3.5937E+01   1.0000E+00   2.0000E+00
3d7(4F)6p_3Do         1       3   1.0000E+00   0.0000E+00   3.0000E+00
3d7(4F)4f_3Go         1       3   1.0000E+00   0.0000E+00   3.0000E+00
3d7(4F)4f_3Io         1       3   1.0000E+00   0.0000E+00   3.0000E+00
3d7(4F)4f_3Ho         1       3   1.0000E+00   0.0000E+00   3.0000E+00
3d7(4F)4f_3Po         1       3   1.0000E+00   0.0000E+00   3.0000E+00
3d7(4F)4f_3Fo         1       3   1.0000E+00   0.0000E+00   3.0000E+00
3d7(4F)4f_3Do         1       3   1.0000E+00   0.0000E+00   3.0000E+00
3d6(5D)4s4d_3De       1       3   1.0000E+00   0.0000E+00   3.0000E+00
3d7(4F)5d_3Ge         1       3   1.0000E+00   0.0000E+00   3.0000E+00
3d7(4F)5d_3He         1       3   1.0000E+00   0.0000E+00   3.0000E+00
3d7(4F)5d_3De         1       3   1.0000E+00   0.0000E+00   3.0000E+00
3d6(5D)4s5p_3Po       1       3   1.0000E+00   0.0000E+00   3.0000E+00
3d6(5D)4s4d_3Dbe      1       3   3.7281E+01   1.0000E+00   2.0000E+00
3d6(5D)4s4d_3Ge       1       3   1.0000E+00   0.0000E+00   3.0000E+00
3d7(4F)6p_3Fo         1       3   1.0000E+00   0.0000E+00   3.0000E+00
3d6(5D)4s4d_3Se       1       3   1.0000E+00   0.0000E+00   3.0000E+00
SEJ_s6d_7Ge           1       3   1.0000E+00   1.0000E+00   2.0000E+00
3d6(5D)4s7s_5Dbe      1       3   3.8854E+01   1.0000E+00   2.0000E+00
3d7(4P)5s_3Pe         1       3   1.0000E+00   0.0000E+00   3.0000E+00
3d6(5D)4s4d_3Fe       1       3   1.0000E+00   0.0000E+00   3.0000E+00
3d6(5D)4s5f_7Pbo      1       3   3.9575E+01   1.0000E+00   2.0000E+00
3d6(5D)4s6d_5Sbe      1       3   4.0524E+01   1.0000E+00   2.0000E+00
3d7(4F)7s_3Fe         1       3   1.0000E+00   0.0000E+00   3.0000E+00
3d6(5D)4s5g_7Dbe      1       3   4.2479E+01   1.0000E+00   2.0000E+00
3d6(5D)4s5f_5Fbo      1       3   4.2564E+01   1.0000E+00   2.0000E+00
3d6(5D)4s6d_7Dbe      1       3   4.1766E+01   1.0000E+00   2.0000E+00
3d7(4F)5d_3Pe         1       3   1.0000E+00   0.0000E+00   3.0000E+00
3d6(5D)4p2_7Fbe       1       3   1.0000E+00   1.0000E+00   2.0000E+00
3d7(4F)5d_3Fe         1       3   1.0000E+00   0.0000E+00   3.0000E+00
3d6(5D)4s5g_7Hbe      1       3   4.3151E+01   1.0000E+00   2.0000E+00
3d6(5D)4s5g_5Hbe      1       3   4.2802E+01   1.0000E+00   2.0000E+00
3d6(5D)4s5g_7Fbe      1       3   4.3228E+01   1.0000E+00   2.0000E+00
3d6(5D)4s5g_5Fbe      1       3   4.2442E+01   1.0000E+00   2.0000E+00
3d6(5D)4s6d_7Gbe      1       3   4.2720E+01   1.0000E+00   2.0000E+00
3d6(5D)4s6d_5Gbe      1       3   4.2815E+01   1.0000E+00   2.0000E+00
3d6(5D)4s5f_7Gbo      1       3   4.3469E+01   1.0000E+00   2.0000E+00
3d6(5D)4s5g_5Gbe      1       3   4.3523E+01   1.0000E+00   2.0000E+00
3d6(5D)4s5f_5Gbo      1       3   4.4109E+01   1.0000E+00   2.0000E+00
3d6(5D)4s5f_7Fbo      1       3   4.4118E+01   1.0000E+00   2.0000E+00
3d6(5D)4s5f_7Dbo      1       3   4.4154E+01   1.0000E+00   2.0000E+00
3d6(5D)4s5f_5Hbo      1       3   4.4176E+01   1.0000E+00   2.0000E+00
3d6(5D)4s5g_7Ibe      1       3   4.4217E+01   1.0000E+00   2.0000E+00
3d6(5D)4s5g_5Ibe      1       3   4.4217E+01   1.0000E+00   2.0000E+00
3d6(5D)4s4d_3Pe       1       3   1.0000E+00   0.0000E+00   3.0000E+00
3d6(5D)4s5f_7Hbo      1       3   4.4897E+01   1.0000E+00   2.0000E+00
3d6(5D)4s7p_5Fbo      1       3   4.4991E+01   1.0000E+00   2.0000E+00
3d6(3F)4s4p_3Do       1       3   1.0000E+00   0.0000E+00   3.0000E+00
3d6(5D)4s7d_7Dbe      1       3   4.9580E+01   1.0000E+00   2.0000E+00
3d6(5D)4s7d_5Sbe      1       3   4.8657E+01   1.0000E+00   2.0000E+00
3d6(5D)4s7d_5Fbe      1       3   4.8858E+01   1.0000E+00   2.0000E+00
3d7(4F)5f_3Fo         1       3   1.0000E+00   0.0000E+00   3.0000E+00
3d7(4F)5f_3Ho         1       3   1.0000E+00   0.0000E+00   3.0000E+00
3d7(4F)5f_3Go         1       3   1.0000E+00   0.0000E+00   3.0000E+00
3d7(4F)5f_3Do         1       3   1.0000E+00   0.0000E+00   3.0000E+00
3d7(4F)5f_3Io         1       3   1.0000E+00   0.0000E+00   3.0000E+00
3d7(4F)5f_3Po         1       3   1.0000E+00   0.0000E+00   3.0000E+00
3d7(4F)7p_3Go         1       3   1.0000E+00   0.0000E+00   3.0000E+00
3d7(4F)6d_3Ge         1       3   1.0000E+00   0.0000E+00   3.0000E+00
3d7(4F)6d_3He         1       3   1.0000E+00   0.0000E+00   3.0000E+00
3d6(5D)4s7d_5Gbe      1       3   5.1808E+01   1.0000E+00   2.0000E+00
3d7(4F)5g_3He         1       3   1.0000E+00   0.0000E+00   3.0000E+00
3d7(4F)5g_3Ge         1       3   1.0000E+00   0.0000E+00   3.0000E+00
3d7(4F)5g_3Ie         1       3   1.0000E+00   0.0000E+00   3.0000E+00
3d7(4F)5g_3Fe         1       3   1.0000E+00   0.0000E+00   3.0000E+00
3d7(4F)5g_3De         1       3   1.0000E+00   0.0000E+00   3.0000E+00
3d7(4F)5g_3Pe         1       3   1.0000E+00   0.0000E+00   3.0000E+00
3d7(4F)6d_3De         1       3   1.0000E+00   0.0000E+00   3.0000E+00
3d7(4F)7p_3Do         1       3   1.0000E+00   0.0000E+00   3.0000E+00
3d7(2G)5s_3Ge         1       3   1.0000E+00   0.0000E+00   3.0000E+00
3d7(4F)8s_3Fe         1       3   1.0000E+00   0.0000E+00   3.0000E+00
3d6(5D)4s7d_7Fbe      1       3   5.2901E+01   1.0000E+00   2.0000E+00
3d6(5D)4s8p_5Fbo      1       3   5.5428E+01   1.0000E+00   2.0000E+00
3d6(5D)4s8p_7Fbo      1       3   5.3973E+01   1.0000E+00   2.0000E+00
3d6(5D)4s7d_7Gbe      1       3   5.4283E+01   1.0000E+00   2.0000E+00
3d7(4F)7p_3Fo         1       3   1.0000E+00   0.0000E+00   3.0000E+00
3d6(5D)4s8d_5Dbe      1       3   5.7791E+01   1.0000E+00   2.0000E+00
3d6(5D)4s9s_7Dbe      1       3   5.9299E+01   1.0000E+00   2.0000E+00
3d7(2G)5s_1Ge         1       3   1.0000E+00   0.0000E+00   3.0000E+00
3d6(5D)4s8d_7Gbe      1       3   6.3773E+01   1.0000E+00   2.0000E+00
3d6(5D)4s9p_5Fbo      1       3   6.5864E+01   1.0000E+00   2.0000E+00
3d7(4F)8p_3Go         1       3   1.0000E+00   0.0000E+00   3.0000E+00
3d6(5D)4s6s_3De       1       3   1.0000E+00   0.0000E+00   3.0000E+00
3d7(4F)6d_3Fe         1       3   1.0000E+00   0.0000E+00   3.0000E+00
3d6(5D)4s8d_5Gbe      1       3   6.5780E+01   1.0000E+00   2.0000E+00
3d6(5D)4s8d_7Dbe      1       3   6.5788E+01   1.0000E+00   2.0000E+00
3d6(5D)4s8d_7Fbe      1       3   6.5813E+01   1.0000E+00   2.0000E+00
3d8(1S)_1Se           1       3   1.0000E+00   1.0000E+00   2.0000E+00
3d6(5D)4s9p_7Fbo      1       3   6.6598E+01   1.0000E+00   2.0000E+00
3d6(5D)4s9p_7Fco      1       3   6.7477E+01   1.0000E+00   2.0000E+00
3d7(4F)9s_3Fe         1       3   1.0000E+00   0.0000E+00   3.0000E+00
3d7(4F)6f_3Go         1       3   1.0000E+00   0.0000E+00   3.0000E+00
3d7(4F)6f_3Fo         1       3   1.0000E+00   0.0000E+00   3.0000E+00
3d6(5D)4s6s_5Dbe      1       3   8.0570E+01   1.0000E+00   2.0000E+00
3d7(4F)6f_3Do         1       3   1.0000E+00   0.0000E+00   3.0000E+00
3d7(4F)6f_3Po         1       3   1.0000E+00   0.0000E+00   3.0000E+00
3d7(4F)6f_3Io         1       3   1.0000E+00   0.0000E+00   3.0000E+00
3d6(5D)4s8d_5Pbe      1       3   7.0630E+01   1.0000E+00   2.0000E+00
3d7(4F)8p_3Fo         1       3   1.0000E+00   0.0000E+00   3.0000E+00
3d7(4F)6d_3Pe         1       3   1.0000E+00   0.0000E+00   3.0000E+00
3d7(4F)7d_3Ge         1       3   1.0000E+00   0.0000E+00   3.0000E+00
3d7(4F)7d_3He         1       3   1.0000E+00   0.0000E+00   3.0000E+00
3d7(4F)7d_3Pe         1       3   1.0000E+00   0.0000E+00   3.0000E+00
3d7(4F)7d_3De         1       3   1.0000E+00   0.0000E+00   3.0000E+00
3d6(5D)4s9p_5Dbo      1       3   7.8680E+01   1.0000E+00   2.0000E+00
3d7(4F)6f_3Ho         1       3   1.0000E+00   0.0000E+00   3.0000E+00
3d7(4F)7d_3Fe         1       3   1.0000E+00   0.0000E+00   3.0000E+00
3d7(4F)9p_3Go         1       3   1.0000E+00   0.0000E+00   3.0000E+00
3d7(4F)9p_3Fo         1       3   1.0000E+00   0.0000E+00   3.0000E+00
3d7(4F)9p_3Do         1       3   1.0000E+00   0.0000E+00   3.0000E+00
3d7(4F)8d_3Ge         1       3   1.0000E+00   0.0000E+00   3.0000E+00
3d7(4F)8d_3He         1       3   1.0000E+00   0.0000E+00   3.0000E+00
3d7(4F)8d_3De         1       3   1.0000E+00   0.0000E+00   3.0000E+00
3d7(4F)8d_3Pe         1       3   1.0000E+00   0.0000E+00   3.0000E+00
3d6(5D)4p2_5Fe        1       3   1.0000E+00   1.0000E+00   2.0000E+00
3d6(5D)4p2_5Pe        1       3   1.0000E+00   1.0000E+00   2.0000E+00
3d7(4F)4p_y3Fo        7       4   1.5467E+01   1.0000E+00   2.0000E+00   5.9900E-02
3d7(2F)4s_d3Fe        7       4   1.0858E+01   1.0000E+00   2.0000E+00   9.4390E-01
3d7(4F)4p_y3Do        7       4   1.5878E+01   1.0000E+00   2.0000E+00   5.9900E-02
3d7(2F)4s_1Fe         7       4   1.1005E+01   1.0000E+00   2.0000E+00   9.4390E-01
3d6(3F)4s4p_5Do       7       4   1.2158E+01   1.0000E+00   2.0000E+00   8.0980E-01
3d6(3F)4s4p_5Fo       7       4   1.2165E+01   1.0000E+00   2.0000E+00   8.0980E-01
3d6(3P)4s4p_3Do       7       4   1.3196E+01   1.0000E+00   2.0000E+00   6.2930E-01
3d6(3H)4s4p_y3Go      7       4   1.2469E+01   1.0000E+00   2.0000E+00   7.7410E-01
3d6(3F)4s4p_x5Go      7       4   1.2354E+01   1.0000E+00   2.0000E+00   8.0980E-01
3d6(3H)4s4p_z3Io      7       4   1.2559E+01   1.0000E+00   2.0000E+00   7.7410E-01
3d6(3F)4s4p_3Fo       7       4   1.2530E+01   1.0000E+00   2.0000E+00   8.0980E-01
3d6(3H)4s4p_z3Ho      7       4   1.2704E+01   1.0000E+00   2.0000E+00   7.7410E-01
3d6(3G)4s4p_w5Go      7       4   1.2172E+01   1.0000E+00   2.0000E+00   9.0300E-01
3d6(3P)4s4p_1Do       7       4   1.3564E+01   1.0000E+00   2.0000E+00   6.2930E-01
3d6(3G)4s4p_v5Fo      7       4   1.2228E+01   1.0000E+00   2.0000E+00   9.0300E-01
3d6(3G)4s4p_5Ho       7       4   1.2245E+01   1.0000E+00   2.0000E+00   9.0300E-01
3d6(3F)4s4p_x3Go      7       4   1.2646E+01   1.0000E+00   2.0000E+00   8.0980E-01
3d6(3H)4s4p_1Io       7       4   1.2868E+01   1.0000E+00   2.0000E+00   7.7410E-01
3d6(3P)4s2_3Pe        7       4   1.3856E+01   1.0000E+00   2.0000E+00   6.2930E-01
3d6(3H)4s4p_y1Go      7       4   1.2962E+01   1.0000E+00   2.0000E+00   7.7410E-01
3d7(4F)5s_3Fe         7       4   2.0135E+01   1.0000E+00   2.0000E+00   5.9900E-02
3d6(3F)4s2_3Fe        7       4   1.2814E+01   1.0000E+00   2.0000E+00   8.0980E-01
3d6(3F)4s4p_v3Do      7       4   1.2854E+01   1.0000E+00   2.0000E+00   8.0980E-01
3d6(3P)4s4p_1Po       7       4   1.4217E+01   1.0000E+00   2.0000E+00   6.2930E-01
3d6(3G)4s4p_x3Ho      7       4   1.2677E+01   1.0000E+00   2.0000E+00   9.0300E-01
3d6(3H)4s4p_1Ho       7       4   1.3453E+01   1.0000E+00   2.0000E+00   7.7410E-01
3d6(3F)4s4p_x1Do      7       4   1.3269E+01   1.0000E+00   2.0000E+00   8.0980E-01
3d7(2D)4s_3De         7       4   1.4690E+01   1.0000E+00   2.0000E+00   6.1170E-01
3d7(2H)4p_y3Io        7       4   1.5340E+01   1.0000E+00   2.0000E+00   5.4290E-01
3d7(2D)4p_3Po         7       4   1.4865E+01   1.0000E+00   2.0000E+00   6.1170E-01
3d7(4F)4d_h5De        7       4   2.3744E+01   1.0000E+00   2.0000E+00   5.9900E-02
3d6(3D)4s4p_5Fo       7       4   1.2933E+01   1.0000E+00   2.0000E+00   9.2890E-01
3d7(2D)4p_1Fo         7       4   1.5007E+01   1.0000E+00   2.0000E+00   6.1170E-01
3d6(3G)4s4p_y1Ho      7       4   1.3078E+01   1.0000E+00   2.0000E+00   9.0300E-01
3d6(3G)4s4p_x3Fo      7       4   1.3084E+01   1.0000E+00   2.0000E+00   9.0300E-01
3d6(3D)4s4p_5Do       7       4   1.2995E+01   1.0000E+00   2.0000E+00   9.2890E-01
3d6(3D)4s4p_b5Do      7       4   1.2961E+01   1.0000E+00   2.0000E+00   9.2890E-01
3d7(4F)5p_5Fo         7       4   2.4121E+01   1.0000E+00   2.0000E+00   5.9900E-02
3d6(3G)4s4p_t3Go      7       4   1.3161E+01   1.0000E+00   2.0000E+00   9.0300E-01
3d7(4F)5p_b3Go        7       4   2.4358E+01   1.0000E+00   2.0000E+00   5.9900E-02
3d6(1I)4s4p_3Ko       7       4   1.2804E+01   1.0000E+00   2.0000E+00   9.7390E-01
3d6(3G)4s4p_w1Go      7       4   1.3259E+01   1.0000E+00   2.0000E+00   9.0300E-01
3d7(2D)4s_1De         7       4   1.5330E+01   1.0000E+00   2.0000E+00   6.1170E-01
3d7(2P)4p_1Sbo        7       4   1.5465E+01   1.0000E+00   2.0000E+00   6.0330E-01
3d6(1G)4s4p_3Go       7       4   1.2923E+01   1.0000E+00   2.0000E+00   9.9070E-01
3d6(1G)4s4p_3Ho       7       4   1.2893E+01   1.0000E+00   2.0000E+00   9.9070E-01
3d7(2D)4p_w1Do        7       4   1.5550E+01   1.0000E+00   2.0000E+00   6.1170E-01
3d6(1G)4s2_1Ge        7       4   1.2986E+01   1.0000E+00   2.0000E+00   9.9070E-01
3d6(1I)4s4p_u3Ho      7       4   1.3125E+01   1.0000E+00   2.0000E+00   9.7390E-01
3d6(1G)4s4p_u3Fo      7       4   1.3089E+01   1.0000E+00   2.0000E+00   9.9070E-01
3d6(3D)4s4p_3Po       7       4   1.3442E+01   1.0000E+00   2.0000E+00   9.2890E-01
3d7(2H)4p_v1Go        7       4   1.6605E+01   1.0000E+00   2.0000E+00   5.4290E-01
3d6(1I)4s4p_x3Io      7       4   1.3240E+01   1.0000E+00   2.0000E+00   9.7390E-01
3d6(3D)4s4p_3Do       7       4   1.3532E+01   1.0000E+00   2.0000E+00   9.2890E-01
3d7(4F)6s_5Fbe        7       4   2.8565E+01   1.0000E+00   2.0000E+00   5.9900E-02
3d6(1S)4s4p_3Po       7       4   1.2663E+01   1.0000E+00   2.0000E+00   1.1029E+00
3d6(3D)4s4p_t3Fo      7       4   1.3602E+01   1.0000E+00   2.0000E+00   9.2890E-01
3d7(4F)6s_3Fbe        7       4   2.8977E+01   1.0000E+00   2.0000E+00   5.9900E-02
3d7(4F)6p_5Dbo        7       4   3.0982E+01   1.0000E+00   2.0000E+00   5.9900E-02
3d7(4F)6p_5Fbo        7       4   3.2245E+01   1.0000E+00   2.0000E+00   5.9900E-02
3d6(3H)4s4p_3Io       7       4   1.5002E+01   1.0000E+00   2.0000E+00   7.7410E-01
3d7(4F)4f_3Fbo        7       4   3.2342E+01   1.0000E+00   2.0000E+00   5.9900E-02
3d7(4F)4f_3Dbo        7       4   3.1964E+01   1.0000E+00   2.0000E+00   5.9900E-02
3d7(4F)6p_3Fbo        7       4   3.2184E+01   1.0000E+00   2.0000E+00   5.9900E-02
3d7(4F)6p_3Gbo        7       4   3.2948E+01   1.0000E+00   2.0000E+00   5.9900E-02
3d7(4F)5d_5Gbe        7       4   3.3059E+01   1.0000E+00   2.0000E+00   5.9900E-02
3d6(3P)4s4p_3So       7       4   1.6451E+01   1.0000E+00   2.0000E+00   6.2930E-01
3d7(4F)5d_5Fbe        7       4   3.2991E+01   1.0000E+00   2.0000E+00   5.9900E-02
3d7(4F)4f_5Fbo        7       4   3.3014E+01   1.0000E+00   2.0000E+00   5.9900E-02
3d7(4F)4f_5Ibo        7       4   3.3037E+01   1.0000E+00   2.0000E+00   5.9900E-02
3d7(4F)6p_3Dbo        7       4   3.4325E+01   1.0000E+00   2.0000E+00   5.9900E-02
3d6(3D)4s4p_1Do       7       4   1.3995E+01   1.0000E+00   2.0000E+00   9.2890E-01
3d7(4F)5d_5Hbe        7       4   3.3705E+01   1.0000E+00   2.0000E+00   5.9900E-02
3d6(3D)4s4p_1Fo       7       4   1.4003E+01   1.0000E+00   2.0000E+00   9.2890E-01
3d7(4F)4f_5Hbo        7       4   3.3795E+01   1.0000E+00   2.0000E+00   5.9900E-02
3d7(4F)4f_5Gbo        7       4   3.3813E+01   1.0000E+00   2.0000E+00   5.9900E-02
3d7(4F)4f_3Ibo        7       4   3.3832E+01   1.0000E+00   2.0000E+00   5.9900E-02
3d7(4F)4f_3Pbo        7       4   3.3840E+01   1.0000E+00   2.0000E+00   5.9900E-02
3d7(4F)4f_5Pbo        7       4   3.3844E+01   1.0000E+00   2.0000E+00   5.9900E-02
3d6(3F)4s4p_r3Go      7       4   1.4971E+01   1.0000E+00   2.0000E+00   8.0980E-01
3d6(3F)4s4p_3Fco      7       4   1.4952E+01   1.0000E+00   2.0000E+00   8.0980E-01
3d6(3D)4s4p_1Po       7       4   1.4065E+01   1.0000E+00   2.0000E+00   9.2890E-01
3d6(3H)4s4p_t3Ho      7       4   1.5379E+01   1.0000E+00   2.0000E+00   7.7410E-01
3d7(4F)7s_5Fbe        7       4   3.5944E+01   1.0000E+00   2.0000E+00   5.9900E-02
3d6(3F)4s4p_3Fbo      7       4   1.5134E+01   1.0000E+00   2.0000E+00   8.0980E-01
3d6(1D)4s4p_3Fo       7       4   1.2986E+01   1.0000E+00   2.0000E+00   1.1316E+00
3d6(3P)4s4p_3Po       7       4   1.7009E+01   1.0000E+00   2.0000E+00   6.2930E-01
3d7(4F)5f_3Fbo        7       4   3.9373E+01   1.0000E+00   2.0000E+00   5.9900E-02
3d7(4F)5g_3Ke         7       4   4.1121E+01   1.0000E+00   2.0000E+00   5.9900E-02
3d7(4F)5g_5Ke         7       4   4.1532E+01   1.0000E+00   2.0000E+00   5.9900E-02
3d6(1D)4s4p_3Po       7       4   1.3136E+01   1.0000E+00   2.0000E+00   1.1316E+00
3d7(4F)5f_5Fbo        7       4   4.1630E+01   1.0000E+00   2.0000E+00   5.9900E-02
3d7(4F)5f_3Dbo        7       4   4.0343E+01   1.0000E+00   2.0000E+00   5.9900E-02
3d7(4F)5f_5Pbo        7       4   4.1877E+01   1.0000E+00   2.0000E+00   5.9900E-02
3d7(4F)7p_5Gbo        7       4   4.1788E+01   1.0000E+00   2.0000E+00   5.9900E-02
3d7(4F)5g_5Gbe        7       4   4.1736E+01   1.0000E+00   2.0000E+00   5.9900E-02
3d7(4F)5g_3Hbe        7       4   4.1156E+01   1.0000E+00   2.0000E+00   5.9900E-02
3d6(1D)4s4p_3Pbo      7       4   1.3134E+01   1.0000E+00   2.0000E+00   1.1316E+00
3d7(4F)6d_5Gbe        7       4   4.2690E+01   1.0000E+00   2.0000E+00   5.9900E-02
3d6(1D)4s4p_3Do       7       4   1.3215E+01   1.0000E+00   2.0000E+00   1.1316E+00
3d7(4F)5g_5Fbe        7       4   4.3379E+01   1.0000E+00   2.0000E+00   5.9900E-02
3d7(4F)6d_5Pbe        7       4   4.3602E+01   1.0000E+00   2.0000E+00   5.9900E-02
3d7(4F)7p_5Fbo        7       4   4.3618E+01   1.0000E+00   2.0000E+00   5.9900E-02
3d7(4F)6d_5Dbe        7       4   4.4262E+01   1.0000E+00   2.0000E+00   5.9900E-02
3d7(4F)5f_3Hbo        7       4   4.4265E+01   1.0000E+00   2.0000E+00   5.9900E-02
3d7(4F)5f_5Hbo        7       4   4.4269E+01   1.0000E+00   2.0000E+00   5.9900E-02
3d7(4F)5f_5Gbo        7       4   4.4278E+01   1.0000E+00   2.0000E+00   5.9900E-02
3d7(4F)5f_3Gbo        7       4   4.4291E+01   1.0000E+00   2.0000E+00   5.9900E-02
3d7(4F)5f_3Ibo        7       4   4.4298E+01   1.0000E+00   2.0000E+00   5.9900E-02
3d7(4F)5f_3Pbo        7       4   4.4327E+01   1.0000E+00   2.0000E+00   5.9900E-02
3d7(4F)9s_5Fe         7       4   4.8606E+01   1.0000E+00   2.0000E+00   5.9900E-02
3d7(4F)6d_5Hbe        7       4   4.4548E+01   1.0000E+00   2.0000E+00   5.9900E-02
3d7(4F)6f_5Go         7       4   4.6409E+01   1.0000E+00   2.0000E+00   5.9900E-02
3d7(4F)6f_5Ho         7       4   4.7581E+01   1.0000E+00   2.0000E+00   5.9900E-02
3d7(4F)6f_5Do         7       4   4.5622E+01   1.0000E+00   2.0000E+00   5.9900E-02
3d7(4F)6f_5Io         7       4   4.9146E+01   1.0000E+00   2.0000E+00   5.9900E-02
3d7(4F)6f_5Po         7       4   4.7431E+01   1.0000E+00   2.0000E+00   5.9900E-02
3d7(4F)6d_3Hbe        7       4   4.4769E+01   1.0000E+00   2.0000E+00   5.9900E-02
3d7(4F)8p_5Go         7       4   4.9283E+01   1.0000E+00   2.0000E+00   5.9900E-02
3d7(4F)5g_3Ibe        7       4   4.5115E+01   1.0000E+00   2.0000E+00   5.9900E-02
3d7(4F)5g_5Ibe        7       4   4.5115E+01   1.0000E+00   2.0000E+00   5.9900E-02
3d7(4F)5g_5Hbe        7       4   4.5120E+01   1.0000E+00   2.0000E+00   5.9900E-02
3d7(4F)5g_5Kbe        7       4   4.5127E+01   1.0000E+00   2.0000E+00   5.9900E-02
3d7(4F)5g_5Dbe        7       4   4.5132E+01   1.0000E+00   2.0000E+00   5.9900E-02
3d7(4F)7d_5Fe         7       4   4.8361E+01   1.0000E+00   2.0000E+00   5.9900E-02
3d7(4F)7d_5De         7       4   4.9617E+01   1.0000E+00   2.0000E+00   5.9900E-02
3d7(4F)7d_5Ge         7       4   5.0322E+01   1.0000E+00   2.0000E+00   5.9900E-02
3d7(4F)7d_5He         7       4   5.0803E+01   1.0000E+00   2.0000E+00   5.9900E-02
3d7(4F)8p_3Do         7       4   4.9121E+01   1.0000E+00   2.0000E+00   5.9900E-02
3d7(4F)8p_3Gbo        7       4   4.9113E+01   1.0000E+00   2.0000E+00   5.9900E-02
3d7(4F)7p_3Fbo        7       4   4.7965E+01   1.0000E+00   2.0000E+00   5.9900E-02
3d7(4F)6f_3Fbo        7       4   5.0314E+01   1.0000E+00   2.0000E+00   5.9900E-02
3d7(4F)6f_5Dbo        7       4   4.9904E+01   1.0000E+00   2.0000E+00   5.9900E-02
3d7(4F)6f_5Fo         7       4   5.0401E+01   1.0000E+00   2.0000E+00   5.9900E-02
3d7(4F)7d_3Gbe        7       4   5.3106E+01   1.0000E+00   2.0000E+00   5.9900E-02
3d6(3G)4s4p_3Ho       7       4   1.5009E+01   1.0000E+00   2.0000E+00   9.0300E-01
3d7(4F)9p_5Do         7       4   5.4002E+01   1.0000E+00   2.0000E+00   5.9900E-02
3d7(4F)9p_5Fo         7       4   5.3941E+01   1.0000E+00   2.0000E+00   5.9900E-02
3d7(4F)9p_5Go         7       4   5.4199E+01   1.0000E+00   2.0000E+00   5.9900E-02
3d7(4P)5p_5So         7       4   2.2361E+01   1.0000E+00   2.0000E+00   3.9540E-01
3d7(4F)8d_5Fe         7       4   5.2224E+01   1.0000E+00   2.0000E+00   5.9900E-02
3d7(4F)8d_5Pe         7       4   5.2306E+01   1.0000E+00   2.0000E+00   5.9900E-02
3d7(2F)4p_1Do         7       4   1.4650E+01   1.0000E+00   2.0000E+00   9.4390E-01
3d7(4F)8d_5De         7       4   5.2559E+01   1.0000E+00   2.0000E+00   5.9900E-02
3d7(4F)8d_5Ge         7       4   5.2730E+01   1.0000E+00   2.0000E+00   5.9900E-02
3d7(4F)8d_5He         7       4   5.2795E+01   1.0000E+00   2.0000E+00   5.9900E-02
3d7(4F)6f_5Ibo        7       4   5.3071E+01   1.0000E+00   2.0000E+00   5.9900E-02
3d7(4F)7d_3Fbe        7       4   5.5595E+01   1.0000E+00   2.0000E+00   5.9900E-02
3d7(4F)6f_3Hbo        7       4   5.6410E+01   1.0000E+00   2.0000E+00   5.9900E-02
3d7(4F)6f_5Hbo        7       4   5.6521E+01   1.0000E+00   2.0000E+00   5.9900E-02
3d7(4F)6f_5Gbo        7       4   5.6536E+01   1.0000E+00   2.0000E+00   5.9900E-02
3d7(4F)6f_3Gbo        7       4   5.6543E+01   1.0000E+00   2.0000E+00   5.9900E-02
3d7(4F)6f_5Pbo        7       4   5.6574E+01   1.0000E+00   2.0000E+00   5.9900E-02
3d7(4F)6f_3Pbo        7       4   5.6579E+01   1.0000E+00   2.0000E+00   5.9900E-02
3d7(4F)6f_3Ibo        7       4   5.6598E+01   1.0000E+00   2.0000E+00   5.9900E-02
3d7(4P)5p_3Do         7       4   2.2729E+01   1.0000E+00   2.0000E+00   3.9540E-01
3d7(4F)7d_5Dbe        7       4   5.6933E+01   1.0000E+00   2.0000E+00   5.9900E-02
3d7(4F)7d_5Gbe        7       4   5.7064E+01   1.0000E+00   2.0000E+00   5.9900E-02
3d7(2F)4p_3Do         7       4   1.4758E+01   1.0000E+00   2.0000E+00   9.4390E-01
3d6_4s2_a5De         20    2912   8.2780E-01   7.7710E-01   7.2910E-01   6.8310E-01   6.3860E-01
3d7(4F)4s_a5Fe       20    2532   4.5800E+00   4.5800E+00   4.5070E+00   4.4410E+00   4.3770E+00
3d7(4P)4s_a5Pe       20    2604   3.9130E+00   3.9130E+00   3.8620E+00   3.8110E+00   3.7590E+00
3d6(5D)4s4p_z7Do     20    2270   2.2360E+01   2.2210E+01   2.2080E+01   2.1950E+01   2.1820E+01
3d6(5D)4s4p_z7Fo     20    2289   1.9140E+01   1.9140E+01   1.9110E+01   1.9070E+01   1.9040E+01
3d6(5D)4s4p_z7Po     20    2226   2.3460E+01   2.3410E+01   2.3350E+01   2.3300E+01   2.3240E+01
3d6(5D)4s4p_z5Do     20    4307   1.5370E+02   1.4670E+02   1.5860E+02   9.9440E+01   1.1030E+02
3d6(5D)4s4p_z5Fo     20    4031   5.8790E+01   6.0230E+01   6.2170E+01   6.4740E+01   6.6970E+01
3d6(5D)4s4p_z5Po     20    3328   7.0700E+01   7.2300E+01   7.3580E+01   7.4590E+01   7.5380E+01
3d7(4F)4p_y5Do       20    3793   1.6400E+00   1.0340E+00   8.0420E-01   2.6830E+00   1.1960E+00
3d7(4F)4p_y5Fo       20    3740   2.0030E+01   1.5870E+01   1.9440E+01   2.8710E+00   4.5490E+00
3d7(4F)4p_z5Go       20    3185   1.0450E+01   1.0450E+01   8.2480E+00   5.0890E+00   1.2020E+01
3d6(5D)4s4p_y5Po     20    3118   3.6280E+01   3.4210E+01   3.2180E+01   3.0210E+01   2.8310E+01
3d6(5D)4s4p_x5Do     20    3820   3.5070E+01   3.1530E+01   2.7920E+01   2.8320E+01   2.5240E+01
3d6(5D)4s4p_x5Fo     20    3573   5.0280E+01   5.0280E+01   4.7870E+01   4.5320E+01   4.3000E+01
3d6(3P)4s4p_z5So     20    2475   1.2450E+00   1.1920E+00   1.1250E+00   1.0520E+00   9.7650E-01
3d6(3P)4s4p_x5Po     20    2716   1.3640E+00   1.3410E+00   1.3240E+00   1.3080E+00   1.2940E+00
3d6(3H)4s4p_y5Go     20    3447   1.2870E-01   1.2010E-01   2.0610E-01   7.5610E-02   5.1290E-02
3d6(5D)4s5s_e7De     20    2349   1.5240E+00   1.5240E+00   1.5160E+00   1.5080E+00   1.5010E+00
3d6(3H)4s4p_5Io      20    3329   2.9250E-06   4.0580E-06   5.0470E-06   5.9700E-06   6.8760E-06
3d6(3H)4s4p_5Ho      20    3471   1.2810E-03   1.2810E-03   1.1100E-03   1.0050E-03   9.3090E-04
3d6(3P)4s4p_w5Do     20    3842   5.7090E+00   5.7090E+00   4.9640E+00   5.0280E+00   2.8990E+00
3d7(4P)4p_y5So       20    2399   5.4490E-01   5.4490E-01   5.6700E-01   5.9110E-01   6.1580E-01
3d6(5D)4s5s_e5De     20    3920   1.1540E+00   1.1160E+00   1.0810E+00   1.0480E+00   1.0160E+00
3d7(4P)4p_w5Po       20    3088   2.3150E+00   2.3150E+00   2.0640E+00   1.8340E+00   1.6240E+00
3d7(4P)4p_5Do        20    3755   1.9100E+00   1.8050E+00   1.7370E+00   1.6410E+00   1.5520E+00
3d7(4F)5s_e5Fe       20    3461   3.3560E+00   3.3560E+00   3.2890E+00   3.2260E+00   3.1670E+00
3d6(5D)4s5p_7Do      20    2409   2.6910E+01   2.6910E+01   2.6810E+01   2.6710E+01   2.6620E+01
3d6(5D)4s5p_7Fo      20    2438   2.6100E+01   2.6100E+01   2.6000E+01   2.5900E+01   2.5800E+01
3d6(5D)4s5p_7Po      20    2358   2.6100E+01   2.6100E+01   2.5990E+01   2.5880E+01   2.5780E+01
3d6(5D)4s4d_e7Fe     20    2211   2.2180E+01   2.2180E+01   2.2060E+01   2.1940E+01   2.1820E+01
3d6(5D)4s4d_f7De     20    2349   2.1340E+01   2.1220E+01   2.1100E+01   2.0980E+01   2.0870E+01
3d6(5D)4s4d_f5De     20    3223   2.5870E+01   2.5730E+01   2.5600E+01   2.5460E+01   2.5340E+01
3d6(5D)4s4d_7Pe      20    2319   2.1070E+01   2.0940E+01   2.0830E+01   2.0710E+01   2.0600E+01
3d6(5D)4s4d_e5Ge     20    1912   2.4800E+01   2.4800E+01   2.4680E+01   2.4550E+01   2.4430E+01
3d6(5D)4s4d_e7Ge     20    2107   2.0610E+01   2.0490E+01   2.0370E+01   2.0260E+01   2.0150E+01
3d6(5D)4s5p_u5Fo     20    3977   2.9580E+01   2.9580E+01   3.0870E+01   3.3910E+01   2.9070E+01
3d6(5D)4s5p_t5Do     20    4053   3.2730E+01   3.2730E+01   3.4240E+01   4.0880E+01   2.4440E+01
3d6(5D)4s4d_f5Fe     20    3638   1.3800E+01   1.3800E+01   1.3670E+01   1.3560E+01   1.3430E+01
3d6(5D)4s4d_e5Se     20    2815   2.2520E+01   2.2520E+01   2.2390E+01   2.2260E+01   2.2140E+01
3d6(5D)4s5s_g5De     20    3619   2.3580E+00   2.3580E+00   2.4260E+00   2.4960E+00   2.5670E+00
3d6(5D)4s4d_e7Se     20    2237   1.9830E+01   1.9830E+01   1.9710E+01   1.9600E+01   1.9480E+01
3d6(5D)4s4d_e5Pe     20    3226   9.3640E+00   9.3640E+00   9.2370E+00   9.1110E+00   8.9840E+00
3d7(4F)5p_b5Fo       20    3936   3.2390E+00   3.0440E+00   3.5320E+00   7.7920E+00   4.4390E+00
3d7(4F)4d_g5Fe       20    4344   4.5890E-03   6.4380E-03   1.0160E-02   1.5550E-02   2.2640E-02
3d7(4F)5p_5Go        20    3337   3.0990E-01   1.4680E-01   1.0840E+00   3.6330E+00   9.0660E-01
3d7(4F)4d_f5Pe       20    4518   5.3390E-02   7.0480E-02   8.9070E-02   1.0920E-01   1.3110E-01
3d7(4F)4d_f5Ge       20    3572   2.4630E-02   2.3470E-02   2.3750E-02   2.5300E-02   2.8120E-02
3d7(4F)4d_e5He       20    3650   1.5760E-05   3.3160E-04   1.3730E-03   3.1460E-03   5.8800E-03
3d7(4F)5p_5Do        20    4249   1.9290E+01   1.5860E+01   1.1080E+01   2.1560E+01   1.5850E+01
3d6(5D)4s6s_g7De     20    2416   3.8440E+00   3.8440E+00   3.8130E+00   3.7820E+00   3.7520E+00
3d6(3D)4s4p_5Po      20    3119   4.6110E+01   4.5960E+01   4.5640E+01   4.5190E+01   4.4610E+01
3d7(4F)4d_5De        20    4708   1.1230E-01   1.1890E-01   1.2690E-01   1.3620E-01   1.4720E-01
3d6(5D)4s6s_5De      20    4234   2.0010E+00   2.0010E+00   1.8810E+00   1.7700E+00   1.6650E+00
3d6(5D)4s6p_7Do      20    2421   3.9290E+01   3.9290E+01   3.9050E+01   3.8820E+01   3.8590E+01
3d6(5D)4s6p_7Po      20    2410   3.8490E+01   3.8490E+01   3.8250E+01   3.8010E+01   3.7770E+01
3d6(5D)4s5d_5De      20    3339   3.7330E+01   3.7330E+01   3.7110E+01   3.6890E+01   3.6670E+01
3d6(5D)4s5d_5Ge      20    1925   3.9930E+01   3.9680E+01   3.9450E+01   3.9220E+01   3.8990E+01
3d6(5D)4s5d_7Fe      20    2321   4.1150E+01   4.1150E+01   4.0830E+01   4.0530E+01   4.0240E+01
3d6(5D)4s5d_7De      20    2451   4.0470E+01   4.0160E+01   3.9860E+01   3.9560E+01   3.9270E+01
3d6(5D)4s5d_7Pe      20    2319   3.2730E+01   3.2730E+01   3.2500E+01   3.2280E+01   3.2060E+01
3d6(5D)4s6p_5Fo      20    4122   4.6840E+01   4.9760E+01   5.4800E+01   4.9470E+01   5.3750E+01
3d6(5D)4s5d_5Se      20    2601   4.0860E+01   4.0860E+01   4.0560E+01   4.0270E+01   3.9990E+01
3d6(5D)4s4f_7Go      20    2263   2.1730E+01   2.1480E+01   2.1240E+01   2.1000E+01   2.0770E+01
3d7(4F)6s_5Fe        20    3785   1.7410E+00   1.6730E+00   1.6130E+00   1.5600E+00   1.5120E+00
3d6(5D)4s4f_7Fo      20    2452   2.1570E+01   2.1320E+01   2.1080E+01   2.0850E+01   2.0620E+01
3d6(5D)4s4f_5Go      20    3171   2.1450E+01   2.1160E+01   2.0840E+01   2.0740E+01   2.0430E+01
3d6(5D)4s4f_5Fo      20    3741   2.2020E+01   2.2020E+01   2.1780E+01   2.1580E+01   2.1290E+01
3d6(5D)4s6p_7Fo      20    2441   3.8870E+01   3.8870E+01   3.8620E+01   3.8370E+01   3.8130E+01
3d6(5D)4s4f_7Do      20    2581   2.1010E+01   2.0770E+01   2.0540E+01   2.0310E+01   2.0090E+01
3d6(5D)4s4f_5Do      20    3920   2.2410E+01   2.2410E+01   2.2160E+01   2.2010E+01   2.1410E+01
3d6(5D)4s4f_7Ho      20    2121   2.0970E+01   2.0730E+01   2.0490E+01   2.0270E+01   2.0040E+01
3d6(5D)4s4f_5Ho      20    2924   2.1460E+01   2.1460E+01   2.1170E+01   2.0880E+01   2.0610E+01
3d6(5D)4s4f_7Po      20    2512   2.0450E+01   2.0210E+01   1.9980E+01   1.9760E+01   1.9540E+01
3d6(5D)4s4f_5Po      20    2943   2.2150E+01   2.2150E+01   2.1900E+01   2.1650E+01   2.1400E+01
3d6(5D)4s6p_5Do      20    4391   8.0870E+01   8.2140E+01   9.0510E+01   6.7740E+01   7.4690E+01
3d6(5D)4s5d_5Fe      20    2887   2.8400E+01   2.8400E+01   2.8140E+01   2.7910E+01   2.7690E+01
3d6(5D)4s5d_7Ge      20    2204   3.9700E+01   3.9700E+01   3.9390E+01   3.9080E+01   3.8780E+01
3d6(5D)4s5d_5Pe      20    3083   2.6820E+01   2.6440E+01   2.6060E+01   2.5670E+01   2.5290E+01
3d6(5D)4s6p_5Po      20    3023   5.5540E+01   5.5540E+01   5.7330E+01   5.8930E+01   6.0350E+01
3d6(5D)4s4d_i5De     20    3494   3.4950E+00   3.4480E+00   3.4030E+00   3.3590E+00   3.3160E+00
3d6(5D)4s4d_5Fe      20    2797   5.3870E+00   5.3870E+00   5.3070E+00   5.2300E+00   5.1570E+00
3d6(5D)4s7s_h7De     20    2429   6.7750E+00   6.7750E+00   6.6930E+00   6.6130E+00   6.5360E+00
3d6(5D)4s4d_g5Ge     20    2183   4.3400E+00   4.3400E+00   4.3100E+00   4.2810E+00   4.2540E+00
3d7(4F)6p_5Do        20    4506   1.2980E+01   1.2980E+01   1.6610E+01   3.0540E+01   7.8820E+00
3d7(4F)6p_5Fo        20    4501   1.4500E+00   1.4500E+00   1.5570E+00   4.7910E+00   2.4830E+00
3d7(4F)6p_5Go        20    3445   8.3530E-01   8.3530E-01   8.3210E-01   4.1730E+00   7.9960E+00
3d7(4F)5d_5Fe        20    4737   2.7520E-03   2.8420E-03   1.0410E-02   2.4270E-02   4.4220E-02
3d6(5D)4s7s_5De      20    3797   6.1220E+00   5.8950E+00   5.6820E+00   5.4810E+00   5.2870E+00
3d7(4F)5d_5Pe        20    4832   2.6350E+00   2.5220E+00   2.4370E+00   2.3730E+00   2.3250E+00
3d7(4F)4f_5Do        20    4587   1.3160E+00   9.5310E-01   5.3940E-01   1.8530E+00   1.0430E+00
3d7(4F)4f_5Fo        20    4341   1.9600E+01   1.9600E+01   2.1360E+01   2.9040E+01   1.7900E+01
3d7(4F)4f_5Go        20    4067   1.2510E-01   1.2510E-01   7.8110E-02   5.8240E-02   3.1630E-02
3d7(4F)5d_5De        20    4992   4.3610E-02   4.3610E-02   4.2900E-02   5.3260E-02   7.2990E-02
3d7(4F)5d_5Ge        20    3578   1.1920E-02   1.1920E-02   1.8880E-02   3.0440E-02   4.6260E-02
3d7(4F)4f_5Ho        20    4369   3.2540E-02   3.2540E-02   2.8010E-02   2.5290E-02   2.3430E-02
3d7(4F)4f_5Io        20    3999   4.3730E-06   3.1320E-06   2.4400E-06   1.9960E-06   1.6820E-06
3d7(4F)4f_5Po        20    3626   9.9630E+01   9.9630E+01   1.0030E+02   1.0090E+02   1.0140E+02
3d7(4F)5d_5He        20    3830   1.0410E-03   6.9810E-05   2.0380E-03   6.7510E-03   1.4840E-02
3d6(5D)4s5p_5Do      20    3788   1.9960E+02   1.9540E+02   1.9930E+02   1.7250E+02   1.7700E+02
3d6(5D)4s4d_5Pe      20    3198   6.2820E+00   6.2540E+00   6.2300E+00   6.2090E+00   6.1890E+00
3d6(5D)4s5p_5Fo      20    3822   2.1740E+02   2.2280E+02   2.2880E+02   2.3320E+02   2.3940E+02
3d7(4P)5s_5Pe        20    3569   2.3020E+01   2.3020E+01   2.3120E+01   2.3260E+01   2.3410E+01
3d6(5D)4s4d_5Se      20    2627   4.9100E+00   4.8570E+00   4.8040E+00   4.7500E+00   4.6960E+00
3d6(5D)4s7p_7Do      20    2358   5.2340E+01   5.2340E+01   5.1850E+01   5.1370E+01   5.0900E+01
3d6(5D)4s7p_7Po      20    2414   5.1320E+01   5.0820E+01   5.0340E+01   4.9880E+01   4.9420E+01
3d6(5D)4s7p_7Fo      20    2415   5.2290E+01   5.2290E+01   5.1770E+01   5.1270E+01   5.0780E+01
3d6(5D)4s6d_7Fe      20    2298   5.4560E+01   5.3990E+01   5.3430E+01   5.2900E+01   5.2380E+01
3d6(5D)4s6d_5Ge      20    2602   4.7990E+01   4.7520E+01   4.7060E+01   4.6610E+01   4.6180E+01
3d6(5D)4s6d_7De      20    2446   5.6920E+01   5.6320E+01   5.5720E+01   5.5150E+01   5.4590E+01
3d6(5D)4s6d_7Pe      20    2495   5.5700E+01   5.5100E+01   5.4510E+01   5.3940E+01   5.3390E+01
3d6(5D)4s6d_5De      20    3608   4.7450E+01   4.7450E+01   4.7010E+01   4.6580E+01   4.6160E+01
3d6(5D)4s5g_7He      20    2092   1.9620E+00   1.9240E+00   1.8870E+00   1.8510E+00   1.8170E+00
3d6(5D)4s5g_5He      20    1808   1.8250E+01   1.8250E+01   1.7720E+01   1.7230E+01   1.6760E+01
3d6(5D)4s5g_7Ge      20    2250   1.8240E+01   1.7880E+01   1.7540E+01   1.7210E+01   1.6890E+01
3d6(5D)4s5g_5Ge      20    2017   1.8230E+01   1.7880E+01   1.7530E+01   1.7200E+01   1.6880E+01
3d6(5D)4s5g_7Fe      20    2354   1.8120E+01   1.7760E+01   1.7420E+01   1.7090E+01   1.6770E+01
3d6(5D)4s5g_5Fe      20    2543   1.8120E+01   1.8120E+01   1.7760E+01   1.7420E+01   1.7090E+01
3d6(5D)4s5g_7De      20    2390   1.7950E+01   1.7590E+01   1.7250E+01   1.6920E+01   1.6610E+01
3d6(5D)4s5g_5De      20    2629   1.7950E+01   1.7950E+01   1.7600E+01   1.7250E+01   1.6930E+01
3d6(5D)4s5g_7Ie      20    1939   2.1310E-01   2.1310E-01   2.0920E-01   2.0550E-01   2.0190E-01
3d6(5D)4s5g_5Ie      20    1467   1.8040E+01   1.8040E+01   1.7520E+01   1.7020E+01   1.6560E+01
3d6(5D)4s5f_7Go      20    2281   4.6010E+01   4.6010E+01   4.5340E+01   4.4690E+01   4.4070E+01
3d6(5D)4s5f_7Fo      20    2477   4.5750E+01   4.5750E+01   4.5080E+01   4.4440E+01   4.3820E+01
3d6(5D)4s5f_5Fo      20    3892   4.4890E+01   4.4140E+01   4.3430E+01   4.2770E+01   4.2120E+01
3d6(5D)4s5f_5Go      20    3718   4.4240E+01   4.4240E+01   4.3540E+01   4.2900E+01   4.2110E+01
3d6(5D)4s5f_7Do      20    2606   4.4790E+01   4.4790E+01   4.4130E+01   4.3500E+01   4.2890E+01
3d6(5D)4s5f_7Ho      20    2114   4.4860E+01   4.4200E+01   4.3570E+01   4.2950E+01   4.2360E+01
3d6(5D)4s5f_5Do      20    3321   4.4960E+01   4.4180E+01   4.3440E+01   4.2740E+01   4.2040E+01
3d6(5D)4s5f_7Po      20    2512   4.3980E+01   4.3330E+01   4.2700E+01   4.2100E+01   4.1520E+01
3d6(5D)4s5f_5Ho      20    2809   4.5640E+01   4.4860E+01   4.4100E+01   4.3360E+01   4.2650E+01
3d6(5D)4s5f_5Po      20    2969   4.5680E+01   4.4980E+01   4.4300E+01   4.3640E+01   4.3000E+01
3d6(5D)4s6d_5Se      20    2981   4.7640E+01   4.7640E+01   4.7130E+01   4.6640E+01   4.6170E+01
3d7(4F)7s_5Fe        20    3995   8.2480E+00   7.8920E+00   7.5740E+00   7.2830E+00   7.0100E+00
3d6(5D)4s5p_5Po      20    3601   1.3000E+02   1.3080E+02   1.3150E+02   1.3200E+02   1.3240E+02
3d6(5D)4p2_7Fe       20    2170   2.6970E+00   2.6600E+00   2.6240E+00   2.5890E+00   2.5550E+00
3d6(5D)4s6d_5Fe      20    4172   4.5080E+01   4.4410E+01   4.3770E+01   4.3150E+01   4.2550E+01
3d6(5D)4s7p_5Fo      20    4179   9.9980E+00   9.6370E+00   9.5810E+00   9.3840E+00   8.9260E+00
3d6(5D)4s7p_5Do      20    4368   5.7670E+00   5.7670E+00   5.2520E+00   4.3690E+00   7.2580E+00
3d6(5D)4s6d_7Ge      20    2275   5.6750E+01   5.6120E+01   5.5520E+01   5.4930E+01   5.4350E+01
3d6(5D)4s8s_7De      20    2415   1.0220E+01   1.0040E+01   9.8770E+00   9.7160E+00   9.5600E+00
3d6(5D)4s8s_5De      20    3842   1.1280E+01   1.0890E+01   1.0530E+01   1.0190E+01   9.8620E+00
3d6(5D)4s6d_5Pe      20    4409   4.5330E+01   4.5310E+01   4.5330E+01   4.5370E+01   4.5440E+01
3d6(5D)4s7d_5Ge      20    2196   6.1570E+01   6.0840E+01   6.0130E+01   5.9440E+01   5.8790E+01
3d6(5D)4s7d_7Fe      20    2426   7.3570E+01   7.3570E+01   7.2500E+01   7.1470E+01   7.0470E+01
3d6(5D)4s7d_7De      20    2424   6.3130E+01   6.2250E+01   6.1400E+01   6.0590E+01   5.9800E+01
3d6(5D)4s7d_7Ge      20    2323   7.3690E+01   7.2580E+01   7.1510E+01   7.0480E+01   6.9480E+01
3d6(5D)4s7d_7Pe      20    2538   7.0800E+01   6.9790E+01   6.8820E+01   6.7870E+01   6.6960E+01
3d6(5D)4s7d_5De      20    3517   5.5950E+01   5.5950E+01   5.5340E+01   5.4750E+01   5.4190E+01
3d6(5D)4s7d_5Fe      20    3942   5.3400E+01   5.2710E+01   5.2040E+01   5.1400E+01   5.0780E+01
3d6(5D)4s8p_7Do      20    2319   6.6380E+01   6.5480E+01   6.4600E+01   6.3760E+01   6.2950E+01
3d6(5D)4s8p_7Po      20    2380   6.5060E+01   6.4170E+01   6.3300E+01   6.2470E+01   6.1660E+01
3d6(5D)4s8p_7Fo      20    2417   6.6740E+01   6.5780E+01   6.4870E+01   6.3980E+01   6.3130E+01
3d6(5D)4s7d_5Se      20    2877   6.7110E+01   6.7110E+01   6.6220E+01   6.5350E+01   6.4510E+01
3d6(5D)4s7p_5Po      20    3153   5.0790E+01   5.0790E+01   4.7970E+01   4.5440E+01   4.3180E+01
3d6(5D)4s8p_5Fo      20    4085   1.0680E+01   1.0680E+01   1.1600E+01   1.3820E+01   1.0420E+01
3d6(5D)4s8p_5Do      20    4379   2.3910E+01   2.5300E+01   3.0180E+01   1.9860E+01   2.3370E+01
3d6(5D)4s9s_7De      20    2410   6.9840E+00   6.9840E+00   6.8310E+00   6.6840E+00   6.5440E+00
3d7(4F)5f_5Go        20    3999   5.1340E-01   3.0220E-01   1.8520E-01   1.6520E-01   1.1180E-01
3d7(4F)5f_5Fo        20    4749   6.5480E-01   6.5480E-01   5.4600E-01   9.6970E-01   5.3870E-01
3d7(4F)5f_5Ho        20    4410   8.4660E-02   8.4660E-02   6.8720E-02   5.9230E-02   5.2790E-02
3d7(4F)5f_5Io        20    3969   2.6220E-05   1.9620E-05   1.5840E-05   1.3350E-05   1.1560E-05
3d7(4F)5f_5Po        20    4524   4.9780E-01   4.5120E-01   4.1330E-01   3.8100E-01   3.5260E-01
3d7(4F)7p_5Fo        20    4474   3.1500E+00   3.1500E+00   3.2530E+00   1.2690E+01   2.0050E+01
3d7(4F)7p_5Do        20    4654   2.6390E+00   2.6390E+00   3.3110E+00   1.1880E+01   1.0480E+01
3d7(4F)7p_5Go        20    3525   2.8180E+00   2.9490E+00   1.2080E+01   2.1330E+01   6.0330E+00
3d7(4F)6d_5Fe        20    4675   4.1720E-01   4.1720E-01   3.7230E-01   3.5830E-01   3.6870E-01
3d6(5D)4s9s_5De      20    3419   1.9870E+01   1.9190E+01   1.8570E+01   1.7990E+01   1.7430E+01
3d7(4F)6d_5Pe        20    4816   1.8290E-01   1.8290E-01   1.1960E-01   9.8020E-02   1.0780E-01
3d7(4F)6d_5Ge        20    3546   2.4310E-02   3.1000E-02   5.4870E-02   9.3500E-02   1.4680E-01
3d7(4F)6d_5De        20    5139   2.7620E+00   2.7620E+00   2.3240E+00   1.9700E+00   1.6780E+00
3d7(4F)6d_5He        20    3805   8.6380E-03   8.6380E-03   2.9690E-04   3.0510E-03   1.5320E-02
3d7(4F)5g_5He        20    3332   3.1120E-07   3.1120E-07   3.2440E-07   3.3740E-07   3.5150E-07
3d7(4F)5g_5Ge        20    3277   2.3330E+00   2.2970E+00   2.2630E+00   2.2300E+00   2.1990E+00
3d7(4F)5g_5Ie        20    3096   2.9690E-07   3.6110E-07   4.2770E-07   5.0190E-07   5.9120E-07
3d7(4F)5g_5Fe        20    3582   2.2630E+01   2.2630E+01   2.2240E+01   2.1870E+01   2.1510E+01
3d7(4F)5g_5De        20    4289   2.8990E-01   2.8570E-01   2.8180E-01   2.7790E-01   2.7430E-01
3d7(4F)5g_5Pe        20    4008   9.6690E-03   9.6690E-03   9.6010E-03   9.5390E-03   9.4840E-03
3d6(5D)4s7d_5Pe      20    4103   6.8370E+01   6.7470E+01   6.6610E+01   6.5800E+01   6.5040E+01
3d7(4F)8s_5Fe        20    4086   1.6890E+00   1.5440E+00   1.4570E+00   1.4170E+00   1.4160E+00
3d6(5D)4s8d_5Ge      20    2177   6.0890E+01   5.9990E+01   5.9120E+01   5.8280E+01   5.7480E+01
3d6(5D)4s8d_5Pe      20    4163   8.9380E+01   8.9380E+01   8.7690E+01   8.6080E+01   8.4550E+01
3d6(5D)4s8d_7Fe      20    2442   9.0210E+01   8.8470E+01   8.6800E+01   8.5190E+01   8.3660E+01
3d6(5D)4s8d_7De      20    2451   1.4230E+01   1.4230E+01   1.3900E+01   1.3590E+01   1.3290E+01
3d6(5D)4s8d_7Ge      20    2360   9.1120E+01   9.1120E+01   8.9300E+01   8.7570E+01   8.5900E+01
3d6(5D)4s8d_7Pe      20    2582   7.8980E+01   7.8980E+01   7.7570E+01   7.6210E+01   7.4910E+01
3d6(5D)4s8d_5De      20    3481   5.0340E+01   4.9670E+01   4.9030E+01   4.8410E+01   4.7820E+01
3d6(5D)4s8d_5Fe      20    3419   3.7410E+01   3.6780E+01   3.6180E+01   3.5610E+01   3.5050E+01
3d6(5D)4s9p_7Do      20    2343   8.1420E+01   7.9900E+01   7.8440E+01   7.7050E+01   7.5710E+01
3d6(5D)4s9p_7Po      20    2420   7.9730E+01   7.9730E+01   7.8230E+01   7.6800E+01   7.5420E+01
3d6(5D)4s9p_7Fo      20    2428   8.2190E+01   8.2190E+01   8.0600E+01   7.9070E+01   7.7610E+01
3d7(4F)5f_5Do        20    4529   1.4250E+00   1.4250E+00   2.2250E+00   8.1010E+00   2.7780E+00
3d6(5D)4s9p_5Fo      20    4155   9.8380E+00   1.0480E+01   9.9850E+00   1.5490E+01   1.4310E+01
3d6(5D)4s9p_5Do      20    4134   2.3470E+01   2.3050E+01   2.1140E+01   2.8210E+01   2.5900E+01
3d6(5D)4s9p_5Po      20    3502   2.2560E+01   2.3400E+01   2.4250E+01   2.5090E+01   2.5900E+01
3d6(5D)4s8p_5Po      20    3105   2.5160E+01   2.3490E+01   2.2030E+01   2.0760E+01   1.9660E+01
3d6(5D)4p2_7De       20    2463   6.9160E+01   6.9160E+01   6.7180E+01   6.5300E+01   6.3510E+01
3d7(4F)8p_5Fo        20    3998   4.8760E+00   4.8760E+00   5.1050E+00   4.7590E+00   7.2990E+00
3d7(4F)8p_5Do        20    4125   1.9620E+01   1.9620E+01   1.6960E+01   1.4550E+01   1.5900E+01
3d7(4F)7d_5Pe        20    4407   2.1790E+00   2.1470E+00   2.1210E+00   2.1020E+00   2.0880E+00
