Level / Temperature (10^4 K)        0.50       1.00       2.00       5.00      10.00
3d6_4s2_a5De                   2.771E-14  2.722E-14  2.543E-14  1.762E-14  1.139E-14
3d7(4F)4s_a5Fe                 3.623E-14  3.413E-14  3.571E-14  3.866E-14  3.384E-14
3d7(4F)4s_a3Fe                 2.508E-15  1.605E-15  9.656E-16  4.364E-16  2.160E-16
3d7(4P)4s_a5Pe                 2.274E-14  1.878E-14  1.732E-14  1.520E-14  1.219E-14
3d6_4s2_a3P2e                  8.053E-16  5.100E-16  3.025E-16  1.336E-16  6.503E-17
3d6(5D)4s4p_z7Do               6.120E-14  4.122E-14  3.004E-14  2.059E-14  1.336E-14
3d6_4s2_a3He                   3.290E-15  2.326E-15  1.644E-15  1.040E-15  7.354E-16
3d6_4s2_b3F2e                  1.978E-15  1.398E-15  9.886E-16  6.252E-16  4.421E-16
3d7(2G)4s_a3Ge                 2.086E-15  1.313E-15  7.731E-16  3.376E-16  1.629E-16
3d6(5D)4s4p_z7Fo               7.228E-14  5.111E-14  3.844E-14  2.692E-14  1.736E-14
3d7(4P)4s_b3Pe                 6.620E-16  4.160E-16  2.443E-16  1.063E-16  5.113E-17
3d6(5D)4s4p_z7Po               3.477E-14  2.438E-14  1.749E-14  1.175E-14  7.511E-15
3d6_4s2_b3Ge                   2.175E-15  1.538E-15  1.087E-15  6.876E-16  4.862E-16
3d7(2P)4s_c3Pe                 6.057E-16  3.793E-16  2.217E-16  9.577E-17  4.584E-17
3d7(2G)4s_a1Ge                 6.054E-16  3.791E-16  2.216E-16  9.572E-17  4.581E-17
3d6(5D)4s4p_z5Do               8.936E-14  5.111E-14  3.082E-14  1.814E-14  1.180E-14
3d7(2H)4s_b3He                 2.012E-15  1.255E-15  7.299E-16  3.129E-16  1.489E-16
3d7(2D)4s_a3De                 9.114E-16  5.684E-16  3.304E-16  1.416E-16  6.738E-17
3d6(5D)4s4p_z5Fo               1.964E-13  9.922E-14  5.201E-14  2.906E-14  2.177E-14
3d7(2P)4s_a1Pe                 1.705E-16  1.060E-16  6.142E-17  2.618E-17  1.241E-17
3d7(2D)4s_a1De                 2.666E-16  1.653E-16  9.545E-17  4.049E-17  1.912E-17
3d7(2H)4s_a1He                 5.788E-16  3.588E-16  2.070E-16  8.770E-17  4.139E-17
3d6(5D)4s4p_z5Po               9.890E-14  4.777E-14  2.390E-14  1.343E-14  1.022E-14
3d6_4s2_a1Ie                   6.634E-16  4.107E-16  2.365E-16  9.999E-17  4.711E-17
3d6_4s2_b3De                   9.062E-16  6.407E-16  4.530E-16  2.865E-16  2.026E-16
3d6_4s2_b1G2e                  4.455E-16  2.754E-16  1.584E-16  6.678E-17  3.141E-17
3d6(5D)4s4p_z3Fo               1.615E-14  1.142E-14  8.072E-15  5.105E-15  3.610E-15
3d6(5D)4s4p_z3Do               1.159E-14  8.194E-15  5.794E-15  3.664E-15  2.591E-15
3d6(1S)4s2_1Se                 4.237E-17  2.602E-17  1.483E-17  6.180E-18  2.882E-18
3d8_c3Fe                       9.966E-16  7.046E-16  4.982E-16  3.151E-16  2.228E-16
3d7(4F)4p_y5Do                 6.095E-14  4.727E-14  3.532E-14  2.453E-14  1.745E-14
3d7(4F)4p_y5Fo                 5.971E-14  4.846E-14  4.037E-14  3.383E-14  2.663E-14
3d6(5D)4s4p_z3Po               3.312E-16  2.022E-16  1.144E-16  4.712E-17  2.181E-17
3d6_4s2_b1D2e                  2.164E-16  1.530E-16  1.082E-16  6.842E-17  4.838E-17
3d7(4F)4p_z5Go                 5.243E-14  4.593E-14  4.399E-14  4.300E-14  3.540E-14
3d7(4F)4p_z3Go                 8.851E-16  5.374E-16  3.021E-16  1.233E-16  5.673E-17
3d7(4F)4p_y3Fo                 1.039E-14  7.426E-15  5.330E-15  3.455E-15  2.491E-15
3d6(5D)4s4p_y5Po               5.111E-14  4.063E-14  2.876E-14  1.508E-14  8.076E-15
3d7(2F)4s_d3Fe                 1.992E-15  1.557E-15  1.283E-15  1.060E-15  9.305E-16
3d7(4F)4p_y3Do                 6.762E-15  4.837E-15  3.476E-15  2.257E-15  1.629E-15
3d7(2F)4s_1Fe                  5.656E-16  4.457E-16  3.709E-16  3.110E-16  2.754E-16
3d6(5D)4s4p_x5Do               5.447E-14  4.201E-14  2.975E-14  1.800E-14  1.176E-14
3d5(6S)4s24p_y7Po              5.914E-16  4.182E-16  2.957E-16  1.870E-16  1.322E-16
3d6(5D)4s4p_x5Fo               8.876E-14  7.103E-14  4.859E-14  2.367E-14  1.252E-14
3d8_3Pe                        2.375E-16  1.679E-16  1.187E-16  7.509E-17  5.310E-17
3d6(3P)4s4p_z5So               1.155E-14  7.860E-15  6.013E-15  4.807E-15  3.736E-15
3d6(1F)4s2_1Fe                 1.746E-16  1.234E-16  8.729E-17  5.520E-17  3.903E-17
3d6(3P)4s4p_x5Po               2.726E-14  2.221E-14  1.898E-14  1.281E-14  8.489E-15
3d8(1D)_1De                    1.137E-16  8.038E-17  5.684E-17  3.595E-17  2.542E-17
3d6(3H)4s4p_y5Go               2.413E-14  4.957E-14  6.096E-14  4.732E-14  3.150E-14
3d6(5D)4s5s_e7De               3.028E-15  1.459E-14  2.214E-14  1.391E-14  6.765E-15
3d6(3H)4s4p_5Io                8.379E-15  6.574E-14  1.306E-13  1.077E-13  6.462E-14
3d6(3H)4s4p_5Ho                8.320E-15  4.773E-14  9.080E-14  7.930E-14  5.451E-14
3d6(3P)4s4p_w5Do               2.551E-14  2.427E-14  2.348E-14  1.793E-14  1.229E-14
3d6(3F)4s4p_5Do                1.228E-15  9.954E-16  8.555E-16  7.415E-16  6.640E-16
3d6(3F)4s4p_5Fo                1.706E-15  1.383E-15  1.190E-15  1.032E-15  9.244E-16
3d7(4P)4p_y5So                 5.443E-15  4.373E-15  4.383E-15  4.063E-15  3.254E-15
3d6(5D)4s5s_e5De               2.165E-15  8.464E-15  1.436E-14  9.984E-15  5.068E-15
3d6(3P)4s4p_3Do                8.902E-16  7.135E-16  6.011E-16  5.011E-16  4.343E-16
3d6(3H)4s4p_y3Go               1.205E-15  9.827E-16  8.498E-16  7.399E-16  6.627E-16
3d6(3F)4s4p_x5Go               1.787E-15  1.468E-15  1.282E-15  1.133E-15  1.025E-15
3d6(3H)4s4p_z3Io               1.583E-15  1.299E-15  1.131E-15  9.933E-16  8.936E-16
3d7(4P)4p_w5Po                 9.120E-15  8.270E-15  1.434E-14  1.866E-14  1.354E-14
3d6(3P)4s4p_z3So               3.318E-17  1.910E-17  1.010E-17  3.799E-18  1.656E-18
3d6(3P)4s4p_y3Po               9.723E-17  5.590E-17  2.951E-17  1.109E-17  4.826E-18
3d7(4P)4p_5Do                  1.707E-14  1.717E-14  1.963E-14  2.021E-14  1.770E-14
3d8(1G)_1Ge                    1.320E-16  9.335E-17  6.601E-17  4.175E-17  2.952E-17
3d7(4P)4p_3Do                  1.568E-16  9.001E-17  4.742E-17  1.778E-17  7.727E-18
3d6(3F)4s4p_3Fo                6.829E-16  5.682E-16  5.039E-16  4.534E-16  4.141E-16
3d6(3H)4s4p_z3Ho               1.146E-15  9.494E-16  8.368E-16  7.453E-16  6.754E-16
3d7(4F)5s_e5Fe                 2.587E-15  3.095E-15  5.203E-15  4.953E-15  2.989E-15
3d6(3G)4s4p_w5Go               1.144E-15  9.673E-16  8.767E-16  8.155E-16  7.621E-16
3d6(3P)4s4p_1Do                2.158E-16  1.764E-16  1.520E-16  1.302E-16  1.144E-16
3d7(2G)4p_z1Go                 8.878E-17  5.080E-17  2.668E-17  9.957E-18  4.317E-18
3d7(4P)4p_y3So                 2.917E-17  1.668E-17  8.753E-18  3.264E-18  1.414E-18
3d6(3G)4s4p_v5Fo               8.264E-16  7.021E-16  6.403E-16  5.997E-16  5.624E-16
3d6(3G)4s4p_5Ho                1.269E-15  1.080E-15  9.869E-16  9.264E-16  8.697E-16
3d6(3F)4s4p_x3Go               7.670E-16  6.441E-16  5.774E-16  5.260E-16  4.833E-16
3d7(4F)5s_e3Fe                 1.815E-16  1.031E-16  5.375E-17  1.988E-17  8.567E-18
v5Po                           1.875E-16  1.326E-16  9.375E-17  5.929E-17  4.193E-17
3d6(3H)4s4p_1Io                3.760E-16  3.155E-16  2.821E-16  2.554E-16  2.333E-16
3d6(3P)4s2_3Pe                 2.980E-16  2.478E-16  2.179E-16  1.909E-16  1.697E-16
3d7(4P)4p_x3Po                 7.765E-17  4.412E-17  2.299E-17  8.502E-18  3.664E-18
3d7(2G)4p_z1Ho                 9.505E-17  5.401E-17  2.815E-17  1.041E-17  4.487E-18
3d6(3H)4s4p_y1Go               2.336E-16  1.975E-16  1.781E-16  1.628E-16  1.495E-16
3d7(2P)4p_1So                  8.183E-18  4.637E-18  2.409E-18  8.874E-19  3.816E-19
3d7(4F)5s_3Fe                  9.290E-16  6.734E-16  4.913E-16  3.250E-16  2.371E-16
3d6(3F)4s2_3Fe                 3.711E-16  3.161E-16  2.881E-16  2.673E-16  2.479E-16
3d7(2G)4p_w3Fo                 1.596E-16  9.006E-17  4.660E-17  1.708E-17  7.320E-18
3d6(3F)4s4p_v3Do               3.313E-16  2.833E-16  2.591E-16  2.415E-16  2.245E-16
3d6(3F)4s4p_1Fo                5.322E-17  3.004E-17  1.554E-17  5.696E-18  2.442E-18
3d6(5D)4s5p_7Do                8.986E-15  1.009E-14  1.435E-14  1.078E-14  5.772E-15
3d7(2G)4p_y3Ho                 2.376E-16  1.337E-16  6.898E-17  2.519E-17  1.077E-17
3d7(2G)4p_v3Go                 1.930E-16  1.086E-16  5.597E-17  2.043E-17  8.732E-18
3d6(5D)4s5p_7Fo                1.119E-14  1.373E-14  2.113E-14  1.618E-14  8.628E-15
3d7(2P)4p_w3Po                 5.930E-17  3.322E-17  1.705E-17  6.187E-18  2.636E-18
3d6(5D)4s5p_7Po                4.464E-15  6.047E-15  1.002E-14  7.924E-15  4.264E-15
3d6(5D)4s4d_e7Fe               6.951E-15  1.157E-14  1.917E-14  1.423E-14  7.450E-15
3d6(5D)4s4d_f7De               4.927E-15  8.120E-15  1.406E-14  1.074E-14  5.651E-15
3d6(5D)4s4d_f5De               5.228E-15  6.685E-15  9.626E-15  7.117E-15  3.919E-15
3d6(5D)4s4d_7Pe                2.926E-15  4.304E-15  7.576E-15  6.017E-15  3.224E-15
3d6(5D)4s4d_e5Ge               8.265E-15  1.122E-14  1.650E-14  1.199E-14  6.458E-15
3d7(2G)4p_z1Fo                 4.255E-17  2.373E-17  1.212E-17  4.376E-18  1.858E-18
3d6(3F)4s4p_x1Go               5.445E-17  3.036E-17  1.551E-17  5.595E-18  2.375E-18
3d6(5D)4s4d_e7Ge               8.040E-15  1.398E-14  2.428E-14  1.835E-14  9.604E-15
3d6(3P)4s4p_1Po                7.016E-17  5.982E-17  5.405E-17  4.876E-17  4.397E-17
3d6(5D)4s5p_u5Fo               7.377E-15  9.495E-15  1.449E-14  1.148E-14  6.306E-15
3d6(3G)4s4p_x3Ho               4.091E-16  3.652E-16  3.518E-16  3.498E-16  3.375E-16
3d6(5D)4s5p_t5Do               5.466E-15  6.280E-15  9.307E-15  7.649E-15  4.387E-15
3d6(5D)4s4d_f5Fe               3.148E-15  5.855E-15  1.094E-14  9.076E-15  5.153E-15
3d6(5D)4s4d_7Fe                1.896E-16  1.341E-16  9.482E-17  5.997E-17  4.240E-17
3d6(5D)4s4d_e5Se               7.881E-16  1.154E-15  1.844E-15  2.164E-15  2.669E-15
3d7(2D)4p_v3Fo                 1.124E-16  6.224E-17  3.157E-17  1.130E-17  4.773E-18
3d6(5D)4s5s_e3De               7.600E-17  4.198E-17  2.123E-17  7.570E-18  3.191E-18
3d6(5D)4s5s_g5De               2.830E-15  4.754E-15  8.944E-15  7.146E-15  3.828E-15
3d7(2H)4p_u3Go                 1.369E-16  7.560E-17  3.824E-17  1.363E-17  5.747E-18
3d6(5D)4s4d_e7Se               7.999E-16  1.471E-15  2.569E-15  1.923E-15  9.978E-16
3d6(3H)4s4p_1Ho                1.562E-16  1.383E-16  1.311E-16  1.265E-16  1.191E-16
3d6(5D)4s5p_u5Po               2.599E-15  1.838E-15  1.300E-15  8.220E-16  5.812E-16
3d7(2P)4p_y1Do                 2.478E-17  1.367E-17  6.905E-18  2.459E-18  1.035E-18
3d6(3F)4s4p_x1Do               6.408E-17  5.717E-17  5.477E-17  5.360E-17  5.096E-17
3d6(5D)4s4d_e5Pe               1.238E-15  2.425E-15  4.776E-15  3.968E-15  2.195E-15
3d7(2P)4p_u3Do                 6.771E-17  3.716E-17  1.868E-17  6.609E-18  2.773E-18
3d7(2P)4p_1Po                  1.356E-17  7.443E-18  3.740E-18  1.324E-18  5.554E-19
3d7(2D)4s_3De                  2.582E-16  2.255E-16  2.086E-16  1.924E-16  1.750E-16
3d7(2D)4p_3Do                  6.357E-17  3.477E-17  1.741E-17  6.137E-18  2.569E-18
3d7(2H)4p_w3Ho                 1.374E-16  7.510E-17  3.757E-17  1.323E-17  5.532E-18
3d7(2H)4p_y3Io                 7.335E-16  6.357E-16  5.808E-16  5.243E-16  4.691E-16
3d7(4F)5p_3Go                  9.882E-17  5.363E-17  2.664E-17  9.301E-18  3.872E-18
3d7(4F)5p_3Fo                  4.792E-17  2.591E-17  1.283E-17  4.459E-18  1.851E-18
3d7(2D)4p_3Po                  1.289E-16  1.143E-16  1.073E-16  1.005E-16  9.203E-17
3d7(4F)5p_b5Fo                 4.561E-15  5.869E-15  7.323E-15  6.576E-15  4.372E-15
3d7(4F)4d_g5Fe                 7.196E-16  7.904E-16  2.246E-15  4.157E-15  3.231E-15
3d7(4F)5p_5Go                  5.640E-15  6.131E-15  7.461E-15  7.123E-15  4.875E-15
3d7(2H)4p_z1Io                 4.858E-17  2.639E-17  1.313E-17  4.589E-18  1.912E-18
3d7(4F)4d_h5De                 2.271E-15  1.673E-15  1.241E-15  8.356E-16  6.151E-16
3d7(4F)4d_f5Pe                 2.582E-16  3.144E-16  9.460E-16  1.813E-15  1.430E-15
3d7(4F)4d_f5Ge                 9.563E-16  1.029E-15  2.938E-15  5.405E-15  4.174E-15
3d7(4F)4d_e5He                 7.307E-16  1.054E-15  3.412E-15  6.307E-15  4.845E-15
3d6(3D)4s4p_5Fo                2.161E-16  2.049E-16  2.103E-16  2.232E-16  2.222E-16
3d7(4F)5p_5Do                  4.266E-15  3.789E-15  4.598E-15  4.516E-15  3.147E-15
3d7(2D)4p_1Fo                  8.600E-17  7.721E-17  7.345E-17  6.965E-17  6.414E-17
3d6(3G)4s4p_y1Ho               7.055E-17  6.672E-17  6.818E-17  7.186E-17  7.116E-17
3d7(4F)4d_e3Ge                 8.175E-17  4.391E-17  2.159E-17  7.448E-18  3.079E-18
3d7(4F)4d_f3De                 4.563E-17  2.452E-17  1.206E-17  4.161E-18  1.720E-18
3d6(3G)4s4p_x3Fo               4.437E-17  4.201E-17  4.297E-17  4.534E-17  4.492E-17
3d6(5D)4s6s_g7De               4.995E-16  3.151E-15  9.352E-15  8.923E-15  4.963E-15
3d6(3D)4s4p_5Do                1.047E-16  1.003E-16  1.040E-16  1.115E-16  1.115E-16
3d6(3D)4s4p_b5Do               5.278E-17  5.029E-17  5.185E-17  5.528E-17  5.513E-17
3d7(4F)5p_3Do                  4.370E-17  2.342E-17  1.149E-17  3.955E-18  1.633E-18
3d7(4F)4d_e3He                 9.604E-17  5.147E-17  2.525E-17  8.692E-18  3.588E-18
3d7(4F)5p_5Fo                  7.071E-16  5.219E-16  3.879E-16  2.617E-16  1.928E-16
3d6(3G)4s4p_t3Go               1.492E-16  1.430E-16  1.482E-16  1.582E-16  1.575E-16
3d6(3D)4s4p_5Po                6.669E-15  5.349E-15  5.664E-15  4.740E-15  3.252E-15
3d7(4F)5p_b3Go                 1.356E-15  1.002E-15  7.454E-16  5.036E-16  3.713E-16
3d6(1I)4s4p_3Ko                2.095E-16  2.037E-16  2.148E-16  2.351E-16  2.380E-16
3d7(4F)4d_5De                  1.324E-17  2.229E-17  7.094E-17  1.117E-16  8.068E-17
3d7(4F)4d_f3Fe                 4.955E-17  2.625E-17  1.274E-17  4.329E-18  1.774E-18
3d6(3G)4s4p_w1Go               4.144E-17  4.044E-17  4.259E-17  4.617E-17  4.626E-17
3d7(4F)4d_e3Pe                 2.042E-17  1.080E-17  5.229E-18  1.773E-18  7.255E-19
3d6(5D)4s6s_5De                4.883E-16  2.307E-15  6.258E-15  5.864E-15  3.266E-15
3d7(2D)4s_1De                  4.251E-17  3.942E-17  3.869E-17  3.777E-17  3.522E-17
3d7(2P)4p_1Sbo                 8.086E-18  7.534E-18  7.420E-18  7.257E-18  6.767E-18
3d7(2D)4p_1Po                  6.548E-18  3.455E-18  1.669E-18  5.647E-19  2.308E-19
3d6(1G)4s4p_3Go                7.811E-17  7.957E-17  8.773E-17  1.001E-16  1.033E-16
3d6(1G)4s4p_3Ho                1.022E-16  1.034E-16  1.133E-16  1.286E-16  1.323E-16
3d7(2D)4p_w1Do                 3.249E-17  3.090E-17  3.102E-17  3.091E-17  2.908E-17
3d7(2H)4p_1Ho                  2.001E-17  1.045E-17  5.003E-18  1.675E-18  6.803E-19
3d6(1G)4s2_1Ge                 2.248E-17  2.325E-17  2.599E-17  3.001E-17  3.110E-17
3d6(5D)4s6p_7Do                3.456E-15  3.910E-15  7.437E-15  7.003E-15  3.987E-15
3d6(3G)4s4p_1Fo                1.201E-17  6.255E-18  2.984E-18  9.957E-19  4.037E-19
SEJ_6s_5Fe                     3.267E-17  2.310E-17  1.633E-17  1.033E-17  7.304E-18
3d6(5D)4s6p_7Po                1.906E-15  2.927E-15  7.543E-15  7.797E-15  4.499E-15
3d6(5D)4s5d_5De                2.885E-15  3.954E-15  6.911E-15  6.143E-15  3.695E-15
SEJ_s6p_7Fo                    6.653E-17  4.704E-17  3.326E-17  2.104E-17  1.488E-17
3d6(5D)4s5d_5Ge                4.821E-15  6.614E-15  1.190E-14  1.040E-14  6.018E-15
3d6(1I)4s4p_u3Ho               7.597E-17  7.931E-17  8.926E-17  1.034E-16  1.072E-16
3d7(4F)6s_3Fe                  2.816E-17  1.447E-17  6.820E-18  2.244E-18  9.029E-19
3d6(5D)4s5d_7Fe                3.947E-15  5.319E-15  1.207E-14  1.169E-14  6.639E-15
3d6(5D)4s5d_7De                2.169E-15  3.002E-15  6.970E-15  6.789E-15  3.852E-15
3d6(5D)4s6p_7Pbo               7.449E-16  5.267E-16  3.725E-16  2.356E-16  1.666E-16
3d6(5D)4s5d_7Pe                5.296E-16  9.163E-16  2.212E-15  2.418E-15  1.565E-15
SEJ_s5d_7Ge                    7.099E-17  5.020E-17  3.549E-17  2.245E-17  1.587E-17
3d6(1G)4s4p_u3Fo               4.077E-17  4.331E-17  4.954E-17  5.832E-17  6.090E-17
3d6(3D)4s4p_3Po                1.962E-17  2.065E-17  2.331E-17  2.691E-17  2.774E-17
3d6(5D)4s6p_5Fo                3.480E-15  4.474E-15  8.976E-15  8.656E-15  5.011E-15
3d6(5D)4s5d_5Gbe               2.068E-15  1.462E-15  1.034E-15  6.539E-16  4.624E-16
3d6(5D)4s5d_5Se                4.691E-16  6.239E-16  1.229E-15  1.126E-15  6.442E-16
3d6(5D)4s4f_7Go                1.240E-15  3.002E-15  9.316E-15  9.916E-15  5.756E-15
3d7(4F)6s_5Fe                  1.601E-16  2.615E-16  7.239E-16  9.652E-16  6.499E-16
SEJ_s4f_7Go                    3.738E-17  2.643E-17  1.869E-17  1.182E-17  8.357E-18
3d6(5D)4s4f_7Fo                9.293E-16  1.752E-15  5.113E-15  5.549E-15  3.272E-15
3d6(5D)4s4f_5Go                1.322E-15  3.176E-15  9.911E-15  1.025E-14  5.830E-15
3d6(5D)4s4f_5Fo                7.722E-16  1.617E-15  4.737E-15  4.836E-15  2.749E-15
3d6(5D)4s6p_7Fo                2.118E-15  2.900E-15  6.104E-15  5.673E-15  3.179E-15
3d6(5D)4s4f_7Do                9.362E-16  1.689E-15  4.868E-15  5.258E-15  3.093E-15
3d6(5D)4s4f_5Do                5.010E-16  1.007E-15  3.088E-15  3.273E-15  1.884E-15
3d6(5D)4s4f_7Ho                1.325E-15  3.480E-15  1.010E-14  1.003E-14  5.658E-15
3d6(5D)4s4f_5Ho                1.210E-15  3.457E-15  1.069E-14  1.087E-14  6.157E-15
3d6(5D)4s4f_7Po                1.434E-16  2.448E-16  7.776E-16  8.794E-16  5.209E-16
3d6(5D)4s4f_5Po                2.746E-16  7.217E-16  2.126E-15  2.116E-15  1.191E-15
3d6(5D)4s6p_5Do                1.743E-15  1.999E-15  3.937E-15  3.752E-15  2.149E-15
3d7(2H)4p_v1Go                 4.554E-17  4.436E-17  4.514E-17  4.498E-17  4.198E-17
3d6(5D)4s5d_5Fe                1.493E-15  2.427E-15  3.957E-15  3.322E-15  2.012E-15
3d6(1I)4s4p_x3Io               6.769E-17  7.283E-17  8.410E-17  9.956E-17  1.040E-16
3d6(5D)4s5d_7Ge                2.272E-15  3.633E-15  8.071E-15  7.310E-15  4.033E-15
SEJ_s4f_7Ho                    3.323E-17  2.350E-17  1.662E-17  1.051E-17  7.431E-18
3d6(3D)4s4p_3Do                2.644E-17  2.845E-17  3.274E-17  3.841E-17  3.982E-17
3d6(5D)4s5d_7Gbe               6.268E-16  4.432E-16  3.134E-16  1.982E-16  1.401E-16
3d6(5D)4s5d_5Pe                1.453E-15  1.845E-15  3.279E-15  2.784E-15  1.562E-15
3d6(5D)4s5d_7Dbe               3.476E-16  2.458E-16  1.738E-16  1.099E-16  7.771E-17
3d7(4F)6s_5Fbe                 2.839E-16  2.153E-16  1.640E-16  1.133E-16  8.439E-17
3d6(5D)4s6p_5Fbo               4.747E-16  3.356E-16  2.373E-16  1.501E-16  1.061E-16
3d6(5D)4s4f_5Gbo               1.632E-15  1.154E-15  8.158E-16  5.159E-16  3.648E-16
3d6(5D)4s4f_7Gbo               1.364E-15  9.643E-16  6.818E-16  4.312E-16  3.049E-16
3d6(5D)4s5d_7Pbe               4.688E-16  3.315E-16  2.344E-16  1.482E-16  1.048E-16
3d6(1S)4s4p_3Po                9.152E-18  1.038E-17  1.264E-17  1.589E-17  1.718E-17
3d6(3D)4s4p_t3Fo               3.112E-17  3.413E-17  3.989E-17  4.738E-17  4.935E-17
3d7(4F)6s_3Fbe                 1.889E-16  1.437E-16  1.097E-16  7.596E-17  5.663E-17
3d6(5D)4s6p_5Po                7.926E-16  9.969E-16  1.873E-15  1.676E-15  9.530E-16
3d6(5D)4s4f_7Dbo               1.004E-15  7.102E-16  5.022E-16  3.176E-16  2.245E-16
3d6(5D)4s4f_5Hbo               5.731E-16  4.052E-16  2.865E-16  1.812E-16  1.281E-16
3d6(5D)4s4d_i5De               8.208E-16  2.338E-15  5.304E-15  5.188E-15  3.200E-15
3d6(5D)4s4f_7Hbo               7.439E-16  5.260E-16  3.720E-16  2.352E-16  1.663E-16
3d6(5D)4s5p_3Do                1.240E-17  6.210E-18  2.858E-18  9.168E-19  3.637E-19
3d6(5D)4s4d_5Fe                8.200E-16  2.774E-15  6.070E-15  5.563E-15  3.317E-15
3d6(5D)4s7s_h7De               8.627E-17  5.187E-16  2.223E-15  2.669E-15  1.599E-15
3d7(4F)6p_3Go                  1.767E-17  8.745E-18  3.980E-18  1.262E-18  4.977E-19
3d6(5D)4s4d_g5Ge               1.637E-15  4.740E-15  9.742E-15  8.810E-15  5.340E-15
3d7(4F)6p_5Do                  1.060E-15  1.056E-15  1.985E-15  2.403E-15  1.579E-15
3d6(5D)4p2_7Pe                 2.891E-17  2.045E-17  1.446E-17  9.143E-18  6.461E-18
3d6(5D)4s7s_7De                1.238E-15  8.751E-16  6.188E-16  3.914E-16  2.766E-16
3d6(5D)4s5p_3Fo                1.441E-17  7.149E-18  3.261E-18  1.037E-18  4.092E-19
3d6(5D)4p2_7Pbe                1.413E-17  9.991E-18  7.064E-18  4.468E-18  3.158E-18
3d6(5D)4s5p_3Fbo               7.088E-16  5.012E-16  3.544E-16  2.241E-16  1.584E-16
3d6(5D)4s4d_5De                4.669E-16  3.302E-16  2.335E-16  1.477E-16  1.044E-16
3d7(4F)6p_5Fo                  1.401E-15  1.297E-15  2.377E-15  3.355E-15  2.356E-15
3d7(4F)6p_3Do                  7.881E-18  3.857E-18  1.738E-18  5.456E-19  2.139E-19
3d7(4F)6p_5Go                  2.017E-15  2.001E-15  2.949E-15  3.649E-15  2.564E-15
3d7(4F)5d_5Fe                  4.130E-16  3.282E-16  1.017E-15  2.572E-15  2.185E-15
3d6(5D)4s7s_5De                2.355E-16  1.441E-15  4.832E-15  5.013E-15  2.866E-15
3d7(4F)5d_5Pe                  3.871E-16  2.635E-16  7.090E-16  1.647E-15  1.377E-15
3d7(4F)4f_5Do                  5.523E-16  4.420E-16  9.574E-16  1.482E-15  1.028E-15
3d7(4F)4f_5Fo                  1.910E-15  1.730E-15  3.081E-15  3.763E-15  2.474E-15
3d7(4F)4f_3Go                  1.060E-17  5.219E-18  2.364E-18  7.460E-19  2.933E-19
3d7(4F)4f_5Go                  5.046E-16  3.794E-16  8.183E-16  1.349E-15  9.568E-16
3d7(4F)5d_5De                  2.465E-16  1.889E-16  5.536E-16  1.330E-15  1.113E-15
3d7(4F)4f_3Io                  2.208E-17  1.084E-17  4.903E-18  1.544E-18  6.065E-19
3d7(4F)4f_3Ho                  1.798E-17  8.818E-18  3.980E-18  1.251E-18  4.910E-19
3d7(4F)5d_5Ge                  8.771E-16  6.649E-16  1.899E-15  4.412E-15  3.639E-15
3d7(4F)4f_5Ho                  1.036E-15  8.558E-16  2.454E-15  4.344E-15  3.083E-15
3d7(4F)4f_3Po                  6.150E-18  3.051E-18  1.391E-18  4.422E-19  1.745E-19
3d7(4F)4f_3Fo                  8.959E-18  4.429E-18  2.014E-18  6.380E-19  2.513E-19
3d7(4F)4f_5Io                  1.531E-15  1.240E-15  2.942E-15  4.567E-15  3.134E-15
3d7(4F)4f_5Po                  1.554E-15  1.326E-15  2.092E-15  2.122E-15  1.286E-15
3d7(4F)4f_3Do                  6.506E-18  3.219E-18  1.465E-18  4.644E-19  1.831E-19
3d7(4F)5d_5He                  6.428E-16  6.452E-16  2.270E-15  5.151E-15  4.162E-15
3d6(5D)4s4d_3De                9.462E-18  4.674E-18  2.124E-18  6.724E-19  2.648E-19
3d7(4F)5d_3Ge                  1.223E-17  6.031E-18  2.736E-18  8.651E-19  3.404E-19
3d6(5D)4s5p_5Do                2.529E-15  2.615E-15  3.699E-15  2.965E-15  1.640E-15
3d7(4F)5d_3He                  1.623E-17  7.919E-18  3.558E-18  1.113E-18  4.357E-19
3d7(4F)6p_5Dbo                 2.410E-16  1.860E-16  1.438E-16  1.007E-16  7.537E-17
3d7(4F)5d_3De                  5.665E-18  2.783E-18  1.258E-18  3.964E-19  1.557E-19
3d6(5D)4s5p_3Po                5.100E-18  2.506E-18  1.133E-18  3.569E-19  1.402E-19
3d6(5D)4s4d_5Pe                1.624E-16  3.458E-16  6.503E-16  5.584E-16  3.315E-16
3d6(5D)4s5p_5Fo                5.550E-15  5.156E-15  7.072E-15  5.666E-15  3.132E-15
3d6(5D)4s4d_3Dbe               5.576E-16  3.943E-16  2.788E-16  1.763E-16  1.246E-16
3d6(5D)4s4d_3Ge                1.487E-17  7.294E-18  3.294E-18  1.036E-18  4.066E-19
3d7(4P)5s_5Pe                  4.267E-15  2.309E-15  2.112E-15  1.687E-15  9.758E-16
3d7(4F)6p_5Fbo                 4.097E-16  3.194E-16  2.489E-16  1.755E-16  1.316E-16
3d6(3H)4s4p_3Io                3.857E-17  4.448E-17  5.316E-17  6.268E-17  6.393E-17
3d6(5D)4s4d_5Se                2.979E-16  5.650E-16  1.040E-15  8.674E-16  4.872E-16
3d7(4F)6p_3Fo                  5.804E-18  2.829E-18  1.270E-18  3.971E-19  1.553E-19
3d7(4F)4f_3Fbo                 2.968E-16  2.316E-16  1.806E-16  1.274E-16  9.557E-17
3d7(4F)4f_3Dbo                 1.584E-16  1.232E-16  9.584E-17  6.745E-17  5.058E-17
3d6(5D)4s7p_7Do                1.640E-15  2.474E-15  6.188E-15  6.351E-15  3.666E-15
3d7(4F)6p_3Fbo                 1.525E-16  1.189E-16  9.259E-17  6.524E-17  4.894E-17
3d6(5D)4s4d_3Se                1.519E-18  7.422E-19  3.339E-19  1.046E-19  4.098E-20
3d6(5D)4s7p_7Po                8.675E-16  1.376E-15  3.626E-15  3.781E-15  2.188E-15
3d6(5D)4s7p_7Fo                2.059E-15  3.468E-15  8.958E-15  9.066E-15  5.188E-15
3d6(5D)4s6d_7Fe                2.108E-15  3.817E-15  1.058E-14  1.144E-14  6.890E-15
3d6(5D)4s6d_5Ge                1.830E-15  2.952E-15  7.528E-15  7.639E-15  4.379E-15
3d6(5D)4s6d_7De                1.194E-15  2.189E-15  6.061E-15  6.247E-15  3.597E-15
3d7(4F)6p_3Gbo                 3.438E-16  2.697E-16  2.111E-16  1.494E-16  1.121E-16
SEJ_s6d_7Ge                    2.757E-17  1.950E-17  1.379E-17  8.719E-18  6.154E-18
3d6(5D)4s7s_5Dbe               1.232E-16  8.708E-17  6.158E-17  3.894E-17  2.750E-17
3d6(5D)4s6d_7Pe                3.227E-16  4.586E-16  1.350E-15  1.579E-15  9.601E-16
3d7(4P)5s_3Pe                  4.072E-18  1.978E-18  8.852E-19  2.760E-19  1.078E-19
3d6(5D)4s6d_5De                1.150E-15  1.914E-15  4.941E-15  5.007E-15  2.870E-15
3d6(5D)4s4d_3Fe                8.548E-18  4.130E-18  1.840E-18  5.709E-19  2.224E-19
3d6(5D)4s5g_7He                6.694E-17  6.281E-16  2.445E-15  2.682E-15  1.550E-15
3d6(5D)4s5g_5He                2.653E-16  8.527E-16  3.284E-15  3.812E-15  2.261E-15
3d6(5D)4s5g_7Ge                2.532E-16  9.172E-16  3.655E-15  4.210E-15  2.473E-15
3d6(5D)4s5g_5Ge                2.007E-16  6.614E-16  2.574E-15  2.941E-15  1.724E-15
3d6(5D)4s5g_7Fe                3.066E-16  1.376E-15  5.936E-15  7.078E-15  4.204E-15
3d6(5D)4s5g_5Fe                2.214E-16  9.943E-16  4.344E-15  5.219E-15  3.107E-15
3d6(5D)4s5g_7De                2.331E-16  7.659E-16  3.022E-15  3.475E-15  2.041E-15
3d6(5D)4s5g_5De                1.642E-16  5.550E-16  2.096E-15  2.344E-15  1.364E-15
3d6(5D)4s5g_7Ie                8.507E-18  1.882E-16  7.597E-16  8.429E-16  4.891E-16
3d6(5D)4s5g_5Ie                2.619E-16  3.004E-16  8.696E-16  1.082E-15  6.779E-16
3d6(5D)4s5f_7Go                1.356E-15  2.899E-15  9.369E-15  1.024E-14  5.965E-15
3d6(5D)4s5f_7Fo                1.139E-15  2.424E-15  7.997E-15  8.890E-15  5.216E-15
3d6(5D)4s5f_5Fo                6.917E-16  1.416E-15  4.752E-15  5.298E-15  3.099E-15
3d6(5D)4s5f_5Go                7.754E-16  1.757E-15  5.664E-15  6.083E-15  3.517E-15
3d6(5D)4s5f_7Do                4.627E-16  1.143E-15  3.372E-15  3.399E-15  1.926E-15
3d6(5D)4s5f_7Ho                1.306E-15  3.447E-15  1.064E-14  1.096E-14  6.246E-15
3d7(4F)5d_5Gbe                 2.624E-16  2.060E-16  1.614E-16  1.142E-16  8.578E-17
3d6(5D)4s5f_5Do                2.704E-16  7.714E-16  2.658E-15  2.891E-15  1.673E-15
3d6(5D)4s5f_7Po                1.240E-16  1.876E-16  6.599E-16  8.138E-16  4.953E-16
3d6(5D)4s5f_5Ho                1.147E-15  2.931E-15  8.796E-15  8.918E-15  5.058E-15
3d6(5D)4s5f_7Pbo               1.942E-16  1.373E-16  9.712E-17  6.142E-17  4.335E-17
3d6(5D)4s5f_5Po                2.118E-16  7.546E-16  2.269E-15  2.220E-15  1.239E-15
3d6(3P)4s4p_3So                3.613E-18  4.084E-18  4.722E-18  5.288E-18  5.197E-18
3d6(5D)4s6d_5Se                2.520E-16  3.737E-16  9.856E-16  1.023E-15  5.890E-16
3d7(4F)7s_5Fe                  5.703E-16  6.061E-16  2.055E-15  3.470E-15  2.456E-15
3d7(4F)5d_5Fbe                 1.327E-16  1.041E-16  8.154E-17  5.771E-17  4.333E-17
3d7(4F)4f_5Fbo                 1.700E-16  1.334E-16  1.045E-16  7.394E-17  5.552E-17
3d7(4F)4f_5Ibo                 2.445E-16  1.919E-16  1.503E-16  1.064E-16  7.991E-17
3d7(4F)6p_3Dbo                 2.258E-16  1.792E-16  1.416E-16  1.009E-16  7.581E-17
3d6(5D)4s6d_5Sbe               1.809E-16  1.279E-16  9.045E-17  5.721E-17  4.035E-17
3d6(5D)4s5p_5Po                6.618E-16  6.954E-16  1.083E-15  9.173E-16  5.131E-16
3d7(4F)7s_3Fe                  4.179E-18  1.988E-18  8.743E-19  2.677E-19  1.035E-19
3d6(5D)4p2_7Fe                 1.176E-15  1.129E-14  2.844E-14  3.088E-14  2.106E-14
3d6(5D)4s5g_7Dbe               8.481E-16  5.997E-16  4.241E-16  2.682E-16  1.888E-16
3d6(3D)4s4p_1Do                2.368E-18  2.951E-18  3.794E-18  4.841E-18  5.145E-18
3d6(5D)4s6d_5Fe                9.167E-16  2.406E-15  6.094E-15  5.615E-15  3.112E-15
3d6(5D)4s7p_5Fo                9.529E-16  2.481E-15  6.119E-15  5.891E-15  3.352E-15
3d7(4F)5d_5Hbe                 1.173E-16  9.260E-17  7.286E-17  5.176E-17  3.888E-17
3d6(5D)4s7p_5Do                8.296E-16  1.713E-15  4.166E-15  4.132E-15  2.392E-15
3d6(3D)4s4p_1Fo                3.228E-18  4.033E-18  5.197E-18  6.641E-18  7.059E-18
3d7(4F)4f_5Hbo                 1.155E-16  9.125E-17  7.183E-17  5.106E-17  3.836E-17
3d6(5D)4s6d_7Ge                8.649E-16  1.819E-15  4.590E-15  4.301E-15  2.386E-15
3d6(5D)4s5f_5Fbo               6.245E-16  4.416E-16  3.122E-16  1.975E-16  1.390E-16
3d7(4F)4f_5Gbo                 8.225E-17  6.499E-17  5.117E-17  3.637E-17  2.732E-17
3d7(4F)4f_3Ibo                 1.803E-16  1.425E-16  1.122E-16  7.979E-17  5.994E-17
3d7(4F)4f_3Pbo                 4.911E-17  3.881E-17  3.056E-17  2.173E-17  1.633E-17
3d7(4F)4f_5Pbo                 8.181E-17  6.466E-17  5.092E-17  3.620E-17  2.720E-17
3d6(5D)4s8s_7De                1.567E-16  1.578E-15  6.546E-15  7.546E-15  4.452E-15
3d6(5D)4s6d_7Dbe               2.974E-16  2.103E-16  1.487E-16  9.406E-17  6.626E-17
3d7(4F)5d_3Pe                  2.548E-18  1.209E-18  5.305E-19  1.620E-19  6.261E-20
3d6(5D)4p2_7Fbe                6.822E-18  4.824E-18  3.411E-18  2.157E-18  1.519E-18
3d7(4F)5d_3Fe                  5.424E-18  2.563E-18  1.120E-18  3.409E-19  1.314E-19
3d6(5D)4s5g_7Hbe               8.691E-16  6.145E-16  4.345E-16  2.748E-16  1.933E-16
3d6(5D)4s5g_5Hbe               6.141E-16  4.342E-16  3.071E-16  1.942E-16  1.367E-16
3d6(5D)4s5g_7Fbe               7.154E-16  5.058E-16  3.577E-16  2.262E-16  1.591E-16
3d6(5D)4s5g_5Fbe               3.464E-16  2.450E-16  1.732E-16  1.096E-16  7.713E-17
3d6(3F)4s4p_r3Go               1.222E-17  1.534E-17  1.956E-17  2.430E-17  2.513E-17
3d6(5D)4s6d_7Gbe               2.162E-16  1.529E-16  1.081E-16  6.836E-17  4.811E-17
3d6(5D)4s8s_5De                1.638E-16  1.133E-15  4.259E-15  4.694E-15  2.733E-15
3d6(5D)4s6d_5Gbe               1.534E-16  1.085E-16  7.669E-17  4.850E-17  3.413E-17
3d6(3F)4s4p_3Fco               7.667E-18  9.567E-18  1.214E-17  1.505E-17  1.556E-17
3d6(5D)4s5f_7Gbo               7.035E-16  4.975E-16  3.518E-16  2.225E-16  1.564E-16
3d6(3D)4s4p_1Po                1.117E-18  1.430E-18  1.872E-18  2.420E-18  2.573E-18
3d6(5D)4s5g_5Gbe               3.213E-16  2.272E-16  1.606E-16  1.016E-16  7.142E-17
3d6(5D)4s6d_5Pe                5.225E-16  8.961E-16  2.229E-15  2.110E-15  1.190E-15
3d6(5D)4s5f_5Gbo               1.403E-16  9.920E-17  7.014E-17  4.436E-17  3.116E-17
3d6(5D)4s5f_7Fbo               1.402E-16  9.913E-17  7.010E-17  4.433E-17  3.114E-17
3d6(5D)4s5f_7Dbo               1.958E-16  1.385E-16  9.790E-17  6.191E-17  4.349E-17
3d6(5D)4s5f_5Hbo               2.514E-16  1.777E-16  1.257E-16  7.948E-17  5.583E-17
3d6(5D)4s5g_7Ibe               1.950E-16  1.379E-16  9.748E-17  6.165E-17  4.330E-17
3d6(5D)4s5g_5Ibe               2.507E-16  1.772E-16  1.253E-16  7.926E-17  5.567E-17
3d6(5D)4s4d_3Pe                2.092E-18  9.837E-19  4.281E-19  1.297E-19  4.992E-20
3d6(5D)4s5f_7Hbo               3.193E-16  2.258E-16  1.596E-16  1.010E-16  7.083E-17
3d6(5D)4s7p_5Fbo               1.851E-16  1.309E-16  9.254E-17  5.852E-17  4.105E-17
3d6(3H)4s4p_t3Ho               1.184E-17  1.525E-17  1.967E-17  2.448E-17  2.499E-17
3d7(4F)7s_5Fbe                 7.933E-17  6.391E-17  5.105E-17  3.670E-17  2.753E-17
3d6(5D)4s7d_5Ge                1.003E-15  2.048E-15  5.986E-15  6.336E-15  3.680E-15
3d6(5D)4s7d_7Fe                9.942E-16  1.919E-15  6.259E-15  7.120E-15  4.221E-15
3d6(5D)4s7d_7De                7.974E-16  2.703E-15  8.966E-15  1.018E-14  6.275E-15
3d6(5D)4s7d_7Ge                1.241E-15  2.830E-15  8.933E-15  9.629E-15  5.592E-15
3d6(5D)4s7d_7Pe                3.426E-16  5.890E-16  2.037E-15  2.513E-15  1.546E-15
3d6(5D)4s7d_5De                6.608E-16  1.235E-15  3.650E-15  4.037E-15  2.403E-15
3d6(5D)4s7d_5Fe                6.126E-16  1.659E-15  4.854E-15  5.048E-15  2.999E-15
3d6(5D)4s8p_7Do                6.822E-16  1.451E-15  4.534E-15  4.958E-15  2.896E-15
3d6(5D)4s8p_7Po                4.826E-16  1.037E-15  3.219E-15  3.486E-15  2.028E-15
3d6(5D)4s8p_7Fo                1.094E-15  1.963E-15  5.162E-15  5.225E-15  2.989E-15
3d6(3F)4s4p_3Do                2.309E-18  1.065E-18  4.560E-19  1.360E-19  5.191E-20
3d6(5D)4s7d_5Se                1.593E-16  2.873E-16  8.998E-16  1.014E-15  6.002E-16
3d6(5D)4s7p_5Po                9.968E-17  2.563E-16  4.651E-16  3.569E-16  1.896E-16
3d6(3F)4s4p_3Fbo               4.281E-18  5.687E-18  7.520E-18  9.578E-18  9.810E-18
3d6(5D)4s8p_5Fo                4.772E-16  1.848E-15  5.592E-15  5.684E-15  3.241E-15
3d6(5D)4s8p_5Do                3.014E-16  9.725E-16  2.933E-15  3.029E-15  1.741E-15
3d6(1D)4s4p_3Fo                6.820E-19  9.687E-19  1.388E-18  1.967E-18  2.153E-18
3d6(5D)4s7d_7Dbe               3.951E-16  2.794E-16  1.976E-16  1.249E-16  8.670E-17
3d6(5D)4s7d_5Sbe               1.045E-16  7.390E-17  5.225E-17  3.304E-17  2.299E-17
3d6(5D)4s7d_5Fbe               2.271E-16  1.606E-16  1.135E-16  7.179E-17  4.993E-17
3d6(3P)4s4p_3Po                2.125E-18  2.731E-18  3.441E-18  4.089E-18  3.970E-18
3d6(5D)4s9s_7De                6.520E-16  6.220E-15  1.545E-14  1.650E-14  1.114E-14
3d7(4F)5f_3Fo                  1.648E-18  7.508E-19  3.184E-19  9.405E-20  3.572E-20
3d7(4F)5f_5Go                  6.280E-16  4.430E-16  8.959E-16  1.568E-15  1.140E-15
3d7(4F)5f_5Fo                  7.642E-16  6.148E-16  1.599E-15  2.827E-15  2.045E-15
3d7(4F)5f_5Ho                  8.732E-16  6.590E-16  1.403E-15  2.156E-15  1.483E-15
3d7(4F)5f_3Ho                  2.088E-18  9.426E-19  3.966E-19  1.163E-19  4.401E-20
3d7(4F)5f_3Go                  2.444E-18  1.101E-18  4.626E-19  1.354E-19  5.120E-20
3d7(4F)5f_3Do                  1.204E-18  5.494E-19  2.332E-19  6.894E-20  2.619E-20
3d7(4F)5f_5Io                  1.103E-15  9.547E-16  2.495E-15  3.745E-15  2.512E-15
3d7(4F)5f_5Po                  3.871E-16  2.557E-16  4.337E-16  8.740E-16  6.877E-16
3d7(4F)5f_3Io                  3.433E-18  1.545E-18  6.484E-19  1.897E-19  7.167E-20
3d7(4F)5f_3Fbo                 8.524E-17  7.107E-17  5.813E-17  4.251E-17  3.131E-17
3d7(4F)5f_3Po                  1.200E-18  5.497E-19  2.341E-19  6.948E-20  2.644E-20
3d7(4F)7p_5Fo                  6.346E-16  8.296E-16  2.113E-15  2.961E-15  2.038E-15
3d7(4F)7p_5Do                  3.825E-16  4.429E-16  1.113E-15  1.591E-15  1.096E-15
3d7(4F)7p_5Go                  8.954E-16  1.009E-15  2.213E-15  3.234E-15  2.292E-15
3d7(4F)6d_5Fe                  3.684E-16  3.354E-16  1.236E-15  2.877E-15  2.384E-15
3d7(4F)7p_3Go                  1.130E-18  5.012E-19  2.080E-19  6.019E-20  2.262E-20
3d6(5D)4s9s_5De                1.366E-16  7.694E-16  3.164E-15  3.709E-15  2.204E-15
3d7(4F)6d_5Pe                  1.782E-16  2.768E-16  1.134E-15  2.400E-15  2.024E-15
3d7(4F)6d_5Ge                  6.336E-16  4.739E-16  1.618E-15  3.918E-15  3.198E-15
3d7(4F)6d_5De                  3.698E-16  3.093E-16  1.225E-15  2.827E-15  2.261E-15
3d7(4F)6d_5He                  3.962E-16  3.879E-16  1.584E-15  3.590E-15  2.831E-15
3d7(4F)6d_3Ge                  2.197E-18  9.854E-19  4.124E-19  1.203E-19  4.541E-20
3d7(4F)6d_3He                  2.593E-18  1.161E-18  4.855E-19  1.415E-19  5.336E-20
3d6(5D)4s7d_5Gbe               2.078E-16  1.469E-16  1.039E-16  6.566E-17  4.524E-17
3d7(4F)5g_5He                  2.599E-16  1.462E-16  1.960E-16  2.840E-16  1.941E-16
3d7(4F)5g_3He                  1.717E-18  7.688E-19  3.213E-19  9.362E-20  3.531E-20
3d7(4F)5g_5Ge                  3.095E-16  6.153E-16  2.576E-15  3.485E-15  2.199E-15
3d7(4F)5g_3Ge                  2.475E-18  1.116E-18  4.689E-19  1.374E-19  5.193E-20
3d7(4F)5g_3Ie                  1.997E-18  8.936E-19  3.733E-19  1.087E-19  4.098E-20
3d7(4F)5g_5Ie                  3.448E-16  2.145E-16  3.721E-16  5.687E-16  3.922E-16
3d7(4F)5g_3Fe                  1.122E-18  5.060E-19  2.128E-19  6.238E-20  2.359E-20
3d7(4F)5g_5Fe                  3.194E-16  7.700E-16  3.000E-15  3.851E-15  2.413E-15
3d7(4F)5g_5De                  2.274E-16  1.319E-16  3.380E-16  6.571E-16  4.765E-16
3d7(4F)5g_3De                  1.203E-18  5.393E-19  2.256E-19  6.579E-20  2.482E-20
3d7(4F)5g_3Ke                  1.965E-16  1.669E-16  1.382E-16  1.018E-16  7.345E-17
3d7(4F)5g_5Ke                  3.022E-16  2.579E-16  2.142E-16  1.579E-16  1.133E-16
3d7(4F)5g_5Pe                  2.081E-16  1.084E-16  2.287E-16  5.343E-16  4.177E-16
3d7(4F)5g_3Pe                  4.825E-19  2.127E-19  8.781E-20  2.529E-20  9.481E-21
3d7(4F)6d_3De                  8.088E-19  3.683E-19  1.561E-19  4.607E-20  1.749E-20
3d6(5D)4s7d_5Pe                1.420E-16  5.053E-16  1.461E-15  1.408E-15  7.897E-16
3d7(4F)8s_5Fe                  2.742E-16  2.467E-16  1.342E-15  3.151E-15  2.480E-15
3d7(4F)7p_3Do                  6.914E-19  3.080E-19  1.282E-19  3.721E-20  1.401E-20
3d7(2G)5s_3Ge                  2.370E-18  1.066E-18  4.475E-19  1.309E-19  4.945E-20
3d7(4F)8s_3Fe                  1.280E-18  5.674E-19  2.352E-19  6.800E-20  2.554E-20
3d6(5D)4s7d_7Fbe               1.464E-16  1.035E-16  7.319E-17  4.624E-17  3.173E-17
3d6(5D)4s8d_5Ge                7.438E-16  2.414E-15  6.896E-15  6.765E-15  3.827E-15
3d6(5D)4s8d_5Pe                1.071E-16  3.187E-16  1.180E-15  1.369E-15  8.196E-16
3d6(5D)4s8d_7Fe                5.091E-16  1.406E-15  5.024E-15  5.720E-15  3.376E-15
3d6(5D)4s8d_7De                9.880E-17  1.090E-15  3.489E-15  3.439E-15  1.930E-15
3d6(5D)4s8p_5Fbo               2.969E-16  2.100E-16  1.485E-16  9.373E-17  6.364E-17
3d6(5D)4s8d_7Ge                9.040E-16  2.943E-15  9.716E-15  1.028E-14  5.910E-15
3d6(5D)4s8d_7Pe                2.246E-16  5.612E-16  2.257E-15  2.889E-15  1.803E-15
3d6(5D)4s8d_5De                4.883E-16  1.331E-15  4.229E-15  4.640E-15  2.752E-15
3d6(5D)4s8d_5Fe                3.715E-16  1.223E-15  3.701E-15  3.925E-15  2.329E-15
3d6(5D)4s8p_7Fbo               1.072E-16  7.580E-17  5.360E-17  3.386E-17  2.313E-17
3d6(5D)4s7d_7Gbe               4.516E-17  3.193E-17  2.258E-17  1.426E-17  9.732E-18
3d6(5D)4s9p_7Do                4.242E-16  1.221E-15  3.713E-15  3.820E-15  2.182E-15
3d6(5D)4s9p_7Po                2.843E-16  8.934E-16  2.843E-15  2.963E-15  1.696E-15
3d6(5D)4s9p_7Fo                6.597E-16  2.806E-15  7.729E-15  7.158E-15  3.933E-15
3d6(1D)4s4p_3Po                4.730E-19  7.394E-19  1.122E-18  1.635E-18  1.663E-18
3d7(4F)7p_3Fo                  7.905E-19  3.514E-19  1.460E-19  4.233E-20  1.592E-20
3d7(4F)5f_5Fbo                 7.510E-17  6.416E-17  5.333E-17  3.931E-17  2.816E-17
3d7(4F)5f_3Dbo                 3.550E-17  2.990E-17  2.463E-17  1.808E-17  1.318E-17
3d7(4F)5f_5Pbo                 4.517E-17  3.869E-17  3.222E-17  2.376E-17  1.695E-17
3d7(4F)7p_5Gbo                 1.035E-16  8.853E-17  7.366E-17  5.433E-17  3.881E-17
3d7(4F)5f_5Do                  7.229E-17  8.981E-17  2.148E-16  2.721E-16  1.776E-16
3d6(5D)4s9p_5Fo                6.842E-16  2.691E-15  5.633E-15  5.101E-15  3.019E-15
3d6(5D)4s9p_5Do                3.073E-16  1.152E-15  3.271E-15  3.610E-15  2.303E-15
3d6(5D)4s8d_5Dbe               1.123E-16  7.939E-17  5.614E-17  3.540E-17  2.376E-17
3d7(4F)5g_5Gbe                 6.968E-17  5.960E-17  4.957E-17  3.655E-17  2.614E-17
3d7(4F)5g_3Hbe                 5.638E-17  4.791E-17  3.969E-17  2.922E-17  2.108E-17
3d6(1D)4s4p_3Pbo               1.594E-19  2.489E-19  3.775E-19  5.501E-19  5.600E-19
3d6(5D)4s9p_5Po                1.574E-16  5.928E-16  1.813E-15  1.882E-15  1.095E-15
3d6(5D)4s9s_7Dbe               5.774E-17  4.083E-17  2.887E-17  1.819E-17  1.211E-17
3d7(4F)6d_5Gbe                 4.477E-17  3.870E-17  3.241E-17  2.393E-17  1.683E-17
3d6(5D)4s8p_5Po                6.774E-17  2.682E-16  4.425E-16  3.260E-16  1.787E-16
3d6(5D)4p2_7De                 1.397E-16  7.643E-16  1.805E-15  1.471E-15  7.707E-16
3d7(2G)5s_1Ge                  4.145E-19  1.816E-19  7.461E-20  2.139E-20  8.003E-21
3d6(5D)4s8d_7Gbe               1.671E-16  1.182E-16  8.355E-17  5.241E-17  3.399E-17
3d6(5D)4s9p_5Fbo               1.348E-16  9.534E-17  6.742E-17  4.217E-17  2.698E-17
3d7(4F)8p_3Go                  3.515E-19  1.472E-19  5.837E-20  1.621E-20  5.968E-21
3d6(5D)4s6s_3De                3.948E-19  1.694E-19  6.845E-20  1.933E-20  7.176E-21
3d6(1D)4s4p_3Do                4.125E-19  6.821E-19  1.068E-18  1.542E-18  1.425E-18
3d7(4F)6d_3Fe                  4.899E-19  2.093E-19  8.428E-20  2.373E-20  8.796E-21
3d7(4F)5g_5Fbe                 8.328E-18  7.255E-18  6.105E-18  4.510E-18  3.125E-18
3d7(4F)6d_5Pbe                 1.325E-17  1.157E-17  9.752E-18  7.202E-18  4.967E-18
3d7(4F)7p_5Fbo                 1.320E-17  1.154E-17  9.723E-18  7.180E-18  4.950E-18
3d6(5D)4s8d_5Gbe               5.922E-17  4.187E-17  2.961E-17  1.852E-17  1.186E-17
3d6(5D)4s8d_7Dbe               4.228E-17  2.990E-17  2.114E-17  1.322E-17  8.467E-18
3d6(5D)4s8d_7Fbe               7.602E-17  5.375E-17  3.801E-17  2.378E-17  1.522E-17
3d8(1S)_1Se                    1.228E-19  8.686E-20  6.142E-20  3.838E-20  2.445E-20
3d6(5D)4s9p_7Fbo               5.706E-17  4.035E-17  2.853E-17  1.782E-17  1.135E-17
3d6(5D)4s9p_7Fco               5.486E-17  3.879E-17  2.743E-17  1.711E-17  1.083E-17
3d7(4F)6d_5Dbe                 6.910E-18  6.082E-18  5.149E-18  3.798E-18  2.578E-18
3d7(4F)5f_3Hbo                 2.072E-17  1.824E-17  1.544E-17  1.139E-17  7.730E-18
3d7(4F)5f_5Hbo                 1.610E-17  1.417E-17  1.200E-17  8.849E-18  6.006E-18
3d7(4F)5f_5Gbo                 1.148E-17  1.010E-17  8.556E-18  6.310E-18  4.281E-18
3d7(4F)5f_3Gbo                 1.602E-17  1.411E-17  1.195E-17  8.811E-18  5.977E-18
3d7(4F)5f_3Ibo                 2.515E-17  2.214E-17  1.875E-17  1.383E-17  9.378E-18
3d7(4F)5f_3Pbo                 6.815E-18  6.002E-18  5.085E-18  3.749E-18  2.541E-18
3d7(4F)9s_5Fe                  2.863E-17  2.653E-17  2.309E-17  1.606E-17  9.456E-18
3d7(4F)9s_3Fe                  1.930E-19  7.992E-20  3.144E-20  8.666E-21  3.179E-21
3d7(4F)6d_5Hbe                 1.516E-17  1.339E-17  1.136E-17  8.367E-18  5.638E-18
3d7(4F)6f_5Go                  5.117E-17  4.619E-17  3.969E-17  2.882E-17  1.839E-17
3d7(4F)6f_5Ho                  5.876E-17  5.378E-17  4.655E-17  3.318E-17  2.032E-17
3d7(4F)6f_3Go                  1.932E-19  8.038E-20  3.173E-20  8.776E-21  3.224E-21
3d7(4F)6f_3Fo                  2.318E-19  9.785E-20  3.905E-20  1.090E-20  4.025E-21
3d6(5D)4s6s_5Dbe               1.151E-16  8.138E-17  5.751E-17  3.461E-17  2.003E-17
3d7(4F)6f_3Do                  1.751E-19  7.499E-20  3.026E-20  8.535E-21  3.166E-21
3d7(4F)6f_5Do                  3.412E-17  3.051E-17  2.608E-17  1.909E-17  1.248E-17
3d7(4F)6f_5Io                  4.585E-17  4.276E-17  3.731E-17  2.551E-17  1.469E-17
3d7(4F)6f_3Po                  1.984E-19  8.456E-20  3.400E-20  9.559E-21  3.541E-21
3d7(4F)6f_3Io                  3.316E-19  1.370E-19  5.379E-20  1.480E-20  5.426E-21
3d7(4F)6f_5Po                  1.664E-17  1.520E-17  1.315E-17  9.398E-18  5.787E-18
3d7(4F)6d_3Hbe                 1.857E-17  1.644E-17  1.397E-17  1.028E-17  6.890E-18
3d7(4F)8p_5Fo                  1.461E-15  2.518E-15  2.454E-15  1.407E-15  7.445E-16
3d7(4F)8p_5Go                  3.054E-17  2.853E-17  2.490E-17  1.694E-17  9.704E-18
3d7(4F)8p_5Do                  7.896E-16  1.802E-15  2.172E-15  1.555E-15  9.331E-16
3d6(5D)4s8d_5Pbe               3.417E-17  2.416E-17  1.708E-17  1.059E-17  6.564E-18
3d7(4F)5g_3Ibe                 2.103E-17  1.870E-17  1.592E-17  1.170E-17  7.764E-18
3d7(4F)5g_5Ibe                 1.721E-17  1.530E-17  1.303E-17  9.573E-18  6.352E-18
3d7(4F)5g_5Hbe                 1.337E-17  1.189E-17  1.012E-17  7.438E-18  4.935E-18
3d7(4F)5g_5Kbe                 2.098E-17  1.865E-17  1.589E-17  1.167E-17  7.742E-18
3d7(4F)5g_5Dbe                 1.333E-17  1.186E-17  1.010E-17  7.419E-18  4.921E-18
3d7(4F)7d_5Fe                  2.270E-17  2.098E-17  1.824E-17  1.277E-17  7.590E-18
3d7(4F)7d_5Pe                  4.681E-16  2.346E-15  4.118E-15  3.546E-15  2.219E-15
3d7(4F)7d_5De                  1.542E-17  1.446E-17  1.263E-17  8.491E-18  4.794E-18
3d7(4F)7d_5Ge                  2.247E-17  2.126E-17  1.858E-17  1.211E-17  6.631E-18
3d7(4F)8p_3Fo                  1.149E-19  4.683E-20  1.821E-20  4.969E-21  1.814E-21
3d7(4F)7d_5He                  2.360E-17  2.246E-17  1.961E-17  1.247E-17  6.683E-18
3d7(4F)6d_3Pe                  6.722E-20  2.838E-20  1.133E-20  3.165E-21  1.169E-21
3d7(4F)7d_3Ge                  2.258E-19  9.322E-20  3.659E-20  1.007E-20  3.689E-21
3d7(4F)7d_3He                  1.442E-19  5.841E-20  2.261E-20  6.144E-21  2.238E-21
3d7(4F)8p_3Do                  1.065E-17  9.935E-18  8.666E-18  5.930E-18  3.419E-18
3d7(4F)8p_3Gbo                 1.423E-17  1.327E-17  1.158E-17  7.924E-18  4.570E-18
3d7(4F)7d_3Pe                  6.656E-20  2.789E-20  1.107E-20  3.075E-21  1.132E-21
3d7(4F)7d_3De                  5.236E-20  2.132E-20  8.283E-21  2.258E-21  8.241E-22
3d6(5D)4s9p_5Dbo               1.483E-17  1.049E-17  7.412E-18  4.491E-18  2.633E-18
3d7(4F)7p_3Fbo                 4.842E-18  4.453E-18  3.863E-18  2.731E-18  1.649E-18
3d7(4F)6f_3Ho                  6.393E-20  2.568E-20  9.881E-21  2.671E-21  9.707E-22
3d7(4F)6f_3Fbo                 7.009E-18  6.629E-18  5.795E-18  3.779E-18  2.070E-18
3d7(4F)6f_5Dbo                 6.802E-18  6.402E-18  5.596E-18  3.717E-18  2.073E-18
3d7(4F)6f_5Fo                  3.899E-18  3.692E-18  3.227E-18  2.095E-18  1.143E-18
3d7(4F)7d_3Gbe                 2.939E-18  2.863E-18  2.408E-18  1.301E-18  6.236E-19
3d7(4F)7d_3Fe                  2.699E-20  1.083E-20  4.160E-21  1.123E-21  4.080E-22
3d6(3G)4s4p_3Ho                5.300E-20  9.322E-20  1.105E-19  6.827E-20  3.339E-20
3d7(4F)9p_5Do                  1.947E-18  1.901E-18  1.533E-18  7.590E-19  3.476E-19
3d7(4F)9p_5Fo                  2.508E-18  2.450E-18  1.982E-18  9.878E-19  4.539E-19
3d7(4F)9p_5Go                  2.644E-18  2.579E-18  2.054E-18  9.960E-19  4.516E-19
3d7(4F)9p_3Go                  1.876E-20  7.421E-21  2.823E-21  7.558E-22  2.734E-22
3d7(4P)5p_5So                  9.889E-20  1.462E-19  1.775E-19  1.325E-19  7.216E-20
3d7(4F)9p_3Fo                  5.406E-21  2.069E-21  7.691E-22  2.019E-22  7.238E-23
3d7(4F)9p_3Do                  1.159E-20  4.580E-21  1.742E-21  4.660E-22  1.686E-22
3d7(4F)8d_5Fe                  2.878E-18  2.782E-18  2.395E-18  1.391E-18  6.966E-19
3d7(4F)8d_5Pe                  1.776E-18  1.718E-18  1.477E-18  8.520E-19  4.251E-19
3d7(2F)4p_1Do                  1.557E-20  2.830E-20  4.011E-20  3.202E-20  1.759E-20
3d7(4F)8d_5De                  2.069E-18  2.007E-18  1.715E-18  9.703E-19  4.781E-19
3d7(4F)8d_5Ge                  2.791E-18  2.711E-18  2.307E-18  1.287E-18  6.288E-19
3d7(4F)8d_5He                  3.137E-18  3.049E-18  2.590E-18  1.437E-18  6.998E-19
3d7(4F)8d_3Ge                  1.160E-20  4.537E-21  1.713E-21  4.555E-22  1.643E-22
3d7(4F)8d_3He                  1.346E-20  5.264E-21  1.987E-21  5.283E-22  1.905E-22
3d7(4F)6f_5Ibo                 2.424E-18  2.360E-18  1.988E-18  1.077E-18  5.172E-19
3d7(4F)8d_3De                  6.278E-21  2.448E-21  9.219E-22  2.447E-22  8.816E-23
3d7(4F)8d_3Pe                  3.491E-21  1.354E-21  5.082E-22  1.345E-22  4.838E-23
3d7(4F)7d_3Fbe                 4.230E-19  3.946E-19  2.744E-19  1.126E-19  4.741E-20
3d6(5D)4p2_5Fe                 2.453E-20  1.564E-20  8.319E-21  2.814E-21  1.105E-21
3d7(4F)6f_3Hbo                 2.093E-19  1.781E-19  1.093E-19  4.008E-20  1.614E-20
3d7(4F)6f_5Hbo                 1.448E-19  1.208E-19  7.271E-20  2.622E-20  1.050E-20
3d7(4F)6f_5Gbo                 1.017E-19  8.465E-20  5.081E-20  1.829E-20  7.314E-21
3d7(4F)6f_3Gbo                 1.413E-19  1.174E-19  7.038E-20  2.530E-20  1.012E-20
3d7(4F)6f_5Pbo                 9.750E-20  8.057E-20  4.802E-20  1.719E-20  6.859E-21
3d7(4F)6f_3Pbo                 5.816E-20  4.801E-20  2.859E-20  1.022E-20  4.079E-21
3d7(4F)6f_3Ibo                 2.087E-19  1.717E-19  1.019E-19  3.632E-20  1.448E-20
3d7(4P)5p_3Do                  5.108E-21  4.184E-21  2.343E-21  7.903E-22  3.081E-22
3d7(4F)7d_5Dbe                 3.711E-20  2.831E-20  1.572E-20  5.327E-21  2.084E-21
3d7(4F)7d_5Gbe                 5.070E-20  3.733E-20  2.015E-20  6.691E-21  2.598E-21
3d6(5D)4p2_5Pe                 4.812E-22  2.212E-22  9.024E-23  2.497E-23  9.102E-24
3d7(2F)4p_3Do                  3.279E-24  1.603E-24  6.688E-25  1.870E-25  6.839E-26
Total Recom. Rate=             1.520E-12  1.442E-12  1.826E-12  1.598E-12  1.031E-12
