********************************************************************************

   Super level assignments for MnIV
   E%LS option with E%=2.0%

********************************************************************************
   
28-Nov-2000                            !Date
1000                                   !Number of energy levels
6                                      !Entry number of link to super level
  
3d4_a5De[0]                1.0          0.0000    12.3814   2.421E+02     1     0      1
3d4_a5De[1]                3.0         99.0000    12.3785   2.422E+02     1     0      2
3d4_a5De[2]                5.0        286.8000    12.3728   2.423E+02     1     0      3
3d4_a5De[3]                7.0        552.2000    12.3649   2.425E+02     1     0      4
3d4_a5De[4]                9.0        885.8000    12.3549   2.427E+02     1     0      5
3d4_a3Pe[0]                1.0      20654.2000    11.7622   2.549E+02     2     0      6
3d4_a3Pe[1]                3.0      21278.8000    11.7435   2.553E+02     2     0      7
3d4_a3He[4]                9.0      21280.7000    11.7434   2.553E+02     3     0      8
3d4_a3He[5]               11.0      21474.8000    11.7376   2.554E+02     3     0      9
3d4_a3He[6]               13.0      21679.3000    11.7315   2.555E+02     3     0     10
3d4_a3Pe[2]                5.0      22324.7000    11.7122   2.560E+02     2     0     11
3d4_a3Fe[2]                5.0      22791.0000    11.6982   2.563E+02     4     0     12
3d4_a3Fe[3]                7.0      22862.3000    11.6960   2.563E+02     4     0     13
3d4_a3Fe[4]                9.0      22959.1000    11.6931   2.564E+02     4     0     14
3d4_a3Ge[3]                7.0      25440.4000    11.6187   2.580E+02     5     0     15
3d4_a3Ge[4]                9.0      25670.8000    11.6118   2.582E+02     5     0     16
3d4_a3Ge[5]               11.0      25877.7000    11.6056   2.583E+02     5     0     17
3d4_a3De[3]                7.0      31385.2000    11.4405   2.620E+02     6     0     18
3d4_a3De[2]                5.0      31473.5000    11.4379   2.621E+02     6     0     19
3d4_a3De[1]                3.0      31580.7000    11.4347   2.622E+02     6     0     20
3d4(1G)_1Ge[4]             9.0      32027.9390    11.4213   2.625E+02     7     0     21
3d4(1I)_1Ie[6]            13.0      32092.1140    11.4193   2.625E+02     7     0     22
3d4(1S)_1Se[0]             1.0      35642.3230    11.3129   2.650E+02     8     0     23
3d4(1D)_1De[2]             5.0      38621.6770    11.2236   2.671E+02     9     0     24
3d4(1F)_1Fe[3]             7.0      45134.1620    11.0283   2.718E+02    10     0     25
3d4(3P)_3Pe[2]             5.0      52670.4220    10.8024   2.775E+02    11     0     26
3d4_b3Fe[4]                9.0      53212.3000    10.7862   2.779E+02    11     0     27
3d4_b3Fe[2]                5.0      53260.7000    10.7847   2.780E+02    11     0     28
3d4(3P)_3Pe[1]             3.0      53274.2030    10.7843   2.780E+02    11     0     29
3d4_b3Fe[3]                7.0      53286.7000    10.7839   2.780E+02    11     0     30
3d4(3P)_3Pe[0]             1.0      53579.3580    10.7752   2.782E+02    11     0     31
3d4(1G)_1Gbe[4]            9.0      60471.5320    10.5685   2.837E+02    12     0     32
3d4(1D)_1Dbe[2]            5.0      80143.5940     9.9788   3.004E+02    13     0     33
3d4(1S)_1Sbe[0]            1.0     102876.4540     9.2973   3.225E+02    14     0     34
3d3(4F)4s_a5Fe[1]          3.0     111506.0000     9.0386   3.317E+02    15     0     35
3d3(4F)4s_a5Fe[2]          5.0     111710.4000     9.0324   3.319E+02    15     0     36
3d3(4F)4s_a5Fe[3]          7.0     112013.3000     9.0234   3.322E+02    15     0     37
3d3(4F)4s_a5Fe[4]          9.0     112408.9000     9.0115   3.327E+02    15     0     38
3d3(4F)4s_a5Fe[5]         11.0     112882.8000     8.9973   3.332E+02    15     0     39
3d3(4F)4s_c3Fe[2]          5.0     119445.5000     8.8005   3.407E+02    16     0     40
3d3(4F)4s_c3Fe[3]          7.0     119961.5000     8.7851   3.413E+02    16     0     41
3d3(4F)4s_c3Fe[4]          9.0     120603.1000     8.7658   3.420E+02    16     0     42
3d3(4P)4s_5Pe[1]           3.0     127824.5660     8.5493   3.507E+02    17     0     43
3d3(4P)4s_5Pe[2]           5.0     127980.9060     8.5447   3.509E+02    17     0     44
3d3(4P)4s_5Pe[3]           7.0     128345.4910     8.5337   3.513E+02    17     0     45
3d3(2G)4s_b3Ge[3]          7.0     130969.5000     8.4551   3.546E+02    18     0     46
3d3(2G)4s_b3Ge[4]          9.0     131170.1000     8.4490   3.548E+02    18     0     47
3d3(2G)4s_b3Ge[5]         11.0     131462.5000     8.4403   3.552E+02    18     0     48
3d3(2P)4s_3Pe[0]           1.0     134413.8160     8.3518   3.590E+02    19     0     49
3d3(2P)4s_3Pe[1]           3.0     134636.1410     8.3451   3.592E+02    19     0     50
3d3(2P)4s_3Pe[2]           5.0     134885.6620     8.3377   3.596E+02    19     0     51
3d3(2G)4s_1Ge[4]           9.0     135142.2120     8.3300   3.599E+02    20     0     52
3d3(4P)4s_3Pe[1]           3.0     135596.2310     8.3164   3.605E+02    19     0     53
3d3(4P)4s_3Pe[0]           1.0     135772.5540     8.3111   3.607E+02    19     0     54
3d3(4P)4s_3Pe[2]           5.0     135973.3990     8.3050   3.610E+02    19     0     55
3d3(2D)4s_3De[1]           3.0     136625.8460     8.2855   3.618E+02    21     0     56
3d3(2D)4s_3De[2]           5.0     137138.0680     8.2701   3.625E+02    21     0     57
3d3(2D)4s_3De[3]           7.0     137291.6680     8.2655   3.627E+02    21     0     58
3d3(2H)4s_b3He[4]          9.0     137853.0000     8.2487   3.634E+02    21     0     59
3d3(2H)4s_b3He[5]         11.0     137930.1000     8.2464   3.635E+02    21     0     60
3d3(2H)4s_b3He[6]         13.0     138123.1000     8.2406   3.638E+02    21     0     61
3d3(2P)4s_1Pe[1]           3.0     139112.6170     8.2109   3.651E+02    22     0     62
3d3(2D)4s_1De[2]           5.0     141020.3690     8.1537   3.677E+02    22     0     63
3d3(2H)4s_1He[5]          11.0     141907.4060     8.1272   3.689E+02    23     0     64
3d3(2F)4s_d3Fe[4]          9.0     152700.5000     7.8036   3.842E+02    24     0     65
3d3(2F)4s_d3Fe[3]          7.0     152858.2000     7.7989   3.844E+02    24     0     66
3d3(2F)4s_d3Fe[2]          5.0     152986.0000     7.7950   3.846E+02    24     0     67
3d3(2F)4s_1Fe[3]           7.0     156598.3320     7.6867   3.900E+02    25     0     68
3d3(4F)4p_z5Go[2]          5.0     167890.1000     7.3482   4.080E+02    26     0     69
3d3(4F)4p_z5Go[3]          7.0     168300.3000     7.3359   4.087E+02    26     0     70
3d3(4F)4p_z5Go[4]          9.0     168839.7000     7.3197   4.096E+02    26     0     71
3d3(4F)4p_z5Go[5]         11.0     169499.2000     7.3000   4.107E+02    26     0     72
3d3(4F)4p_z5Go[6]         13.0     170285.8000     7.2764   4.120E+02    26     0     73
3d3(4F)4p_z3Do[1]          3.0     170577.8000     7.2676   4.125E+02    27     0     74
3d3(4F)4p_z5Do[2]          5.0     170866.3000     7.2590   4.130E+02    28     0     75
3d3(4F)4p_5Do[0]           1.0     170992.5360     7.2552   4.132E+02    26     0     76
3d3(4F)4p_z5Do[3]          7.0     171276.9000     7.2467   4.137E+02    28     0     77
3d3(4F)4p_z5Do[1]          3.0     171383.9000     7.2435   4.139E+02    28     0     78
3d3(4F)4p_z5Fo[2]          5.0     171698.3000     7.2340   4.144E+02    28     0     79
3d3(4F)4p_z5Do[4]          9.0     171765.0000     7.2320   4.145E+02    28     0     80
3d3(4F)4p_z5Fo[3]          7.0     172081.9000     7.2225   4.151E+02    28     0     81
3d3(4F)4p_z5Fo[1]          3.0     172090.6000     7.2223   4.151E+02    28     0     82
3d3(4F)4p_z3Do[2]          5.0     172398.7000     7.2130   4.156E+02    27     0     83
3d3(4F)4p_z5Fo[4]          9.0     172477.2000     7.2107   4.158E+02    28     0     84
3d3(4F)4p_z5Fo[5]         11.0     172871.5000     7.1989   4.164E+02    28     0     85
3d3(4F)4p_z3Do[3]          7.0     172952.6000     7.1964   4.166E+02    27     0     86
3d3(2D)4s_3Dbe[3]          7.0     173314.8060     7.1856   4.172E+02    29     0     87
3d3(2D)4s_3Dbe[2]          5.0     173472.6650     7.1808   4.175E+02    29     0     88
3d3(2D)4s_3Dbe[1]          3.0     173586.0030     7.1775   4.177E+02    29     0     89
3d3(4F)4p_z3Go[3]          7.0     175436.0000     7.1220   4.209E+02    30     0     90
3d3(4F)4p_z3Go[4]          9.0     175813.4000     7.1107   4.216E+02    30     0     91
3d3(4F)4p_z3Go[5]         11.0     176288.6000     7.0964   4.225E+02    30     0     92
3d3(2D)4s_1Dbe[2]          5.0     177197.3420     7.0692   4.241E+02    31     0     93
3d3(4F)4p_z3Fo[2]          5.0     177629.8000     7.0562   4.249E+02    30     0     94
3d3(4F)4p_z3Fo[3]          7.0     178075.1000     7.0429   4.257E+02    30     0     95
3d3(4F)4p_z3Fo[4]          9.0     178579.5000     7.0277   4.266E+02    30     0     96
3d3(4p)4p_z5Po[1]          3.0     184566.1000     6.8483   4.378E+02    32     0     97
3d3(4p)4p_z5Po[2]          5.0     184901.2000     6.8382   4.384E+02    32     0     98
3d3(4p)4p_z5Po[3]          7.0     185435.9000     6.8222   4.394E+02    32     0     99
3d3(4P)4p_5Do[0]           1.0     185816.6560     6.8108   4.402E+02    32     0    100
3d3(4P)4p_5Do[1]           3.0     186067.1830     6.8033   4.407E+02    32     0    101
3d3(4P)4p_3Po[2]           5.0     186228.4300     6.7984   4.410E+02    33     0    102
3d3(2G)4p_z3Ho[4]          9.0     186659.4000     6.7855   4.418E+02    33     0    103
3d3(4P)4p_5Dbo[0]          1.0     186896.5230     6.7784   4.423E+02    32     0    104
3d3(4p)4p_y5Do[3]          7.0     187004.0000     6.7752   4.425E+02    32     0    105
3d3(4P)4p_5Do[2]           5.0     187095.0280     6.7725   4.427E+02    32     0    106
3d3(4P)4p_3Po[1]           3.0     187114.5220     6.7719   4.427E+02    33     0    107
3d3(2G)4p_z3Ho[5]         11.0     187278.5000     6.7670   4.430E+02    33     0    108
3d3(4p)4p_y5Do[4]          9.0     187679.5000     6.7549   4.438E+02    32     0    109
3d3(2G)4p_z3Ho[6]         13.0     188184.8000     6.7398   4.448E+02    33     0    110
3d3(2G)4p_y3Go[3]          7.0     188756.2000     6.7227   4.459E+02    33     0    111
3d3(2G)4p_y3Go[4]          9.0     189210.9000     6.7090   4.468E+02    33     0    112
3d3(2P)4p_1So[0]           1.0     189385.5620     6.7038   4.472E+02    34     0    113
3d3(2G)4p_y3Go[5]         11.0     189553.9000     6.6987   4.475E+02    33     0    114
3d3(2G)4p_y3Fo[4]          9.0     190032.4000     6.6844   4.485E+02    35     0    115
3d3(2G)4p_y3Fo[2]          5.0     190135.9000     6.6813   4.487E+02    35     0    116
3d3(2G)4p_y3Fo[3]          7.0     190282.8000     6.6769   4.490E+02    35     0    117
3d3(2P)4p_3Po[0]           1.0     190957.8360     6.6567   4.504E+02    35     0    118
3d3(2P)4p_3Po[1]           3.0     190981.3210     6.6560   4.504E+02    35     0    119
3d3(2G)4p_1Go[4]           9.0     191488.8750     6.6407   4.514E+02    34     0    120
3d3(2P)4p_3Po[2]           5.0     191558.9970     6.6386   4.516E+02    35     0    121
3d3(2G)4p_1Ho[5]          11.0     191939.1190     6.6272   4.524E+02    34     0    122
3d3(2G)4p_1Fo[3]           7.0     191961.7350     6.6266   4.524E+02    34     0    123
3d3(4P)4p_5So[2]           5.0     191993.8980     6.6256   4.525E+02    36     0    124
3d3(4P)4p_5Sbo[2]          5.0     192470.7310     6.6113   4.535E+02    36     0    125
3d3(2P)4p_y3Do[1]          3.0     192980.7000     6.5960   4.545E+02    37     0    126
3d3(2P)4p_y3Do[2]          5.0     193739.6000     6.5733   4.561E+02    37     0    127
3d3(2H)4p_y3Ho[4]          9.0     193760.7000     6.5726   4.561E+02    37     0    128
3d3(2H)4p_y3Ho[5]         11.0     193879.4000     6.5691   4.564E+02    37     0    129
3d3(2H)4p_y3Ho[6]         13.0     194155.7000     6.5608   4.569E+02    37     0    130
3d3(2P)4p_y3Do[3]          7.0     194208.2000     6.5592   4.571E+02    37     0    131
3d3(2P)4p_3So[1]           3.0     194458.6640     6.5517   4.576E+02    37     0    132
3d3(2D)4p_1Po[1]           3.0     194747.7450     6.5430   4.582E+02    38     0    133
3d3(2D)4p_3Fo[2]           5.0     195116.6520     6.5320   4.590E+02    37     0    134
3d3(4P)4p_3Do[3]           7.0     195255.0730     6.5278   4.593E+02    37     0    135
3d3(4P)4p_3Do[2]           5.0     195431.1160     6.5226   4.596E+02    37     0    136
3d3(4P)4p_3Do[1]           3.0     195470.7540     6.5214   4.597E+02    37     0    137
3d3(2D)4p_3Fo[3]           7.0     195610.2940     6.5172   4.600E+02    37     0    138
3d3(2H)4p_z3Io[5]         11.0     195974.1000     6.5063   4.608E+02    39     0    139
3d3(2D)4p_3Fo[4]           9.0     196170.8570     6.5004   4.612E+02    37     0    140
3d3(2H)4p_z3Io[6]         13.0     196497.9000     6.4906   4.619E+02    39     0    141
3d3(2D3)4p_w3Do[1]         3.0     197095.4000     6.4727   4.632E+02    39     0    142
3d3(2H)4p_z3Io[7]         15.0     197185.0000     6.4700   4.634E+02    39     0    143
3d3(2D3)4p_w3Do[2]         5.0     197554.8000     6.4589   4.642E+02    39     0    144
3d3(2D3)4p_w3Do[3]         7.0     197885.5000     6.4490   4.649E+02    39     0    145
3d3(2H)4p_1Ho[5]          11.0     198108.8200     6.4423   4.654E+02    38     0    146
3d3(2H)4p_1Go[4]           9.0     198257.8100     6.4378   4.657E+02    38     0    147
3d3(2D)4p_3Po[2]           5.0     198611.5170     6.4272   4.664E+02    39     0    148
3d3(2D)4p_3Po[1]           3.0     198836.8750     6.4204   4.669E+02    39     0    149
3d3(2D)4p_3Po[0]           1.0     199015.1270     6.4151   4.673E+02    39     0    150
3d3(2D)4p_1Fo[3]           7.0     199341.7150     6.4053   4.680E+02    40     0    151
3d3(2H)4p_1Io[6]          13.0     199860.3690     6.3898   4.692E+02    40     0    152
3d3(2H)4p_x3Go[5]         11.0     200192.2000     6.3798   4.699E+02    41     0    153
3d3(2H)4p_x3Go[4]          9.0     200290.4000     6.3769   4.701E+02    41     0    154
3d3(2H)4p_x3Go[3]          7.0     200333.2000     6.3756   4.702E+02    41     0    155
3d3(4P)4p_3So[1]           3.0     201854.0240     6.3300   4.736E+02    41     0    156
3d3(2P)4p_1Po[1]           3.0     202599.9170     6.3076   4.753E+02    40     0    157
3d3(2D)4p_1Do[2]           5.0     202761.2950     6.3028   4.756E+02    40     0    158
3d3(2F)4p_w3Fo[2]          5.0     209260.2000     6.1080   4.908E+02    42     0    159
3d3(2F)4p_w3Fo[3]          7.0     209315.5000     6.1063   4.910E+02    42     0    160
3d3(2F)4p_w3Fo[4]          9.0     209447.5000     6.1024   4.913E+02    42     0    161
3d3(2F)4p_w3Go[3]          7.0     212399.3000     6.0139   4.985E+02    42     0    162
3d3(2F)4p_w3Go[4]          9.0     212665.3000     6.0059   4.992E+02    42     0    163
3d3(2F)4p_w3Go[5]         11.0     212966.5000     5.9969   4.999E+02    42     0    164
3d3(2F)4p_3Do[3]           7.0     213464.4800     5.9819   5.012E+02    43     0    165
3d3(2F)4p_1Do[2]           5.0     213718.2760     5.9743   5.018E+02    44     0    166
3d3(2F)4p_3Do[2]           5.0     214035.5240     5.9648   5.026E+02    43     0    167
3d3(2F)4p_3Do[1]           3.0     214364.3560     5.9549   5.034E+02    43     0    168
3d3(2F)4p_1Go[4]           9.0     216239.8090     5.8987   5.082E+02    44     0    169
3d3(2F)4p_1Fo[3]           7.0     216821.3970     5.8813   5.097E+02    44     0    170
3d3(2D)4p_3Do[1]           3.0     230913.7830     5.4588   5.492E+02    45     0    171
3d3(2D)4p_3Do[2]           5.0     230959.1870     5.4574   5.493E+02    45     0    172
3d3(2D)4p_3Do[3]           7.0     231136.0900     5.4521   5.499E+02    45     0    173
3d3(2D)4p_1Dbo[2]          5.0     233046.4670     5.3949   5.557E+02    46     0    174
3d3(2D)4p_3Fbo[2]          5.0     234130.2040     5.3624   5.591E+02    45     0    175
3d3(2D)4p_3Fbo[3]          7.0     234166.2690     5.3613   5.592E+02    45     0    176
3d3(2D)4p_3Fbo[4]          9.0     234548.9030     5.3498   5.604E+02    45     0    177
3d3(2D)4p_3Pbo[2]          5.0     236948.1450     5.2779   5.680E+02    47     0    178
3d3(2D)4p_3Pbo[1]          3.0     237481.0020     5.2619   5.697E+02    47     0    179
3d3(2D)4p_3Pbo[0]          1.0     237739.7730     5.2542   5.706E+02    47     0    180
3d3(2D)4p_1Fbo[3]          7.0     237764.8520     5.2534   5.707E+02    48     0    181
3d3(2D)4p_1Pbo[1]          3.0     243439.5640     5.0833   5.898E+02    49     0    182
3d3(4F)4d_e5He[3]          7.0     248388.6000     4.9349   6.075E+02    50     0    183
3d3(4F)4d_e5He[4]          9.0     248665.0000     4.9266   6.085E+02    50     0    184
3d3(4F)4d_e5He[5]         11.0     248983.8000     4.9171   6.097E+02    50     0    185
3d3(4F)4d_5Pe[1]           3.0     249025.9410     4.9158   6.099E+02    50     0    186
3d3(4F)4d_5Pe[2]           5.0     249372.6750     4.9054   6.111E+02    50     0    187
3d3(4F)4d_e5He[6]         13.0     249374.8000     4.9054   6.112E+02    50     0    188
3d3(4F)4d_5Fe[1]           3.0     249505.2410     4.9014   6.116E+02    50     0    189
3d3(4F)4d_5Fe[2]           5.0     249701.3480     4.8956   6.124E+02    50     0    190
3d3(4F)4d_e5He[7]         15.0     249822.7000     4.8919   6.128E+02    50     0    191
3d3(4F)4d_5Pe[3]           7.0     249886.5030     4.8900   6.131E+02    50     0    192
3d3(4F)4d_5Fe[3]           7.0     249943.5440     4.8883   6.133E+02    50     0    193
3d3(4F)4d_3De[1]           3.0     250078.1400     4.8843   6.138E+02    51     0    194
3d3(4F)4d_5Fe[4]           9.0     250230.8470     4.8797   6.144E+02    50     0    195
3d3(4F)4d_5Ge[2]           5.0     250238.1700     4.8795   6.144E+02    50     0    196
3d3(4F)4d_3De[2]           5.0     250352.2800     4.8761   6.148E+02    51     0    197
3d3(4F)4d_5Ge[3]           7.0     250509.2290     4.8714   6.154E+02    50     0    198
3d3(4F)4d_5Fe[5]          11.0     250617.3350     4.8681   6.158E+02    50     0    199
3d3(4F)4d_5Ge[4]           9.0     250821.1390     4.8620   6.166E+02    50     0    200
3d3(4F)4d_3De[3]           7.0     250849.5750     4.8611   6.167E+02    51     0    201
3d3(4F)4d_5Ge[5]          11.0     251157.1520     4.8519   6.179E+02    50     0    202
3d3(4F)4d_5Ge[6]          13.0     251457.9640     4.8429   6.190E+02    50     0    203
3d3(4F)4d_3Pe[0]           1.0     254520.8900     4.7511   6.310E+02    52     0    204
3d3(4F)4d_3Pe[1]           3.0     254807.8450     4.7425   6.321E+02    52     0    205
3d3(4F)4d_3He[4]           9.0     254895.5850     4.7399   6.325E+02    52     0    206
3d3(4F)4d_3He[5]          11.0     255374.6140     4.7255   6.344E+02    52     0    207
3d3(4F)4d_3Pe[2]           5.0     255396.3460     4.7248   6.345E+02    52     0    208
3d3(4F)4d_3Ge[3]           7.0     255418.0150     4.7242   6.346E+02    52     0    209
3d3(4F)4d_3Ge[4]           9.0     255880.6640     4.7103   6.365E+02    52     0    210
3d3(4F)4d_3He[6]          13.0     255950.4370     4.7082   6.367E+02    52     0    211
3d3(4F)4d_3Fe[2]           5.0     256162.9670     4.7019   6.376E+02    52     0    212
3d3(4F)4d_3Ge[5]          11.0     256451.0640     4.6932   6.388E+02    52     0    213
3d3(4F)4d_3Fe[3]           7.0     256496.2990     4.6919   6.390E+02    52     0    214
3d3(4F)4d_3Fe[4]           9.0     256890.4530     4.6800   6.406E+02    52     0    215
3d3(4F)4d_5De[0]           1.0     258588.1640     4.6292   6.476E+02    53     0    216
3d3(4F)4d_5De[1]           3.0     258668.7910     4.6267   6.480E+02    53     0    217
3d3(4F)4d_5De[2]           5.0     258828.6200     4.6219   6.486E+02    53     0    218
3d3(4F)4d_5De[3]           7.0     259064.1280     4.6149   6.496E+02    53     0    219
3d3(4F)4d_5De[4]           9.0     259370.1010     4.6057   6.509E+02    53     0    220
3d3(4F)5s_5Fe[1]           3.0     265572.8940     4.4198   6.783E+02    54     0    221
3d3(4F)5s_5Fe[2]           5.0     265763.0660     4.4141   6.792E+02    54     0    222
3d3(4F)5s_5Fe[3]           7.0     266058.5760     4.4052   6.805E+02    54     0    223
3d3(4F)5s_5Fe[4]           9.0     266456.2290     4.3933   6.824E+02    54     0    224
3d3(4P)4d_5Fe[1]           3.0     266623.4290     4.3883   6.832E+02    54     0    225
3d3(4P)4d_5Fe[2]           5.0     266680.5870     4.3865   6.834E+02    54     0    226
3d3(4P)4d_5Fe[3]           7.0     266805.4410     4.3828   6.840E+02    54     0    227
3d3(4F)5s_5Fe[5]          11.0     266936.2630     4.3789   6.846E+02    54     0    228
3d3(4P)4d_3De[1]           3.0     266965.2800     4.3780   6.848E+02    55     0    229
3d3(4P)4d_5Fe[4]           9.0     267045.7040     4.3756   6.851E+02    54     0    230
3d3(4P)4d_3De[2]           5.0     267103.6760     4.3739   6.854E+02    55     0    231
3d3(2G)4d_1Fe[3]           7.0     267109.3930     4.3737   6.854E+02    56     0    232
3d3(4P)4d_3De[3]           7.0     267205.2150     4.3708   6.859E+02    55     0    233
3d3(4F)5s_3Fe[2]           5.0     267237.0190     4.3699   6.860E+02    55     0    234
3d3(2G)4d_3Ie[5]          11.0     267343.4390     4.3667   6.865E+02    55     0    235
3d3(4P)4d_5Fe[5]          11.0     267347.1250     4.3666   6.866E+02    54     0    236
3d3(2G)4d_3Ie[6]          13.0     267667.2060     4.3570   6.881E+02    55     0    237
3d3(4F)5s_3Fe[3]           7.0     267743.5880     4.3547   6.884E+02    55     0    238
3d3(2G)4d_1He[5]          11.0     268012.1460     4.3466   6.897E+02    56     0    239
3d3(2G)4d_3Ie[7]          15.0     268049.7450     4.3455   6.899E+02    55     0    240
3d3(2G)4d_3Ge[4]           9.0     268087.2570     4.3444   6.901E+02    55     0    241
3d3(2G)4d_3Ge[3]           7.0     268113.1080     4.3436   6.902E+02    55     0    242
3d3(2G)4d_3Ge[5]          11.0     268291.5020     4.3383   6.910E+02    55     0    243
3d3(4F)5s_3Fe[4]           9.0     268349.6890     4.3365   6.913E+02    55     0    244
3d3(2G)4d_3He[4]           9.0     268676.6960     4.3267   6.929E+02    55     0    245
3d3(4P)4d_5Pe[3]           7.0     268681.1930     4.3266   6.929E+02    54     0    246
3d3(4P)4d_5Pe[2]           5.0     268768.3020     4.3240   6.933E+02    54     0    247
3d3(4P)4d_5Pe[1]           3.0     268855.6750     4.3213   6.937E+02    54     0    248
3d3(2G)4d_3He[5]          11.0     269006.6160     4.3168   6.945E+02    55     0    249
3d3(2G)4d_3He[6]          13.0     269319.2970     4.3074   6.960E+02    55     0    250
3d2(3F)4s2_3Fe[2]          5.0     269964.1180     4.2881   6.991E+02    57     0    251
3d3(2P)4d_1Pe[1]           3.0     270112.2550     4.2837   6.999E+02    56     0    252
3d3(2G)4d_3De[2]           5.0     270381.1720     4.2756   7.012E+02    55     0    253
3d3(2G)4d_3De[3]           7.0     270472.4610     4.2729   7.016E+02    55     0    254
3d3(2P)4d_3Fe[2]           5.0     270501.9240     4.2720   7.018E+02    55     0    255
3d2(3F)4s2_3Fe[3]          7.0     270615.3860     4.2686   7.023E+02    57     0    256
3d3(2P)4d_3Fe[3]           7.0     270783.9020     4.2635   7.032E+02    55     0    257
3d3(2G)4d_1De[2]           5.0     270792.2370     4.2633   7.032E+02    56     0    258
3d3(2G)4d_3De[1]           3.0     270852.8770     4.2615   7.035E+02    55     0    259
3d3(2G)4d_3Fe[4]           9.0     270927.6360     4.2592   7.039E+02    55     0    260
3d3(4P)4d_3Fe[4]           9.0     271316.7170     4.2476   7.058E+02    55     0    261
3d3(2G)4d_1Ie[6]          13.0     271457.4750     4.2433   7.065E+02    56     0    262
3d3(2P)4d_3De[1]           3.0     271499.8460     4.2421   7.067E+02    57     0    263
3d3(2P)4d_3De[2]           5.0     271872.4830     4.2309   7.086E+02    57     0    264
3d3(2D)4d_3Se[1]           3.0     272092.0400     4.2243   7.097E+02    55     0    265
3d2(3F)4s2_3Fbe[3]         7.0     272125.3880     4.2233   7.099E+02    55     0    266
3d3(4P)4d_3Fe[2]           5.0     272186.8780     4.2215   7.102E+02    55     0    267
3d3(2P)4d_1Fe[3]           7.0     272418.5630     4.2145   7.113E+02    56     0    268
3d3(4P)4d_3Pe[1]           3.0     272544.9230     4.2107   7.120E+02    57     0    269
3d2(3F)4s2_3Fe[4]          9.0     272551.1590     4.2106   7.120E+02    57     0    270
3d3(4P)4d_3Pe[0]           1.0     272584.0920     4.2096   7.122E+02    57     0    271
3d3(4P)4d_3Pe[2]           5.0     272677.5710     4.2068   7.126E+02    57     0    272
3d3(2P)4d_3De[3]           7.0     272821.6950     4.2024   7.134E+02    57     0    273
3d3(2G)4d_1Ge[4]           9.0     273044.8080     4.1958   7.145E+02    58     0    274
3d3(4P)4d_5De[0]           1.0     273246.8830     4.1897   7.155E+02    59     0    275
3d3(2H)4d_3Ie[5]          11.0     273260.6470     4.1893   7.156E+02    57     0    276
3d3(4P)4d_5De[1]           3.0     273264.5970     4.1892   7.156E+02    59     0    277
3d3(4P)4d_5De[2]           5.0     273372.3730     4.1859   7.162E+02    59     0    278
3d3(2H)4d_3Ie[6]          13.0     273404.4440     4.1850   7.164E+02    57     0    279
3d3(4P)4d_5De[3]           7.0     273526.9630     4.1813   7.170E+02    59     0    280
3d3(2H)4d_3Ie[7]          15.0     273564.2280     4.1802   7.172E+02    57     0    281
3d3(2H)4d_1He[5]          11.0     273648.1500     4.1777   7.176E+02    58     0    282
3d3(4P)4d_5De[4]           9.0     273682.4210     4.1766   7.178E+02    59     0    283
3d3(2D)4d_3Ge[3]           7.0     274173.8720     4.1619   7.203E+02    57     0    284
3d3(2D)4d_3Ge[4]           9.0     274262.7140     4.1592   7.208E+02    57     0    285
3d3(2D)4d_1Pe[1]           3.0     274301.9900     4.1581   7.210E+02    58     0    286
3d3(2D)4d_3Ge[5]          11.0     274481.9460     4.1527   7.219E+02    57     0    287
3d3(2D)4d_3Fe[2]           5.0     275130.7350     4.1332   7.253E+02    60     0    288
3d3(2D)4d_3Fe[3]           7.0     275458.7450     4.1234   7.271E+02    60     0    289
3d3(2H)4d_3Ke[6]          13.0     275870.2220     4.1110   7.292E+02    60     0    290
3d3(2D)4d_3Fe[4]           9.0     275916.3780     4.1097   7.295E+02    60     0    291
3d3(4P)4d_3Pbe[2]          5.0     275969.8220     4.1081   7.298E+02    60     0    292
3d3(2H)4d_3Ke[7]          15.0     276070.5640     4.1050   7.303E+02    60     0    293
3d3(2H)4d_3Ke[8]          17.0     276337.1470     4.0970   7.317E+02    60     0    294
3d3(2D)4d_1De[2]           5.0     276444.8740     4.0938   7.323E+02    58     0    295
3d3(2P)4d_3Pe[1]           3.0     276657.2560     4.0875   7.334E+02    60     0    296
3d3(2P)4d_3Pe[0]           1.0     276946.3120     4.0788   7.350E+02    60     0    297
3d3(2H)4d_1Fe[3]           7.0     277145.5940     4.0728   7.361E+02    58     0    298
3d3(2H)4d_1Ge[4]           9.0     277522.6440     4.0615   7.381E+02    58     0    299
3d3(2H)4d_1Ke[7]          15.0     277615.7350     4.0587   7.386E+02    58     0    300
3d3(2H)4d_3Ge[3]           7.0     281070.1650     3.9552   7.580E+02    61     0    301
3d3(2H)4d_3Ge[4]           9.0     281312.0020     3.9479   7.594E+02    61     0    302
3d3(2H)4d_3Fe[2]           5.0     281567.2920     3.9403   7.608E+02    61     0    303
3d3(2H)4d_3Ge[5]          11.0     281757.2820     3.9346   7.619E+02    61     0    304
3d3(2H)4d_3Fe[3]           7.0     281844.2330     3.9320   7.625E+02    61     0    305
3d3(2H)4d_3Fe[4]           9.0     282146.1220     3.9229   7.642E+02    61     0    306
3d3(4P)5s_5Pe[1]           3.0     282319.2330     3.9177   7.652E+02    62     0    307
3d3(4P)5s_5Pe[2]           5.0     282463.0330     3.9134   7.661E+02    62     0    308
3d3(4P)5s_5Pe[3]           7.0     282860.9740     3.9015   7.684E+02    62     0    309
3d3(2D)4d_3Pe[0]           1.0     283401.4500     3.8853   7.716E+02    63     0    310
3d3(2H)4d_3Fbe[2]          5.0     283432.1080     3.8843   7.718E+02    61     0    311
3d3(2H)4d_3Fbe[3]          7.0     283655.2920     3.8777   7.731E+02    61     0    312
3d3(2H)4d_3Fbe[4]          9.0     283673.6140     3.8771   7.732E+02    61     0    313
3d3(4P)5s_3Pe[1]           3.0     283722.8800     3.8756   7.735E+02    61     0    314
3d3(2D)4d_3De[3]           7.0     283793.4410     3.8735   7.740E+02    61     0    315
3d2(1D)4s2_1De[2]          5.0     283911.8070     3.8700   7.747E+02    64     0    316
3d3(2G)5s_3Ge[3]           7.0     283931.0730     3.8694   7.748E+02    61     0    317
3d3(2D)4d_3De[2]           5.0     284064.0750     3.8654   7.756E+02    61     0    318
3d3(2G)5s_3Ge[4]           9.0     284091.8820     3.8646   7.757E+02    61     0    319
3d3(2D)4d_3De[1]           3.0     284223.6460     3.8606   7.765E+02    61     0    320
3d3(2H)4d_3He[4]           9.0     284283.5820     3.8588   7.769E+02    61     0    321
3d3(2G)5s_3Ge[5]          11.0     284407.2380     3.8551   7.776E+02    61     0    322
3d3(2H)4d_3He[5]          11.0     284463.8030     3.8534   7.780E+02    61     0    323
3d3(4P)5s_3Pe[2]           5.0     284471.8830     3.8532   7.780E+02    61     0    324
3d3(4P)5s_3Pe[0]           1.0     284482.2130     3.8529   7.781E+02    61     0    325
3d3(2H)4d_3He[6]          13.0     284556.2350     3.8506   7.786E+02    61     0    326
3d3(4P)5s_3Pbe[1]          3.0     284684.7950     3.8468   7.793E+02    61     0    327
3d3(2G)5s_1Ge[4]           9.0     285173.5620     3.8321   7.823E+02    64     0    328
3d3(4P)5s_3Pbe[2]          5.0     285264.4140     3.8294   7.829E+02    61     0    329
3d3(2F)4d_1Fe[3]           7.0     285311.3630     3.8280   7.832E+02    64     0    330
3d2(3P)4s2_3Pe[0]          1.0     286910.0030     3.7801   7.931E+02    63     0    331
3d2(3P)4s2_3Pe[1]          3.0     287195.7700     3.7715   7.949E+02    63     0    332
3d2(3P)4s2_3Pe[2]          5.0     287279.1960     3.7690   7.954E+02    63     0    333
3d3(2P)5s_3Pe[0]           1.0     287822.6310     3.7527   7.989E+02    63     0    334
3d3(2P)5s_3Pe[1]           3.0     287849.8110     3.7519   7.990E+02    63     0    335
3d3(2P)5s_3Pe[2]           5.0     287989.4430     3.7477   7.999E+02    63     0    336
3d2(3P)4s2_3Pbe[2]         5.0     288138.7940     3.7432   8.009E+02    63     0    337
3d3(4F)5p_5Go[2]           5.0     288147.9770     3.7430   8.009E+02    65     0    338
3d3(4F)5p_5Go[3]           7.0     288476.7720     3.7331   8.031E+02    65     0    339
3d3(2G)4d_1Gbe[4]          9.0     288500.9060     3.7324   8.032E+02    64     0    340
3d3(2P)5s_1Pe[1]           3.0     288643.8880     3.7281   8.041E+02    64     0    341
3d3(4F)5p_5Go[4]           9.0     288902.9990     3.7203   8.058E+02    65     0    342
3d3(4F)5p_5Fo[1]           3.0     289023.2020     3.7167   8.066E+02    65     0    343
3d3(4F)5p_5Do[0]           1.0     289143.7330     3.7131   8.074E+02    65     0    344
3d3(4F)5p_5Do[1]           3.0     289231.9090     3.7105   8.080E+02    65     0    345
3d3(4F)5p_5Fo[2]           5.0     289316.5850     3.7079   8.085E+02    65     0    346
3d3(4F)5p_5Go[5]          11.0     289419.0240     3.7049   8.092E+02    65     0    347
3d3(4F)5p_5Fbo[2]          5.0     289419.2950     3.7049   8.092E+02    65     0    348
3d3(4F)5p_5Fo[3]           7.0     289713.1020     3.6960   8.111E+02    65     0    349
3d3(4F)5p_5Do[3]           7.0     289746.5260     3.6950   8.113E+02    65     0    350
3d3(4F)5p_3Do[1]           3.0     289983.3860     3.6879   8.129E+02    66     0    351
3d3(4F)5p_5Go[6]          13.0     290018.1070     3.6869   8.131E+02    65     0    352
3d3(4F)5p_5Fo[4]           9.0     290120.1170     3.6838   8.138E+02    65     0    353
3d3(2D)5s_3De[2]           5.0     290240.0160     3.6803   8.146E+02    67     0    354
3d3(2D)5s_3De[1]           3.0     290242.9650     3.6802   8.146E+02    67     0    355
3d3(4F)5p_5Do[4]           9.0     290298.6760     3.6785   8.150E+02    65     0    356
3d3(2D)5s_3De[3]           7.0     290431.7950     3.6745   8.159E+02    67     0    357
3d3(4F)5p_3Do[2]           5.0     290431.9050     3.6745   8.159E+02    66     0    358
3d3(4F)5p_5Fo[5]          11.0     290639.2190     3.6683   8.173E+02    65     0    359
3d3(4F)5p_3Go[3]           7.0     290676.8870     3.6672   8.175E+02    66     0    360
3d3(2H)5s_1He[5]          11.0     290821.3260     3.6628   8.185E+02    68     0    361
3d3(2H)4d_1Ie[6]          13.0     290892.4580     3.6607   8.190E+02    68     0    362
3d3(2H)5s_3He[4]           9.0     290921.1490     3.6598   8.191E+02    67     0    363
3d3(4F)5p_3Do[3]           7.0     291124.4800     3.6537   8.205E+02    66     0    364
3d3(2H)5s_3He[5]          11.0     291130.2530     3.6536   8.205E+02    67     0    365
3d3(4F)5p_3Go[4]           9.0     291182.1160     3.6520   8.209E+02    66     0    366
3d3(2D)5s_1De[2]           5.0     291243.5650     3.6502   8.213E+02    68     0    367
3d3(2H)5s_3He[6]          13.0     291287.3580     3.6489   8.216E+02    67     0    368
3d3(4F)5p_3Fo[2]           5.0     291427.2450     3.6447   8.226E+02    66     0    369
3d3(2F)4d_1Pe[1]           3.0     291682.1150     3.6370   8.243E+02    68     0    370
3d3(4F)5p_3Go[5]          11.0     291816.1080     3.6330   8.252E+02    66     0    371
3d3(4F)5p_3Fo[3]           7.0     291975.7660     3.6282   8.263E+02    66     0    372
3d3(2D)4d_1Se[0]           1.0     292115.1120     3.6240   8.272E+02    68     0    373
3d3(4F)5p_3Fo[4]           9.0     292506.1690     3.6123   8.299E+02    66     0    374
3d3(2F)4d_3He[5]          11.0     292853.2760     3.6019   8.323E+02    67     0    375
3d3(2F)4d_3He[6]          13.0     292866.1080     3.6015   8.324E+02    67     0    376
3d3(2F)4d_3He[4]           9.0     292899.6250     3.6005   8.326E+02    67     0    377
3d3(2H)5s_1Hbe[5]         11.0     293107.4990     3.5943   8.341E+02    68     0    378
3d3(2F)4d_3Ge[3]           7.0     294068.1690     3.5655   8.408E+02    67     0    379
3d3(2F)4d_3Ge[4]           9.0     294075.9120     3.5653   8.409E+02    67     0    380
3d3(2F)4d_3Ge[5]          11.0     294097.6310     3.5646   8.410E+02    67     0    381
3d3(2F)4d_3De[2]           5.0     294165.3780     3.5626   8.415E+02    67     0    382
3d3(2F)4d_3De[1]           3.0     294169.2710     3.5625   8.415E+02    67     0    383
3d3(2F)4d_3De[3]           7.0     294184.5370     3.5620   8.416E+02    67     0    384
3d2(1G)4s2_1Ge[4]          9.0     294437.8990     3.5544   8.434E+02    68     0    385
3d3(2F)4d_3Fe[2]           5.0     295054.3080     3.5359   8.478E+02    67     0    386
3d3(2F)4d_3Fe[3]           7.0     295107.1350     3.5343   8.482E+02    67     0    387
3d3(2F)4d_3Fe[4]           9.0     295154.4150     3.5329   8.486E+02    67     0    388
3d3(2F)4d_1Fbe[3]          7.0     298109.0130     3.4443   8.704E+02    69     0    389
3d3(2F)4d_1De[2]           5.0     301645.2080     3.3383   8.980E+02    69     0    390
3d3(4F)4f_5Io[4]           9.0     301937.5610     3.3296   9.004E+02    70     0    391
3d3(4F)4f_5Io[5]          11.0     302166.8260     3.3227   9.023E+02    70     0    392
3d3(2F)4d_3Pe[2]           5.0     302230.5860     3.3208   9.028E+02    71     0    393
3d3(4F)4f_5So[2]           5.0     302305.0660     3.3186   9.034E+02    70     0    394
3d3(2F)4d_3Pe[1]           3.0     302347.3750     3.3173   9.037E+02    71     0    395
3d3(2F)4d_3Pe[0]           1.0     302403.7150     3.3156   9.042E+02    71     0    396
3d3(4F)4f_5Ho[3]           7.0     302434.6920     3.3147   9.044E+02    70     0    397
3d3(4F)4f_5Io[6]          13.0     302481.2950     3.3133   9.048E+02    70     0    398
3d3(4F)4f_5Ho[4]           9.0     302592.3110     3.3099   9.057E+02    70     0    399
3d3(4F)4f_5Go[2]           5.0     302601.0110     3.3097   9.058E+02    70     0    400
3d3(4F)4f_3Do[1]           3.0     302766.2210     3.3047   9.072E+02    72     0    401
3d3(4F)4f_5Go[3]           7.0     302854.9080     3.3021   9.079E+02    70     0    402
3d3(4F)4f_5Ho[5]          11.0     302856.2020     3.3020   9.079E+02    70     0    403
3d3(4F)4f_5Io[7]          15.0     302890.5790     3.3010   9.082E+02    70     0    404
3d3(4F)4f_3Do[2]           5.0     302895.2090     3.3009   9.082E+02    72     0    405
3d3(4F)4f_3Do[3]           7.0     302941.6230     3.2995   9.086E+02    72     0    406
3d3(4F)4f_5Po[1]           3.0     302990.3150     3.2980   9.090E+02    70     0    407
3d3(4F)4f_5Go[4]           9.0     303127.1150     3.2939   9.101E+02    70     0    408
3d3(4F)4f_5Do[2]           5.0     303140.0920     3.2935   9.103E+02    70     0    409
3d3(4F)4f_5Ho[6]          13.0     303255.7360     3.2901   9.112E+02    70     0    410
3d3(4F)4f_3Po[0]           1.0     303278.1860     3.2894   9.114E+02    72     0    411
3d3(4F)4f_5Po[3]           7.0     303337.8430     3.2876   9.119E+02    70     0    412
3d3(4F)4f_3Io[5]          11.0     303353.5090     3.2871   9.120E+02    72     0    413
3d3(4F)4f_5Fo[1]           3.0     303364.7760     3.2868   9.121E+02    70     0    414
3d3(4F)4f_5Io[8]          17.0     303393.7460     3.2859   9.124E+02    70     0    415
3d3(4F)4f_5Go[5]          11.0     303489.3120     3.2830   9.132E+02    70     0    416
3d3(4F)4f_3Fo[2]           5.0     303504.8090     3.2826   9.133E+02    72     0    417
3d3(4F)4f_3Dbo[1]          3.0     303520.9530     3.2821   9.134E+02    72     0    418
3d3(4F)4f_5Fo[3]           7.0     303589.5880     3.2800   9.140E+02    70     0    419
3d3(4F)4f_3Fo[4]           9.0     303603.7370     3.2796   9.141E+02    72     0    420
3d3(4F)4f_3Po[2]           5.0     303706.0430     3.2766   9.150E+02    72     0    421
3d3(4F)4f_3Ho[4]           9.0     303726.8420     3.2759   9.151E+02    72     0    422
3d3(4F)4f_5Do[0]           1.0     303772.8390     3.2745   9.155E+02    70     0    423
3d3(4F)4f_5Ho[7]          15.0     303814.8850     3.2733   9.159E+02    70     0    424
3d3(4F)4f_5Do[1]           3.0     303905.6300     3.2706   9.166E+02    70     0    425
3d3(4F)4f_5Go[6]          13.0     303911.3890     3.2704   9.167E+02    70     0    426
3d3(4F)4f_3Io[6]          13.0     303930.6910     3.2698   9.168E+02    72     0    427
3d3(4F)4f_3Go[3]           7.0     304008.9290     3.2675   9.175E+02    72     0    428
3d3(2F)4d_1Ge[4]           9.0     304013.2950     3.2673   9.175E+02    69     0    429
3d3(4F)4f_3Pbo[2]          5.0     304036.8970     3.2666   9.177E+02    72     0    430
3d3(4F)4f_3Fbo[4]          9.0     304083.6570     3.2652   9.181E+02    72     0    431
3d3(4F)4f_3Ho[5]          11.0     304232.6600     3.2608   9.194E+02    72     0    432
3d3(4F)4f_5Dbo[2]          5.0     304299.9060     3.2587   9.200E+02    70     0    433
3d3(4F)4f_5Fo[5]          11.0     304347.8870     3.2573   9.204E+02    70     0    434
3d3(4F)4f_5Do[3]           7.0     304423.3750     3.2550   9.210E+02    70     0    435
3d3(4F)4f_3Gbo[3]          7.0     304483.8450     3.2532   9.215E+02    72     0    436
3d3(4F)4f_3So[1]           3.0     304493.5200     3.2529   9.216E+02    72     0    437
3d3(4F)4f_5Do[4]           9.0     304499.7510     3.2528   9.217E+02    70     0    438
3d3(4F)4f_3Io[7]          15.0     304599.1260     3.2498   9.225E+02    72     0    439
3d3(4F)4f_3Go[4]           9.0     304869.5740     3.2417   9.248E+02    72     0    440
3d3(4F)4f_3Ho[6]          13.0     304882.6850     3.2413   9.249E+02    72     0    441
3d3(4P)5p_5Po[1]           3.0     305024.7530     3.2370   9.261E+02    70     0    442
3d3(4F)4f_3Go[5]          11.0     305159.3410     3.2330   9.273E+02    72     0    443
3d3(4P)5p_5Po[2]           5.0     305280.8900     3.2293   9.283E+02    70     0    444
3d3(4P)5p_5Do[0]           1.0     305320.6750     3.2281   9.287E+02    70     0    445
3d3(4P)5p_5Do[1]           3.0     305413.1140     3.2254   9.295E+02    70     0    446
3d3(4P)5p_5Po[3]           7.0     305549.5170     3.2213   9.307E+02    70     0    447
3d3(4P)5p_5Do[2]           5.0     305587.1370     3.2202   9.310E+02    70     0    448
3d3(4P)5p_5Do[3]           7.0     305996.1920     3.2079   9.345E+02    70     0    449
3d3(4P)5p_3Po[0]           1.0     306038.1740     3.2066   9.349E+02    72     0    450
3d3(4P)5p_3Po[2]           5.0     306184.0910     3.2023   9.362E+02    72     0    451
3d3(4P)5p_3Po[1]           3.0     306186.3670     3.2022   9.362E+02    72     0    452
3d3(2F)5s_3Fe[4]           9.0     306339.0730     3.1976   9.376E+02    71     0    453
3d3(4P)5p_5Do[4]           9.0     306440.4740     3.1946   9.384E+02    70     0    454
3d3(2F)5s_3Fe[3]           7.0     306444.8640     3.1944   9.385E+02    71     0    455
3d3(2G)5p_3Ho[4]           9.0     306538.0100     3.1917   9.393E+02    72     0    456
3d3(2F)5s_3Fe[2]           5.0     306550.5100     3.1913   9.394E+02    71     0    457
3d3(2G)5p_3Go[3]           7.0     306830.2080     3.1829   9.419E+02    72     0    458
3d3(2G)5p_3Ho[5]          11.0     306975.4990     3.1785   9.432E+02    72     0    459
3d3(2G)5p_3Go[4]           9.0     307145.4110     3.1734   9.447E+02    72     0    460
3d3(2F)5s_1Fe[3]           7.0     307186.6020     3.1722   9.451E+02    73     0    461
3d3(2G)5p_3Go[5]          11.0     307441.4180     3.1646   9.473E+02    72     0    462
3d3(2G)5p_3Ho[6]          13.0     307540.1720     3.1616   9.482E+02    72     0    463
3d3(4P)5p_5So[2]           5.0     307616.7500     3.1593   9.489E+02    70     0    464
3d3(2G)5p_1Go[4]           9.0     307666.4520     3.1578   9.494E+02    74     0    465
3d3(2G)5p_3Fo[3]           7.0     307718.4220     3.1563   9.498E+02    72     0    466
3d3(2G)5p_3Fo[2]           5.0     307751.5910     3.1553   9.501E+02    72     0    467
3d3(4P)5p_3Do[1]           3.0     307902.0890     3.1508   9.515E+02    72     0    468
3d3(4P)5p_3Do[2]           5.0     308053.9020     3.1462   9.529E+02    72     0    469
3d3(2G)5p_3Fo[4]           9.0     308201.1450     3.1418   9.542E+02    72     0    470
3d3(4P)5p_3Do[3]           7.0     308320.0260     3.1382   9.553E+02    72     0    471
3d3(2G)5p_1Ho[5]          11.0     308382.5310     3.1364   9.559E+02    74     0    472
3d3(2G)5p_1Fo[3]           7.0     308723.0670     3.1261   9.590E+02    74     0    473
3d3(2P)5p_1So[0]           1.0     310262.6200     3.0800   9.734E+02    74     0    474
3d3(4P)5p_3So[1]           3.0     310350.6480     3.0774   9.742E+02    75     0    475
3d3(2P)5p_3Po[0]           1.0     310737.2750     3.0658   9.779E+02    75     0    476
3d3(2P)5p_3Po[1]           3.0     310861.2930     3.0620   9.791E+02    75     0    477
3d3(2P)5p_3Do[2]           5.0     311070.1380     3.0558   9.811E+02    75     0    478
3d3(2P)5p_3Do[1]           3.0     311116.9590     3.0544   9.815E+02    75     0    479
3d3(2P)5p_3Dbo[2]          5.0     311426.6460     3.0451   9.845E+02    75     0    480
3d3(2P)5p_3Do[3]           7.0     311492.1440     3.0431   9.851E+02    75     0    481
3d3(2P)5p_3So[1]           3.0     311703.2870     3.0368   9.872E+02    75     0    482
3d3(2P)5p_3Po[2]           5.0     311903.0940     3.0308   9.891E+02    75     0    483
3d3(2D)4d_3Dbe[3]          7.0     312057.9770     3.0262   9.907E+02    76     0    484
3d3(2D)4d_3Dbe[2]          5.0     312075.2250     3.0256   9.908E+02    76     0    485
3d3(2D)4d_3Dbe[1]          3.0     312086.3140     3.0253   9.909E+02    76     0    486
3d3(2D)4d_1Fe[3]           7.0     312404.7220     3.0158   9.941E+02    73     0    487
3d3(2P)5p_1Po[1]           3.0     312578.1710     3.0106   9.958E+02    74     0    488
3d3(2H)5p_3Ho[4]           9.0     312814.2550     3.0035   9.981E+02    75     0    489
3d3(2H)5p_3Ho[5]          11.0     312975.4850     2.9987   9.998E+02    75     0    490
3d3(2H)5p_3Ho[6]          13.0     313199.7990     2.9919   1.002E+03    75     0    491
3d3(2D)4d_3Gbe[5]         11.0     313310.2750     2.9886   1.003E+03    76     0    492
3d3(2D)5p_3Fo[2]           5.0     313310.8250     2.9886   1.003E+03    75     0    493
3d3(2D)4d_3Gbe[4]          9.0     313411.0170     2.9856   1.004E+03    76     0    494
3d3(2D)4d_3Gbe[3]          7.0     313494.1850     2.9831   1.005E+03    76     0    495
3d3(2D)5p_3Fo[3]           7.0     313507.1650     2.9827   1.005E+03    75     0    496
3d3(2H)5p_3Io[5]          11.0     313744.3980     2.9756   1.007E+03    75     0    497
3d3(2D)5p_3Po[2]           5.0     313763.9910     2.9750   1.008E+03    75     0    498
3d3(2D)5p_3Do[1]           3.0     313788.3560     2.9743   1.008E+03    75     0    499
3d3(2D)5p_3Fo[4]           9.0     313869.2930     2.9719   1.009E+03    75     0    500
3d3(2H)5p_3Io[6]          13.0     314112.4300     2.9646   1.011E+03    75     0    501
3d3(2D)5p_3Po[0]           1.0     314227.6400     2.9611   1.012E+03    75     0    502
3d3(2H)5p_1Ho[5]          11.0     314276.0070     2.9597   1.013E+03    77     0    503
3d3(2D)5p_3Po[1]           3.0     314287.7640     2.9593   1.013E+03    75     0    504
3d3(2D)5p_3Do[2]           5.0     314398.6630     2.9560   1.014E+03    75     0    505
3d3(2D)5p_3Do[3]           7.0     314501.3650     2.9529   1.015E+03    75     0    506
3d3(2D)4d_1Pbe[1]          3.0     314507.3850     2.9527   1.015E+03    78     0    507
3d3(2H)5p_3Io[7]          15.0     314514.3610     2.9525   1.015E+03    75     0    508
3d3(2D)4d_3Sbe[1]          3.0     314667.7740     2.9479   1.017E+03    76     0    509
3d3(2D)5p_3Dbo[3]          7.0     314852.3990     2.9424   1.019E+03    75     0    510
3d3(2H)5p_3Go[4]           9.0     314974.7460     2.9387   1.020E+03    75     0    511
3d2(3F)4s4p_5Go[2]         5.0     315057.5460     2.9362   1.021E+03    79     0    512
3d3(2H)5p_1Io[6]          13.0     315148.4130     2.9335   1.022E+03    77     0    513
3d3(2H)5p_3Go[3]           7.0     315194.3130     2.9321   1.022E+03    75     0    514
3d3(2P)5p_1Pbo[1]          3.0     315236.2520     2.9309   1.023E+03    77     0    515
3d3(2H)5p_3Go[5]          11.0     315354.2400     2.9273   1.024E+03    75     0    516
3d2(3F)4s4p_5Go[3]         7.0     315526.3530     2.9222   1.026E+03    79     0    517
3d3(2D)5p_1Do[2]           5.0     315585.5660     2.9204   1.027E+03    77     0    518
3d3(2H)5p_1Go[4]           9.0     315644.7750     2.9186   1.027E+03    77     0    519
3d3(2D)4d_3Fbe[4]          9.0     316088.9480     2.9053   1.032E+03    76     0    520
3d3(2D)4d_3Fbe[2]          5.0     316097.4350     2.9051   1.032E+03    76     0    521
3d3(2D)4d_3Fbe[3]          7.0     316109.8080     2.9047   1.032E+03    76     0    522
3d2(3F)4s4p_5Go[4]         9.0     316152.9660     2.9034   1.033E+03    79     0    523
3d2(3F)4s4p_5Fo[1]         3.0     316262.6600     2.9001   1.034E+03    79     0    524
3d2(3F)4s4p_5Fo[2]         5.0     316539.9180     2.8918   1.037E+03    79     0    525
3d2(3F)4s4p_5Go[5]        11.0     316934.1880     2.8800   1.041E+03    79     0    526
3d2(3F)4s4p_5Fo[3]         7.0     316954.5910     2.8794   1.041E+03    79     0    527
3d2(3F)4s4p_5Fo[4]         9.0     317493.0680     2.8632   1.047E+03    79     0    528
3d2(3F)4s4p_5Go[6]        13.0     317866.1800     2.8520   1.051E+03    79     0    529
3d3(2D)4d_3Pe[2]           5.0     317974.4520     2.8488   1.052E+03    63     0    530
3d3(2D)4d_3Pe[1]           3.0     318115.2200     2.8446   1.054E+03    63     0    531
3d2(3F)4s4p_5Fo[5]        11.0     318125.0790     2.8443   1.054E+03    79     0    532
3d3(4F)5d_5He[3]           7.0     318138.3660     2.8439   1.054E+03    80     0    533
3d3(2D)4d_3Pbe[0]          1.0     318183.0950     2.8425   1.055E+03    76     0    534
3d3(4F)5d_5He[4]           9.0     318380.8350     2.8366   1.057E+03    80     0    535
3d3(4F)5d_5Pe[1]           3.0     318477.9160     2.8337   1.058E+03    80     0    536
3d3(4F)5d_5He[5]          11.0     318693.7990     2.8272   1.060E+03    80     0    537
3d3(4F)5d_5Fe[1]           3.0     318703.2030     2.8269   1.060E+03    80     0    538
3d3(4F)5d_5Ge[2]           5.0     318717.7650     2.8265   1.061E+03    80     0    539
3d3(2D)4d_1Ge[4]           9.0     318829.9920     2.8231   1.062E+03    78     0    540
3d3(4F)5d_5Pe[2]           5.0     318849.7920     2.8226   1.062E+03    80     0    541
3d3(4F)5d_5Ge[3]           7.0     318885.3290     2.8215   1.063E+03    80     0    542
3d3(4P)4f_5Fo[1]           3.0     318967.0620     2.8190   1.063E+03    79     0    543
3d3(4P)4f_5Fo[2]           5.0     318987.5920     2.8184   1.064E+03    79     0    544
3d3(4P)4f_5Fo[3]           7.0     319019.3250     2.8175   1.064E+03    79     0    545
3d3(4F)5d_5Fe[2]           5.0     319028.4270     2.8172   1.064E+03    80     0    546
3d3(4P)4f_5Fo[4]           9.0     319062.8410     2.8162   1.065E+03    79     0    547
3d3(4F)5d_5He[6]          13.0     319081.4960     2.8156   1.065E+03    80     0    548
3d3(4P)4f_3Fo[2]           5.0     319101.9270     2.8150   1.065E+03    81     0    549
3d3(4P)4f_5Fo[5]          11.0     319129.0830     2.8142   1.065E+03    79     0    550
3d3(4F)5d_5Ge[4]           9.0     319154.2710     2.8134   1.066E+03    80     0    551
3d3(4P)4f_3Fo[3]           7.0     319189.5510     2.8124   1.066E+03    81     0    552
3d3(4P)4f_3Fo[4]           9.0     319231.2180     2.8111   1.066E+03    81     0    553
3d3(4F)5d_5Fe[3]           7.0     319330.8400     2.8081   1.068E+03    80     0    554
3d2(3F)4s4p_5Do[0]         1.0     319370.8940     2.8069   1.068E+03    79     0    555
3d3(4F)5d_5Pe[3]           7.0     319419.4540     2.8055   1.069E+03    80     0    556
3d2(3F)4s4p_5Do[1]         3.0     319419.6210     2.8055   1.069E+03    79     0    557
3d2(3F)4s4p_5Do[2]         5.0     319522.2710     2.8024   1.070E+03    79     0    558
3d3(4F)5d_5Ge[5]          11.0     319537.5710     2.8019   1.070E+03    80     0    559
3d3(4F)5d_5He[7]          15.0     319544.3610     2.8017   1.070E+03    80     0    560
3d3(4P)4f_5Go[2]           5.0     319549.4190     2.8016   1.070E+03    79     0    561
3d3(4F)5d_3De[1]           3.0     319576.9170     2.8008   1.070E+03    82     0    562
3d3(4P)4f_5Go[3]           7.0     319636.4510     2.7990   1.071E+03    79     0    563
3d3(4F)5d_5Fe[4]           9.0     319663.6760     2.7982   1.071E+03    80     0    564
3d2(3F)4s4p_5Do[3]         7.0     319715.1680     2.7966   1.072E+03    79     0    565
3d3(4P)4f_5Go[4]           9.0     319764.4520     2.7951   1.073E+03    79     0    566
3d3(4F)5d_3De[2]           5.0     319884.9940     2.7915   1.074E+03    82     0    567
3d3(4P)4f_5Go[5]          11.0     319944.8940     2.7897   1.075E+03    79     0    568
3d2(3F)4s4p_5Do[4]         9.0     319987.2790     2.7885   1.075E+03    79     0    569
3d3(4F)5d_5Fe[5]          11.0     320012.9470     2.7877   1.075E+03    80     0    570
3d3(4F)5d_5Ge[6]          13.0     320111.4230     2.7847   1.077E+03    80     0    571
3d3(4P)4f_5Go[6]          13.0     320149.6610     2.7836   1.077E+03    79     0    572
3d3(4P)4f_5Do[4]           9.0     320249.7200     2.7806   1.078E+03    79     0    573
3d3(2G)4f_3Ko[6]          13.0     320284.6070     2.7795   1.079E+03    81     0    574
3d3(2G)4f_3Ho[4]           9.0     320298.3120     2.7791   1.079E+03    81     0    575
3d3(2G)4f_1Io[6]          13.0     320313.9290     2.7787   1.079E+03    77     0    576
3d3(4P)4f_5Do[3]           7.0     320331.8470     2.7781   1.079E+03    79     0    577
3d3(2G)4f_3Io[5]          11.0     320344.6580     2.7777   1.079E+03    81     0    578
3d3(4P)4f_3Go[3]           7.0     320373.0020     2.7769   1.080E+03    81     0    579
3d3(4F)5d_3De[3]           7.0     320432.6190     2.7751   1.080E+03    82     0    580
3d3(4P)4f_5Do[2]           5.0     320438.0930     2.7749   1.080E+03    79     0    581
3d3(2G)4f_3Ho[5]          11.0     320459.3200     2.7743   1.081E+03    81     0    582
3d3(2G)4f_3Ko[7]          15.0     320485.2360     2.7735   1.081E+03    81     0    583
3d3(4P)4f_5Do[1]           3.0     320515.0710     2.7726   1.081E+03    79     0    584
3d3(4P)4f_5Do[0]           1.0     320554.4520     2.7714   1.082E+03    79     0    585
3d3(2G)4f_3Go[4]           9.0     320597.9710     2.7701   1.082E+03    81     0    586
3d3(2G)4f_3Fo[2]           5.0     320705.5420     2.7669   1.083E+03    81     0    587
3d3(4P)4f_3Gbo[3]          7.0     320715.9680     2.7666   1.084E+03    81     0    588
3d3(2G)4f_3Fo[3]           7.0     320763.4030     2.7652   1.084E+03    81     0    589
3d3(2G)4f_3Ho[6]          13.0     320786.3900     2.7645   1.084E+03    81     0    590
3d3(2G)4f_1Ibo[6]         13.0     320831.7600     2.7631   1.085E+03    83     0    591
3d3(2G)4f_3Go[5]          11.0     320843.9580     2.7628   1.085E+03    81     0    592
3d3(2G)4f_3Ko[8]          17.0     320853.3040     2.7625   1.085E+03    81     0    593
3d3(4P)4f_3Go[4]           9.0     320866.1670     2.7621   1.085E+03    81     0    594
3d3(2G)4f_3Io[7]          15.0     320897.2430     2.7612   1.086E+03    81     0    595
3d3(2G)4f_3Do[2]           5.0     320953.0910     2.7595   1.086E+03    81     0    596
3d3(2G)4f_3Do[1]           3.0     321016.5270     2.7576   1.087E+03    81     0    597
3d3(4P)4f_3Do[3]           7.0     321081.7110     2.7556   1.088E+03    81     0    598
3d3(2G)4f_3Po[0]           1.0     321081.7130     2.7556   1.088E+03    81     0    599
3d3(4P)4f_3Do[2]           5.0     321170.3530     2.7530   1.089E+03    81     0    600
3d3(2G)4f_3Po[1]           3.0     321191.5030     2.7523   1.089E+03    81     0    601
3d3(2G)4f_1Fo[3]           7.0     321207.6860     2.7519   1.089E+03    83     0    602
3d3(4P)4f_3Go[5]          11.0     321290.1990     2.7494   1.090E+03    81     0    603
3d3(2G)4f_3Fo[4]           9.0     321296.2290     2.7492   1.090E+03    81     0    604
3d3(2G)4f_1Ho[5]          11.0     321452.6150     2.7445   1.092E+03    83     0    605
3d3(2G)4f_1Go[4]           9.0     321461.6680     2.7443   1.092E+03    83     0    606
3d3(2G)4f_3Po[2]           5.0     321506.2330     2.7429   1.093E+03    81     0    607
3d3(4P)4f_3Do[1]           3.0     321537.2580     2.7420   1.093E+03    81     0    608
3d3(2G)4f_3Pbo[2]          5.0     321617.2370     2.7396   1.094E+03    81     0    609
3d3(2G)4f_3Do[3]           7.0     321636.3980     2.7390   1.095E+03    81     0    610
3d3(2G)4f_1Ko[7]          15.0     321671.1890     2.7380   1.095E+03    83     0    611
3d3(4F)5d_3Pe[0]           1.0     321964.3750     2.7292   1.098E+03    82     0    612
3d3(4F)5d_3He[4]           9.0     321996.5790     2.7282   1.099E+03    82     0    613
3d3(2G)4f_1Po[1]           3.0     322133.1420     2.7241   1.101E+03    83     0    614
3d2(3F)4s4p_3Fo[2]         5.0     322156.4040     2.7234   1.101E+03    81     0    615
3d3(4F)5d_3Pe[1]           3.0     322296.9730     2.7192   1.102E+03    82     0    616
3d2(3F)4s4p_3Fo[3]         7.0     322441.2500     2.7149   1.104E+03    81     0    617
3d3(4F)5d_3Ge[3]           7.0     322452.5950     2.7145   1.104E+03    82     0    618
3d3(4F)5d_3He[5]          11.0     322501.5420     2.7131   1.105E+03    82     0    619
3d3(4F)5d_3Ge[4]           9.0     322924.5700     2.7004   1.110E+03    82     0    620
3d3(4F)5d_3Pe[2]           5.0     322926.7890     2.7003   1.110E+03    82     0    621
3d2(3F)4s4p_3Fo[4]         9.0     322966.0570     2.6991   1.111E+03    81     0    622
3d3(4F)5d_3He[6]          13.0     323111.3090     2.6948   1.112E+03    82     0    623
3d3(4F)5d_3Ge[5]          11.0     323494.3560     2.6833   1.117E+03    82     0    624
3d2(3F)4s4p_3Do[2]         5.0     323667.3150     2.6781   1.119E+03    81     0    625
3d3(4F)5d_5De[0]           1.0     323689.5200     2.6775   1.120E+03    84     0    626
3d2(1S)4s2_1Se[0]          1.0     323711.2620     2.6768   1.120E+03    85     0    627
3d2(3F)4s4p_3Do[1]         3.0     323720.7860     2.6765   1.120E+03    81     0    628
3d2(3F)4s4p_3Go[3]         7.0     323728.6810     2.6763   1.120E+03    86     0    629
3d3(4F)5d_5De[1]           3.0     323797.2850     2.6742   1.121E+03    84     0    630
3d3(4F)5d_3Fe[2]           5.0     323854.4160     2.6725   1.122E+03    82     0    631
3d3(4F)5d_5De[2]           5.0     324003.9470     2.6680   1.124E+03    84     0    632
3d2(3F)4s4p_3Do[3]         7.0     324035.9690     2.6671   1.124E+03    81     0    633
3d3(4F)5d_3Fe[3]           7.0     324170.8340     2.6630   1.126E+03    82     0    634
3d3(4F)5d_5De[3]           7.0     324294.2170     2.6593   1.127E+03    84     0    635
3d3(2P)4f_1Do[2]           5.0     324399.0530     2.6562   1.129E+03    83     0    636
3d3(2P)4f_3Go[4]           9.0     324439.8390     2.6550   1.129E+03    81     0    637
3d3(4F)5d_3Fe[4]           9.0     324520.2280     2.6526   1.130E+03    82     0    638
3d3(2P)4f_1Go[4]           9.0     324614.3700     2.6497   1.131E+03    83     0    639
3d3(4F)5d_5De[4]           9.0     324672.4760     2.6480   1.132E+03    84     0    640
3d3(2P)4f_3Go[5]          11.0     324675.3010     2.6479   1.132E+03    81     0    641
3d3(2P)4f_3Fo[2]           5.0     324680.1510     2.6478   1.132E+03    81     0    642
3d3(2P)4f_3Fo[3]           7.0     324808.1240     2.6439   1.134E+03    81     0    643
3d3(2P)4f_3Do[1]           3.0     324916.7100     2.6407   1.135E+03    81     0    644
3d3(2P)4f_3Do[2]           5.0     324994.9160     2.6383   1.136E+03    81     0    645
3d3(2P)4f_3Do[3]           7.0     325004.9420     2.6380   1.136E+03    81     0    646
3d3(2P)4f_3Fo[4]           9.0     325030.9490     2.6372   1.137E+03    81     0    647
3d3(2P)4f_3Go[3]           7.0     325116.0950     2.6347   1.138E+03    81     0    648
3d3(2D)4d_1Dbe[2]          5.0     325136.5230     2.6341   1.138E+03    85     0    649
3d3(4F)6s_5Fe[1]           3.0     325222.0140     2.6315   1.139E+03    84     0    650
3d3(2P)4f_3Fbo[4]          9.0     325368.8250     2.6271   1.141E+03    81     0    651
3d3(4F)6s_5Fe[2]           5.0     325393.5070     2.6264   1.141E+03    84     0    652
3d2(3F)4s4p_3Go[5]        11.0     325637.2220     2.6191   1.145E+03    86     0    653
3d3(4F)6s_5Fe[3]           7.0     325689.7650     2.6175   1.145E+03    84     0    654
3d2(3F)4s4p_1Fo[3]         7.0     325729.9030     2.6163   1.146E+03    83     0    655
3d3(2P)4f_1Fo[3]           7.0     325971.2110     2.6091   1.149E+03    83     0    656
3d3(4F)6s_5Fe[4]           9.0     326107.5360     2.6050   1.151E+03    84     0    657
3d3(4F)6s_3Fe[2]           5.0     326181.1470     2.6028   1.152E+03    87     0    658
3d2(3F)4s4p_1Do[2]         5.0     326427.9030     2.5954   1.155E+03    83     0    659
3d3(2H)4f_3Ko[6]          13.0     326573.5980     2.5910   1.157E+03    86     0    660
3d3(4F)6s_5Fe[5]          11.0     326636.2270     2.5891   1.158E+03    84     0    661
3d3(2H)4f_3Ko[7]          15.0     326687.2740     2.5876   1.159E+03    86     0    662
3d3(4F)6s_3Fe[3]           7.0     326709.9210     2.5869   1.159E+03    87     0    663
3d3(2H)4f_3Io[5]          11.0     326850.6750     2.5827   1.161E+03    86     0    664
3d3(2D)4f_3Ho[4]           9.0     326851.0820     2.5827   1.161E+03    86     0    665
3d3(2H)4f_3Ko[8]          17.0     326884.6930     2.5817   1.161E+03    86     0    666
3d3(2D)4f_3Po[2]           5.0     326889.6310     2.5815   1.161E+03    86     0    667
3d3(2H)4f_3Io[6]          13.0     326906.7640     2.5810   1.162E+03    86     0    668
3d3(2H)4f_1Ho[5]          11.0     326914.8080     2.5808   1.162E+03    83     0    669
3d3(2D)4f_3Po[1]           3.0     326956.6030     2.5795   1.162E+03    86     0    670
3d3(2D)4f_3Po[0]           1.0     326977.3130     2.5789   1.162E+03    86     0    671
3d3(2D)4f_3Ho[5]          11.0     327022.9000     2.5775   1.163E+03    86     0    672
3d3(2D)4f_1Do[2]           5.0     327052.5240     2.5766   1.164E+03    83     0    673
3d3(2D)4f_3Ho[6]          13.0     327091.9540     2.5755   1.164E+03    86     0    674
3d3(2H)4f_3Io[7]          15.0     327192.8550     2.5724   1.165E+03    86     0    675
3d3(2H)4f_3Ho[4]           9.0     327230.6530     2.5713   1.166E+03    86     0    676
3d3(2D)4f_3Go[4]           9.0     327271.9840     2.5701   1.166E+03    86     0    677
3d3(2H)4f_1Io[6]          13.0     327327.4830     2.5684   1.167E+03    88     0    678
3d3(4F)6s_3Fe[4]           9.0     327352.7130     2.5676   1.168E+03    87     0    679
3d3(2H)4f_3Go[3]           7.0     327395.6210     2.5664   1.168E+03    86     0    680
3d3(2H)4f_3Ho[5]          11.0     327456.1470     2.5645   1.169E+03    86     0    681
3d3(2D)4f_3Do[3]           7.0     327565.2350     2.5613   1.170E+03    86     0    682
3d3(2H)4f_3Ho[6]          13.0     327592.3490     2.5605   1.171E+03    86     0    683
3d3(2H)4f_3Go[4]           9.0     327653.3700     2.5586   1.172E+03    86     0    684
3d3(2D)4f_3Go[5]          11.0     327666.4340     2.5582   1.172E+03    86     0    685
3d3(2H)4f_3Lo[7]          15.0     327682.6190     2.5578   1.172E+03    86     0    686
3d3(2D)4f_3Do[2]           5.0     327716.7620     2.5567   1.173E+03    86     0    687
3d3(2H)4f_3Lo[8]          17.0     327751.5310     2.5557   1.173E+03    86     0    688
3d3(2D)5s_3Dbe[3]          7.0     327762.2600     2.5554   1.173E+03    87     0    689
3d3(2D)4f_1Po[1]           3.0     327772.1490     2.5551   1.173E+03    88     0    690
3d3(2H)4f_3Gbo[3]          7.0     327831.8910     2.5533   1.174E+03    86     0    691
3d3(2D)4f_1Ho[5]          11.0     327833.9710     2.5532   1.174E+03    88     0    692
3d3(2H)4f_1Go[4]           9.0     327880.9620     2.5518   1.175E+03    88     0    693
3d3(2D)5s_3Dbe[2]          5.0     327906.8360     2.5510   1.175E+03    87     0    694
3d3(2D)4f_3Do[1]           3.0     327922.0850     2.5506   1.175E+03    86     0    695
3d3(2D)4f_3Fo[2]           5.0     327948.7700     2.5498   1.176E+03    86     0    696
3d3(2D)4f_3Fo[3]           7.0     327951.4000     2.5497   1.176E+03    86     0    697
3d3(2D)5s_3Dbe[1]          3.0     328033.0390     2.5472   1.177E+03    87     0    698
3d3(2H)4f_3Lo[9]          19.0     328060.3590     2.5464   1.177E+03    86     0    699
3d3(2H)4f_3Gbo[4]          9.0     328091.8300     2.5455   1.178E+03    86     0    700
3d3(2D)4f_1Fo[3]           7.0     328116.9050     2.5447   1.178E+03    88     0    701
3d3(2H)4f_1Lo[8]          17.0     328168.7000     2.5432   1.179E+03    88     0    702
3d3(2H)4f_3Fo[2]           5.0     328177.9980     2.5429   1.179E+03    86     0    703
3d3(2H)4f_3Go[5]          11.0     328269.4380     2.5402   1.180E+03    86     0    704
3d3(2H)4f_3Fo[3]           7.0     328285.7210     2.5397   1.180E+03    86     0    705
3d3(2D)4f_1Go[4]           9.0     328482.1060     2.5338   1.183E+03    88     0    706
3d3(2H)4f_1Ko[7]          15.0     328532.6280     2.5323   1.184E+03    88     0    707
3d3(2H)4f_3Fo[4]           9.0     328571.1960     2.5311   1.184E+03    86     0    708
3d3(2D)5s_1Dbe[2]          5.0     328842.3240     2.5230   1.188E+03    85     0    709
3d3(2H)4f_3Do[1]           3.0     328879.6590     2.5219   1.189E+03    86     0    710
3d3(2H)4f_3Do[2]           5.0     328925.4290     2.5205   1.189E+03    86     0    711
3d3(2F)5p_3Fo[3]           7.0     328949.6750     2.5198   1.190E+03    86     0    712
3d3(2F)5p_3Fo[4]           9.0     328958.5090     2.5195   1.190E+03    86     0    713
3d3(2H)4f_1Fo[3]           7.0     329006.5730     2.5181   1.191E+03    88     0    714
3d3(2F)5p_3Fo[2]           5.0     329049.7350     2.5168   1.191E+03    86     0    715
3d3(2H)4f_3Do[3]           7.0     329294.5350     2.5094   1.195E+03    86     0    716
3d3(2H)4f_1Do[2]           5.0     329510.3970     2.5030   1.198E+03    88     0    717
3d3(2F)5p_3Go[3]           7.0     329734.4540     2.4962   1.201E+03    86     0    718
3d3(2F)5p_3Go[4]           9.0     329738.0390     2.4961   1.201E+03    86     0    719
3d3(2F)5p_3Go[5]          11.0     329859.7310     2.4925   1.203E+03    86     0    720
3d2(3F)4s4p_1Go[4]         9.0     329905.7960     2.4911   1.203E+03    88     0    721
3d3(2F)5p_3Do[3]           7.0     330196.8870     2.4824   1.208E+03    89     0    722
3d3(2F)5p_3Do[2]           5.0     330496.7060     2.4734   1.212E+03    89     0    723
3d3(2F)5p_1Go[4]           9.0     330550.0480     2.4718   1.213E+03    88     0    724
3d3(2F)5p_3Do[1]           3.0     330689.0600     2.4676   1.215E+03    89     0    725
3d3(2F)5p_1Do[2]           5.0     330704.9320     2.4671   1.215E+03    88     0    726
3d3(2F)5p_1Fo[3]           7.0     331106.0370     2.4551   1.221E+03    88     0    727
3d2(3P)4s4p_5So[2]         5.0     331374.6140     2.4471   1.225E+03    90     0    728
3d2(3P)4s4p_3So[1]         3.0     332636.9080     2.4092   1.244E+03    89     0    729
3d2(3P)4s4p_5Do[0]         1.0     333446.7670     2.3849   1.257E+03    90     0    730
3d2(1D)4s4p_3Po[2]         5.0     333544.4260     2.3820   1.259E+03    89     0    731
3d2(3P)4s4p_5Do[1]         3.0     333626.5360     2.3796   1.260E+03    90     0    732
3d2(1D)4s4p_3Fo[2]         5.0     333795.0630     2.3745   1.263E+03    89     0    733
3d2(3P)4s4p_1So[0]         1.0     333803.8620     2.3742   1.263E+03    88     0    734
3d2(1D)4s4p_3Fo[3]         7.0     333987.4470     2.3687   1.266E+03    89     0    735
3d2(3P)4s4p_5Do[2]         5.0     334147.1910     2.3639   1.268E+03    90     0    736
3d2(1D)4s4p_3Po[1]         3.0     334295.0750     2.3595   1.271E+03    89     0    737
3d2(1D)4s4p_3Fo[4]         9.0     334528.8840     2.3525   1.274E+03    89     0    738
3d2(3P)4s4p_5Do[3]         7.0     334835.5140     2.3433   1.279E+03    90     0    739
3d2(1D)4s4p_3Po[0]         1.0     334971.9920     2.3392   1.282E+03    89     0    740
3d3(4P)5d_5Fe[1]           3.0     335394.0360     2.3266   1.289E+03    91     0    741
3d3(4P)5d_5Fe[2]           5.0     335453.7300     2.3248   1.290E+03    91     0    742
3d3(4P)5d_5Fe[3]           7.0     335556.6800     2.3217   1.291E+03    91     0    743
3d3(4P)5d_5Fe[4]           9.0     335731.3120     2.3165   1.294E+03    91     0    744
3d2(3P)4s4p_5Do[4]         9.0     335809.9350     2.3141   1.296E+03    90     0    745
3d3(4P)5d_3De[1]           3.0     335926.0290     2.3106   1.297E+03    92     0    746
3d3(4P)5d_5Fe[5]          11.0     335988.5610     2.3087   1.299E+03    91     0    747
3d3(4P)5d_3De[2]           5.0     336049.4570     2.3069   1.300E+03    92     0    748
3d3(4P)5d_3De[3]           7.0     336080.3100     2.3060   1.300E+03    92     0    749
3d2(1D)4s4p_3Do[1]         3.0     336308.3320     2.2992   1.304E+03    89     0    750
3d3(4P)5d_5Pe[3]           7.0     336371.3960     2.2973   1.305E+03    91     0    751
3d3(2D)4d_1Sbe[0]          1.0     336384.0550     2.2969   1.305E+03    93     0    752
3d3(4P)5d_5Pe[2]           5.0     336414.9470     2.2960   1.306E+03    91     0    753
3d3(2G)5d_3Ie[5]          11.0     336519.6880     2.2928   1.308E+03    92     0    754
3d3(4P)5d_5Pe[1]           3.0     336531.6820     2.2925   1.308E+03    91     0    755
3d2(1D)4s4p_3Do[2]         5.0     336617.7830     2.2899   1.309E+03    89     0    756
3d3(2G)5d_1Fe[3]           7.0     336706.8110     2.2872   1.311E+03    93     0    757
3d2(1D)4s4p_3Do[3]         7.0     336762.7050     2.2855   1.312E+03    89     0    758
3d3(2G)5d_3Ie[6]          13.0     336772.4040     2.2852   1.312E+03    92     0    759
3d3(2G)5d_1He[5]          11.0     336941.4970     2.2802   1.315E+03    93     0    760
3d3(4F)6p_5Go[2]           5.0     337033.4370     2.2774   1.316E+03    94     0    761
3d3(4P)5d_5De[0]           1.0     337083.7360     2.2759   1.317E+03    91     0    762
3d3(2G)5d_3Ie[7]          15.0     337100.3010     2.2754   1.318E+03    92     0    763
3d2(3P)4s4p_5Po[1]         3.0     337101.1360     2.2754   1.318E+03    94     0    764
3d3(4P)5d_5De[1]           3.0     337165.5560     2.2735   1.319E+03    91     0    765
3d3(2G)5d_3He[4]           9.0     337256.3260     2.2707   1.320E+03    92     0    766
3d3(4P)5d_5De[2]           5.0     337272.6610     2.2702   1.321E+03    91     0    767
3d3(4F)6p_5Go[3]           7.0     337311.6190     2.2691   1.321E+03    94     0    768
3d3(4P)5d_5De[3]           7.0     337366.0200     2.2674   1.322E+03    91     0    769
3d3(2G)5d_3Ge[3]           7.0     337408.9090     2.2662   1.323E+03    92     0    770
3d3(4P)5d_5De[4]           9.0     337415.0140     2.2660   1.323E+03    91     0    771
3d3(4F)6p_5Fo[1]           3.0     337429.8410     2.2655   1.323E+03    94     0    772
3d3(2G)5d_3Ge[4]           9.0     337461.4530     2.2646   1.324E+03    92     0    773
3d3(4F)6p_5Do[0]           1.0     337479.9880     2.2640   1.324E+03    94     0    774
3d2(3P)4s4p_5Po[2]         5.0     337482.3050     2.2640   1.324E+03    94     0    775
3d3(4F)6p_5Do[1]           3.0     337533.6910     2.2624   1.325E+03    94     0    776
3d3(2G)5d_3He[5]          11.0     337558.0770     2.2617   1.326E+03    92     0    777
3d3(4F)6p_5Fo[2]           5.0     337668.7450     2.2584   1.327E+03    94     0    778
3d3(4F)6p_5Go[4]           9.0     337679.8910     2.2580   1.328E+03    94     0    779
3d3(2G)5d_3Ge[5]          11.0     337690.7010     2.2577   1.328E+03    92     0    780
3d3(4F)6p_5Do[2]           5.0     337769.4480     2.2554   1.329E+03    94     0    781
3d3(2G)5d_3He[6]          13.0     337836.2760     2.2534   1.330E+03    92     0    782
3d3(4F)6p_5Fo[3]           7.0     337944.8830     2.2501   1.332E+03    94     0    783
3d3(4P)5d_3Fe[2]           5.0     338029.2760     2.2476   1.334E+03    92     0    784
3d3(4F)6p_3Do[1]           3.0     338072.5940     2.2463   1.335E+03    95     0    785
3d3(4F)6p_5Go[5]          11.0     338144.8070     2.2441   1.336E+03    94     0    786
3d3(4F)6p_5Do[3]           7.0     338230.4690     2.2415   1.337E+03    94     0    787
3d2(3P)4s4p_5Po[3]         7.0     338257.4540     2.2407   1.338E+03    94     0    788
3d3(4F)6p_3Go[3]           7.0     338293.4730     2.2396   1.339E+03    95     0    789
3d3(4P)5d_3Fe[3]           7.0     338311.8880     2.2391   1.339E+03    92     0    790
3d3(4F)6p_5Fo[4]           9.0     338376.3560     2.2372   1.340E+03    94     0    791
3d3(4F)6p_3Fo[2]           5.0     338397.7130     2.2365   1.340E+03    95     0    792
3d3(4P)5d_3Fe[4]           9.0     338565.3260     2.2315   1.343E+03    92     0    793
3d3(2G)5d_3De[1]           3.0     338648.9300     2.2290   1.345E+03    92     0    794
3d3(2G)5d_3De[2]           5.0     338674.4090     2.2282   1.345E+03    92     0    795
3d3(4F)6p_5Go[6]          13.0     338707.4140     2.2272   1.346E+03    94     0    796
3d3(2G)5d_3Fe[2]           5.0     338762.8990     2.2256   1.347E+03    92     0    797
3d3(4F)6p_3Fbo[2]          5.0     338800.4770     2.2244   1.348E+03    95     0    798
3d3(4F)6p_5Do[4]           9.0     338815.2110     2.2240   1.348E+03    94     0    799
3d3(4F)6p_3Go[4]           9.0     338844.0730     2.2231   1.349E+03    95     0    800
3d3(2G)5d_3De[3]           7.0     338844.7730     2.2231   1.349E+03    92     0    801
3d3(2G)5d_1Ie[6]          13.0     338868.4480     2.2224   1.349E+03    93     0    802
3d3(4F)6p_5Fo[5]          11.0     338945.5750     2.2201   1.350E+03    94     0    803
3d3(4F)6p_3Fo[3]           7.0     338998.3180     2.2185   1.351E+03    95     0    804
3d3(2G)5d_3Fe[3]           7.0     339014.6270     2.2180   1.352E+03    92     0    805
3d3(4P)5d_3Pe[2]           5.0     339258.3300     2.2107   1.356E+03    92     0    806
3d3(2G)5d_3Fe[4]           9.0     339301.7300     2.2094   1.357E+03    92     0    807
3d3(4P)5d_3Pe[1]           3.0     339346.0860     2.2081   1.358E+03    92     0    808
3d3(4F)6p_3Do[3]           7.0     339429.3030     2.2056   1.359E+03    95     0    809
3d3(4F)6p_3Go[5]          11.0     339497.6690     2.2035   1.361E+03    95     0    810
3d3(4P)5d_3Pe[0]           1.0     339531.1460     2.2025   1.361E+03    92     0    811
3d3(4P)5d_3Pbe[2]          5.0     339574.3540     2.2012   1.362E+03    92     0    812
3d3(4F)6p_3Fo[4]           9.0     339794.7620     2.1946   1.366E+03    95     0    813
3d2(1G)4s4p_3Go[3]         7.0     339994.3530     2.1887   1.370E+03    95     0    814
3d2(1G)4s4p_3Go[4]         9.0     340078.6670     2.1861   1.371E+03    95     0    815
3d2(1G)4s4p_3Go[5]        11.0     340239.1160     2.1813   1.374E+03    95     0    816
3d3(2P)5d_1Pe[1]           3.0     340537.6480     2.1724   1.380E+03    93     0    817
3d3(2P)5d_3De[1]           3.0     340753.8580     2.1659   1.384E+03    92     0    818
3d3(2G)5d_1Ge[4]           9.0     340858.6990     2.1627   1.386E+03    93     0    819
3d3(2P)5d_3De[2]           5.0     341023.3740     2.1578   1.389E+03    92     0    820
3d3(2P)5d_1Fe[3]           7.0     341109.8930     2.1552   1.391E+03    93     0    821
3d3(2P)5d_3De[3]           7.0     341645.0440     2.1392   1.401E+03    92     0    822
3d3(4P)6s_5Pe[1]           3.0     342008.9890     2.1283   1.409E+03    96     0    823
3d3(2P)5d_3Fe[2]           5.0     342075.5690     2.1263   1.410E+03    92     0    824
3d3(2D)5d_3Se[1]           3.0     342096.0720     2.1256   1.410E+03    92     0    825
3d3(4P)6s_5Pe[2]           5.0     342146.1740     2.1241   1.411E+03    96     0    826
3d3(2P)5d_3Fe[3]           7.0     342287.0370     2.1199   1.414E+03    92     0    827
3d2(3P)4s4p_3Do[1]         3.0     342394.7210     2.1167   1.416E+03    95     0    828
3d3(4P)6s_5Pe[3]           7.0     342554.9590     2.1119   1.420E+03    96     0    829
3d3(2P)5d_3Fe[4]           9.0     342614.7910     2.1101   1.421E+03    92     0    830
3d2(3P)4s4p_3Do[2]         5.0     342629.4610     2.1097   1.421E+03    95     0    831
3d3(2P)5d_3Pe[2]           5.0     342705.5400     2.1074   1.423E+03    97     0    832
3d3(2F)4f_3Ho[6]          13.0     342710.5070     2.1072   1.423E+03    95     0    833
3d3(2D)5d_1Pe[1]           3.0     342732.3190     2.1066   1.423E+03    93     0    834
3d3(2F)4f_3Ho[5]          11.0     342743.0130     2.1063   1.423E+03    95     0    835
3d3(2F)4f_3Ho[4]           9.0     342769.7940     2.1054   1.424E+03    95     0    836
3d3(4P)6s_3Pe[0]           1.0     342844.3530     2.1032   1.425E+03    97     0    837
3d3(4F)5g_5Pe[3]           7.0     342847.3790     2.1031   1.425E+03    96     0    838
3d3(4F)5g_3Pe[2]           5.0     342851.7310     2.1030   1.426E+03    97     0    839
3d3(4F)5g_5Ke[5]          11.0     342864.1010     2.1026   1.426E+03    96     0    840
3d3(4F)5g_3Ke[6]          13.0     342874.3670     2.1023   1.426E+03    97     0    841
3d3(2F)4f_3Do[3]           7.0     342874.4890     2.1023   1.426E+03    95     0    842
3d3(2D)5d_3Ge[3]           7.0     342904.4880     2.1014   1.427E+03    97     0    843
3d3(4F)5g_5Ge[3]           7.0     342916.6820     2.1010   1.427E+03    96     0    844
3d3(4F)5g_5Fe[4]           9.0     342918.4860     2.1010   1.427E+03    96     0    845
3d3(2F)4f_3Go[5]          11.0     342919.6330     2.1010   1.427E+03    95     0    846
3d3(2F)4f_3Fo[4]           9.0     342925.1790     2.1008   1.427E+03    95     0    847
3d3(4F)5g_5Ie[4]           9.0     342945.8460     2.1002   1.427E+03    96     0    848
3d3(4F)5g_3Ie[5]          11.0     342948.8340     2.1001   1.428E+03    97     0    849
3d3(4P)6s_3Pe[1]           3.0     342949.2980     2.1001   1.428E+03    97     0    850
3d3(2H)5d_3Ie[5]          11.0     342970.7450     2.0994   1.428E+03    97     0    851
3d3(2F)4f_3Go[3]           7.0     342988.8480     2.0989   1.428E+03    95     0    852
3d3(2F)4f_3Go[4]           9.0     343019.5120     2.0980   1.429E+03    95     0    853
3d3(2D)5d_3Ge[4]           9.0     343069.2330     2.0965   1.430E+03    97     0    854
3d3(2F)4f_3Fo[2]           5.0     343073.8930     2.0963   1.430E+03    95     0    855
3d3(2F)4f_3Gbo[3]          7.0     343086.8820     2.0959   1.430E+03    95     0    856
3d3(2H)5d_3Ie[6]          13.0     343114.3120     2.0951   1.431E+03    97     0    857
3d3(2F)4f_1Io[6]          13.0     343117.9780     2.0950   1.431E+03    98     0    858
3d3(4F)5f_5Io[4]           9.0     343118.7560     2.0950   1.431E+03    99     0    859
3d3(2F)4f_3Io[7]          15.0     343148.7440     2.0941   1.432E+03    95     0    860
3d3(2D)5d_3Ge[5]          11.0     343161.2080     2.0937   1.432E+03    97     0    861
3d3(4F)5g_5De[2]           5.0     343197.9330     2.0926   1.433E+03    96     0    862
3d3(4F)5g_5Fe[1]           3.0     343199.0790     2.0926   1.433E+03    96     0    863
3d3(4F)5g_5Ke[6]          13.0     343222.9230     2.0919   1.433E+03    96     0    864
3d3(4F)5g_5Ke[7]          15.0     343223.6750     2.0918   1.433E+03    96     0    865
3d3(4F)5g_5Pbe[3]          7.0     343240.1350     2.0913   1.433E+03    96     0    866
3d3(4F)5g_5Ge[2]           5.0     343241.6240     2.0913   1.434E+03    96     0    867
3d3(2F)4f_3Io[5]          11.0     343243.6210     2.0912   1.434E+03    95     0    868
3d3(4F)5g_5He[3]           7.0     343267.1050     2.0905   1.434E+03    96     0    869
3d3(4F)5g_5De[4]           9.0     343273.2020     2.0904   1.434E+03    96     0    870
3d3(4F)5g_5Ibe[4]          9.0     343278.1700     2.0902   1.434E+03    96     0    871
3d3(4F)5g_5Ie[5]          11.0     343281.1190     2.0901   1.434E+03    96     0    872
3d3(4F)5g_5He[6]          13.0     343286.3550     2.0900   1.434E+03    96     0    873
3d3(4F)5g_3Ibe[5]         11.0     343286.4820     2.0900   1.434E+03    97     0    874
3d3(2H)5d_3Ie[7]          15.0     343300.3860     2.0895   1.435E+03    97     0    875
3d3(2H)5d_1He[5]          11.0     343312.1480     2.0892   1.435E+03   100     0    876
3d3(2F)4f_3Io[6]          13.0     343338.7080     2.0884   1.436E+03    95     0    877
3d3(4P)6s_3Pe[2]           5.0     343379.8880     2.0872   1.436E+03    97     0    878
3d3(4F)5f_5Io[5]          11.0     343384.9090     2.0870   1.436E+03    99     0    879
3d3(4F)5f_5Ho[3]           7.0     343409.1000     2.0863   1.437E+03    99     0    880
3d3(2F)4f_1So[0]           1.0     343434.5360     2.0855   1.437E+03    98     0    881
3d3(2G)6s_3Ge[3]           7.0     343445.5400     2.0852   1.438E+03    97     0    882
3d3(4F)5f_5So[2]           5.0     343486.5560     2.0840   1.439E+03    94     0    883
3d3(2P)5d_3Pe[1]           3.0     343511.6060     2.0832   1.439E+03    97     0    884
3d3(2F)4f_1Go[4]           9.0     343523.6480     2.0828   1.439E+03    98     0    885
3d3(2G)6s_3Ge[4]           9.0     343527.2400     2.0827   1.439E+03    97     0    886
3d3(2F)4f_1Po[1]           3.0     343534.8900     2.0825   1.440E+03    98     0    887
3d3(2P)5d_3Pe[0]           1.0     343536.8510     2.0825   1.440E+03    97     0    888
3d3(4F)5f_5Go[2]           5.0     343571.8680     2.0814   1.440E+03    99     0    889
3d3(4F)5f_5Ho[4]           9.0     343578.9090     2.0812   1.440E+03    99     0    890
3d3(4F)5f_5Io[6]          13.0     343654.7630     2.0789   1.442E+03    99     0    891
3d3(4F)5g_5De[1]           3.0     343659.5520     2.0788   1.442E+03    96     0    892
3d3(4F)5g_5De[0]           1.0     343660.7050     2.0787   1.442E+03    96     0    893
3d3(2F)4f_3Do[2]           5.0     343668.6800     2.0785   1.442E+03    95     0    894
3d3(4F)5g_5Pe[2]           5.0     343679.4110     2.0782   1.443E+03    96     0    895
3d3(4F)5g_5Fbe[1]          3.0     343684.3430     2.0780   1.443E+03    96     0    896
3d3(4F)5g_5Ke[8]          17.0     343688.9010     2.0779   1.443E+03    96     0    897
3d3(4F)5g_3Ke[7]          15.0     343694.8550     2.0777   1.443E+03    97     0    898
3d3(2F)4f_3Po[1]           3.0     343706.5970     2.0774   1.443E+03    95     0    899
3d3(4F)5g_5Gbe[2]          5.0     343710.7230     2.0772   1.443E+03    96     0    900
3d3(4F)5g_5Pce[3]          7.0     343710.9830     2.0772   1.443E+03    96     0    901
3d3(2F)4f_3Dbo[3]          7.0     343730.5750     2.0766   1.444E+03    95     0    902
3d3(4F)5g_3De[3]           7.0     343738.1050     2.0764   1.444E+03    97     0    903
3d3(4F)5g_5Dbe[4]          9.0     343740.9170     2.0763   1.444E+03    96     0    904
3d3(4F)5g_5Ie[7]          15.0     343755.4600     2.0759   1.444E+03    96     0    905
3d3(4F)5g_3Fe[4]           9.0     343760.3900     2.0758   1.444E+03    97     0    906
3d3(4F)5g_5Ie[6]          13.0     343760.6510     2.0757   1.444E+03    96     0    907
3d3(4F)5g_5Fe[5]          11.0     343761.4350     2.0757   1.444E+03    96     0    908
3d3(4F)5g_5Ge[6]          13.0     343771.7420     2.0754   1.444E+03    96     0    909
3d3(4F)5g_3Ge[5]          11.0     343772.4030     2.0754   1.445E+03    97     0    910
3d3(2F)4f_1Pbo[1]          3.0     343776.6350     2.0753   1.445E+03    98     0    911
3d3(4F)5f_5Go[3]           7.0     343791.0620     2.0748   1.445E+03    99     0    912
3d3(2F)4f_3Po[2]           5.0     343797.1360     2.0746   1.445E+03    95     0    913
3d3(2F)4f_3Pbo[1]          3.0     343818.0810     2.0740   1.445E+03    95     0    914
3d3(2F)4f_3Po[0]           1.0     343841.5540     2.0733   1.446E+03    95     0    915
3d3(4F)5f_5Ho[5]          11.0     343849.3010     2.0731   1.446E+03    99     0    916
3d3(2F)4f_1Fo[3]           7.0     343875.9750     2.0723   1.447E+03    98     0    917
3d3(4F)5f_3Do[2]           5.0     343888.5630     2.0719   1.447E+03    95     0    918
3d3(4F)5f_3Fo[3]           7.0     343893.7330     2.0718   1.447E+03    95     0    919
3d3(2G)6s_3Ge[5]          11.0     343923.1160     2.0709   1.448E+03    97     0    920
3d3(2F)4f_1Ho[5]          11.0     343936.5970     2.0705   1.448E+03    98     0    921
3d3(2H)5d_3Ke[6]          13.0     344016.1870     2.0681   1.450E+03    97     0    922
3d3(2F)4f_1Do[2]           5.0     344026.8210     2.0678   1.450E+03    98     0    923
3d3(4F)5f_5Po[1]           3.0     344039.1850     2.0674   1.450E+03    99     0    924
3d3(4F)5f_5Hbo[4]          9.0     344051.4560     2.0670   1.450E+03    99     0    925
3d3(2G)6s_1Ge[4]           9.0     344058.3610     2.0668   1.451E+03   100     0    926
3d3(4F)5f_5Io[7]          15.0     344065.5690     2.0666   1.451E+03    99     0    927
3d3(4F)5f_5Fo[2]           5.0     344083.9900     2.0661   1.451E+03    99     0    928
3d3(2H)5d_3Ke[7]          15.0     344168.2770     2.0635   1.453E+03    97     0    929
3d3(4F)5f_5Po[3]           7.0     344231.3190     2.0616   1.454E+03    99     0    930
3d3(4F)5g_5Pe[1]           3.0     344236.4260     2.0615   1.454E+03    96     0    931
3d3(4F)5g_3Pe[0]           1.0     344245.7980     2.0612   1.454E+03    97     0    932
3d3(4F)5g_5Pbe[2]          5.0     344247.1280     2.0612   1.454E+03    96     0    933
3d3(4F)5f_5Fo[1]           3.0     344247.3020     2.0612   1.454E+03    99     0    934
3d3(4F)5g_3Pe[1]           3.0     344251.8910     2.0610   1.455E+03    97     0    935
3d3(4F)5f_5Ho[6]          13.0     344257.1420     2.0609   1.455E+03    99     0    936
3d3(4F)5g_5Ke[9]          19.0     344260.0730     2.0608   1.455E+03    96     0    937
3d3(4F)5f_3Po[0]           1.0     344263.3490     2.0607   1.455E+03   101     0    938
3d3(4F)5g_5De[3]           7.0     344269.4370     2.0605   1.455E+03    96     0    939
3d3(4F)5g_3De[2]           5.0     344270.0320     2.0605   1.455E+03    97     0    940
3d3(4F)5g_3Ke[8]          17.0     344271.2880     2.0604   1.455E+03    97     0    941
3d3(4F)5g_3Fe[3]           7.0     344303.2670     2.0595   1.456E+03    97     0    942
3d3(4F)5g_5Fbe[4]          9.0     344304.5190     2.0594   1.456E+03    96     0    943
3d3(4F)5g_5Ie[8]          17.0     344334.2840     2.0585   1.456E+03    96     0    944
3d3(4F)5g_3Ie[7]          15.0     344343.7250     2.0583   1.457E+03    97     0    945
3d3(4F)5g_5Ge[5]          11.0     344343.9880     2.0583   1.457E+03    96     0    946
3d3(4F)5g_3Ge[4]           9.0     344345.1910     2.0582   1.457E+03    97     0    947
3d3(2D)5d_3Fe[2]           5.0     344352.8750     2.0580   1.457E+03    97     0    948
3d3(2H)5d_1Fe[3]           7.0     344362.7650     2.0577   1.457E+03   100     0    949
3d3(4F)5g_5Hbe[6]         13.0     344372.4540     2.0574   1.457E+03    96     0    950
3d3(4F)5f_3Ho[4]           9.0     344373.7680     2.0574   1.457E+03   101     0    951
3d3(4F)5g_5He[7]          15.0     344377.2830     2.0573   1.457E+03    96     0    952
3d3(4F)5g_3Gbe[5]         11.0     344380.8500     2.0572   1.457E+03    97     0    953
3d3(4F)5g_3He[6]          13.0     344389.1850     2.0569   1.457E+03    97     0    954
3d3(4F)5f_3Io[5]          11.0     344392.4140     2.0568   1.458E+03   101     0    955
3d3(2H)5d_3Ke[8]          17.0     344427.0510     2.0558   1.458E+03    97     0    956
3d3(4F)5f_5Go[5]          11.0     344445.3760     2.0552   1.459E+03    99     0    957
3d3(4F)5f_3Fo[2]           5.0     344448.4880     2.0551   1.459E+03    95     0    958
3d3(2F)4f_3So[1]           3.0     344451.9290     2.0550   1.459E+03    95     0    959
3d3(2D)5d_3Fe[3]           7.0     344468.7640     2.0545   1.459E+03    97     0    960
3d3(4F)5f_3Do[3]           7.0     344522.0630     2.0529   1.460E+03    95     0    961
3d3(2D)5d_1De[2]           5.0     344548.5120     2.0521   1.461E+03   100     0    962
3d3(2D)5d_3Fe[4]           9.0     344557.6560     2.0518   1.461E+03    97     0    963
3d3(4F)5f_3Po[1]           3.0     344560.3210     2.0518   1.461E+03   101     0    964
3d3(4F)5f_3Hbo[4]          9.0     344575.2790     2.0513   1.461E+03    95     0    965
3d3(4F)5f_5Io[8]          17.0     344587.5010     2.0510   1.462E+03    99     0    966
3d3(4F)5f_5Fbo[2]          5.0     344624.0150     2.0499   1.463E+03    99     0    967
3d3(4F)5f_3Go[3]           7.0     344704.3330     2.0475   1.464E+03   101     0    968
3d3(4F)5f_5Do[0]           1.0     344728.3330     2.0467   1.465E+03    99     0    969
3d3(4F)5f_5Ho[7]          15.0     344813.9840     2.0442   1.467E+03    99     0    970
3d3(2H)5d_1Ke[7]          15.0     344845.7810     2.0432   1.467E+03   100     0    971
3d3(4F)5f_3Hco[4]          9.0     344849.6340     2.0431   1.467E+03   101     0    972
3d3(4F)5f_5Do[1]           3.0     344858.0370     2.0428   1.468E+03    99     0    973
3d3(4F)5f_5Go[6]          13.0     344905.9170     2.0414   1.469E+03    99     0    974
3d3(4F)5f_3Io[6]          13.0     344915.8540     2.0411   1.469E+03   101     0    975
3d3(4F)5f_3Ho[5]          11.0     344992.0940     2.0388   1.470E+03   101     0    976
3d3(4F)5f_3Po[2]           5.0     345052.9780     2.0370   1.472E+03   101     0    977
3d3(4F)5f_3Fbo[3]          7.0     345136.0500     2.0345   1.474E+03   101     0    978
3d3(2H)5d_1Ge[4]           9.0     345235.7600     2.0315   1.476E+03   100     0    979
3d3(4F)5f_5Fo[5]          11.0     345242.9510     2.0313   1.476E+03    99     0    980
3d3(4F)5f_5Do[2]           5.0     345258.5630     2.0308   1.476E+03    99     0    981
3d2(1G)4s4p_3Ho[4]         9.0     345305.9610     2.0294   1.477E+03   101     0    982
3d2(1G)4s4p_3Hbo[4]        9.0     345369.6120     2.0275   1.479E+03   101     0    983
3d3(4F)5f_5Do[3]           7.0     345374.9660     2.0273   1.479E+03    99     0    984
3d3(4F)5f_5Do[4]           9.0     345446.2670     2.0252   1.480E+03    99     0    985
3d3(4F)5f_3So[1]           3.0     345455.3410     2.0249   1.481E+03   101     0    986
3d3(2H)5d_3Ge[3]           7.0     345486.2140     2.0240   1.481E+03    97     0    987
3d3(4F)5f_3Io[7]          15.0     345572.5390     2.0214   1.483E+03   101     0    988
3d3(4F)5f_3Go[5]          11.0     345614.8740     2.0202   1.484E+03   101     0    989
3d3(2D)5d_3Pe[0]           1.0     345657.4370     2.0189   1.485E+03    97     0    990
3d3(4F)5f_3Ho[6]          13.0     345680.7870     2.0182   1.485E+03   101     0    991
3d3(2H)5d_3Ge[4]           9.0     345756.8270     2.0159   1.487E+03    97     0    992
3d2(1G)4s4p_3Ho[5]        11.0     345855.0390     2.0130   1.489E+03   101     0    993
3d3(2D)5d_3Pe[1]           3.0     345934.8690     2.0106   1.491E+03    97     0    994
3d3(2H)5d_3Ge[5]          11.0     345947.1070     2.0102   1.491E+03    97     0    995
3d2(3P)4s4p_3Po[0]         1.0     346031.7040     2.0077   1.493E+03   101     0    996
3d2(3P)4s4p_3Po[1]         3.0     346179.7100     2.0032   1.497E+03   101     0    997
3d3(2D)5d_3De[3]           7.0     346242.1610     2.0013   1.498E+03    97     0    998
3d2(3P)4s4p_3Po[2]         5.0     346354.7130     1.9980   1.500E+03   101     0    999
3d3(2D)5d_3De[2]           5.0     346354.8720     1.9980   1.500E+03    97     0   1000
