                                                                                
********************************************************************************
                                                                                
                 Energy Levels and statistical weights for C                    
                                                                                
********************************************************************************
                                                                                
09-May-2002                            !Date
107                                    !Number of energy levels
6                                      !Entry number of link to super level
  
1s2_1Se           1.0          0.0000    94.8062   3.162E+01     1     0      1
1s_2s_3Se         3.0    2411271.2000    22.5181   1.331E+02     2     0      2
1s_2s_1Se         1.0    2455024.0000    21.2064   1.414E+02     3     0      3
1s_2p_3Po         9.0    2455234.2000    21.2001   1.414E+02     4     0      4
1s_2p_1Po         3.0    2483371.0000    20.3566   1.473E+02     5     0      5
1s_3s_1Se         1.0    2851180.0000     9.3300   3.213E+02     6     0      6
1s_3p_3Po         9.0    2851428.3890     9.3225   3.216E+02     7     0      7
1s_3d_3De        15.0    2857311.7070     9.1462   3.278E+02     8     0      8
1s_3d_1De         5.0    2857529.0000     9.1397   3.280E+02     9     0      9
1s_3p_1Po         3.0    2859375.0000     9.0843   3.300E+02    10     0     10
1s_3s_3Se         3.0    2893573.8000     8.0591   3.720E+02    11     0     11
1s_4s_3Se         3.0    2983544.9000     5.3618   5.591E+02    12     0     12
1s_4s_1Se         1.0    2988335.2250     5.2182   5.745E+02    13     0     13
1s_4p_3Po         9.0    2988367.5000     5.2172   5.746E+02    14     0     14
1s_4d_3De        15.0    2990788.6470     5.1446   5.827E+02    15     0     15
1s_4d_1De         5.0    2990923.0000     5.1406   5.832E+02    16     0     16
1s_4z_1Z          7.0    2990938.2876     5.1401   5.832E+02    17     0     17
1s_4z_3Z         21.0    2990938.2876     5.1401   5.832E+02    18     0     18
1s_4p_1Po         3.0    2991710.0000     5.1170   5.859E+02    19     0     19
1s_5s_3Se         3.0    3048932.7000     3.4015   8.814E+02    20     0     20
1s_5s_1Se         1.0    3051321.4470     3.3299   9.003E+02    21     0     21
1s_5p_3Po         9.0    3051349.1670     3.3291   9.005E+02    22     0     22
1s_5d_3De        15.0    3052590.8670     3.2918   9.107E+02    23     0     23
1s_5d_1De         5.0    3052656.0000     3.2899   9.113E+02    24     0     24
1s_5z_3Z         48.0    3052662.7041     3.2897   9.113E+02    25     0     25
1s_5z_1Z         16.0    3052662.7041     3.2897   9.113E+02    26     0     26
1s_5p_1Po         3.0    3053044.0000     3.2783   9.145E+02    27     0     27
1s_6s_3Se         3.0    3084059.8000     2.3484   1.277E+03    20     0     28
1s_6s_1Se         1.0    3085414.8150     2.3078   1.299E+03    21     0     29
1s_6p_3Po         9.0    3085443.0560     2.3070   1.300E+03    22     0     30
1s_6d_3De        15.0    3086141.5000     2.2860   1.311E+03    23     0     31
1s_6d_1De         5.0    3086189.0000     2.2846   1.312E+03    24     0     32
1s_6z_1Z         27.0    3086192.0167     2.2845   1.312E+03    26     0     33
1s_6z_3Z         81.0    3086192.0167     2.2845   1.312E+03    25     0     34
1s_6p_1Po         3.0    3086439.0000     2.2771   1.317E+03    27     0     35
1s_7s_3Se         3.0    3105066.0000     1.7187   1.744E+03    20     0     36
1s_7s_1Se         1.0    3105916.8410     1.6932   1.771E+03    21     0     37
1s_7p_3Po         9.0    3105943.0000     1.6924   1.771E+03    22     0     38
1s_7d_3De        15.0    3106381.8400     1.6792   1.785E+03    23     0     39
1s_7d_1De         5.0    3106407.0000     1.6785   1.786E+03    24     0     40
1s_7z_1Z         40.0    3106409.1347     1.6784   1.786E+03    26     0     41
1s_7z_3Z        120.0    3106409.1347     1.6784   1.786E+03    25     0     42
1s_7p_1Po         3.0    3106541.0000     1.6745   1.790E+03    27     0     43
1s_8s_3Se         3.0    3118635.0000     1.3119   2.285E+03    28     0     44
1s_8s_1Se         1.0    3119198.1530     1.2950   2.315E+03    29     0     45
1s_8p_3Po         9.0    3119224.8000     1.2942   2.316E+03    30     0     46
1s_8d_3De        15.0    3119520.3000     1.2854   2.332E+03    31     0     47
1s_8d_1De         5.0    3119530.0000     1.2851   2.333E+03    32     0     48
1s_8z_3Z        165.0    3119530.8219     1.2850   2.333E+03    33     0     49
1s_8z_1Z         55.0    3119530.8219     1.2850   2.333E+03    34     0     50
1s_8p_1Po         3.0    3119619.0000     1.2824   2.338E+03    35     0     51
1s_9s_3Se         3.0    3127899.0120     1.0342   2.899E+03    28     0     52
1s_9s_1Se         1.0    3128299.0520     1.0222   2.933E+03    29     0     53
1s_9p_3Po         9.0    3128309.0530     1.0219   2.934E+03    30     0     54
1s_9d_3De        15.0    3128509.0720     1.0159   2.951E+03    31     0     55
1s_9d_1De         5.0    3128519.0730     1.0156   2.952E+03    32     0     56
1s_9z_3Z        216.0    3128527.0074     1.0153   2.953E+03    33     0     57
1s_9z_1Z         72.0    3128527.0074     1.0153   2.953E+03    34     0     58
1s_9p_1Po         3.0    3128589.0800     1.0135   2.958E+03    35     0     59
1s_10s_3Se        3.0    3134509.6650     0.8360   3.586E+03    28     0     60
1s_10s_1Se        1.0    3134789.6930     0.8276   3.622E+03    29     0     61
1s_10p_3Po        9.0    3134799.6940     0.8273   3.624E+03    30     0     62
1s_10d_3De       15.0    3134949.7090     0.8228   3.644E+03    31     0     63
1s_10d_1De        5.0    3134959.7100     0.8225   3.645E+03    32     0     64
1s_10z_3Z       273.0    3134961.9260     0.8224   3.645E+03    33     0     65
1s_10z_1Z        91.0    3134961.9260     0.8224   3.645E+03    34     0     66
1s_10p_1Po        3.0    3135009.7150     0.8210   3.652E+03    35     0     67
1s_11w_3W       363.0    3139723.0380     0.6797   4.411E+03    36    36     68
1s_11w_1W       121.0    3139723.0380     0.6797   4.411E+03    37    37     69
1s_12w_3W       432.0    3143344.2542     0.5711   5.249E+03    38    36     70
1s_12w_1W       144.0    3143344.2542     0.5711   5.249E+03    39    37     71
1s_13w_3W       507.0    3146162.4118     0.4866   6.160E+03    38    36     72
1s_13w_1W       169.0    3146162.4118     0.4866   6.160E+03    39    37     73
1s_14w_3W       588.0    3148398.5337     0.4196   7.145E+03    38    36     74
1s_14w_1W       196.0    3148398.5337     0.4196   7.145E+03    39    37     75
1s_15w_3W       675.0    3150202.5227     0.3655   8.202E+03    38    36     76
1s_15w_1W       225.0    3150202.5227     0.3655   8.202E+03    39    37     77
1s_16w_3W       768.0    3151678.9555     0.3213   9.332E+03    40    36     78
1s_16w_1W       256.0    3151678.9555     0.3213   9.332E+03    41    37     79
1s_17w_3W       867.0    3152902.5869     0.2846   1.053E+04    40    36     80
1s_17w_1W       289.0    3152902.5869     0.2846   1.053E+04    41    37     81
1s_18w_3W       972.0    3153928.0019     0.2538   1.181E+04    40    36     82
1s_18w_1W       324.0    3153928.0019     0.2538   1.181E+04    41    37     83
1s_19w_3W      1083.0    3154795.8105     0.2278   1.316E+04    40    36     84
1s_19w_1W       361.0    3154795.8105     0.2278   1.316E+04    41    37     85
1s_20w_3W      1200.0    3155536.7315     0.2056   1.458E+04    40    36     86
1s_20w_1W       400.0    3155536.7315     0.2056   1.458E+04    41    37     87
1s_21w_3W      1323.0    3156174.3483     0.1865   1.608E+04    42    36     88
1s_21w_1W       441.0    3156174.3483     0.1865   1.608E+04    43    37     89
1s_22w_3W      1452.0    3156727.0095     0.1699   1.764E+04    42    36     90
1s_22w_1W       484.0    3156727.0095     0.1699   1.764E+04    43    37     91
1s_23w_3W      1587.0    3157209.1637     0.1555   1.928E+04    42    36     92
1s_23w_1W       529.0    3157209.1637     0.1555   1.928E+04    43    37     93
1s_24w_3W      1728.0    3157632.3135     0.1428   2.100E+04    42    36     94
1s_24w_1W       576.0    3157632.3135     0.1428   2.100E+04    43    37     95
1s_25w_3W      1875.0    3158005.7082     0.1316   2.278E+04    42    36     96
1s_25w_1W       625.0    3158005.7082     0.1316   2.278E+04    43    37     97
1s_26w_3W      2028.0    3158336.8530     0.1217   2.464E+04    42    36     98
1s_26w_1W       676.0    3158336.8530     0.1217   2.464E+04    43    37     99
1s_27w_3W      2187.0    3158631.8897     0.1128   2.657E+04    42    36    100
1s_27w_1W       729.0    3158631.8897     0.1128   2.657E+04    43    37    101
1s_28w_3W      2352.0    3158895.8834     0.1049   2.858E+04    42    36    102
1s_28w_1W       784.0    3158895.8834     0.1049   2.858E+04    43    37    103
1s_29w_3W      2523.0    3159133.0411     0.0978   3.066E+04    42    36    104
1s_29w_1W       841.0    3159133.0411     0.0978   3.066E+04    43    37    105
1s_30w_3W      2700.0    3159346.8807     0.0914   3.281E+04    42    36    106
1s_30w_1W       900.0    3159346.8807     0.0914   3.281E+04    43    37    107
