********************************************************************************
                                                                                
  Super level assignments for Co II
  Option E%LS with E%=10.0%

********************************************************************************
                                                                                
26-Nov-2000                            !Date
1000                                   !Number of energy levels
6                                      !Entry number of link to super level
  
3d8_a3Fe[4]                9.0          0.0000     4.1310   7.257E+02     1     0      1
3d8_a3Fe[3]                7.0        950.5100     4.1025   7.308E+02     1     0      2
3d8_a3Fe[2]                5.0       1597.3200     4.0831   7.342E+02     1     0      3
3d7(4F)4s_a5Fe[5]         11.0       3350.5800     4.0305   7.438E+02     2     0      4
3d7(4F)4s_a5Fe[4]          9.0       4029.0000     4.0102   7.476E+02     2     0      5
3d7(4F)4s_a5Fe[3]          7.0       4560.8100     3.9943   7.506E+02     2     0      6
3d7(4F)4s_a5Fe[2]          5.0       4950.2000     3.9826   7.528E+02     2     0      7
3d7(4F)4s_a5Fe[1]          3.0       5204.8200     3.9750   7.542E+02     2     0      8
3d7(4F)4s_b3Fe[4]          9.0       9812.9600     3.8368   7.814E+02     3     0      9
3d7(4F)4s_b3Fe[3]          7.0      10708.4700     3.8100   7.869E+02     3     0     10
3d7(4F)4s_b3Fe[2]          5.0      11321.9600     3.7916   7.907E+02     3     0     11
3d8_a1De[2]                5.0      11651.4800     3.7817   7.927E+02     4     0     12
3d8_a3Pe[2]                5.0      13260.7700     3.7334   8.030E+02     5     0     13
3d8_a3Pe[1]                3.0      13404.4800     3.7291   8.039E+02     5     0     14
3d8_a3Pe[0]                1.0      13593.3200     3.7235   8.051E+02     5     0     15
3d7(4P)4s_a5Pe[3]          7.0      17771.7100     3.5982   8.332E+02     6     0     16
3d7(4P)4s_a5Pe[2]          5.0      18031.6500     3.5904   8.350E+02     6     0     17
3d7(4P)4s_a5Pe[1]          3.0      18338.8000     3.5812   8.371E+02     6     0     18
3d8_a1Ge[4]                9.0      19190.1100     3.5557   8.431E+02     7     0     19
3d7(2G)4s_a3Ge[5]         11.0      21624.6400     3.4827   8.608E+02     8     0     20
3d7(2G)4s_a3Ge[4]          9.0      22009.4700     3.4712   8.637E+02     8     0     21
3d7(2G)4s_a3Ge[3]          7.0      22414.6000     3.4590   8.667E+02     8     0     22
3d7(4P)4s_b3Pe[2]          5.0      24074.6000     3.4093   8.793E+02     9     0     23
3d7(4P)4s_b3Pe[1]          3.0      24267.5700     3.4035   8.808E+02     9     0     24
3d7(4P)4s_b3Pe[0]          1.0      24411.3600     3.3992   8.820E+02     9     0     25
3d7(2P)4s_c3Pe[2]          5.0      24886.5700     3.3849   8.857E+02     9     0     26
3d7(2G)4s_b1Ge[4]          9.0      25147.3700     3.3771   8.877E+02    10     0     27
3d7(2P)4s_c3Pe[1]          3.0      25317.6500     3.3720   8.891E+02     9     0     28
3d7(2P)4s_c3Pe[0]          1.0      25861.6000     3.3557   8.934E+02     9     0     29
3d7(2H)4s_a3He[6]         13.0      27105.9600     3.3184   9.034E+02    11     0     30
3d7(2H)4s_a3He[5]         11.0      27469.1300     3.3075   9.064E+02    11     0     31
3d7(2D)4s_a3De[3]          7.0      27484.6100     3.3070   9.065E+02    11     0     32
3d7(2P)4s_a1Pe[1]          3.0      27585.3100     3.3040   9.074E+02    10     0     33
3d7(2H)4s_a3He[4]          9.0      27902.3700     3.2945   9.100E+02    11     0     34
3d7(2D)4s_a3De[2]          5.0      28112.0600     3.2882   9.117E+02    11     0     35
3d7(2D)4s_a3De[1]          3.0      29268.9700     3.2535   9.214E+02    11     0     36
3d7(2H)4s_a1He[5]         11.0      30567.3600     3.2146   9.326E+02    12     0     37
3d7(2D)4s_b1De[2]          5.0      31199.5200     3.1957   9.381E+02    12     0     38
3d6(5D)4s2_a5De[4]         9.0      40695.6000     2.9110   1.030E+03    13     0     39
3d7(2F)4s_c3Fe[2]          5.0      40771.1100     2.9087   1.031E+03    14     0     40
3d7(2F)4s_c3Fe[3]          7.0      40879.4400     2.9055   1.032E+03    14     0     41
3d7(2F)4s_c3Fe[4]          9.0      41047.0600     2.9004   1.034E+03    14     0     42
3d6(5D)4s2_a5De[3]         7.0      41314.2000     2.8924   1.036E+03    13     0     43
3d6(5D)4s2_a5De[2]         5.0      41738.3000     2.8797   1.041E+03    13     0     44
3d6(5D)4s2_a5De[1]         3.0      42008.9000     2.8716   1.044E+03    13     0     45
3d6(5D)4s2_5De[0]          1.0      42141.2960     2.8676   1.045E+03    13     0     46
3d8(1S)_1Se[0]             1.0      43346.3430     2.8315   1.059E+03    15     0     47
3d7(2F)4s_a1Fe[3]          7.0      44090.9400     2.8092   1.067E+03    15     0     48
3d7(4F)4p_z5Fo[5]         11.0      45197.7800     2.7760   1.080E+03    16     0     49
3d7(4F)4p_z5Fo[4]          9.0      45378.8500     2.7706   1.082E+03    16     0     50
3d7(4F)4p_z5Fo[3]          7.0      45972.1700     2.7528   1.089E+03    16     0     51
3d7(4F)4p_z5Do[4]          9.0      46320.9600     2.7423   1.093E+03    16     0     52
3d7(4F)4p_z5Fo[2]          5.0      46452.8200     2.7384   1.095E+03    16     0     53
3d7(4F)4p_z5Fo[1]          3.0      46786.5300     2.7284   1.099E+03    16     0     54
3d7(4F)4p_z5Do[3]          7.0      47039.2700     2.7208   1.102E+03    16     0     55
3d7(4F)4p_z5Go[6]         13.0      47078.7400     2.7196   1.102E+03    16     0     56
3d7(4F)4p_z5Go[5]         11.0      47345.9400     2.7116   1.106E+03    16     0     57
3d7(4F)4p_z5Do[2]          5.0      47537.4800     2.7059   1.108E+03    16     0     58
3d7(4F)4p_z5Go[4]          9.0      47807.5800     2.6978   1.111E+03    16     0     59
3d7(4F)4p_z5Do[1]          3.0      47848.8900     2.6965   1.112E+03    16     0     60
3d7(4F)4p_z5Do[0]          1.0      47995.7400     2.6921   1.114E+03    16     0     61
3d7(4F)4p_z5Go[3]          7.0      48151.0700     2.6875   1.116E+03    16     0     62
3d7(4F)4p_z5Go[2]          5.0      48388.6200     2.6803   1.118E+03    16     0     63
3d7(4F)4p_z3Go[5]         11.0      48556.1600     2.6753   1.121E+03    17     0     64
3d7(4F)4p_z3Go[4]          9.0      49348.4300     2.6516   1.131E+03    17     0     65
3d7(4F)4p_z3Fo[4]          9.0      49697.8100     2.6411   1.135E+03    17     0     66
3d7(4F)4p_z3Go[3]          7.0      50036.5500     2.6309   1.139E+03    17     0     67
3d7(4F)4p_z3Fo[3]          7.0      50381.8600     2.6206   1.144E+03    17     0     68
3d7(4F)4p_z3Fo[2]          5.0      50914.5100     2.6046   1.151E+03    17     0     69
3d7(4F)4p_z3Do[3]          7.0      51512.4100     2.5867   1.159E+03    17     0     70
3d7(4F)4p_z3Do[2]          5.0      52229.9200     2.5652   1.169E+03    17     0     71
3d7(4F)4p_z3Do[1]          3.0      52684.7700     2.5515   1.175E+03    17     0     72
3d7(4P)4p_z5So[2]          5.0      56010.6200     2.4518   1.223E+03    18     0     73
3d7(2D)4s_3De[1]           3.0      60248.3660     2.3248   1.290E+03    19     0     74
3d7(2D)4s_3De[2]           5.0      60388.7190     2.3206   1.292E+03    19     0     75
3d7(2D)4s_3De[3]           7.0      60625.2020     2.3135   1.296E+03    19     0     76
3d7(4P)4p_y5Do[3]          7.0      61240.9600     2.2950   1.306E+03    18     0     77
3d7(4P)4p_y5Do[2]          5.0      61260.5500     2.2944   1.307E+03    18     0     78
3d7(4P)4p_y5Do[1]          3.0      61350.4200     2.2918   1.308E+03    18     0     79
3d7(4P)4p_y5Do[4]          9.0      61388.4300     2.2906   1.309E+03    18     0     80
3d7(4P)4p_y5Do[0]          1.0      61458.2200     2.2885   1.310E+03    18     0     81
3d7(4P)4p_z3So[1]          3.0      62440.6200     2.2591   1.327E+03    20     0     82
3d7(2G)4p_z3Ho[5]         11.0      63306.6600     2.2331   1.342E+03    20     0     83
3d7(4P)4p_z5Po[3]          7.0      63344.5000     2.2320   1.343E+03    21     0     84
3d7(4P)4p_z5Po[2]          5.0      63367.4300     2.2313   1.344E+03    21     0     85
3d7(2G)4p_y3Fo[4]          9.0      63510.4000     2.2270   1.346E+03    20     0     86
3d7(4P)4p_y3Do[3]          7.0      63587.0100     2.2247   1.348E+03    20     0     87
3d7(2G)4p_z3Ho[6]         13.0      63597.5900     2.2244   1.348E+03    20     0     88
3d7(4P)4p_y3Do[2]          5.0      63616.1200     2.2238   1.348E+03    20     0     89
3d7(2D)4s_1De[2]           5.0      63625.8190     2.2235   1.348E+03    22     0     90
3d7(4P)4p_z5Po[1]          3.0      63665.3200     2.2224   1.349E+03    21     0     91
3d7(2G)4p_z3Ho[4]          9.0      63792.9000     2.2185   1.351E+03    20     0     92
3d7(4P)4p_y3Do[1]          3.0      63865.3000     2.2164   1.353E+03    20     0     93
3d6(3P)4s2_3Pe[2]          5.0      63973.8850     2.2131   1.355E+03    23     0     94
3d6(3H)4s2_3He[6]         13.0      64090.3370     2.2096   1.357E+03    19     0     95
3d7(2G)4p_y3Fo[3]          7.0      64360.2600     2.2015   1.362E+03    20     0     96
3d6(3H)4s2_3He[5]         11.0      64374.4160     2.2011   1.362E+03    19     0     97
3d7(2G)4p_z1Go[4]          9.0      64401.4600     2.2003   1.363E+03    24     0     98
3d6(3H)4s2_3He[4]          9.0      64570.1700     2.1952   1.366E+03    19     0     99
3d7(2G)4p_y3Go[5]         11.0      64601.7200     2.1943   1.366E+03    20     0    100
3d7(2P)4p_z3Po[0]          1.0      64605.6500     2.1942   1.366E+03    20     0    101
3d7(2P)4p_z3Po[2]          5.0      64914.8100     2.1849   1.372E+03    20     0    102
3d7(2G)4p_z1Ho[5]         11.0      64957.5000     2.1836   1.373E+03    24     0    103
3d7(2G)4p_y3Fo[2]          5.0      65017.0600     2.1818   1.374E+03    20     0    104
3d7(2P)4p_z3Po[1]          3.0      65028.6300     2.1815   1.374E+03    20     0    105
3d7(2G)4p_y3Go[4]          9.0      65154.1800     2.1777   1.377E+03    20     0    106
3d7(2G)4p_y3Go[3]          7.0      65174.8900     2.1771   1.377E+03    20     0    107
3d7(4P)4p_y3Po[2]          5.0      65408.5900     2.1701   1.381E+03    20     0    108
3d7(4P)4p_y3Po[0]          1.0      65512.1200     2.1670   1.383E+03    20     0    109
3d7(4P)4p_y3Po[1]          3.0      65657.5800     2.1626   1.386E+03    20     0    110
3d6(3P)4s2_3Pe[1]          3.0      65769.7280     2.1593   1.388E+03    23     0    111
3d6(3F)4s2_3Fe[4]          9.0      65869.4920     2.1563   1.390E+03    23     0    112
3d7(2G)4p_z1Fo[3]          7.0      66017.7900     2.1518   1.393E+03    24     0    113
3d6(3F)4s2_3Fe[3]          7.0      66187.7750     2.1467   1.397E+03    23     0    114
3d6(3F)4s2_3Fe[2]          5.0      66429.2590     2.1395   1.401E+03    23     0    115
3d6(3P)4s2_3Pe[0]          1.0      66476.5430     2.1381   1.402E+03    23     0    116
3d7(2P)4p_1Do[2]           5.0      67209.4200     2.1161   1.417E+03    24     0    117
3d7(2P)4p_x3Do[3]          7.0      67524.2000     2.1067   1.423E+03    20     0    118
3d7(2P)4p_x3Do[1]          3.0      67824.6500     2.0977   1.429E+03    20     0    119
3d7(2P)4p_x3Do[2]          5.0      67939.5100     2.0942   1.432E+03    20     0    120
3d7(2H)4p_x3Go[5]         11.0      68203.3900     2.0863   1.437E+03    25     0    121
3d7(2H)4p_z3Io[6]         13.0      68311.4700     2.0831   1.439E+03    25     0    122
3d7(2H)4p_z3Io[7]         15.0      68614.2500     2.0740   1.445E+03    25     0    123
3d7(2H)4p_z3Io[5]         11.0      68829.5600     2.0675   1.450E+03    25     0    124
3d7(2H)4p_x3Go[4]          9.0      68843.6700     2.0671   1.450E+03    25     0    125
3d6(3G)4s2_3Ge[5]         11.0      68915.3860     2.0650   1.452E+03    23     0    126
3d7(2P)4p_1So[0]           1.0      68917.7660     2.0649   1.452E+03    24     0    127
3d7(2D)4p_w3Do[3]          7.0      69060.2600     2.0606   1.455E+03    25     0    128
3d7(2D)4p_w3Do[1]          3.0      69317.4500     2.0529   1.460E+03    25     0    129
3d7(2H)4p_x3Go[3]          7.0      69356.6400     2.0517   1.461E+03    25     0    130
3d6(3G)4s2_3Ge[4]          9.0      69477.5320     2.0481   1.464E+03    23     0    131
3d7(2H)4p_z1Io[6]         13.0      69617.6000     2.0439   1.467E+03    24     0    132
3d7(2D)4p_w3Do[2]          5.0      69637.2700     2.0433   1.467E+03    25     0    133
3d6(3G)4s2_3Ge[3]          7.0      69704.2270     2.0413   1.469E+03    23     0    134
3d7(2D)4p_x3Fo[4]          9.0      70186.3000     2.0269   1.479E+03    25     0    135
3d7(2P)4p_y3So[1]          3.0      70266.2000     2.0245   1.481E+03    25     0    136
3d6(5D)4s4p_7Do[5]        11.0      70443.3110     2.0192   1.485E+03    26     0    137
3d7(2D)4p_x3Fo[3]          7.0      70457.9300     2.0187   1.485E+03    25     0    138
3d6(5D)4s4p_7Do[4]         9.0      70722.5310     2.0108   1.491E+03    26     0    139
3d7(2D)4p_x3Fo[2]          5.0      70775.2500     2.0092   1.492E+03    25     0    140
3d7(2P)4p_1Po[1]           3.0      70857.1000     2.0067   1.494E+03    27     0    141
3d6(5D)4s4p_7Do[3]         7.0      70998.0520     2.0025   1.497E+03    26     0    142
3d6(5D)4s4p_7Do[2]         5.0      71224.9510     1.9957   1.502E+03    26     0    143
3d6(5D)4s4p_7Do[1]         3.0      71384.0610     1.9909   1.506E+03    26     0    144
3d7(2H)4p_y3Ho[6]         13.0      71404.0000     1.9904   1.506E+03    25     0    145
3d7(2H)4p_y3Ho[5]         11.0      71703.2000     1.9814   1.513E+03    25     0    146
3d7(2D)4p_x3Po[2]          5.0      71846.7500     1.9771   1.516E+03    25     0    147
3d7(2H)4p_y3Ho[4]          9.0      72009.0000     1.9722   1.520E+03    25     0    148
3d7(2D)4p_y1Fo[3]          7.0      72535.3500     1.9564   1.532E+03    27     0    149
3d7(2D)4p_1Do[2]           5.0      72654.3200     1.9529   1.535E+03    27     0    150
3d7(2D)4p_x3Po[1]          3.0      73144.5600     1.9382   1.547E+03    25     0    151
3d7(2H)4p_y1Go[4]          9.0      73147.2300     1.9381   1.547E+03    27     0    152
3d7(2D)4p_x3Po[0]          1.0      73440.0000     1.9293   1.554E+03    25     0    153
3d7(2H)4p_y1Ho[5]         11.0      74377.0700     1.9012   1.577E+03    27     0    154
3d7(2D)4p_y1Po[1]          3.0      74522.9600     1.8968   1.580E+03    27     0    155
3d6(5D)4s4p_7Fo[6]        13.0      74940.9630     1.8843   1.591E+03    26     0    156
3d6(5D)4s4p_7Fo[5]        11.0      75164.0030     1.8776   1.597E+03    26     0    157
3d6(5D)4s4p_7Fo[4]         9.0      75330.5230     1.8726   1.601E+03    26     0    158
3d6(5D)4s4p_7Fo[3]         7.0      75453.9960     1.8689   1.604E+03    26     0    159
3d6(5D)4s4p_7Fo[2]         5.0      75539.9620     1.8664   1.606E+03    26     0    160
3d6(5D)4s4p_7Fo[1]         3.0      75593.8350     1.8647   1.608E+03    26     0    161
3d6(5D)4s4p_7Fo[0]         1.0      75619.6760     1.8640   1.608E+03    26     0    162
3d6(3D)4s2_3De[1]          3.0      75650.7200     1.8630   1.609E+03    28     0    163
3d6(3D)4s2_3De[2]          5.0      75670.2020     1.8625   1.610E+03    28     0    164
3d6(3D)4s2_3De[3]          7.0      75846.5140     1.8572   1.614E+03    28     0    165
3d6(1I)4s2_1Ie[6]         13.0      76014.5030     1.8521   1.619E+03    29     0    166
3d6(1G)4s2_1Ge[4]          9.0      76315.7850     1.8431   1.627E+03    29     0    167
3d6(5D)4s4p_7Po[4]         9.0      76992.1250     1.8228   1.645E+03    30     0    168
3d6(5D)4s4p_7Po[3]         7.0      77784.4130     1.7991   1.666E+03    30     0    169
3d6(5D)4s4p_7Po[2]         5.0      78338.0660     1.7825   1.682E+03    30     0    170
3d6(5D)4s4p_x5Do[4]        9.0      80299.5000     1.7237   1.739E+03    31     0    171
3d6(1S)4s2_1Se[0]          1.0      80392.1140     1.7209   1.742E+03    29     0    172
3d6(5D)4s4p_x5Do[3]        7.0      80543.3000     1.7164   1.747E+03    31     0    173
3d6(5D)4s4p_x5Do[2]        5.0      80788.7000     1.7090   1.754E+03    31     0    174
3d6(5D)4s4p_x5Do[1]        3.0      80971.5000     1.7035   1.760E+03    31     0    175
3d6(5D)4s4p_x5Do[0]        1.0      81066.6000     1.7007   1.763E+03    31     0    176
3d6(5D)4s4p_y5Fo[5]       11.0      81970.7000     1.6736   1.791E+03    31     0    177
3d6(5D)4s4p_y5Fo[4]        9.0      82343.5000     1.6624   1.803E+03    31     0    178
3d6(5D)4s4p_y5Fo[3]        7.0      82627.5000     1.6539   1.813E+03    31     0    179
3d6(5D)4s4p_y5Fo[2]        5.0      82830.0000     1.6478   1.819E+03    31     0    180
3d6(5D)4s4p_y5Fo[1]        3.0      82959.9000     1.6439   1.824E+03    31     0    181
3d7(2F)4p_1Do[2]           5.0      83053.8050     1.6411   1.827E+03    32     0    182
3d7(2F)4p_w3Go[3]          7.0      83110.5300     1.6394   1.829E+03    33     0    183
3d6(1D)4s2_1De[2]          5.0      83344.4370     1.6324   1.837E+03    29     0    184
3d7(2F)4p_w3Go[4]          9.0      83398.6000     1.6308   1.838E+03    33     0    185
3d7(2F)4p_3Fo[2]           5.0      83795.4040     1.6189   1.852E+03    33     0    186
3d7(2F)4p_w3Fo[3]          7.0      83862.4000     1.6169   1.854E+03    33     0    187
3d7(2F)4p_w3Go[5]         11.0      83877.6000     1.6164   1.855E+03    33     0    188
3d7(4F)5s_e5Fe[5]         11.0      84014.2600     1.6123   1.859E+03    34     0    189
3d7(2F)4p_w3Fo[4]          9.0      84140.3800     1.6085   1.864E+03    33     0    190
3d7(2F)4p_v3Do[3]          7.0      84216.4000     1.6062   1.866E+03    33     0    191
3d7(2F)4p_v3Do[2]          5.0      84394.6000     1.6009   1.873E+03    33     0    192
3d7(2F)4p_v3Do[1]          3.0      84419.6000     1.6002   1.874E+03    33     0    193
3d7(4F)5s_e5Fe[4]          9.0      84586.9600     1.5951   1.879E+03    34     0    194
3d7(2F)4p_1Go[4]           9.0      84694.8180     1.5919   1.883E+03    32     0    195
3d6(5D)4s4p_y5Po[3]        7.0      85044.3000     1.5814   1.896E+03    31     0    196
3d7(4F)5s_e5Fe[3]          7.0      85167.7800     1.5777   1.900E+03    34     0    197
3d7(4F)5s_e3Fe[4]          9.0      85481.8000     1.5683   1.912E+03    35     0    198
3d7(4F)5s_e5Fe[2]          5.0      85596.2800     1.5649   1.916E+03    34     0    199
3d6(5D)4s4p_y5Po[2]        5.0      85712.6000     1.5614   1.920E+03    31     0    200
3d7(4F)5s_e5Fe[1]          3.0      85876.4000     1.5565   1.926E+03    34     0    201
3d6(5D)4s4p_y5Po[1]        3.0      86133.8000     1.5488   1.936E+03    31     0    202
3d7(4F)5s_e3Fe[3]          7.0      86346.8500     1.5424   1.944E+03    35     0    203
3d7(4F)5s_e3Fe[2]          5.0      86940.2900     1.5246   1.966E+03    35     0    204
3d6(5D)4s4p_u3Do[3]        7.0      86981.3000     1.5234   1.968E+03    33     0    205
3d6(5D)4s4p_v3Fo[4]        9.0      87112.5000     1.5194   1.973E+03    33     0    206
3d6(5D)4s4p_u3Do[2]        5.0      87490.0000     1.5081   1.988E+03    33     0    207
3d7(2F)4p_x1Fo[3]          7.0      87633.0000     1.5038   1.994E+03    32     0    208
3d6(5D)4s4p_u3Do[1]        3.0      87847.3000     1.4974   2.002E+03    33     0    209
3d6(5D)4s4p_v3Fo[3]        7.0      87896.2000     1.4959   2.004E+03    33     0    210
3d6(5D)4s4p_v3Fo[2]        5.0      88417.5000     1.4803   2.025E+03    33     0    211
3d7(4F)4d_f5Fe[5]         11.0      89931.6400     1.4349   2.089E+03    34     0    212
3d6(1F)4s2_1Fe[3]          7.0      90106.5740     1.4297   2.097E+03    36     0    213
3d7(4F)4d_f5Fe[4]          9.0      90199.4100     1.4269   2.101E+03    34     0    214
3d7(4F)4d_e5Ge[6]         13.0      90303.0000     1.4238   2.106E+03    34     0    215
3d7(4F)4d_e5Pe[3]          7.0      90464.8000     1.4189   2.113E+03    34     0    216
3d7(4F)4d_e5He[7]         15.0      90668.1000     1.4128   2.122E+03    34     0    217
3d7(4F)4d_e5Ge[5]         11.0      90697.6900     1.4119   2.123E+03    34     0    218
3d7(4F)4d_f5Fe[3]          7.0      90753.4300     1.4103   2.126E+03    34     0    219
3d6(5D)4s4p_3Po[2]         5.0      90810.3870     1.4086   2.128E+03    37     0    220
3d7(4F)4d_f5Fe[2]          5.0      90967.8200     1.4038   2.136E+03    34     0    221
3d7(4F)4d_e5He[6]         13.0      90975.7600     1.4036   2.136E+03    34     0    222
3d7(4F)4d_e5Ge[4]          9.0      91049.6200     1.4014   2.139E+03    34     0    223
3d7(4F)4d_e3Ge[5]         11.0      91327.0600     1.3931   2.152E+03    35     0    224
3d7(4F)4d_e5De[4]          9.0      91352.9600     1.3923   2.153E+03    34     0    225
3d7(4F)4d_f5Fe[1]          3.0      91359.2000     1.3921   2.154E+03    34     0    226
3d6(5D)4s4p_3Po[1]         3.0      91392.8420     1.3911   2.155E+03    37     0    227
3d7(4F)4d_e3De[3]          7.0      91408.7000     1.3906   2.156E+03    35     0    228
3d7(4F)4d_e5Pe[2]          5.0      91425.1200     1.3901   2.157E+03    34     0    229
3d7(4F)4d_e3He[6]         13.0      91623.5400     1.3842   2.166E+03    35     0    230
3d7(4F)4d_e5He[5]         11.0      91646.5800     1.3835   2.167E+03    34     0    231
3d6(5D)4s4p_3Po[0]         1.0      91664.4880     1.3830   2.168E+03    37     0    232
3d7(4F)4d_e5Ge[3]          7.0      91667.6300     1.3829   2.168E+03    34     0    233
3d7(4F)4d_e3Ge[4]          9.0      91918.3500     1.3753   2.180E+03    35     0    234
3d7(4F)4d_e5Ge[2]          5.0      91929.2100     1.3750   2.180E+03    34     0    235
3d7(4F)4d_e5Pe[1]          3.0      91932.3100     1.3749   2.180E+03    34     0    236
3d7(4F)4d_e5De[3]          7.0      91958.5800     1.3741   2.182E+03    34     0    237
3d7(4F)4d_e3De[2]          5.0      92045.1000     1.3715   2.186E+03    35     0    238
3d7(4F)4d_e5He[4]          9.0      92121.1000     1.3693   2.189E+03    34     0    239
3d7(4F)4d_e5De[2]          5.0      92317.5100     1.3634   2.199E+03    34     0    240
3d7(4F)4d_5De[0]           1.0      92320.4930     1.3633   2.199E+03    34     0    241
3d7(4F)4d_e5He[3]          7.0      92406.2500     1.3607   2.203E+03    34     0    242
3d7(4F)4d_5De[1]           3.0      92421.0090     1.3603   2.204E+03    34     0    243
3d7(4F)4d_e3He[5]         11.0      92452.3000     1.3593   2.205E+03    35     0    244
3d7(4F)4d_e3Ge[3]          7.0      92520.2900     1.3573   2.209E+03    35     0    245
3d7(4F)4d_e3De[1]          3.0      92639.9500     1.3537   2.215E+03    35     0    246
3d7(4F)4d_e3He[4]          9.0      93019.6000     1.3423   2.233E+03    35     0    247
3d7(4F)4d_e3Pe[2]          5.0      93678.7000     1.3226   2.267E+03    38     0    248
3d7(4F)4d_f3Fe[4]          9.0      93739.0400     1.3208   2.270E+03    38     0    249
3d7(4F)4d_f3Fe[3]          7.0      94368.8300     1.3019   2.303E+03    38     0    250
3d7(4F)4d_e3Pe[1]          3.0      94405.7000     1.3008   2.305E+03    38     0    251
3d7(4F)4d_f3Fe[2]          5.0      94744.0000     1.2906   2.323E+03    38     0    252
3d7(4F)4d_e3Pe[0]          1.0      94785.4000     1.2894   2.325E+03    38     0    253
3d7(4F)5p_5Do[4]           9.0      95036.1900     1.2819   2.339E+03    39     0    254
3d7(4F)5p_5Fo[5]          11.0      95456.1000     1.2693   2.362E+03    39     0    255
3d7(4F)5p_5Do[3]           7.0      95683.5000     1.2625   2.375E+03    39     0    256
3d7(4F)5p_5Fo[4]           9.0      95976.6300     1.2537   2.391E+03    39     0    257
3d7(4F)5p_5Go[6]          13.0      95998.7200     1.2530   2.393E+03    39     0    258
3d7(4F)5p_5Do[2]           5.0      96206.0000     1.2468   2.404E+03    39     0    259
3d7(4F)5p_5Go[5]          11.0      96236.6600     1.2459   2.406E+03    39     0    260
3d7(4F)5p_5Fo[3]           7.0      96496.1600     1.2381   2.421E+03    39     0    261
3d7(4F)5p_b5Do[1]          3.0      96569.3860     1.2359   2.426E+03    39     0    262
3d7(4F)5p_b5Do[0]          1.0      96746.3200     1.2306   2.436E+03    39     0    263
3d7(4F)5p_5Go[4]           9.0      96882.4300     1.2265   2.444E+03    39     0    264
3d7(4F)5p_5Fo[2]           5.0      96891.0700     1.2263   2.445E+03    39     0    265
3d7(4F)5p_3Go[5]          11.0      96942.2100     1.2247   2.448E+03    37     0    266
3d7(4F)5p_3Fo[4]           9.0      97062.9500     1.2211   2.455E+03    37     0    267
3d7(4F)5p_5Fo[1]           3.0      97153.8400     1.2184   2.461E+03    39     0    268
3d7(4F)5p_5Go[3]           7.0      97335.8100     1.2129   2.472E+03    39     0    269
3d7(4F)5p_3Do[3]           7.0      97496.5300     1.2081   2.481E+03    37     0    270
3d7(4F)5p_5Go[2]           5.0      97628.5600     1.2042   2.490E+03    39     0    271
3d6(3P)4s2_3Pbe[0]         1.0      97637.3770     1.2039   2.490E+03    38     0    272
3d7(4F)5p_b5Do[4]          9.0      97661.9790     1.2032   2.492E+03    39     0    273
3d7(4F)5p_3Go[4]           9.0      97705.1600     1.2019   2.494E+03    37     0    274
3d7(4F)5p_3Fo[3]           7.0      97967.7900     1.1940   2.511E+03    37     0    275
3d6(3P)4s4p_5So[2]         5.0      98188.9600     1.1874   2.525E+03    39     0    276
3d6(3P)4s2_3Pbe[1]         3.0      98197.5360     1.1871   2.525E+03    38     0    277
3d7(4F)5p_b5Do[3]          7.0      98227.2470     1.1862   2.527E+03    39     0    278
3d7(4F)5p_3Go[3]           7.0      98278.6400     1.1847   2.531E+03    37     0    279
3d7(4F)5p_3Do[2]           5.0      98287.7500     1.1844   2.531E+03    37     0    280
3d6(3H)4s4p_5Go[6]        13.0      98529.2150     1.1772   2.547E+03    39     0    281
3d7(4F)5p_3Fo[2]           5.0      98648.6700     1.1736   2.555E+03    37     0    282
3d6(3H)4s4p_5Go[5]        11.0      98662.6910     1.1732   2.555E+03    39     0    283
3d7(4F)5p_b3Do[2]          5.0      98792.9970     1.1693   2.564E+03    37     0    284
3d6(3H)4s4p_5Go[4]         9.0      98804.0370     1.1689   2.565E+03    39     0    285
3d6(3F)4s2_3Fbe[2]         5.0      98837.5260     1.1679   2.567E+03    38     0    286
3d6(3H)4s4p_5Io[6]        13.0      98849.6840     1.1676   2.568E+03    39     0    287
3d6(3F)4s2_3Fbe[4]         9.0      98877.3000     1.1667   2.570E+03    38     0    288
3d6(3H)4s4p_5Io[7]        15.0      98910.2240     1.1657   2.572E+03    39     0    289
3d6(3H)4s4p_5Io[5]        11.0      98920.0080     1.1654   2.572E+03    39     0    290
3d7(4F)5p_b3Do[1]          3.0      98954.3300     1.1644   2.575E+03    37     0    291
3d6(3H)4s4p_5Go[3]         7.0      98960.6130     1.1642   2.575E+03    39     0    292
3d6(3F)4s2_3Fbe[3]         7.0      98961.6970     1.1642   2.575E+03    38     0    293
3d7(4P)5s_e5Pe[3]          7.0      99022.6600     1.1624   2.579E+03    40     0    294
3d6(3H)4s4p_5Io[4]         9.0      99048.4150     1.1616   2.581E+03    39     0    295
3d6(3H)4s4p_5Go[2]         5.0      99062.1620     1.1612   2.582E+03    39     0    296
3d7(4F)5p_3Dbo[1]          3.0      99103.6240     1.1599   2.585E+03    37     0    297
3d7(4F)5p_5Dbo[0]          1.0      99164.5620     1.1581   2.589E+03    39     0    298
3d7(4P)5s_e5Pe[2]          5.0      99235.2800     1.1560   2.593E+03    40     0    299
3d6(3H)4s4p_5Io[8]        17.0      99317.6100     1.1535   2.599E+03    39     0    300
3d6(3P)4s2_3Pbe[2]         5.0      99362.7870     1.1522   2.602E+03    38     0    301
3d6(3P)4s4p_5Po[3]         7.0      99495.6560     1.1482   2.611E+03    39     0    302
3d6(3H)4s4p_5Ho[3]         7.0      99535.7280     1.1470   2.614E+03    39     0    303
3d7(4P)5s_e5Pe[1]          3.0      99552.6700     1.1465   2.615E+03    40     0    304
3d6(3H)4s4p_5Ho[4]         9.0      99719.0530     1.1415   2.626E+03    39     0    305
3d6(3H)4s4p_5Ho[7]        15.0      99793.6590     1.1393   2.631E+03    39     0    306
3d6(3H)4s4p_5Ho[5]        11.0      99806.1170     1.1389   2.632E+03    39     0    307
3d6(3H)4s4p_5Ho[6]        13.0      99845.6530     1.1377   2.635E+03    39     0    308
3d6(5D)4s4p_5Fo[5]        11.0      99883.9940     1.1365   2.638E+03    39     0    309
3d6(3P)4s4p_5Po[1]         3.0     100163.6190     1.1282   2.657E+03    39     0    310
3d7(4P)5s_3Pe[2]           5.0     100236.2930     1.1260   2.662E+03    38     0    311
3d6(5D)4s4p_5Fo[4]         9.0     100329.3540     1.1232   2.669E+03    39     0    312
3d6(3P)4s4p_5Po[2]         5.0     100535.7530     1.1170   2.684E+03    39     0    313
3d7(4P)5s_3Pe[1]           3.0     100553.5100     1.1165   2.685E+03    38     0    314
3d6(3F)4s4p_5Fo[3]         7.0     100561.6860     1.1162   2.686E+03    39     0    315
3d6(3F)4s4p_5Fo[2]         5.0     100643.4840     1.1138   2.692E+03    39     0    316
3d6(3F)4s4p_5Fo[4]         9.0     100666.3850     1.1131   2.693E+03    39     0    317
3d6(3F)4s4p_5Fo[5]        11.0     100690.9840     1.1124   2.695E+03    39     0    318
3d6(3F)4s4p_5Fo[1]         3.0     100691.4260     1.1123   2.695E+03    39     0    319
3d6(5D)4s4p_5Fo[3]         7.0     100828.4860     1.1082   2.705E+03    39     0    320
3d7(4P)5s_3Pe[0]           1.0     100853.9790     1.1075   2.707E+03    38     0    321
3d6(5D)4s4p_5Fo[2]         5.0     101061.5020     1.1012   2.722E+03    39     0    322
3d6(3P)4s4p_5Do[4]         9.0     101115.9350     1.0996   2.726E+03    39     0    323
3d6(5D)4s4p_5Fo[1]         3.0     101229.1600     1.0962   2.735E+03    39     0    324
3d7(2G)5s_f3Ge[5]         11.0     101233.6500     1.0961   2.735E+03    38     0    325
3d7(2D)4p_3Po[1]           3.0     101410.5190     1.0908   2.748E+03    41     0    326
3d7(2D)4p_3Po[0]           1.0     101434.5770     1.0901   2.750E+03    41     0    327
3d7(2D)4p_3Po[2]           5.0     101440.7120     1.0899   2.751E+03    41     0    328
3d7(2G)5s_f3Ge[4]          9.0     101451.1200     1.0896   2.751E+03    38     0    329
3d6(3P)4s4p_5Do[3]         7.0     101628.6990     1.0842   2.765E+03    39     0    330
3d6(3P)4s4p_5Do[2]         5.0     101992.6580     1.0733   2.793E+03    39     0    331
3d7(2G)5s_f3Ge[3]          7.0     102020.4600     1.0725   2.795E+03    38     0    332
3d6(3P)4s4p_5Do[0]         1.0     102028.2070     1.0723   2.796E+03    39     0    333
3d6(3P)4s4p_5Do[1]         3.0     102038.9810     1.0719   2.797E+03    39     0    334
3d6(5D)4s4p_5Po[3]         7.0     102250.2040     1.0656   2.813E+03    39     0    335
3d7(2D)4p_3Fo[2]           5.0     102311.3980     1.0638   2.818E+03    41     0    336
3d6(3F)4s4p_5Do[4]         9.0     102528.4300     1.0573   2.836E+03    39     0    337
3d7(2D)4p_3Fo[3]           7.0     102644.3660     1.0538   2.845E+03    41     0    338
3d6(5D)4s4p_5Po[2]         5.0     102899.2090     1.0461   2.866E+03    39     0    339
3d6(3F)4s4p_5Do[3]         7.0     103021.5000     1.0425   2.876E+03    39     0    340
3d6(3F)4s4p_5Go[6]        13.0     103022.0470     1.0425   2.876E+03    39     0    341
3d7(2D)4p_3Fo[4]           9.0     103062.2280     1.0413   2.879E+03    41     0    342
3d6(3F)4s4p_5Go[5]        11.0     103131.5900     1.0392   2.885E+03    39     0    343
3d6(3F)4s4p_5Go[4]         9.0     103254.9330     1.0355   2.895E+03    39     0    344
3d6(5D)4s4p_5Po[1]         3.0     103298.2670     1.0342   2.899E+03    39     0    345
3d6(3H)4s4p_3Go[5]        11.0     103362.4930     1.0323   2.904E+03    41     0    346
3d6(3F)4s4p_5Do[2]         5.0     103385.5180     1.0316   2.906E+03    39     0    347
3d6(3F)4s4p_5Go[3]         7.0     103392.1770     1.0314   2.907E+03    39     0    348
3d6(3H)4s4p_5Gbo[2]        5.0     103556.3800     1.0264   2.921E+03    39     0    349
3d6(3H)4s4p_3Go[4]         9.0     103581.0930     1.0257   2.923E+03    41     0    350
3d6(3H)4s4p_3Io[7]        15.0     103594.6990     1.0253   2.924E+03    41     0    351
3d6(3H)4s4p_3Io[6]        13.0     103601.3780     1.0251   2.925E+03    41     0    352
3d6(3F)4s4p_5Do[1]         3.0     103674.2020     1.0229   2.931E+03    39     0    353
3d6(3H)4s4p_3Go[3]         7.0     103677.9160     1.0228   2.931E+03    41     0    354
3d6(3H)4s4p_3Io[5]        11.0     103725.6190     1.0214   2.935E+03    41     0    355
3d7(2G)5s_e1Ge[4]          9.0     103787.4300     1.0195   2.941E+03    42     0    356
3d6(3F)4s4p_5Do[0]         1.0     103803.1010     1.0191   2.942E+03    39     0    357
3d6(3P)4s4p_3Do[3]         7.0     104095.5540     1.0103   2.967E+03    41     0    358
3d6(3P)4s4p_3Do[2]         5.0     104135.6310     1.0091   2.971E+03    41     0    359
3d6(3G)4s4p_5Go[6]        13.0     104320.6330     1.0035   2.987E+03    43     0    360
3d6(3G)4s4p_5Go[5]        11.0     104511.4980     0.9978   3.004E+03    43     0    361
3d6(3G)4s4p_5Go[2]         5.0     104559.7060     0.9964   3.009E+03    43     0    362
3d6(3G)4s4p_5Go[4]         9.0     104661.4430     0.9933   3.018E+03    43     0    363
3d6(3G)4s4p_5Go[3]         7.0     104676.7650     0.9929   3.019E+03    43     0    364
3d6(3P)4s4p_3Do[1]         3.0     104709.5850     0.9919   3.022E+03    41     0    365
3d7(2D)4p_1Po[1]           3.0     104751.2390     0.9906   3.026E+03    44     0    366
3d7(4P)4d_5Pe[1]           3.0     104886.8270     0.9866   3.039E+03    40     0    367
3d7(2P)5s_3Pe[2]           5.0     104946.0790     0.9848   3.044E+03    45     0    368
3d7(4P)4d_5Pe[2]           5.0     104991.1180     0.9834   3.048E+03    40     0    369
3d6(3G)4s4p_5Fo[5]        11.0     105010.5630     0.9829   3.050E+03    43     0    370
3d7(4P)4d_5Pe[3]           7.0     105168.7190     0.9781   3.065E+03    40     0    371
3d7(2D)4p_1Fo[3]           7.0     105175.5670     0.9779   3.066E+03    44     0    372
3d6(3G)4s4p_5Fo[4]         9.0     105177.0850     0.9779   3.066E+03    43     0    373
3d7(2P)5s_3Pe[1]           3.0     105194.3060     0.9773   3.067E+03    45     0    374
3d6(3G)4s4p_5Ho[7]        15.0     105318.2830     0.9736   3.079E+03    43     0    375
3d6(3G)4s4p_5Ho[6]        13.0     105340.9540     0.9729   3.081E+03    43     0    376
3d6(3G)4s4p_5Ho[3]         7.0     105358.1720     0.9724   3.083E+03    43     0    377
3d6(3G)4s4p_5Ho[5]        11.0     105375.7830     0.9719   3.085E+03    43     0    378
3d6(3G)4s4p_5Ho[4]         9.0     105388.2340     0.9715   3.086E+03    43     0    379
3d7(4P)4d_5Fe[5]          11.0     105589.3030     0.9655   3.105E+03    40     0    380
3d6(3H)4s4p_1Go[4]         9.0     105614.8760     0.9647   3.108E+03    44     0    381
3d6(3G)4s4p_5Fo[3]         7.0     105635.3110     0.9641   3.109E+03    43     0    382
3d7(4P)4d_5Fe[4]           9.0     105687.5810     0.9626   3.115E+03    40     0    383
3d7(2P)5s_3Pe[0]           1.0     105753.3430     0.9606   3.121E+03    45     0    384
3d7(4P)4d_5Fe[3]           7.0     105806.0890     0.9590   3.126E+03    40     0    385
3d6(3G)4s4p_5Fo[2]         5.0     105837.3330     0.9581   3.129E+03    43     0    386
3d7(4P)4d_5Fe[2]           5.0     105934.4630     0.9552   3.139E+03    40     0    387
3d7(2P)5s_1Pe[1]           3.0     106014.6850     0.9527   3.147E+03    42     0    388
3d6(3G)4s4p_5Fo[1]         3.0     106030.2350     0.9523   3.148E+03    43     0    389
3d7(4P)4d_5Fe[1]           3.0     106055.4980     0.9515   3.151E+03    40     0    390
3d6(3H)4s4p_1Io[6]        13.0     106064.3370     0.9513   3.152E+03    44     0    391
3d6(3P)4s4p_1Do[2]         5.0     106130.9620     0.9493   3.158E+03    44     0    392
3d7(2D)4p_3Do[1]           3.0     106150.5330     0.9487   3.160E+03    41     0    393
3d6(3H)4s4p_3Ho[4]         9.0     106241.2840     0.9460   3.169E+03    41     0    394
3d6(3P)4s4p_3Po[1]         3.0     106275.8940     0.9449   3.173E+03    41     0    395
3d7(2D)4p_3Do[2]           5.0     106298.7210     0.9442   3.175E+03    41     0    396
3d6(3P)4s4p_3Po[0]         1.0     106318.0300     0.9437   3.177E+03    41     0    397
3d6(3H)4s4p_3Ho[5]        11.0     106365.4030     0.9422   3.182E+03    41     0    398
3d6(3F)4s4p_3Fo[3]         7.0     106380.7690     0.9418   3.183E+03    41     0    399
3d6(3F)4s4p_3Fo[2]         5.0     106494.3440     0.9384   3.195E+03    41     0    400
3d7(4P)4d_3Fe[4]           9.0     106555.2860     0.9365   3.201E+03    45     0    401
3d6(3H)4s4p_3Ho[6]        13.0     106603.6190     0.9351   3.206E+03    41     0    402
3d7(4P)4d_3Fe[3]           7.0     106684.1870     0.9327   3.214E+03    45     0    403
3d6(3H)4s4p_1Gbo[4]        9.0     106692.7160     0.9324   3.215E+03    44     0    404
3d7(2D)4p_3Do[3]           7.0     106763.4230     0.9303   3.223E+03    41     0    405
3d7(4P)4d_5De[4]           9.0     106767.4370     0.9302   3.223E+03    40     0    406
3d6(3F)4s4p_3Go[5]        11.0     106768.7760     0.9301   3.223E+03    41     0    407
3d6(3F)4s4p_3Go[4]         9.0     106810.7220     0.9289   3.227E+03    41     0    408
3d7(4P)4d_5De[0]           1.0     106822.3240     0.9285   3.229E+03    40     0    409
3d7(2D)4p_b1Do[2]          5.0     106835.7940     0.9281   3.230E+03    44     0    410
3d6(3F)4s4p_3Go[3]         7.0     106861.7750     0.9274   3.233E+03    41     0    411
3d7(4P)4d_5De[2]           5.0     106875.8900     0.9269   3.234E+03    40     0    412
3d7(4P)4d_5De[1]           3.0     106879.7490     0.9268   3.235E+03    40     0    413
3d7(4P)4d_5De[3]           7.0     106915.3540     0.9257   3.238E+03    40     0    414
3d7(4P)4d_5Dbe[2]          5.0     106980.0680     0.9238   3.245E+03    40     0    415
3d6(1G)4s2_1Gbe[4]         9.0     107044.4090     0.9219   3.252E+03    42     0    416
3d7(4P)4d_3Pe[1]           3.0     107116.5390     0.9197   3.260E+03    45     0    417
3d7(4P)4d_3De[3]           7.0     107153.0330     0.9186   3.263E+03    45     0    418
3d7(4P)4d_3Pe[2]           5.0     107153.3110     0.9186   3.264E+03    45     0    419
3d7(2G)4d_3De[3]           7.0     107172.5470     0.9180   3.266E+03    45     0    420
3d7(4P)4d_3Pe[0]           1.0     107173.5080     0.9180   3.266E+03    45     0    421
3d7(2H)5s_3He[6]          13.0     107182.2310     0.9177   3.267E+03    45     0    422
3d6(3P)4s4p_3Po[2]         5.0     107261.6310     0.9154   3.275E+03    41     0    423
3d7(2H)5s_3He[5]          11.0     107391.0540     0.9115   3.289E+03    45     0    424
3d6(3P)4s4p_3So[1]         3.0     107415.8150     0.9107   3.292E+03    41     0    425
3d7(2G)4d_3Ie[7]          15.0     107459.4160     0.9094   3.296E+03    45     0    426
3d7(4P)4d_3De[1]           3.0     107475.5400     0.9090   3.298E+03    45     0    427
3d7(2D)5s_3De[2]           5.0     107494.7270     0.9084   3.300E+03    45     0    428
3d7(4P)4d_3Dbe[3]          7.0     107517.2010     0.9077   3.303E+03    45     0    429
3d7(2G)4d_3Ie[6]          13.0     107554.6970     0.9066   3.307E+03    45     0    430
3d7(2G)4d_3De[2]           5.0     107598.9840     0.9053   3.312E+03    45     0    431
3d7(2G)4d_3Ge[5]          11.0     107633.6320     0.9042   3.315E+03    45     0    432
3d7(2G)4d_1Fe[3]           7.0     107676.5330     0.9029   3.320E+03    42     0    433
3d7(2G)4d_1He[5]          11.0     107752.4020     0.9007   3.329E+03    42     0    434
3d7(2G)4d_3Fe[4]           9.0     107768.5060     0.9002   3.330E+03    45     0    435
3d7(4P)4d_3De[2]           5.0     107775.3720     0.9000   3.331E+03    45     0    436
3d7(2G)4d_3He[6]          13.0     107780.0590     0.8998   3.332E+03    45     0    437
3d7(2H)5s_3He[4]           9.0     107890.0500     0.8965   3.344E+03    45     0    438
3d7(2G)4d_3Ge[4]           9.0     107996.2730     0.8933   3.356E+03    45     0    439
3d7(2G)4d_3De[1]           3.0     108050.5780     0.8917   3.362E+03    45     0    440
3d7(2G)4d_3Ie[5]          11.0     108204.3060     0.8871   3.379E+03    45     0    441
3d7(2H)5s_1He[5]          11.0     108325.5780     0.8835   3.393E+03    42     0    442
3d7(2G)4d_3Ge[3]           7.0     108349.5940     0.8828   3.396E+03    45     0    443
3d7(2G)4d_1Ie[6]          13.0     108469.7220     0.8791   3.410E+03    42     0    444
3d7(4F)6s_5Fe[5]          11.0     108474.3800     0.8790   3.411E+03    46     0    445
3d7(2G)4d_3Fe[3]           7.0     108480.9840     0.8788   3.411E+03    45     0    446
3d7(2D)5s_3De[1]           3.0     108530.1350     0.8773   3.417E+03    45     0    447
3d7(2G)4d_3He[4]           9.0     108534.5920     0.8772   3.418E+03    45     0    448
3d6(3F)4s4p_1Fo[3]         7.0     108580.5500     0.8758   3.423E+03    44     0    449
3d7(2G)4d_3Fe[2]           5.0     108637.5680     0.8741   3.430E+03    45     0    450
3d7(2G)4d_1Hbe[5]         11.0     108701.6510     0.8722   3.437E+03    42     0    451
3d7(2D)5s_1De[2]           5.0     108731.7770     0.8713   3.441E+03    42     0    452
3d7(4F)6s_5Fe[4]           9.0     108819.9000     0.8687   3.451E+03    46     0    453
3d6(3F)4s4p_3Do[3]         7.0     109104.7570     0.8601   3.486E+03    41     0    454
3d6(3F)4s4p_3Do[2]         5.0     109225.2220     0.8565   3.500E+03    41     0    455
3d7(2G)4d_1De[2]           5.0     109244.4290     0.8559   3.503E+03    42     0    456
3d7(4F)4f_5Go[6]          13.0     109342.9360     0.8530   3.515E+03    43     0    457
3d7(4F)4f_5Go[5]          11.0     109359.5680     0.8525   3.517E+03    43     0    458
3d7(4F)4f_3Ho[6]          13.0     109363.0330     0.8524   3.517E+03    41     0    459
3d6(3F)4s4p_3Do[1]         3.0     109371.7820     0.8521   3.518E+03    41     0    460
3d7(4F)4f_5Ho[7]          15.0     109373.0810     0.8521   3.518E+03    43     0    461
3d7(4F)4f_3Go[5]          11.0     109378.5700     0.8519   3.519E+03    41     0    462
3d7(4F)4f_3Fo[4]           9.0     109380.8950     0.8518   3.519E+03    41     0    463
3d7(4F)4f_5Do[4]           9.0     109413.0570     0.8509   3.523E+03    43     0    464
3d7(4F)4f_3Do[3]           7.0     109413.0580     0.8509   3.523E+03    41     0    465
3d7(2G)4d_1Ge[4]           9.0     109414.5450     0.8508   3.524E+03    42     0    466
3d7(4F)4f_3Io[7]          15.0     109416.8470     0.8508   3.524E+03    41     0    467
3d7(4F)4f_5Io[8]          17.0     109420.3430     0.8507   3.524E+03    43     0    468
3d7(4F)4f_5Po[2]           5.0     109440.0190     0.8501   3.527E+03    43     0    469
3d7(4F)4f_5Po[3]           7.0     109441.6780     0.8500   3.527E+03    43     0    470
3d7(4F)6s_3Fe[4]           9.0     109442.2000     0.8500   3.527E+03    45     0    471
3d7(4F)4f_3Po[2]           5.0     109445.5180     0.8499   3.527E+03    41     0    472
3d7(4F)4f_3Po[1]           3.0     109471.9950     0.8491   3.531E+03    41     0    473
3d6(3F)4s4p_1Go[4]         9.0     109496.8010     0.8484   3.534E+03    44     0    474
3d7(4F)6s_5Fe[3]           7.0     109528.3000     0.8474   3.538E+03    46     0    475
3d7(4P)5p_5So[2]           5.0     109642.8580     0.8440   3.552E+03    43     0    476
3d6(3G)4s4p_3Ho[5]        11.0     109971.7860     0.8341   3.594E+03    41     0    477
3d7(4F)6s_5Fe[2]           5.0     110039.5770     0.8321   3.603E+03    46     0    478
3d6(3G)4s4p_3Ho[6]        13.0     110060.7370     0.8315   3.606E+03    41     0    479
3d7(4F)6s_3Fe[3]           7.0     110157.3860     0.8286   3.618E+03    45     0    480
3d7(4F)4f_5Fo[5]          11.0     110206.2820     0.8271   3.625E+03    43     0    481
3d7(4F)4f_3Fbo[4]          9.0     110212.3460     0.8269   3.625E+03    41     0    482
3d7(4F)4f_5Ho[6]          13.0     110212.5740     0.8269   3.625E+03    43     0    483
3d7(4F)4f_5Ho[5]          11.0     110216.9550     0.8268   3.626E+03    43     0    484
3d7(4F)4f_5Go[3]           7.0     110222.7850     0.8266   3.627E+03    43     0    485
3d7(4F)4f_5Dbo[4]          9.0     110224.3340     0.8265   3.627E+03    43     0    486
3d7(4F)4f_5Io[7]          15.0     110249.5610     0.8258   3.630E+03    43     0    487
3d7(4F)4f_5Fo[2]           5.0     110249.5810     0.8258   3.630E+03    43     0    488
3d7(4F)4f_5Pbo[3]          7.0     110252.8220     0.8257   3.631E+03    43     0    489
3d7(4F)4f_5Io[6]          13.0     110253.3890     0.8257   3.631E+03    43     0    490
3d7(4F)4f_5Do[2]           5.0     110271.0830     0.8251   3.633E+03    43     0    491
3d7(4F)4f_5Do[1]           3.0     110279.6050     0.8249   3.634E+03    43     0    492
3d7(4F)4f_5Po[1]           3.0     110291.9260     0.8245   3.636E+03    43     0    493
3d7(4F)4f_3Po[0]           1.0     110297.9460     0.8243   3.637E+03    41     0    494
3d6(3H)4s4p_1Ho[5]        11.0     110354.7170     0.8226   3.644E+03    44     0    495
3d7(4F)6s_5Fe[1]           3.0     110365.1930     0.8223   3.646E+03    46     0    496
3d6(3G)4s4p_3Ho[4]         9.0     110467.6200     0.8193   3.659E+03    41     0    497
3d6(3G)4s4p_3Fo[4]         9.0     110654.4070     0.8137   3.685E+03    41     0    498
3d7(4F)6s_3Fe[2]           5.0     110678.8830     0.8129   3.688E+03    45     0    499
3d6(3G)4s4p_3Fo[3]         7.0     110713.3670     0.8119   3.693E+03    41     0    500
3d7(4P)5p_5Do[4]           9.0     110740.3320     0.8111   3.696E+03    43     0    501
3d6(3G)4s4p_3Fo[2]         5.0     110752.5990     0.8107   3.698E+03    41     0    502
3d7(4P)5p_5Do[3]           7.0     110770.1340     0.8102   3.700E+03    43     0    503
3d6(3P)4s4p_1Po[1]         3.0     110809.0570     0.8090   3.706E+03    44     0    504
3d7(4F)4f_5Gbo[5]         11.0     110821.7850     0.8086   3.707E+03    43     0    505
3d7(4F)4f_5Ho[4]           9.0     110828.6670     0.8084   3.708E+03    43     0    506
3d7(4F)4f_5Go[2]           5.0     110837.6180     0.8082   3.710E+03    43     0    507
3d7(4F)4f_5Ho[3]           7.0     110841.2140     0.8081   3.710E+03    43     0    508
3d7(4F)4f_5Fo[4]           9.0     110842.9940     0.8080   3.710E+03    43     0    509
3d7(4F)4f_3Go[3]           7.0     110851.2300     0.8078   3.711E+03    41     0    510
3d7(4F)4f_5Ibo[6]         13.0     110857.2380     0.8076   3.712E+03    43     0    511
3d7(4F)4f_5Io[5]          11.0     110857.8300     0.8076   3.712E+03    43     0    512
3d7(4F)4f_3Fo[2]           5.0     110871.5980     0.8071   3.714E+03    41     0    513
3d7(4F)4f_5Fo[1]           3.0     110877.1450     0.8070   3.715E+03    43     0    514
3d7(4F)4f_5Do[0]           1.0     110895.1140     0.8064   3.717E+03    43     0    515
3d7(4F)4f_5Dbo[1]          3.0     110900.4880     0.8063   3.718E+03    43     0    516
3d7(4P)5p_5Do[2]           5.0     110904.8920     0.8061   3.719E+03    43     0    517
3d7(4F)5d_5Fe[5]          11.0     111013.8500     0.8029   3.734E+03    46     0    518
3d6(3D)4s4p_5Po[3]         7.0     111024.4560     0.8026   3.735E+03    43     0    519
3d6(3P)4s4p_1So[0]         1.0     111031.2050     0.8024   3.736E+03    44     0    520
3d7(4P)5p_5Do[1]           3.0     111044.7400     0.8020   3.738E+03    43     0    521
3d7(2P)4d_3De[1]           3.0     111081.4720     0.8009   3.743E+03    45     0    522
3d7(2P)4d_3De[2]           5.0     111124.8030     0.7996   3.750E+03    45     0    523
3d7(4F)5d_5Ge[6]          13.0     111141.0000     0.7991   3.752E+03    46     0    524
3d7(4F)5d_5Fe[4]           9.0     111145.9600     0.7989   3.752E+03    46     0    525
3d7(4F)5d_b5Fe[4]          9.0     111183.0580     0.7978   3.758E+03    46     0    526
3d7(4F)5d_5Pe[3]           7.0     111204.4590     0.7972   3.761E+03    46     0    527
3d6(3D)4s4p_5Po[2]         5.0     111212.1460     0.7969   3.762E+03    43     0    528
3d7(4P)5p_5Do[0]           1.0     111216.7550     0.7968   3.762E+03    43     0    529
3d7(4F)4f_5Hbo[3]          7.0     111235.5740     0.7962   3.765E+03    43     0    530
3d7(4F)4f_3Ho[4]           9.0     111236.6760     0.7962   3.765E+03    41     0    531
3d7(4F)4f_5Gbo[2]          5.0     111268.7680     0.7952   3.770E+03    43     0    532
3d7(4F)4f_3Gbo[3]          7.0     111272.1380     0.7951   3.770E+03    41     0    533
3d7(4F)4f_3Io[5]          11.0     111275.6540     0.7950   3.771E+03    41     0    534
3d7(4F)4f_5Io[4]           9.0     111279.1060     0.7949   3.771E+03    43     0    535
3d7(2P)4d_3De[3]           7.0     111282.2890     0.7948   3.772E+03    45     0    536
3d7(4F)5d_5He[7]          15.0     111288.0300     0.7947   3.773E+03    46     0    537
3d7(4F)4f_3Pbo[1]          3.0     111305.9200     0.7941   3.775E+03    41     0    538
3d7(2P)4d_3Dbe[3]          7.0     111313.3780     0.7939   3.776E+03    45     0    539
3d7(4F)4f_5Pbo[2]          5.0     111323.2960     0.7936   3.778E+03    43     0    540
3d7(4P)5p_5Po[1]           3.0     111343.0030     0.7930   3.780E+03    43     0    541
3d7(4F)5d_5Ge[5]          11.0     111350.1400     0.7928   3.781E+03    46     0    542
3d7(2P)4d_3Pe[0]           1.0     111392.8050     0.7915   3.788E+03    45     0    543
3d7(4F)5d_5He[6]          13.0     111438.8100     0.7901   3.794E+03    46     0    544
3d7(2P)4d_3Pe[1]           3.0     111461.7880     0.7894   3.797E+03    45     0    545
3d7(4P)5p_3So[1]           3.0     111556.9570     0.7866   3.811E+03    47     0    546
3d7(4F)5d_3De[3]           7.0     111597.4630     0.7854   3.817E+03    45     0    547
3d7(4P)5p_3Do[3]           7.0     111609.3790     0.7850   3.819E+03    47     0    548
3d7(4F)5d_5De[2]           5.0     111719.2240     0.7817   3.835E+03    46     0    549
3d7(4F)5d_5De[4]           9.0     111776.3400     0.7800   3.843E+03    46     0    550
3d7(4P)5p_3Do[2]           5.0     111782.2070     0.7798   3.844E+03    47     0    551
3d6(3G)4s4p_3Go[5]        11.0     111815.6730     0.7788   3.849E+03    47     0    552
3d7(2P)4d_3Fe[2]           5.0     111948.8400     0.7748   3.869E+03    45     0    553
3d6(3G)4s4p_3Go[4]         9.0     111970.4460     0.7742   3.872E+03    47     0    554
3d7(4P)5p_3Do[1]           3.0     112011.3830     0.7730   3.878E+03    47     0    555
3d6(3G)4s4p_3Go[3]         7.0     112011.9800     0.7730   3.879E+03    47     0    556
3d7(4F)5d_b5Ge[5]         11.0     112032.3310     0.7723   3.882E+03    46     0    557
3d7(4F)5d_3Dbe[3]          7.0     112039.4930     0.7721   3.883E+03    45     0    558
3d7(2P)4d_3Fbe[2]          5.0     112054.7310     0.7717   3.885E+03    45     0    559
3d7(4F)5d_3Ge[4]           9.0     112124.2890     0.7696   3.895E+03    45     0    560
3d7(4F)5d_3He[6]          13.0     112155.6700     0.7686   3.900E+03    45     0    561
3d6(3D)4s4p_5Fo[1]         3.0     112174.5600     0.7681   3.903E+03    43     0    562
3d7(4P)5p_3Po[2]           5.0     112181.0880     0.7679   3.904E+03    47     0    563
3d7(2P)4d_1Fe[3]           7.0     112188.0470     0.7677   3.905E+03    42     0    564
3d7(4F)5d_5He[5]          11.0     112210.7000     0.7670   3.909E+03    46     0    565
3d7(4F)5d_5Pe[2]           5.0     112230.9390     0.7664   3.912E+03    46     0    566
3d6(3D)4s4p_5Fo[2]         5.0     112238.8940     0.7662   3.913E+03    43     0    567
3d7(2P)4d_1Pe[1]           3.0     112260.0750     0.7655   3.916E+03    42     0    568
3d7(2H)4d_3Fe[4]           9.0     112265.5740     0.7654   3.917E+03    45     0    569
3d6(1I)4s4p_3Ko[6]        13.0     112309.2110     0.7640   3.924E+03    47     0    570
3d6(3D)4s4p_5Fo[3]         7.0     112348.7500     0.7629   3.930E+03    43     0    571
3d6(3F)4s4p_1Do[2]         5.0     112361.4990     0.7625   3.932E+03    44     0    572
3d7(4F)5d_b5Fe[1]          3.0     112396.2850     0.7614   3.937E+03    46     0    573
3d7(4F)5d_b5Ge[3]          7.0     112397.2660     0.7614   3.937E+03    46     0    574
3d7(4P)5p_3Po[0]           1.0     112461.4890     0.7595   3.947E+03    47     0    575
3d7(4P)5p_5Po[3]           7.0     112494.3720     0.7585   3.952E+03    43     0    576
3d6(3D)4s4p_5Fo[4]         9.0     112494.4100     0.7585   3.952E+03    43     0    577
3d7(4P)5p_3Po[1]           3.0     112535.8500     0.7573   3.959E+03    47     0    578
3d7(4F)5d_3De[2]           5.0     112574.5640     0.7561   3.965E+03    45     0    579
3d6(1I)4s4p_3Ko[7]        15.0     112580.5370     0.7559   3.966E+03    47     0    580
3d6(3D)4s4p_5Do[0]         1.0     112599.8670     0.7553   3.969E+03    43     0    581
3d7(2P)4d_1De[2]           5.0     112600.6460     0.7553   3.969E+03    42     0    582
3d7(4F)5d_5Gbe[3]          7.0     112625.5670     0.7546   3.973E+03    46     0    583
3d6(3D)4s4p_5Do[1]         3.0     112626.8280     0.7545   3.973E+03    43     0    584
3d7(4F)5d_3Gbe[4]          9.0     112660.4280     0.7535   3.979E+03    45     0    585
3d6(3D)4s4p_5Do[2]         5.0     112662.6170     0.7534   3.979E+03    43     0    586
3d7(2G)5p_3Ho[5]          11.0     112667.1190     0.7533   3.980E+03    47     0    587
3d7(4F)5d_5Pe[1]           3.0     112675.1510     0.7531   3.981E+03    46     0    588
3d7(2G)5p_3Fo[4]           9.0     112713.3490     0.7519   3.987E+03    47     0    589
3d7(2G)5p_3Ho[6]          13.0     112714.6950     0.7519   3.987E+03    47     0    590
3d6(3D)4s4p_5Fo[5]        11.0     112717.7500     0.7518   3.988E+03    43     0    591
3d7(4F)5d_5De[3]           7.0     112736.8040     0.7512   3.991E+03    46     0    592
3d7(4F)5d_5He[4]           9.0     112738.5340     0.7512   3.991E+03    46     0    593
3d6(3D)4s4p_5Dbo[2]        5.0     112810.4440     0.7490   4.002E+03    43     0    594
3d7(4F)5d_3He[5]          11.0     112818.3080     0.7488   4.004E+03    45     0    595
3d6(3D)4s4p_5Do[3]         7.0     112839.7060     0.7481   4.007E+03    43     0    596
3d7(4F)5d_b5Ge[2]          5.0     112845.8720     0.7480   4.008E+03    46     0    597
3d6(3D)4s4p_5Po[1]         3.0     112851.2820     0.7478   4.009E+03    43     0    598
3d6(1I)4s4p_3Ko[8]        17.0     112925.0960     0.7456   4.021E+03    47     0    599
3d7(4F)5d_5De[0]           1.0     112930.6330     0.7454   4.022E+03    46     0    600
3d6(3D)4s4p_5Do[4]         9.0     112943.2880     0.7450   4.024E+03    43     0    601
3d7(2G)5p_3Go[5]          11.0     112994.4130     0.7435   4.032E+03    47     0    602
3d7(4F)5d_5Dbe[2]          5.0     113009.4930     0.7431   4.035E+03    46     0    603
3d7(4F)5d_3De[1]           3.0     113011.5760     0.7430   4.035E+03    45     0    604
3d7(4F)6p_5Fo[5]          11.0     113049.7960     0.7418   4.041E+03    43     0    605
3d7(4F)5d_5He[3]           7.0     113063.2930     0.7414   4.043E+03    46     0    606
3d7(2G)5p_3Fo[3]           7.0     113102.2650     0.7403   4.050E+03    47     0    607
3d7(2G)5p_3Ho[4]           9.0     113120.0810     0.7397   4.053E+03    47     0    608
3d7(4F)5d_3Ge[3]           7.0     113122.9980     0.7396   4.053E+03    45     0    609
3d7(4F)5d_5De[1]           3.0     113125.2280     0.7396   4.054E+03    46     0    610
3d7(4F)6p_3Go[5]          11.0     113140.2010     0.7391   4.056E+03    47     0    611
3d7(2H)4d_3Fe[2]           5.0     113163.4030     0.7384   4.060E+03    45     0    612
3d7(4F)6p_5Go[6]          13.0     113197.9250     0.7374   4.066E+03    48     0    613
3d7(2G)5p_3Go[4]           9.0     113209.6500     0.7371   4.067E+03    47     0    614
3d7(4F)6p_5Do[4]           9.0     113247.9760     0.7359   4.074E+03    48     0    615
3d7(2H)4d_3Ke[8]          17.0     113252.8560     0.7358   4.075E+03    45     0    616
3d7(2D)4d_3Pe[2]           5.0     113275.9150     0.7351   4.078E+03    45     0    617
3d7(4F)5d_3He[4]           9.0     113301.3200     0.7343   4.083E+03    45     0    618
3d7(4F)6p_3Gbo[5]         11.0     113304.5590     0.7342   4.083E+03    47     0    619
3d7(2H)4d_3Ke[7]          15.0     113312.0930     0.7340   4.084E+03    45     0    620
3d7(2H)4d_1Fe[3]           7.0     113435.8480     0.7303   4.105E+03    42     0    621
3d7(2D)4d_3Fe[4]           9.0     113445.9270     0.7300   4.107E+03    45     0    622
3d7(2H)4d_3Ge[5]          11.0     113457.6080     0.7296   4.109E+03    45     0    623
3d7(4F)6p_3Fo[4]           9.0     113485.1360     0.7288   4.114E+03    47     0    624
3d7(2D)4d_3De[3]           7.0     113494.7160     0.7285   4.115E+03    45     0    625
3d7(2D)4d_3Pe[1]           3.0     113497.4820     0.7284   4.116E+03    45     0    626
3d7(2G)5p_1Ho[5]          11.0     113512.4700     0.7280   4.118E+03    44     0    627
3d7(4F)6p_3Do[3]           7.0     113558.2210     0.7266   4.126E+03    47     0    628
3d7(2G)5p_3Fo[2]           5.0     113648.8620     0.7239   4.141E+03    47     0    629
3d7(2D)4d_3Dbe[3]          7.0     113661.4600     0.7235   4.144E+03    45     0    630
3d7(2G)5p_3Go[3]           7.0     113715.3340     0.7219   4.153E+03    47     0    631
3d7(4F)5d_3Pe[0]           1.0     113784.7060     0.7198   4.165E+03    45     0    632
3d7(2H)4d_3Ge[4]           9.0     113850.7960     0.7178   4.176E+03    45     0    633
3d7(2D)4d_3Ge[5]          11.0     113858.2470     0.7176   4.178E+03    45     0    634
3d7(2G)5p_3Hbo[4]          9.0     113870.7870     0.7172   4.180E+03    47     0    635
3d6(1G)4s4p_3Ho[6]        13.0     113873.4330     0.7172   4.180E+03    47     0    636
3d7(2H)4d_3Ke[6]          13.0     113893.3140     0.7166   4.184E+03    45     0    637
3d7(2G)5p_1Fo[3]           7.0     113940.6750     0.7151   4.192E+03    44     0    638
3d7(2D)4d_3Ge[4]           9.0     113995.8990     0.7135   4.202E+03    45     0    639
3d7(2G)5p_1Go[4]           9.0     114004.5500     0.7132   4.203E+03    44     0    640
3d7(2D)4d_3Fe[2]           5.0     114019.3560     0.7128   4.206E+03    45     0    641
3d7(2D)4d_1Pe[1]           3.0     114022.0880     0.7127   4.206E+03    42     0    642
3d7(2H)4d_1Ke[7]          15.0     114022.5470     0.7127   4.207E+03    42     0    643
3d7(4F)6p_5Fo[4]           9.0     114030.1610     0.7125   4.208E+03    43     0    644
3d7(4F)6p_5Go[5]          11.0     114038.6380     0.7122   4.209E+03    48     0    645
3d7(4F)6p_3Go[4]           9.0     114039.4820     0.7122   4.210E+03    47     0    646
3d7(4F)6p_5Fo[3]           7.0     114047.3340     0.7119   4.211E+03    43     0    647
3d7(2G)5p_3Hbo[5]         11.0     114082.3990     0.7109   4.217E+03    47     0    648
3d7(2H)4d_3Ge[3]           7.0     114172.1110     0.7082   4.233E+03    45     0    649
3d7(2H)4d_3Ie[7]          15.0     114182.6470     0.7079   4.235E+03    45     0    650
3d7(2H)4d_3Ie[6]          13.0     114257.9760     0.7056   4.249E+03    45     0    651
3d7(4F)6p_5Do[3]           7.0     114260.4420     0.7055   4.249E+03    48     0    652
3d7(4F)6p_5Fo[2]           5.0     114268.4150     0.7053   4.251E+03    43     0    653
3d7(2H)4d_3He[5]          11.0     114337.5790     0.7032   4.263E+03    45     0    654
3d7(2H)4d_3He[6]          13.0     114415.2790     0.7009   4.277E+03    45     0    655
3d6(1G)4s4p_3Go[3]         7.0     114457.1230     0.6997   4.285E+03    47     0    656
3d7(4F)6p_5Go[4]           9.0     114556.3780     0.6967   4.303E+03    48     0    657
3d7(2D)4d_1Fe[3]           7.0     114590.3530     0.6957   4.309E+03    49     0    658
3d7(2D)4d_3De[2]           5.0     114650.5020     0.6939   4.321E+03    45     0    659
3d7(2D)4d_3Se[1]           3.0     114663.9620     0.6935   4.323E+03    45     0    660
3d7(4F)6p_5Go[3]           7.0     114671.8930     0.6932   4.325E+03    48     0    661
3d7(4F)6p_3Do[2]           5.0     114672.8880     0.6932   4.325E+03    47     0    662
3d6(1G)4s4p_3Go[5]        11.0     114679.4480     0.6930   4.326E+03    47     0    663
3d7(4F)6p_5Fo[1]           3.0     114738.1410     0.6912   4.337E+03    43     0    664
3d7(4F)6p_3Fo[3]           7.0     114747.2150     0.6910   4.339E+03    47     0    665
3d7(4F)6p_3Gbo[4]          9.0     114812.8790     0.6890   4.351E+03    47     0    666
3d7(2H)4d_3Ie[5]          11.0     114829.6380     0.6885   4.354E+03    45     0    667
3d7(4F)6p_5Do[2]           5.0     114863.8220     0.6875   4.361E+03    48     0    668
3d7(2H)4d_3He[4]           9.0     114974.6330     0.6841   4.382E+03    45     0    669
3d7(4F)6p_5Go[2]           5.0     115001.4210     0.6833   4.387E+03    48     0    670
3d7(2D)4d_1Pbe[1]          3.0     115011.1560     0.6830   4.389E+03    49     0    671
3d7(2H)4d_3Hbe[5]         11.0     115028.3320     0.6825   4.392E+03    45     0    672
3d6(1G)4s4p_3Fo[4]         9.0     115038.8120     0.6822   4.394E+03    47     0    673
3d7(4F)6p_5Do[1]           3.0     115067.8030     0.6813   4.400E+03    48     0    674
3d7(2D)4d_3Ge[3]           7.0     115089.8630     0.6807   4.404E+03    45     0    675
3d7(4F)6p_3Go[3]           7.0     115184.0850     0.6779   4.423E+03    47     0    676
3d7(2D)4d_1Ge[4]           9.0     115201.8960     0.6773   4.426E+03    49     0    677
3d7(4F)6p_5Do[0]           1.0     115222.0460     0.6767   4.430E+03    48     0    678
3d7(2H)4d_1Ie[6]          13.0     115261.9070     0.6755   4.438E+03    49     0    679
3d7(4F)6p_3Fo[2]           5.0     115266.8390     0.6754   4.439E+03    47     0    680
3d6(3D)4s4p_3Po[2]         5.0     115276.1520     0.6751   4.441E+03    47     0    681
3d6(1G)4s4p_3Fo[3]         7.0     115346.1340     0.6730   4.455E+03    47     0    682
3d7(4F)6p_3Do[1]           3.0     115349.2190     0.6729   4.455E+03    47     0    683
3d6(3D)4s4p_3Po[0]         1.0     115465.7450     0.6694   4.478E+03    47     0    684
3d6(3D)4s4p_3Po[1]         3.0     115465.8560     0.6694   4.478E+03    47     0    685
3d6(1G)4s4p_3Fo[2]         5.0     115524.8110     0.6676   4.490E+03    47     0    686
3d6(3G)4s4p_1Fo[3]         7.0     115674.5340     0.6632   4.521E+03    50     0    687
3d6(1I)4s4p_3Ho[6]        13.0     115730.3880     0.6615   4.532E+03    47     0    688
3d6(1I)4s4p_3Ho[5]        11.0     115752.2990     0.6608   4.537E+03    47     0    689
3d6(1I)4s4p_3Ho[4]         9.0     115758.3010     0.6606   4.538E+03    47     0    690
3d7(2D)4d_3Pbe[2]          5.0     115790.5190     0.6597   4.545E+03    51     0    691
3d6(3G)4s4p_1Go[4]         9.0     116182.0910     0.6479   4.627E+03    50     0    692
3d7(2P)5p_3Po[1]           3.0     116414.2840     0.6410   4.677E+03    47     0    693
3d7(2P)5p_3Po[2]           5.0     116420.3790     0.6408   4.678E+03    47     0    694
3d7(2P)5p_3Po[0]           1.0     116469.2800     0.6393   4.689E+03    47     0    695
3d7(4F)5d_3Pbe[0]          1.0     116527.3820     0.6376   4.702E+03    51     0    696
3d6(1I)4s4p_3Io[7]        15.0     116639.1700     0.6342   4.727E+03    47     0    697
3d6(1I)4s4p_3Io[5]        11.0     116641.0850     0.6342   4.727E+03    47     0    698
3d7(4F)5d_3Fe[4]           9.0     116645.1370     0.6341   4.728E+03    51     0    699
3d7(2D)4d_3Pbe[1]          3.0     116653.2300     0.6338   4.730E+03    51     0    700
3d6(1I)4s4p_3Io[6]        13.0     116653.8160     0.6338   4.730E+03    47     0    701
3d7(2P)5p_3Do[3]           7.0     116654.9460     0.6338   4.730E+03    47     0    702
3d6(3D)4s4p_3Do[1]         3.0     116709.1270     0.6321   4.743E+03    47     0    703
3d7(2P)5p_1Do[2]           5.0     116757.7270     0.6307   4.753E+03    50     0    704
3d7(2D)4d_1De[2]           5.0     116760.2500     0.6306   4.754E+03    49     0    705
3d6(3D)4s4p_3Do[2]         5.0     116882.9840     0.6269   4.782E+03    47     0    706
3d7(2P)5p_3So[1]           3.0     117057.1230     0.6217   4.822E+03    47     0    707
3d6(3D)4s4p_3Do[3]         7.0     117067.7470     0.6214   4.825E+03    47     0    708
3d7(4F)5d_3Fe[3]           7.0     117292.0910     0.6147   4.877E+03    51     0    709
3d7(2P)5p_3Do[1]           3.0     117401.9120     0.6114   4.904E+03    47     0    710
3d7(2P)5p_1So[0]           1.0     117478.0470     0.6091   4.922E+03    50     0    711
3d7(2P)5p_3Do[2]           5.0     117498.7520     0.6085   4.927E+03    47     0    712
3d7(2H)4d_1Ge[4]           9.0     117565.1340     0.6065   4.943E+03    49     0    713
3d7(2D)4d_1Se[0]           1.0     117692.0350     0.6027   4.974E+03    49     0    714
3d6(1S)4s4p_3Po[2]         5.0     117774.8380     0.6002   4.995E+03    47     0    715
3d7(2P)5p_1Po[1]           3.0     117792.3600     0.5997   4.999E+03    50     0    716
3d7(4F)5d_3Fe[2]           5.0     117825.4820     0.5987   5.008E+03    51     0    717
3d6(3D)4s4p_3Fo[4]         9.0     117906.4240     0.5962   5.028E+03    47     0    718
3d6(3D)4s4p_3Fo[3]         7.0     118058.8560     0.5917   5.067E+03    47     0    719
3d6(3D)4s4p_3Fo[2]         5.0     118165.9380     0.5885   5.094E+03    47     0    720
3d6(1S)4s4p_3Po[1]         3.0     118177.6870     0.5881   5.098E+03    47     0    721
3d7(2H)5p_3Go[5]          11.0     118448.3400     0.5800   5.169E+03    47     0    722
3d6(1S)4s4p_3Po[0]         1.0     118511.5130     0.5781   5.186E+03    47     0    723
3d7(2H)5p_3Io[6]          13.0     118584.0040     0.5759   5.205E+03    47     0    724
3d7(2D)5p_3Do[3]           7.0     118618.8130     0.5749   5.215E+03    47     0    725
3d7(2H)5p_3Io[7]          15.0     118651.9040     0.5739   5.224E+03    47     0    726
3d6(3D)4s4p_1Po[1]         3.0     118670.3050     0.5733   5.229E+03    50     0    727
3d7(2D)5p_3Do[2]           5.0     118819.5290     0.5689   5.270E+03    47     0    728
3d7(2H)5p_3Go[4]           9.0     118821.5080     0.5688   5.271E+03    47     0    729
3d7(2D)5p_3Fo[4]           9.0     119066.4780     0.5615   5.339E+03    47     0    730
3d7(2H)5p_3Ho[6]          13.0     119068.1050     0.5614   5.340E+03    47     0    731
3d7(2D)5p_3Po[2]           5.0     119075.1580     0.5612   5.342E+03    47     0    732
3d7(2D)5p_1Fo[3]           7.0     119107.1560     0.5602   5.351E+03    50     0    733
3d7(2H)5p_3Io[5]          11.0     119173.3500     0.5583   5.370E+03    47     0    734
3d7(2H)5p_3Go[3]           7.0     119284.5100     0.5549   5.402E+03    47     0    735
3d7(4F)7s_5Fe[5]          11.0     119311.7000     0.5541   5.410E+03    52     0    736
3d7(2H)5p_3Ho[5]          11.0     119342.0760     0.5532   5.419E+03    47     0    737
3d7(2H)5p_1Io[6]          13.0     119402.0230     0.5514   5.437E+03    50     0    738
3d7(2D)5p_3Do[1]           3.0     119413.8840     0.5511   5.440E+03    47     0    739
3d7(4F)5f_5Go[6]          13.0     119414.4380     0.5510   5.441E+03    48     0    740
3d7(4F)5f_3Io[7]          15.0     119422.2100     0.5508   5.443E+03    47     0    741
3d7(4F)5f_5Go[5]          11.0     119423.8330     0.5508   5.443E+03    48     0    742
3d7(4F)5f_5Ho[7]          15.0     119432.8150     0.5505   5.446E+03    48     0    743
3d7(4F)5f_5Fo[4]           9.0     119437.2480     0.5504   5.447E+03    48     0    744
3d7(4F)5f_3Ho[6]          13.0     119444.0530     0.5501   5.449E+03    47     0    745
3d7(4F)5f_3Go[5]          11.0     119448.6630     0.5500   5.451E+03    47     0    746
3d7(4F)5f_3Do[3]           7.0     119453.6200     0.5499   5.452E+03    47     0    747
3d7(4F)5f_5Io[8]          17.0     119455.2070     0.5498   5.453E+03    48     0    748
3d7(4F)5f_5Do[4]           9.0     119455.9390     0.5498   5.453E+03    48     0    749
3d7(4F)5f_5Po[3]           7.0     119468.4830     0.5494   5.457E+03    48     0    750
3d7(4F)5f_5Po[2]           5.0     119469.1390     0.5494   5.457E+03    48     0    751
3d7(4F)5f_3Po[2]           5.0     119473.4940     0.5493   5.458E+03    47     0    752
3d7(4F)5f_3Po[1]           3.0     119493.6950     0.5487   5.464E+03    47     0    753
3d7(4F)7s_5Fe[4]           9.0     119497.4000     0.5485   5.465E+03    52     0    754
3d7(2H)5p_3Ho[4]           9.0     119699.2090     0.5425   5.526E+03    47     0    755
3d7(4F)5g_5He[7]          15.0     119793.3450     0.5397   5.555E+03    52     0    756
3d7(4F)5g_3He[6]          13.0     119793.4610     0.5397   5.555E+03    51     0    757
3d7(4F)5g_5Ge[6]          13.0     119793.8240     0.5397   5.555E+03    52     0    758
3d7(4F)5g_3Ge[5]          11.0     119793.9500     0.5397   5.555E+03    51     0    759
3d7(4F)5g_5Ge[5]          11.0     119798.0380     0.5395   5.556E+03    52     0    760
3d7(4F)5g_3Ge[4]           9.0     119798.1810     0.5395   5.557E+03    51     0    761
3d7(4F)5g_5Ie[8]          17.0     119798.7260     0.5395   5.557E+03    52     0    762
3d7(4F)5g_3Ie[7]          15.0     119798.7440     0.5395   5.557E+03    51     0    763
3d7(4F)5g_5Fe[4]           9.0     119803.7780     0.5394   5.558E+03    52     0    764
3d7(4F)5g_3Fe[3]           7.0     119803.8650     0.5394   5.558E+03    51     0    765
3d7(4F)5g_5De[3]           7.0     119809.2640     0.5392   5.560E+03    52     0    766
3d7(4F)5g_3De[2]           5.0     119809.3630     0.5392   5.560E+03    51     0    767
3d7(4F)5g_5Ke[9]          19.0     119809.9540     0.5392   5.560E+03    52     0    768
3d7(4F)5g_3Ke[8]          17.0     119809.9840     0.5392   5.560E+03    51     0    769
3d7(4F)5g_5Pe[2]           5.0     119813.5040     0.5391   5.561E+03    52     0    770
3d7(4F)5g_3Pe[1]           3.0     119813.6590     0.5391   5.561E+03    51     0    771
3d7(4F)5g_5Pe[1]           3.0     119816.0960     0.5390   5.562E+03    52     0    772
3d7(4F)5g_3Pe[0]           1.0     119816.4220     0.5390   5.562E+03    51     0    773
3d7(2D)5p_1Do[2]           5.0     119883.2040     0.5370   5.583E+03    50     0    774
3d7(2H)5p_1Go[4]           9.0     119891.5480     0.5367   5.586E+03    50     0    775
3d7(2D)5p_3Dbo[1]          3.0     120058.9600     0.5317   5.638E+03    47     0    776
3d7(2D)5p_3Fo[2]           5.0     120070.2240     0.5314   5.642E+03    47     0    777
3d6(3D)4s4p_1Fo[3]         7.0     120088.7650     0.5308   5.648E+03    50     0    778
3d7(4F)7s_3Fe[4]           9.0     120201.3000     0.5274   5.684E+03    51     0    779
3d7(4F)7s_5Fe[3]           7.0     120228.5000     0.5266   5.693E+03    52     0    780
3d7(4F)5f_3Io[6]          13.0     120251.8570     0.5259   5.700E+03    47     0    781
3d7(4F)5f_3Ho[5]          11.0     120256.1770     0.5258   5.702E+03    47     0    782
3d7(4F)5f_5Ho[5]          11.0     120271.4180     0.5253   5.707E+03    48     0    783
3d7(4F)5f_5Go[4]           9.0     120271.6100     0.5253   5.707E+03    48     0    784
3d7(4F)5f_5Io[6]          13.0     120272.4240     0.5253   5.707E+03    48     0    785
3d7(4F)5f_5Go[3]           7.0     120273.2830     0.5253   5.707E+03    48     0    786
3d7(4F)5f_5Io[7]          15.0     120279.1380     0.5251   5.709E+03    48     0    787
3d7(4F)5f_3Po[0]           1.0     120279.6150     0.5251   5.709E+03    47     0    788
3d7(4F)5f_3Go[4]           9.0     120280.1690     0.5251   5.709E+03    47     0    789
3d7(4F)5f_5Fo[2]           5.0     120289.8470     0.5248   5.713E+03    48     0    790
3d7(4F)5f_5Pbo[3]          7.0     120291.3870     0.5247   5.713E+03    48     0    791
3d7(4F)5f_5Do[2]           5.0     120302.4000     0.5244   5.717E+03    48     0    792
3d7(4F)5f_5Do[1]           3.0     120303.2850     0.5244   5.717E+03    48     0    793
3d7(4F)5f_5Po[1]           3.0     120312.7630     0.5241   5.720E+03    48     0    794
3d7(2D)5p_1Fbo[3]          7.0     120350.5260     0.5230   5.732E+03    50     0    795
3d7(2D)5p_3Po[0]           1.0     120364.5720     0.5226   5.737E+03    47     0    796
3d7(2H)5p_1Ho[5]          11.0     120486.8660     0.5189   5.778E+03    50     0    797
3d6(3D)4s4p_1Do[2]         5.0     120596.5370     0.5156   5.814E+03    50     0    798
3d7(4F)6d_5Fe[5]          11.0     120602.1950     0.5154   5.816E+03    52     0    799
3d7(4F)5g_3Gbe[5]         11.0     120634.3350     0.5145   5.827E+03    51     0    800
3d7(4F)5g_5Fe[5]          11.0     120635.7090     0.5144   5.828E+03    52     0    801
3d7(4F)5g_3Fe[4]           9.0     120635.8100     0.5144   5.828E+03    51     0    802
3d7(4F)5g_5Ie[7]          15.0     120636.7860     0.5144   5.828E+03    52     0    803
3d7(4F)5g_3Hbe[6]         13.0     120636.8490     0.5144   5.828E+03    51     0    804
3d7(4F)5g_5De[4]           9.0     120639.4400     0.5143   5.829E+03    52     0    805
3d7(4F)5g_3De[3]           7.0     120639.4700     0.5143   5.829E+03    51     0    806
3d7(4F)5g_5Pe[3]           7.0     120644.0000     0.5142   5.831E+03    52     0    807
3d7(4F)5g_5Ge[2]           5.0     120644.0500     0.5142   5.831E+03    52     0    808
3d7(4F)5g_5Ke[8]          17.0     120645.9530     0.5141   5.831E+03    52     0    809
3d7(4F)5g_3Ke[7]          15.0     120645.9680     0.5141   5.831E+03    51     0    810
3d7(4F)5g_5Pbe[2]          5.0     120648.2800     0.5140   5.832E+03    52     0    811
3d7(4F)5g_5Fe[1]           3.0     120648.3250     0.5140   5.832E+03    52     0    812
3d7(4F)5g_5De[0]           1.0     120651.3170     0.5140   5.833E+03    52     0    813
3d7(4F)5g_3De[1]           3.0     120651.3340     0.5140   5.833E+03    51     0    814
3d7(4F)6d_b5Ge[6]         13.0     120669.5360     0.5134   5.839E+03    52     0    815
3d7(4F)6d_5De[4]           9.0     120673.5160     0.5133   5.841E+03    52     0    816
3d7(4F)6d_5Ge[6]          13.0     120681.7600     0.5130   5.843E+03    52     0    817
3d7(4F)6d_5Pe[3]           7.0     120684.5110     0.5130   5.844E+03    52     0    818
3d7(4F)6d_5He[7]          15.0     120760.3000     0.5107   5.870E+03    52     0    819
3d7(4F)6d_3Ge[5]          11.0     120811.8690     0.5091   5.888E+03    51     0    820
3d7(4F)7s_5Fe[2]           5.0     120824.5690     0.5088   5.893E+03    52     0    821
3d7(4F)6d_5He[6]          13.0     120843.7000     0.5082   5.899E+03    52     0    822
3d7(4F)5f_3Io[5]          11.0     120860.1240     0.5077   5.905E+03    47     0    823
3d7(4F)7s_3Fe[3]           7.0     120867.0000     0.5075   5.907E+03    51     0    824
3d7(4F)5f_5Ibo[6]         13.0     120877.2470     0.5072   5.911E+03    48     0    825
3d7(4F)5f_3Ho[4]           9.0     120880.2980     0.5071   5.912E+03    47     0    826
3d7(2D)5p_1Po[1]           3.0     120880.9590     0.5071   5.912E+03    50     0    827
3d7(4F)5f_5Ho[3]           7.0     120887.7460     0.5069   5.915E+03    48     0    828
3d7(4F)5f_5Ho[4]           9.0     120889.1810     0.5068   5.915E+03    48     0    829
3d7(4F)5f_5Io[5]          11.0     120890.7660     0.5068   5.916E+03    48     0    830
3d7(4F)5f_5Go[2]           5.0     120890.9560     0.5068   5.916E+03    48     0    831
3d7(4F)5f_3Go[3]           7.0     120900.2740     0.5065   5.919E+03    47     0    832
3d7(4F)5f_3Fo[2]           5.0     120908.8880     0.5062   5.922E+03    47     0    833
3d7(4F)5f_5Fo[1]           3.0     120909.9500     0.5062   5.922E+03    48     0    834
3d7(4F)5f_5Dbo[1]          3.0     120924.5670     0.5058   5.928E+03    48     0    835
3d7(4F)5f_5Do[0]           1.0     120926.6860     0.5057   5.928E+03    48     0    836
3d7(4F)6d_3De[3]           7.0     120958.0380     0.5048   5.939E+03    51     0    837
3d7(2F)5s_3Fe[2]           5.0     121067.2230     0.5015   5.978E+03    51     0    838
3d7(2F)5s_3Fe[3]           7.0     121176.7660     0.4982   6.017E+03    51     0    839
3d6(1D)4s4p_3Fo[2]         5.0     121179.2340     0.4981   6.018E+03    47     0    840
3d7(4F)6d_5De[2]           5.0     121180.7570     0.4981   6.019E+03    52     0    841
3d7(4F)7s_5Fe[1]           3.0     121181.6910     0.4981   6.019E+03    52     0    842
3d7(4F)5g_3Ie[5]          11.0     121249.8680     0.4960   6.044E+03    51     0    843
3d7(4F)5g_5Ie[4]           9.0     121249.9260     0.4960   6.044E+03    52     0    844
3d7(4F)5g_5He[6]          13.0     121250.3280     0.4960   6.044E+03    52     0    845
3d7(4F)5g_5Ke[5]          11.0     121250.3740     0.4960   6.044E+03    52     0    846
3d7(4F)6d_b5Ge[4]          9.0     121250.9850     0.4960   6.044E+03    52     0    847
3d7(4F)5g_5He[3]           7.0     121252.4660     0.4959   6.045E+03    52     0    848
3d7(4F)5g_3He[4]           9.0     121252.7050     0.4959   6.045E+03    51     0    849
3d7(4F)5g_3Ge[3]           7.0     121256.9760     0.4958   6.047E+03    51     0    850
3d7(4F)5g_5Gbe[2]          5.0     121257.0540     0.4958   6.047E+03    52     0    851
3d7(4F)5g_5Ke[7]          15.0     121258.5090     0.4958   6.047E+03    52     0    852
3d7(4F)5g_5Ke[6]          13.0     121258.5140     0.4958   6.047E+03    52     0    853
3d7(4F)5g_5De[2]           5.0     121262.3550     0.4956   6.049E+03    52     0    854
3d7(4F)5g_5Fbe[1]          3.0     121262.3850     0.4956   6.049E+03    52     0    855
3d7(4F)5f_3Ibo[5]         11.0     121275.0850     0.4953   6.053E+03    47     0    856
3d7(4F)5f_3Hbo[4]          9.0     121294.4960     0.4947   6.060E+03    47     0    857
3d7(4F)5f_5Hbo[3]          7.0     121296.2480     0.4946   6.061E+03    48     0    858
3d7(4F)5f_5Gbo[2]          5.0     121311.8590     0.4942   6.067E+03    48     0    859
3d7(4F)5f_3Gbo[3]          7.0     121317.0120     0.4940   6.069E+03    47     0    860
3d7(4F)5f_5Io[4]           9.0     121319.8080     0.4939   6.070E+03    48     0    861
3d7(4F)7s_3Fe[2]           5.0     121331.0560     0.4936   6.074E+03    51     0    862
3d7(4F)5f_5Pbo[2]          5.0     121340.0070     0.4933   6.077E+03    48     0    863
3d7(4F)5f_3Pbo[1]          3.0     121341.5130     0.4933   6.078E+03    47     0    864
3d6(1D)4s4p_3Fo[3]         7.0     121342.5060     0.4932   6.078E+03    47     0    865
3d7(4F)7p_3Go[5]          11.0     121374.1810     0.4923   6.090E+03    53     0    866
3d7(2F)5s_3Fe[4]           9.0     121419.9300     0.4909   6.107E+03    51     0    867
3d7(4F)7p_5Fo[5]          11.0     121426.5870     0.4907   6.109E+03    48     0    868
3d7(4F)7p_5Do[4]           9.0     121455.2000     0.4899   6.120E+03    48     0    869
3d7(4F)7p_5Go[6]          13.0     121494.9910     0.4887   6.135E+03    48     0    870
3d7(4F)6d_5Fe[3]           7.0     121522.3450     0.4878   6.145E+03    52     0    871
3d7(4F)7p_3Do[3]           7.0     121526.5580     0.4877   6.147E+03    47     0    872
3d7(4F)6d_b5Ge[5]         11.0     121534.3720     0.4875   6.150E+03    52     0    873
3d7(4F)7p_3Fo[4]           9.0     121544.9080     0.4872   6.154E+03    53     0    874
3d7(4F)6d_3Ge[4]           9.0     121581.2370     0.4861   6.168E+03    51     0    875
3d7(4F)6d_3He[6]          13.0     121612.0000     0.4852   6.179E+03    51     0    876
3d7(4F)6d_5He[5]          11.0     121651.6000     0.4840   6.194E+03    52     0    877
3d7(4F)5g_3Ibe[5]         11.0     121667.7420     0.4835   6.201E+03    51     0    878
3d7(4F)5g_5Ibe[4]          9.0     121667.7430     0.4835   6.201E+03    52     0    879
3d7(4F)5g_5Fbe[4]          9.0     121671.5300     0.4834   6.202E+03    52     0    880
3d7(4F)5g_5Hbe[3]          7.0     121671.5380     0.4834   6.202E+03    52     0    881
3d7(4F)6d_5Pe[2]           5.0     121678.1490     0.4832   6.205E+03    52     0    882
3d7(4F)5g_5Kbe[5]         11.0     121678.9930     0.4831   6.205E+03    52     0    883
3d7(4F)5g_3Ke[6]          13.0     121679.0080     0.4831   6.205E+03    51     0    884
3d7(4F)5g_5Pbe[3]          7.0     121682.6660     0.4830   6.206E+03    52     0    885
3d7(4F)5g_3Pe[2]           5.0     121682.8370     0.4830   6.206E+03    51     0    886
3d7(4F)6d_5De[1]           3.0     121778.3920     0.4802   6.244E+03    52     0    887
3d6(1D)4s4p_3Fo[4]         9.0     121799.2500     0.4795   6.252E+03    47     0    888
3d7(4F)6d_5Fe[2]           5.0     121832.7210     0.4785   6.265E+03    52     0    889
3d7(4F)6d_b5Ge[3]          7.0     121865.7590     0.4775   6.278E+03    52     0    890
3d6(3H)4s4p_3Ibo[7]       15.0     121907.0750     0.4763   6.294E+03    47     0    891
3d7(2F)5s_1Fe[3]           7.0     121926.1890     0.4757   6.302E+03    49     0    892
3d6(1D)4s4p_3Do[1]         3.0     122028.9290     0.4727   6.343E+03    47     0    893
3d7(4F)6d_5Gbe[4]          9.0     122032.1450     0.4726   6.344E+03    52     0    894
3d6(1D)4s4p_3Do[2]         5.0     122066.7430     0.4715   6.358E+03    47     0    895
3d6(1D)4s4p_3Po[0]         1.0     122098.0420     0.4706   6.371E+03    47     0    896
3d6(1D)4s4p_3Do[3]         7.0     122108.4980     0.4703   6.375E+03    47     0    897
3d7(4F)6d_5He[4]           9.0     122169.2000     0.4684   6.400E+03    52     0    898
3d7(4F)6d_5Pe[1]           3.0     122173.4410     0.4683   6.401E+03    52     0    899
3d7(4F)6d_5Fbe[3]          7.0     122177.5090     0.4682   6.403E+03    52     0    900
3d6(3H)4s4p_3Ibo[6]       13.0     122183.0560     0.4680   6.405E+03    47     0    901
3d7(4F)7p_3Go[4]           9.0     122218.5400     0.4670   6.420E+03    53     0    902
3d7(4F)6d_3He[5]          11.0     122239.2220     0.4664   6.428E+03    51     0    903
3d7(4F)6d_b5Ge[2]          5.0     122260.7150     0.4657   6.437E+03    52     0    904
3d7(4F)7p_5Fo[4]           9.0     122289.9800     0.4648   6.450E+03    48     0    905
3d7(4F)7p_5Go[5]          11.0     122290.9040     0.4648   6.450E+03    48     0    906
3d7(4F)7p_5Fo[3]           7.0     122296.0870     0.4646   6.452E+03    48     0    907
3d7(4F)6d_5De[0]           1.0     122320.7280     0.4639   6.462E+03    52     0    908
3d6(1D)4s4p_3Dbo[1]        3.0     122336.2940     0.4634   6.469E+03    47     0    909
3d7(4F)7p_5Do[3]           7.0     122369.2750     0.4625   6.483E+03    48     0    910
3d6(3H)4s4p_3Ibo[5]       11.0     122387.9890     0.4619   6.491E+03    47     0    911
3d7(4F)7p_3Do[2]           5.0     122397.4520     0.4616   6.495E+03    47     0    912
3d7(4F)6d_3De[1]           3.0     122397.5070     0.4616   6.495E+03    51     0    913
3d7(4F)6d_3Ge[3]           7.0     122489.6540     0.4588   6.534E+03    51     0    914
3d7(4F)6d_5Gbe[2]          5.0     122500.1310     0.4585   6.538E+03    52     0    915
3d7(4F)6d_5Dbe[2]          5.0     122537.2300     0.4574   6.554E+03    52     0    916
3d7(4F)6d_5Dbe[1]          3.0     122560.7570     0.4567   6.564E+03    52     0    917
3d7(4F)6d_5He[3]           7.0     122583.3220     0.4560   6.574E+03    52     0    918
3d6(5D)4s5s_7De[5]        11.0     122587.2800     0.4559   6.576E+03    54     0    919
3d6(1D)4s4p_3Po[2]         5.0     122667.0060     0.4535   6.610E+03    47     0    920
3d7(4F)6d_3He[4]           9.0     122670.1810     0.4534   6.612E+03    51     0    921
3d7(4F)7p_3Go[3]           7.0     122814.4880     0.4491   6.675E+03    53     0    922
3d7(4F)7p_5Go[4]           9.0     122857.6010     0.4478   6.695E+03    48     0    923
3d7(4F)7p_5Fo[2]           5.0     122858.8090     0.4478   6.695E+03    48     0    924
3d7(4F)7p_5Go[3]           7.0     122902.3930     0.4465   6.715E+03    48     0    925
3d7(4F)6d_3Fe[4]           9.0     122937.3610     0.4454   6.731E+03    51     0    926
3d7(4F)7p_5Do[1]           3.0     122977.1540     0.4442   6.749E+03    48     0    927
3d7(4F)7p_5Do[2]           5.0     122985.0370     0.4440   6.752E+03    48     0    928
3d7(4F)6d_3Pe[1]           3.0     123072.3940     0.4414   6.792E+03    51     0    929
3d6(5D)4s5s_7De[4]         9.0     123087.2500     0.4409   6.799E+03    54     0    930
3d7(4F)7p_5Gbo[3]          7.0     123205.6280     0.4374   6.854E+03    48     0    931
3d7(4F)7p_5Fo[1]           3.0     123279.0580     0.4352   6.889E+03    48     0    932
3d6(3H)4s4p_3Gbo[5]       11.0     123315.1560     0.4341   6.906E+03    53     0    933
3d7(4F)7p_5Go[2]           5.0     123323.0690     0.4339   6.910E+03    48     0    934
3d6(3P)4s4p_3Dbo[3]        7.0     123324.3100     0.4338   6.911E+03    53     0    935
3d7(4F)6d_3Pe[0]           1.0     123331.6270     0.4336   6.914E+03    51     0    936
3d7(4F)7p_3Fo[2]           5.0     123367.8160     0.4325   6.931E+03    53     0    937
3d7(4F)7p_5Dbo[1]          3.0     123377.4340     0.4322   6.936E+03    48     0    938
3d7(4F)7p_5Do[0]           1.0     123401.1430     0.4315   6.947E+03    48     0    939
3d6(5D)4s5s_7De[3]         7.0     123476.5300     0.4293   6.984E+03    54     0    940
3d7(4F)6d_3Fe[3]           7.0     123544.7120     0.4272   7.017E+03    51     0    941
3d6(3F)4s4p_3Gbo[4]        9.0     123565.4380     0.4266   7.028E+03    53     0    942
3d6(5D)4p2_7Pe[4]          9.0     123742.9810     0.4213   7.116E+03    54     0    943
3d6(5D)4s5s_7De[2]         5.0     123762.2370     0.4207   7.126E+03    54     0    944
3d6(3P)4s4p_3Sbo[1]        3.0     123780.8140     0.4201   7.136E+03    53     0    945
3d7(4F)6d_3Fe[2]           5.0     123915.8680     0.4161   7.205E+03    51     0    946
3d7(4P)6s_5Pe[3]           7.0     123920.5650     0.4159   7.208E+03    52     0    947
3d7(4F)7p_3Gbo[3]          7.0     123927.8970     0.4157   7.211E+03    53     0    948
3d6(5D)4s5s_7De[1]         3.0     123949.9340     0.4151   7.223E+03    54     0    949
3d6(3P)4s4p_3Dbo[2]        5.0     124042.9080     0.4123   7.272E+03    53     0    950
3d7(4P)6s_5Pe[2]           5.0     124140.1080     0.4094   7.323E+03    52     0    951
3d7(4P)4f_5Do[0]           1.0     124227.8040     0.4067   7.371E+03    48     0    952
3d7(4P)4f_5Do[1]           3.0     124238.2620     0.4064   7.376E+03    48     0    953
3d7(4P)4f_5Do[2]           5.0     124264.7450     0.4056   7.391E+03    48     0    954
3d7(4P)4f_3Do[1]           3.0     124285.0890     0.4050   7.402E+03    53     0    955
3d7(4P)4f_3Go[5]          11.0     124292.1820     0.4048   7.406E+03    53     0    956
3d7(4P)4f_5Go[6]          13.0     124292.7870     0.4048   7.406E+03    55     0    957
3d7(4P)4f_5Do[3]           7.0     124312.4440     0.4042   7.417E+03    48     0    958
3d6(3H)4s4p_3Hbo[6]       13.0     124325.5110     0.4038   7.424E+03    53     0    959
3d7(4P)4f_3Do[2]           5.0     124333.8180     0.4036   7.429E+03    53     0    960
3d7(4P)4f_5Go[5]          11.0     124368.0270     0.4025   7.448E+03    55     0    961
3d7(4P)4f_5Go[4]           9.0     124371.0810     0.4024   7.449E+03    55     0    962
3d7(4P)4f_5Do[4]           9.0     124380.7490     0.4021   7.455E+03    48     0    963
3d7(4P)4f_3Do[3]           7.0     124391.6510     0.4018   7.461E+03    53     0    964
3d7(4P)6s_3Pe[2]           5.0     124412.6350     0.4012   7.473E+03    51     0    965
3d7(4P)6s_5Pe[1]           3.0     124436.4410     0.4005   7.486E+03    52     0    966
3d6(3H)4s4p_3Hbo[5]       11.0     124539.1330     0.3974   7.544E+03    53     0    967
3d7(4P)4f_5Gbo[4]          9.0     124546.0810     0.3972   7.548E+03    48     0    968
3d7(4P)4f_5Go[3]           7.0     124567.0880     0.3966   7.560E+03    55     0    969
3d6(5D)4p2_7Pe[3]          7.0     124583.4260     0.3961   7.569E+03    54     0    970
3d7(4F)8s_5Fe[5]          11.0     124585.9690     0.3960   7.571E+03    52     0    971
3d7(4P)4f_5Go[2]           5.0     124621.7760     0.3949   7.591E+03    55     0    972
3d7(4P)4f_3Go[3]           7.0     124638.2750     0.3944   7.601E+03    53     0    973
3d7(4P)4f_3Fo[4]           9.0     124659.9340     0.3938   7.613E+03    53     0    974
3d7(4P)4f_5Fo[5]          11.0     124687.9560     0.3929   7.629E+03    55     0    975
3d6(3H)4s4p_3Hbo[4]        9.0     124692.5200     0.3928   7.632E+03    53     0    976
3d6(5D)4p2_5De[4]          9.0     124712.2570     0.3922   7.644E+03    52     0    977
3d7(4P)4f_5Fo[1]           3.0     124725.0510     0.3918   7.651E+03    55     0    978
3d7(4P)4f_3Fo[2]           5.0     124732.8270     0.3916   7.656E+03    53     0    979
3d7(4P)6s_3Pe[1]           3.0     124779.4360     0.3902   7.683E+03    51     0    980
3d7(4F)8s_3Fe[4]           9.0     124850.9160     0.3881   7.726E+03    51     0    981
3d7(4F)6f_3Fo[4]           9.0     124888.2660     0.3869   7.748E+03    53     0    982
3d7(4F)6f_5Go[6]          13.0     124888.7680     0.3869   7.748E+03    55     0    983
3d7(4F)6f_3Go[5]          11.0     124890.2390     0.3869   7.749E+03    53     0    984
3d7(4F)6f_5Ho[7]          15.0     124896.2050     0.3867   7.753E+03    55     0    985
3d7(4F)6f_5Fo[5]          11.0     124898.1100     0.3866   7.754E+03    55     0    986
3d7(4F)6f_5Do[4]           9.0     124907.9700     0.3863   7.760E+03    55     0    987
3d7(4F)6f_3Do[3]           7.0     124908.4370     0.3863   7.760E+03    53     0    988
3d7(4F)6f_5Io[8]          17.0     124910.2610     0.3863   7.761E+03    55     0    989
3d7(4F)6f_5Do[3]           7.0     124917.8500     0.3860   7.766E+03    55     0    990
3d7(4F)6f_5Po[2]           5.0     124918.2470     0.3860   7.766E+03    55     0    991
3d7(4F)6f_3Io[7]          15.0     124934.3190     0.3856   7.776E+03    53     0    992
3d7(4F)6f_3Po[1]           3.0     124934.9490     0.3855   7.776E+03    53     0    993
3d7(4F)6f_3Ho[6]          13.0     124935.1060     0.3855   7.776E+03    53     0    994
3d7(4F)6f_3Po[2]           5.0     124945.7910     0.3852   7.783E+03    53     0    995
3d7(4F)8s_5Fbe[5]         11.0     124966.7100     0.3846   7.795E+03    52     0    996
3d6(5D)4p2_5De[3]          7.0     124974.2030     0.3844   7.800E+03    52     0    997
3d7(4F)6f_3So[1]           3.0     125002.3920     0.3835   7.817E+03    53     0    998
3d7(4P)6s_3Pe[0]           1.0     125024.7610     0.3828   7.831E+03    51     0    999
3d7(4P)4f_5Fo[4]           9.0     125024.9750     0.3828   7.831E+03    55     0   1000
