Level              Type       Np          X1          X2          X2
3d8_a3Fe              1       3   3.5380E+00   1.0000E+00   2.0000E+00
3d7(4F)4s_a5Fe        1       3   3.5834E+00   1.0000E+00   2.0000E+00
3d7(4F)4s_b3Fe        1       3   3.6712E+00   1.0000E+00   2.0000E+00
3d8_a1De              1       3   3.6884E+00   1.0000E+00   2.0000E+00
3d8_a3Pe              1       3   3.7134E+00   1.0000E+00   2.0000E+00
3d7(4P)4s_a5Pe        1       3   3.7844E+00   1.0000E+00   2.0000E+00
3d8_a1Ge              1       3   3.8038E+00   1.0000E+00   2.0000E+00
3d7(2G)4s_a3Ge        1       3   3.8490E+00   1.0000E+00   2.0000E+00
3d7(4P)4s_b3Pe        1       3   3.8864E+00   1.0000E+00   2.0000E+00
3d7(2P)4s_c3Pe        1       3   3.9029E+00   1.0000E+00   2.0000E+00
3d7(2G)4s_b1Ge        1       3   3.9031E+00   1.0000E+00   2.0000E+00
3d7(2H)4s_a3He        1       3   3.9435E+00   1.0000E+00   2.0000E+00
3d7(2D)4s_a3De        1       3   3.9544E+00   1.0000E+00   2.0000E+00
3d7(2P)4s_a1Pe        1       3   3.9460E+00   1.0000E+00   2.0000E+00
3d7(2H)4s_a1He        1       3   4.0005E+00   1.0000E+00   2.0000E+00
3d7(2D)4s_b1De        1       3   4.0123E+00   1.0000E+00   2.0000E+00
3d6(5D)4s2_a5De       1       3   4.2162E+00   1.0000E+00   2.0000E+00
3d7(2F)4s_c3Fe        1       3   4.2090E+00   1.0000E+00   2.0000E+00
3d6(5D)4s2_5De        1       3   4.2356E+00   1.0000E+00   2.0000E+00
3d8(1S)_1Se           1       3   4.2626E+00   1.0000E+00   2.0000E+00
3d7(2F)4s_a1Fe        1       3   4.2795E+00   1.0000E+00   2.0000E+00
3d7(4F)4p_z5Fo        1       3   4.3170E+00   1.0000E+00   2.0000E+00
3d7(4F)4p_z5Do        1       3   4.3479E+00   1.0000E+00   2.0000E+00
3d7(4F)4p_z5Go        1       3   4.3620E+00   1.0000E+00   2.0000E+00
3d7(4F)4p_z3Go        1       3   4.4012E+00   1.0000E+00   2.0000E+00
3d7(4F)4p_z3Fo        1       3   4.4266E+00   1.0000E+00   2.0000E+00
3d7(4F)4p_z3Do        1       3   4.4720E+00   1.0000E+00   2.0000E+00
3d7(4P)4p_z5So        1       3   4.5807E+00   1.0000E+00   2.0000E+00
3d7(2D)4s_3De         1       3   4.7110E+00   1.0000E+00   2.0000E+00
3d7(4P)4p_y5Do        1       3   4.7370E+00   1.0000E+00   2.0000E+00
3d7(4P)4p_z3So        1       3   4.7721E+00   1.0000E+00   2.0000E+00
3d7(2G)4p_z3Ho        1       3   4.8078E+00   1.0000E+00   2.0000E+00
3d7(4P)4p_z5Po        1       3   4.8033E+00   1.0000E+00   2.0000E+00
3d7(2G)4p_y3Fo        1       3   4.8273E+00   1.0000E+00   2.0000E+00
3d7(4P)4p_y3Do        1       3   4.8110E+00   1.0000E+00   2.0000E+00
3d7(2D)4s_1De         1       3   4.8101E+00   1.0000E+00   2.0000E+00
3d6(3P)4s2_3Pe        1       3   4.8503E+00   1.0000E+00   2.0000E+00
3d6(3H)4s2_3He        1       3   4.8327E+00   1.0000E+00   2.0000E+00
3d7(2G)4p_z1Go        1       3   4.8355E+00   1.0000E+00   2.0000E+00
3d7(2G)4p_y3Go        1       3   4.8531E+00   1.0000E+00   2.0000E+00
3d7(2P)4p_z3Po        1       3   4.8526E+00   1.0000E+00   2.0000E+00
3d7(2G)4p_z1Ho        1       3   4.8539E+00   1.0000E+00   2.0000E+00
3d7(4P)4p_y3Po        1       3   4.8722E+00   1.0000E+00   2.0000E+00
3d6(3F)4s2_3Fe        1       3   4.8927E+00   1.0000E+00   2.0000E+00
3d7(2G)4p_z1Fo        1       3   4.8896E+00   1.0000E+00   2.0000E+00
3d7(2P)4p_1Do         1       3   4.9307E+00   1.0000E+00   2.0000E+00
3d7(2P)4p_x3Do        1       3   4.9487E+00   1.0000E+00   2.0000E+00
3d7(2H)4p_x3Go        1       3   4.9842E+00   1.0000E+00   2.0000E+00
3d7(2H)4p_z3Io        1       3   4.9791E+00   1.0000E+00   2.0000E+00
3d6(3G)4s2_3Ge        1       3   5.0057E+00   1.0000E+00   2.0000E+00
3d7(2P)4p_1So         1       3   4.9915E+00   1.0000E+00   2.0000E+00
3d7(2D)4p_w3Do        1       3   5.0055E+00   1.0000E+00   2.0000E+00
3d7(2H)4p_z1Io        1       3   5.0170E+00   1.0000E+00   2.0000E+00
3d7(2D)4p_x3Fo        1       3   5.0467E+00   1.0000E+00   2.0000E+00
3d7(2P)4p_y3So        1       3   5.0411E+00   1.0000E+00   2.0000E+00
3d6(5D)4s4p_7Do       1       3   5.0618E+00   1.0000E+00   2.0000E+00
3d7(2P)4p_1Po         1       3   5.0633E+00   1.0000E+00   2.0000E+00
3d7(2H)4p_y3Ho        1       3   5.0943E+00   1.0000E+00   2.0000E+00
3d7(2D)4p_x3Po        1       3   5.1249E+00   1.0000E+00   2.0000E+00
3d7(2D)4p_y1Fo        1       3   5.1280E+00   1.0000E+00   2.0000E+00
3d7(2D)4p_1Do         1       3   5.1327E+00   1.0000E+00   2.0000E+00
3d7(2H)4p_y1Go        1       3   5.1522E+00   1.0000E+00   2.0000E+00
3d7(2H)4p_y1Ho        1       3   5.2019E+00   1.0000E+00   2.0000E+00
3d7(2D)4p_y1Po        1       3   5.2079E+00   1.0000E+00   2.0000E+00
3d6(5D)4s4p_7Fo       1       3   5.2381E+00   1.0000E+00   2.0000E+00
3d6(3D)4s2_3De        1       3   5.2591E+00   1.0000E+00   2.0000E+00
3d6(1I)4s2_1Ie        1       3   5.2704E+00   1.0000E+00   2.0000E+00
3d6(1G)4s2_1Ge        1       3   5.2833E+00   1.0000E+00   2.0000E+00
3d6(5D)4s4p_7Po       1       3   5.3383E+00   1.0000E+00   2.0000E+00
3d6(5D)4s4p_x5Do      1       3   5.4765E+00   1.0000E+00   2.0000E+00
3d6(1S)4s2_1Se        1       3   5.4677E+00   1.0000E+00   2.0000E+00
3d6(5D)4s4p_y5Fo      1       3   5.5661E+00   1.0000E+00   2.0000E+00
3d7(2F)4p_1Do         1       3   5.5990E+00   1.0000E+00   2.0000E+00
3d7(2F)4p_w3Go        1       3   5.6230E+00   1.0000E+00   2.0000E+00
3d6(1D)4s2_1De        1       3   5.6139E+00   1.0000E+00   2.0000E+00
3d7(2F)4p_3Fo         1       3   5.6373E+00   1.0000E+00   2.0000E+00
3d7(2F)4p_w3Fo        1       3   5.6490E+00   1.0000E+00   2.0000E+00
3d7(4F)5s_e5Fe        1       3   5.6893E+00   1.0000E+00   2.0000E+00
3d7(2F)4p_v3Do        1       3   5.6647E+00   1.0000E+00   2.0000E+00
3d7(2F)4p_1Go         1       3   5.6849E+00   1.0000E+00   2.0000E+00
3d6(5D)4s4p_y5Po      1       3   5.7276E+00   1.0000E+00   2.0000E+00
3d7(4F)5s_e3Fe        1       3   5.7626E+00   1.0000E+00   2.0000E+00
3d6(5D)4s4p_u3Do      1       3   5.8311E+00   1.0000E+00   2.0000E+00
3d6(5D)4s4p_v3Fo      1       3   5.8520E+00   1.0000E+00   2.0000E+00
3d7(2F)4p_x1Fo        1       3   5.8490E+00   1.0000E+00   2.0000E+00
3d7(4F)4d_f5Fe        1       3   6.0195E+00   1.0000E+00   2.0000E+00
3d6(1F)4s2_1Fe        1       3   5.9988E+00   1.0000E+00   2.0000E+00
3d7(4F)4d_e5Ge        1       3   6.0520E+00   1.0000E+00   2.0000E+00
3d7(4F)4d_e5Pe        1       3   6.0608E+00   1.0000E+00   2.0000E+00
3d7(4F)4d_e5He        1       3   6.0815E+00   1.0000E+00   2.0000E+00
3d6(5D)4s4p_3Po       1       3   6.0622E+00   1.0000E+00   2.0000E+00
3d7(4F)4d_e3Ge        1       3   6.1104E+00   1.0000E+00   2.0000E+00
3d7(4F)4d_e5De        1       3   6.1072E+00   1.0000E+00   2.0000E+00
3d7(4F)4d_e3De        1       3   6.1127E+00   1.0000E+00   2.0000E+00
3d7(4F)4d_e3He        1       3   6.1404E+00   1.0000E+00   2.0000E+00
3d7(4F)4d_5De         1       3   6.1481E+00   1.0000E+00   2.0000E+00
3d7(4F)4d_e3Pe        1       3   6.2629E+00   1.0000E+00   2.0000E+00
3d7(4F)4d_f3Fe        1       3   6.2732E+00   1.0000E+00   2.0000E+00
3d7(4F)5p_5Do         1       3   6.3721E+00   1.0000E+00   2.0000E+00
3d7(4F)5p_5Fo         1       3   6.4192E+00   1.0000E+00   2.0000E+00
3d7(4F)5p_5Go         1       3   6.4560E+00   1.0000E+00   2.0000E+00
3d7(4F)5p_b5Do        1       3   6.5381E+00   1.0000E+00   2.0000E+00
3d7(4F)5p_3Go         1       3   6.5294E+00   1.0000E+00   2.0000E+00
3d7(4F)5p_3Fo         1       3   6.5456E+00   1.0000E+00   2.0000E+00
3d7(4F)5p_3Do         1       3   6.5525E+00   1.0000E+00   2.0000E+00
3d6(3P)4s2_3Pbe       1       3   6.6323E+00   1.0000E+00   2.0000E+00
3d6(3P)4s4p_5So       1       3   6.5824E+00   1.0000E+00   2.0000E+00
3d6(3H)4s4p_5Go       1       3   6.6290E+00   1.0000E+00   2.0000E+00
3d7(4F)5p_b3Do        1       3   6.6384E+00   1.0000E+00   2.0000E+00
3d6(3F)4s2_3Fbe       1       3   6.6420E+00   1.0000E+00   2.0000E+00
3d6(3H)4s4p_5Io       1       3   6.6531E+00   1.0000E+00   2.0000E+00
3d7(4P)5s_e5Pe        1       3   6.6681E+00   1.0000E+00   2.0000E+00
3d7(4F)5p_3Dbo        1       3   6.6598E+00   1.0000E+00   2.0000E+00
3d7(4F)5p_5Dbo        1       3   6.6650E+00   1.0000E+00   2.0000E+00
3d6(3P)4s4p_5Po       1       3   6.7362E+00   1.0000E+00   2.0000E+00
3d6(3H)4s4p_5Ho       1       3   6.7173E+00   1.0000E+00   2.0000E+00
3d6(5D)4s4p_5Fo       1       3   6.7807E+00   1.0000E+00   2.0000E+00
3d7(4P)5s_3Pe         1       3   6.7752E+00   1.0000E+00   2.0000E+00
3d6(3F)4s4p_5Fo       1       3   6.7972E+00   1.0000E+00   2.0000E+00
3d6(3P)4s4p_5Do       1       3   6.8839E+00   1.0000E+00   2.0000E+00
3d7(2G)5s_f3Ge        1       3   6.8771E+00   1.0000E+00   2.0000E+00
3d7(2D)4p_3Po         1       3   6.8695E+00   1.0000E+00   2.0000E+00
3d6(5D)4s4p_5Po       1       3   6.9903E+00   1.0000E+00   2.0000E+00
3d7(2D)4p_3Fo         1       3   6.9971E+00   1.0000E+00   2.0000E+00
3d6(3F)4s4p_5Do       1       3   7.0255E+00   1.0000E+00   2.0000E+00
3d6(3F)4s4p_5Go       1       3   7.0399E+00   1.0000E+00   2.0000E+00
3d6(3H)4s4p_3Go       1       3   7.0756E+00   1.0000E+00   2.0000E+00
3d6(3H)4s4p_5Gbo      1       3   7.0796E+00   1.0000E+00   2.0000E+00
3d6(3H)4s4p_3Io       1       3   7.0876E+00   1.0000E+00   2.0000E+00
3d7(2G)5s_e1Ge        1       3   7.1036E+00   1.0000E+00   2.0000E+00
3d6(3P)4s4p_3Do       1       3   7.1505E+00   1.0000E+00   2.0000E+00
3d6(3G)4s4p_5Go       1       3   7.1811E+00   1.0000E+00   2.0000E+00
3d7(2D)4p_1Po         1       3   7.2065E+00   1.0000E+00   2.0000E+00
3d7(4P)4d_5Pe         1       3   7.2396E+00   1.0000E+00   2.0000E+00
3d7(2P)5s_3Pe         1       3   7.2469E+00   1.0000E+00   2.0000E+00
3d6(3G)4s4p_5Fo       1       3   7.2765E+00   1.0000E+00   2.0000E+00
3d7(2D)4p_1Fo         1       3   7.2532E+00   1.0000E+00   2.0000E+00
3d6(3G)4s4p_5Ho       1       3   7.2729E+00   1.0000E+00   2.0000E+00
3d7(4P)4d_5Fe         1       3   7.3176E+00   1.0000E+00   2.0000E+00
3d6(3H)4s4p_1Go       1       3   7.3025E+00   1.0000E+00   2.0000E+00
3d7(2P)5s_1Pe         1       3   7.3483E+00   1.0000E+00   2.0000E+00
3d6(3H)4s4p_1Io       1       3   7.3541E+00   1.0000E+00   2.0000E+00
3d6(3P)4s4p_1Do       1       3   7.3618E+00   1.0000E+00   2.0000E+00
3d7(2D)4p_3Do         1       3   7.4034E+00   1.0000E+00   2.0000E+00
3d6(3H)4s4p_3Ho       1       3   7.3963E+00   1.0000E+00   2.0000E+00
3d6(3P)4s4p_3Po       1       3   7.4442E+00   1.0000E+00   2.0000E+00
3d6(3F)4s4p_3Fo       1       3   7.3966E+00   1.0000E+00   2.0000E+00
3d7(4P)4d_3Fe         1       3   7.4183E+00   1.0000E+00   2.0000E+00
3d6(3H)4s4p_1Gbo      1       3   7.4280E+00   1.0000E+00   2.0000E+00
3d7(4P)4d_5De         1       3   7.4464E+00   1.0000E+00   2.0000E+00
3d6(3F)4s4p_3Go       1       3   7.4417E+00   1.0000E+00   2.0000E+00
3d7(2D)4p_b1Do        1       3   7.4451E+00   1.0000E+00   2.0000E+00
3d7(4P)4d_5Dbe        1       3   7.4626E+00   1.0000E+00   2.0000E+00
3d6(1G)4s2_1Gbe       1       3   7.4704E+00   1.0000E+00   2.0000E+00
3d7(4P)4d_3Pe         1       3   7.4824E+00   1.0000E+00   2.0000E+00
3d7(4P)4d_3De         1       3   7.5170E+00   1.0000E+00   2.0000E+00
3d7(2G)4d_3De         1       3   7.5251E+00   1.0000E+00   2.0000E+00
3d7(2H)5s_3He         1       3   7.5195E+00   1.0000E+00   2.0000E+00
3d6(3P)4s4p_3So       1       3   7.5159E+00   1.0000E+00   2.0000E+00
3d7(2G)4d_3Ie         1       3   7.5514E+00   1.0000E+00   2.0000E+00
3d7(2D)5s_3De         1       3   7.5744E+00   1.0000E+00   2.0000E+00
3d7(4P)4d_3Dbe        1       3   7.5285E+00   1.0000E+00   2.0000E+00
3d7(2G)4d_3Ge         1       3   7.5816E+00   1.0000E+00   2.0000E+00
3d7(2G)4d_1Fe         1       3   7.5483E+00   1.0000E+00   2.0000E+00
3d7(2G)4d_1He         1       3   7.5579E+00   1.0000E+00   2.0000E+00
3d7(2G)4d_3Fe         1       3   7.6165E+00   1.0000E+00   2.0000E+00
3d7(2G)4d_3He         1       3   7.6005E+00   1.0000E+00   2.0000E+00
3d7(2H)5s_1He         1       3   7.6310E+00   1.0000E+00   2.0000E+00
3d7(2G)4d_1Ie         1       3   7.6497E+00   1.0000E+00   2.0000E+00
3d7(4F)6s_5Fe         1       3   7.7414E+00   1.0000E+00   2.0000E+00
3d6(3F)4s4p_1Fo       1       3   7.6642E+00   1.0000E+00   2.0000E+00
3d7(2G)4d_1Hbe        1       3   7.6802E+00   1.0000E+00   2.0000E+00
3d7(2D)5s_1De         1       3   7.6842E+00   1.0000E+00   2.0000E+00
3d6(3F)4s4p_3Do       1       3   7.7466E+00   1.0000E+00   2.0000E+00
3d7(2G)4d_1De         1       3   7.7528E+00   1.0000E+00   2.0000E+00
3d7(4F)4f_5Go         1       3   7.8192E+00   1.0000E+00   2.0000E+00
3d7(4F)4f_3Ho         1       3   7.8759E+00   1.0000E+00   2.0000E+00
3d7(4F)4f_5Ho         1       3   7.8810E+00   1.0000E+00   2.0000E+00
3d7(4F)4f_3Go         1       3   7.8506E+00   1.0000E+00   2.0000E+00
3d7(4F)4f_3Fo         1       3   7.8453E+00   1.0000E+00   2.0000E+00
3d7(4F)4f_5Do         1       3   7.8403E+00   1.0000E+00   2.0000E+00
3d7(4F)4f_3Do         1       3   7.7758E+00   1.0000E+00   2.0000E+00
3d7(2G)4d_1Ge         1       3   7.7760E+00   1.0000E+00   2.0000E+00
3d7(4F)4f_3Io         1       3   7.8864E+00   1.0000E+00   2.0000E+00
3d7(4F)4f_5Io         1       3   7.8972E+00   1.0000E+00   2.0000E+00
3d7(4F)4f_5Po         1       3   7.8031E+00   1.0000E+00   2.0000E+00
3d7(4F)6s_3Fe         1       3   7.8540E+00   1.0000E+00   2.0000E+00
3d7(4F)4f_3Po         1       3   7.7945E+00   1.0000E+00   2.0000E+00
3d6(3F)4s4p_1Go       1       3   7.7873E+00   1.0000E+00   2.0000E+00
3d7(4P)5p_5So         1       3   7.8075E+00   1.0000E+00   2.0000E+00
3d6(3G)4s4p_3Ho       1       3   7.8777E+00   1.0000E+00   2.0000E+00
3d7(4F)4f_5Fo         1       3   7.9278E+00   1.0000E+00   2.0000E+00
3d7(4F)4f_3Fbo        1       3   7.8877E+00   1.0000E+00   2.0000E+00
3d7(4F)4f_5Dbo        1       3   7.9137E+00   1.0000E+00   2.0000E+00
3d7(4F)4f_5Pbo        1       3   7.9582E+00   1.0000E+00   2.0000E+00
3d6(3H)4s4p_1Ho       1       3   7.9081E+00   1.0000E+00   2.0000E+00
3d6(3G)4s4p_3Fo       1       3   7.9580E+00   1.0000E+00   2.0000E+00
3d7(4P)5p_5Do         1       3   7.9786E+00   1.0000E+00   2.0000E+00
3d6(3P)4s4p_1Po       1       3   7.9744E+00   1.0000E+00   2.0000E+00
3d7(4F)4f_5Gbo        1       3   7.9970E+00   1.0000E+00   2.0000E+00
3d7(4F)4f_5Ibo        1       3   7.9816E+00   1.0000E+00   2.0000E+00
3d7(4F)5d_5Fe         1       3   8.0138E+00   1.0000E+00   2.0000E+00
3d6(3D)4s4p_5Po       1       3   8.0712E+00   1.0000E+00   2.0000E+00
3d6(3P)4s4p_1So       1       3   8.0074E+00   1.0000E+00   2.0000E+00
3d7(2P)4d_3De         1       3   8.0313E+00   1.0000E+00   2.0000E+00
3d7(4F)5d_5Ge         1       3   8.0384E+00   1.0000E+00   2.0000E+00
3d7(4F)5d_b5Fe        1       3   8.0764E+00   1.0000E+00   2.0000E+00
3d7(4F)5d_5Pe         1       3   8.1314E+00   1.0000E+00   2.0000E+00
3d7(4F)4f_5Hbo        1       3   8.0382E+00   1.0000E+00   2.0000E+00
3d7(4F)4f_3Gbo        1       3   8.0437E+00   1.0000E+00   2.0000E+00
3d7(4F)5d_5He         1       3   8.1519E+00   1.0000E+00   2.0000E+00
3d7(4F)4f_3Pbo        1       3   8.0489E+00   1.0000E+00   2.0000E+00
3d7(2P)4d_3Dbe        1       3   8.0500E+00   1.0000E+00   2.0000E+00
3d7(4P)5p_5Po         1       3   8.1801E+00   1.0000E+00   2.0000E+00
3d7(2P)4d_3Pe         1       3   8.0700E+00   1.0000E+00   2.0000E+00
3d7(4P)5p_3So         1       3   8.0873E+00   1.0000E+00   2.0000E+00
3d7(4F)5d_3De         1       3   8.1892E+00   1.0000E+00   2.0000E+00
3d7(4P)5p_3Do         1       3   8.1168E+00   1.0000E+00   2.0000E+00
3d7(4F)5d_5De         1       3   8.1949E+00   1.0000E+00   2.0000E+00
3d6(3G)4s4p_3Go       1       3   8.1435E+00   1.0000E+00   2.0000E+00
3d7(2P)4d_3Fe         1       3   8.1484E+00   1.0000E+00   2.0000E+00
3d7(4F)5d_b5Ge        1       3   8.2075E+00   1.0000E+00   2.0000E+00
3d7(4F)5d_3Dbe        1       3   8.1627E+00   1.0000E+00   2.0000E+00
3d7(2P)4d_3Fbe        1       3   8.1651E+00   1.0000E+00   2.0000E+00
3d7(4F)5d_3Ge         1       3   8.2466E+00   1.0000E+00   2.0000E+00
3d7(4F)5d_3He         1       3   8.2676E+00   1.0000E+00   2.0000E+00
3d6(3D)4s4p_5Fo       1       3   8.2320E+00   1.0000E+00   2.0000E+00
3d7(4P)5p_3Po         1       3   8.2092E+00   1.0000E+00   2.0000E+00
3d7(2P)4d_1Fe         1       3   8.1863E+00   1.0000E+00   2.0000E+00
3d7(2P)4d_1Pe         1       3   8.1979E+00   1.0000E+00   2.0000E+00
3d7(2H)4d_3Fe         1       3   8.2507E+00   1.0000E+00   2.0000E+00
3d6(1I)4s4p_3Ko       1       3   8.2583E+00   1.0000E+00   2.0000E+00
3d6(3F)4s4p_1Do       1       3   8.2142E+00   1.0000E+00   2.0000E+00
3d6(3D)4s4p_5Do       1       3   8.2870E+00   1.0000E+00   2.0000E+00
3d7(2P)4d_1De         1       3   8.2531E+00   1.0000E+00   2.0000E+00
3d7(4F)5d_5Gbe        1       3   8.2572E+00   1.0000E+00   2.0000E+00
3d7(4F)5d_3Gbe        1       3   8.2629E+00   1.0000E+00   2.0000E+00
3d7(2G)5p_3Ho         1       3   8.2875E+00   1.0000E+00   2.0000E+00
3d7(2G)5p_3Fo         1       3   8.3303E+00   1.0000E+00   2.0000E+00
3d6(3D)4s4p_5Dbo      1       3   8.2877E+00   1.0000E+00   2.0000E+00
3d7(2G)5p_3Go         1       3   8.3621E+00   1.0000E+00   2.0000E+00
3d7(4F)5d_5Dbe        1       3   8.3209E+00   1.0000E+00   2.0000E+00
3d7(4F)6p_5Fo         1       3   8.4604E+00   1.0000E+00   2.0000E+00
3d7(4F)6p_3Go         1       3   8.4869E+00   1.0000E+00   2.0000E+00
3d7(4F)6p_5Go         1       3   8.5111E+00   1.0000E+00   2.0000E+00
3d7(4F)6p_5Do         1       3   8.5195E+00   1.0000E+00   2.0000E+00
3d7(2H)4d_3Ke         1       3   8.3971E+00   1.0000E+00   2.0000E+00
3d7(2D)4d_3Pe         1       3   8.3802E+00   1.0000E+00   2.0000E+00
3d7(4F)6p_3Gbo        1       3   8.4893E+00   1.0000E+00   2.0000E+00
3d7(2H)4d_1Fe         1       3   8.3934E+00   1.0000E+00   2.0000E+00
3d7(2D)4d_3Fe         1       3   8.4306E+00   1.0000E+00   2.0000E+00
3d7(2H)4d_3Ge         1       3   8.4522E+00   1.0000E+00   2.0000E+00
3d7(4F)6p_3Fo         1       3   8.5518E+00   1.0000E+00   2.0000E+00
3d7(2D)4d_3De         1       3   8.4881E+00   1.0000E+00   2.0000E+00
3d7(2G)5p_1Ho         1       3   8.4066E+00   1.0000E+00   2.0000E+00
3d7(4F)6p_3Do         1       3   8.5442E+00   1.0000E+00   2.0000E+00
3d7(2D)4d_3Dbe        1       3   8.4325E+00   1.0000E+00   2.0000E+00
3d7(4F)5d_3Pe         1       3   8.4541E+00   1.0000E+00   2.0000E+00
3d7(2D)4d_3Ge         1       3   8.5325E+00   1.0000E+00   2.0000E+00
3d7(2G)5p_3Hbo        1       3   8.4900E+00   1.0000E+00   2.0000E+00
3d6(1G)4s4p_3Ho       1       3   8.4698E+00   1.0000E+00   2.0000E+00
3d7(2G)5p_1Fo         1       3   8.4817E+00   1.0000E+00   2.0000E+00
3d7(2G)5p_1Go         1       3   8.4931E+00   1.0000E+00   2.0000E+00
3d7(2D)4d_1Pe         1       3   8.4962E+00   1.0000E+00   2.0000E+00
3d7(2H)4d_1Ke         1       3   8.4963E+00   1.0000E+00   2.0000E+00
3d7(2H)4d_3Ie         1       3   8.5628E+00   1.0000E+00   2.0000E+00
3d7(2H)4d_3He         1       3   8.5907E+00   1.0000E+00   2.0000E+00
3d6(1G)4s4p_3Go       1       3   8.6001E+00   1.0000E+00   2.0000E+00
3d7(2D)4d_1Fe         1       3   8.5996E+00   1.0000E+00   2.0000E+00
3d7(2D)4d_3Se         1       3   8.6133E+00   1.0000E+00   2.0000E+00
3d7(2D)4d_1Pbe        1       3   8.6787E+00   1.0000E+00   2.0000E+00
3d7(2H)4d_3Hbe        1       3   8.6820E+00   1.0000E+00   2.0000E+00
3d6(1G)4s4p_3Fo       1       3   8.7259E+00   1.0000E+00   2.0000E+00
3d7(2D)4d_1Ge         1       3   8.7153E+00   1.0000E+00   2.0000E+00
3d7(2H)4d_1Ie         1       3   8.7269E+00   1.0000E+00   2.0000E+00
3d6(3D)4s4p_3Po       1       3   8.7460E+00   1.0000E+00   2.0000E+00
3d6(3G)4s4p_1Fo       1       3   8.8079E+00   1.0000E+00   2.0000E+00
3d6(1I)4s4p_3Ho       1       3   8.8220E+00   1.0000E+00   2.0000E+00
3d7(2D)4d_3Pbe        1       3   8.8967E+00   1.0000E+00   2.0000E+00
3d6(3G)4s4p_1Go       1       3   8.9107E+00   1.0000E+00   2.0000E+00
3d7(2P)5p_3Po         1       3   8.9609E+00   1.0000E+00   2.0000E+00
3d7(4F)5d_3Pbe        1       3   8.9827E+00   1.0000E+00   2.0000E+00
3d6(1I)4s4p_3Io       1       3   9.0076E+00   1.0000E+00   2.0000E+00
3d7(4F)5d_3Fe         1       3   9.1154E+00   1.0000E+00   2.0000E+00
3d7(2P)5p_3Do         1       3   9.1030E+00   1.0000E+00   2.0000E+00
3d6(3D)4s4p_3Do       1       3   9.0700E+00   1.0000E+00   2.0000E+00
3d7(2P)5p_1Do         1       3   9.0318E+00   1.0000E+00   2.0000E+00
3d7(2D)4d_1De         1       3   9.0323E+00   1.0000E+00   2.0000E+00
3d7(2P)5p_3So         1       3   9.0967E+00   1.0000E+00   2.0000E+00
3d7(2P)5p_1So         1       3   9.1905E+00   1.0000E+00   2.0000E+00
3d7(2H)4d_1Ge         1       3   9.2103E+00   1.0000E+00   2.0000E+00
3d7(2D)4d_1Se         1       3   9.2393E+00   1.0000E+00   2.0000E+00
3d6(1S)4s4p_3Po       1       3   9.3087E+00   1.0000E+00   2.0000E+00
3d7(2P)5p_1Po         1       3   9.2624E+00   1.0000E+00   2.0000E+00
3d6(3D)4s4p_3Fo       1       3   9.3153E+00   1.0000E+00   2.0000E+00
3d7(2H)5p_3Go         1       3   9.5023E+00   1.0000E+00   2.0000E+00
3d7(2H)5p_3Io         1       3   9.4990E+00   1.0000E+00   2.0000E+00
3d7(2D)5p_3Do         1       3   9.5161E+00   1.0000E+00   2.0000E+00
3d6(3D)4s4p_1Po       1       3   9.4726E+00   1.0000E+00   2.0000E+00
3d7(2D)5p_3Fo         1       3   9.6652E+00   1.0000E+00   2.0000E+00
3d7(2H)5p_3Ho         1       3   9.6408E+00   1.0000E+00   2.0000E+00
3d7(2D)5p_3Po         1       3   9.6300E+00   1.0000E+00   2.0000E+00
3d7(2D)5p_1Fo         1       3   9.5827E+00   1.0000E+00   2.0000E+00
3d7(4F)7s_5Fe         1       3   9.7980E+00   1.0000E+00   2.0000E+00
3d7(2H)5p_1Io         1       3   9.6592E+00   1.0000E+00   2.0000E+00
3d7(4F)5f_5Go         1       3   9.7888E+00   1.0000E+00   2.0000E+00
3d7(4F)5f_3Io         1       3   9.8491E+00   1.0000E+00   2.0000E+00
3d7(4F)5f_5Ho         1       3   9.8778E+00   1.0000E+00   2.0000E+00
3d7(4F)5f_5Fo         1       3   9.8058E+00   1.0000E+00   2.0000E+00
3d7(4F)5f_3Ho         1       3   9.8497E+00   1.0000E+00   2.0000E+00
3d7(4F)5f_3Go         1       3   9.8485E+00   1.0000E+00   2.0000E+00
3d7(4F)5f_3Do         1       3   9.6728E+00   1.0000E+00   2.0000E+00
3d7(4F)5f_5Io         1       3   9.9068E+00   1.0000E+00   2.0000E+00
3d7(4F)5f_5Do         1       3   9.7965E+00   1.0000E+00   2.0000E+00
3d7(4F)5f_5Po         1       3   9.7217E+00   1.0000E+00   2.0000E+00
3d7(4F)5f_3Po         1       3   9.7036E+00   1.0000E+00   2.0000E+00
3d7(4F)5g_5He         1       3   9.9977E+00   1.0000E+00   2.0000E+00
3d7(4F)5g_3He         1       3   9.9297E+00   1.0000E+00   2.0000E+00
3d7(4F)5g_5Ge         1       3   9.8042E+00   1.0000E+00   2.0000E+00
3d7(4F)5g_3Ge         1       3   9.8687E+00   1.0000E+00   2.0000E+00
3d7(4F)5g_5Ie         1       3   9.9393E+00   1.0000E+00   2.0000E+00
3d7(4F)5g_3Ie         1       3   9.9361E+00   1.0000E+00   2.0000E+00
3d7(4F)5g_5Fe         1       3   9.9074E+00   1.0000E+00   2.0000E+00
3d7(4F)5g_3Fe         1       3   9.8960E+00   1.0000E+00   2.0000E+00
3d7(4F)5g_5De         1       3   9.9661E+00   1.0000E+00   2.0000E+00
3d7(4F)5g_3De         1       3   9.9225E+00   1.0000E+00   2.0000E+00
3d7(4F)5g_5Ke         1       3   1.0034E+01   1.0000E+00   2.0000E+00
3d7(4F)5g_3Ke         1       3   9.9983E+00   1.0000E+00   2.0000E+00
3d7(4F)5g_5Pe         1       3   9.8763E+00   1.0000E+00   2.0000E+00
3d7(4F)5g_3Pe         1       3   1.0064E+01   1.0000E+00   2.0000E+00
3d7(2D)5p_1Do         1       3   9.7881E+00   1.0000E+00   2.0000E+00
3d7(2H)5p_1Go         1       3   9.7904E+00   1.0000E+00   2.0000E+00
3d7(2D)5p_3Dbo        1       3   9.8365E+00   1.0000E+00   2.0000E+00
3d6(3D)4s4p_1Fo       1       3   9.8448E+00   1.0000E+00   2.0000E+00
3d7(4F)7s_3Fe         1       3   1.0017E+01   1.0000E+00   2.0000E+00
3d7(4F)5f_5Pbo        1       3   1.0028E+01   1.0000E+00   2.0000E+00
3d7(2D)5p_1Fbo        1       3   9.9183E+00   1.0000E+00   2.0000E+00
3d7(2H)5p_1Ho         1       3   9.9573E+00   1.0000E+00   2.0000E+00
3d6(3D)4s4p_1Do       1       3   9.9890E+00   1.0000E+00   2.0000E+00
3d7(4F)6d_5Fe         1       3   1.0154E+01   1.0000E+00   2.0000E+00
3d7(4F)5g_3Gbe        1       3   1.0000E+01   1.0000E+00   2.0000E+00
3d7(4F)5g_3Hbe        1       3   1.0001E+01   1.0000E+00   2.0000E+00
3d7(4F)5g_5Pbe        1       3   1.0185E+01   1.0000E+00   2.0000E+00
3d7(4F)6d_b5Ge        1       3   1.0218E+01   1.0000E+00   2.0000E+00
3d7(4F)6d_5De         1       3   1.0136E+01   1.0000E+00   2.0000E+00
3d7(4F)6d_5Ge         1       3   1.0014E+01   1.0000E+00   2.0000E+00
3d7(4F)6d_5Pe         1       3   1.0204E+01   1.0000E+00   2.0000E+00
3d7(4F)6d_5He         1       3   1.0237E+01   1.0000E+00   2.0000E+00
3d7(4F)6d_3Ge         1       3   1.0263E+01   1.0000E+00   2.0000E+00
3d7(4F)5f_5Ibo        1       3   1.0072E+01   1.0000E+00   2.0000E+00
3d7(2D)5p_1Po         1       3   1.0073E+01   1.0000E+00   2.0000E+00
3d7(4F)5f_3Fo         1       3   1.0081E+01   1.0000E+00   2.0000E+00
3d7(4F)5f_5Dbo        1       3   1.0086E+01   1.0000E+00   2.0000E+00
3d7(4F)6d_3De         1       3   1.0228E+01   1.0000E+00   2.0000E+00
3d7(2F)5s_3Fe         1       3   1.0186E+01   1.0000E+00   2.0000E+00
3d6(1D)4s4p_3Fo       1       3   1.0262E+01   1.0000E+00   2.0000E+00
3d7(4F)5g_5Gbe        1       3   1.0187E+01   1.0000E+00   2.0000E+00
3d7(4F)5g_5Fbe        1       3   1.0284E+01   1.0000E+00   2.0000E+00
3d7(4F)5f_3Ibo        1       3   1.0192E+01   1.0000E+00   2.0000E+00
3d7(4F)5f_3Hbo        1       3   1.0198E+01   1.0000E+00   2.0000E+00
3d7(4F)5f_5Hbo        1       3   1.0199E+01   1.0000E+00   2.0000E+00
3d7(4F)5f_5Gbo        1       3   1.0204E+01   1.0000E+00   2.0000E+00
3d7(4F)5f_3Gbo        1       3   1.0205E+01   1.0000E+00   2.0000E+00
3d7(4F)5f_3Pbo        1       3   1.0213E+01   1.0000E+00   2.0000E+00
3d7(4F)7p_3Go         1       3   1.0433E+01   1.0000E+00   2.0000E+00
3d7(4F)7p_5Fo         1       3   1.0485E+01   1.0000E+00   2.0000E+00
3d7(4F)7p_5Do         1       3   1.0516E+01   1.0000E+00   2.0000E+00
3d7(4F)7p_5Go         1       3   1.0553E+01   1.0000E+00   2.0000E+00
3d7(4F)7p_3Do         1       3   1.0387E+01   1.0000E+00   2.0000E+00
3d7(4F)7p_3Fo         1       3   1.0489E+01   1.0000E+00   2.0000E+00
3d7(4F)6d_3He         1       3   1.0460E+01   1.0000E+00   2.0000E+00
3d7(4F)5g_3Ibe        1       3   1.0315E+01   1.0000E+00   2.0000E+00
3d7(4F)5g_5Ibe        1       3   1.0315E+01   1.0000E+00   2.0000E+00
3d7(4F)5g_5Hbe        1       3   1.0317E+01   1.0000E+00   2.0000E+00
3d7(4F)5g_5Kbe        1       3   1.0319E+01   1.0000E+00   2.0000E+00
3d6(3H)4s4p_3Ibo      1       3   1.0468E+01   1.0000E+00   2.0000E+00
3d7(2F)5s_1Fe         1       3   1.0399E+01   1.0000E+00   2.0000E+00
3d6(1D)4s4p_3Do       1       3   1.0449E+01   1.0000E+00   2.0000E+00
3d7(4F)6d_5Gbe        1       3   1.0490E+01   1.0000E+00   2.0000E+00
3d6(1D)4s4p_3Po       1       3   1.0618E+01   1.0000E+00   2.0000E+00
3d7(4F)6d_5Fbe        1       3   1.0482E+01   1.0000E+00   2.0000E+00
3d6(1D)4s4p_3Dbo      1       3   1.0536E+01   1.0000E+00   2.0000E+00
3d7(4F)6d_5Dbe        1       3   1.0608E+01   1.0000E+00   2.0000E+00
3d6(5D)4s5s_7De       1       3   1.0835E+01   1.0000E+00   2.0000E+00
3d7(4F)6d_3Fe         1       3   1.0908E+01   1.0000E+00   2.0000E+00
3d7(4F)6d_3Pe         1       3   1.0820E+01   1.0000E+00   2.0000E+00
3d7(4F)7p_5Gbo        1       3   1.0845E+01   1.0000E+00   2.0000E+00
3d6(3H)4s4p_3Gbo      1       3   1.0886E+01   1.0000E+00   2.0000E+00
3d6(3P)4s4p_3Dbo      1       3   1.1004E+01   1.0000E+00   2.0000E+00
3d7(4F)7p_5Dbo        1       3   1.0910E+01   1.0000E+00   2.0000E+00
3d6(3F)4s4p_3Gbo      1       3   1.0982E+01   1.0000E+00   2.0000E+00
3d6(5D)4p2_7Pe        1       3   1.1198E+01   1.0000E+00   2.0000E+00
3d6(3P)4s4p_3Sbo      1       3   1.1066E+01   1.0000E+00   2.0000E+00
3d7(4P)6s_5Pe         1       3   1.1193E+01   1.0000E+00   2.0000E+00
3d7(4F)7p_3Gbo        1       3   1.1124E+01   1.0000E+00   2.0000E+00
3d7(4P)4f_5Do         1       3   1.1283E+01   1.0000E+00   2.0000E+00
3d7(4P)4f_3Do         1       3   1.1298E+01   1.0000E+00   2.0000E+00
3d7(4P)4f_3Go         1       3   1.1330E+01   1.0000E+00   2.0000E+00
3d7(4P)4f_5Go         1       3   1.1321E+01   1.0000E+00   2.0000E+00
3d6(3H)4s4p_3Hbo      1       3   1.1360E+01   1.0000E+00   2.0000E+00
3d7(4P)6s_3Pe         1       3   1.1405E+01   1.0000E+00   2.0000E+00
3d7(4P)4f_5Gbo        1       3   1.1381E+01   1.0000E+00   2.0000E+00
3d7(4F)8s_5Fe         1       3   1.1398E+01   1.0000E+00   2.0000E+00
3d7(4P)4f_3Fo         1       3   1.1442E+01   1.0000E+00   2.0000E+00
3d7(4P)4f_5Fo         1       3   1.1503E+01   1.0000E+00   2.0000E+00
3d6(5D)4p2_5De        1       3   1.1504E+01   1.0000E+00   2.0000E+00
3d7(4F)8s_3Fe         1       3   1.1514E+01   1.0000E+00   2.0000E+00
3d7(4F)6f_3Fo         1       3   1.1531E+01   1.0000E+00   2.0000E+00
3d7(4F)6f_5Go         1       3   1.1531E+01   1.0000E+00   2.0000E+00
3d7(4F)6f_3Go         1       3   1.1532E+01   1.0000E+00   2.0000E+00
3d7(4F)6f_5Ho         1       3   1.1534E+01   1.0000E+00   2.0000E+00
3d7(4F)6f_5Fo         1       3   1.1535E+01   1.0000E+00   2.0000E+00
3d7(4F)6f_5Do         1       3   1.1542E+01   1.0000E+00   2.0000E+00
3d7(4F)6f_3Do         1       3   1.1540E+01   1.0000E+00   2.0000E+00
3d7(4F)6f_5Io         1       3   1.1541E+01   1.0000E+00   2.0000E+00
3d7(4F)6f_5Po         1       3   1.1544E+01   1.0000E+00   2.0000E+00
3d7(4F)6f_3Io         1       3   1.1551E+01   1.0000E+00   2.0000E+00
3d7(4F)6f_3Po         1       3   1.1555E+01   1.0000E+00   2.0000E+00
3d7(4F)6f_3Ho         1       3   1.1552E+01   1.0000E+00   2.0000E+00
3d7(4F)8s_5Fbe        1       3   1.1566E+01   1.0000E+00   2.0000E+00
3d7(4F)6f_3So         1       3   1.1582E+01   1.0000E+00   2.0000E+00
