**************************************************************************************************************************
**************************************************************************************************************************
Collision strengths (Omega[i,k]) for FeXVI. The collisional excitation rate
is defined by

           C(i,k)=8.63D-08 OMEGA(i,k) EXP(-U0) / Gi /sqrt(T_4).

We also use the same definition for the ionization collision strength.
For ionization of low lying levels we expect OMEGA(i,i) to be propotional to T.
**************************************************************************************************************************
**************************************************************************************************************************

595                             !Number of transitions
11                              !Number of T values OMEGA tabulated at
1.0                             !Scaling factor for OMEGA (non-FILE values).
0.1                             !Value for OMEGA if f=0
                                                  
Transition\T                    10.00       15.85       25.12       39.81       63.10      100.00      158.49      251.19      398.11      630.96     1000.00
3s2_1Se[0]-3s_3p_3Po[0]     2.992E-02   2.457E-02   1.983E-02   1.566E-02   1.211E-02   9.212E-03   6.939E-03   5.184E-03   3.833E-03   2.796E-03   2.006E-03
3s2_1Se[0]-3s_3p_3Po[1]     1.123E-01   9.958E-02   8.514E-02   7.048E-02   5.738E-02   4.704E-02   3.967E-02   3.488E-02   3.211E-02   3.084E-02   3.063E-02
3s2_1Se[0]-3s_3p_3Po[2]     1.207E-01   1.135E-01   9.969E-02   8.257E-02   6.529E-02   5.005E-02   3.764E-02   2.795E-02   2.051E-02   1.485E-02   1.059E-02
3s2_1Se[0]-3s_3p_1Po[1]     2.642E+00   2.540E+00   2.434E+00   2.367E+00   2.375E+00   2.481E+00   2.678E+00   2.946E+00   3.267E+00   3.629E+00   4.016E+00
3s2_1Se[0]-3p2_3Pe[0]       1.840E-03   1.562E-03   1.247E-03   9.467E-04   6.951E-04   5.020E-04   3.611E-04   2.609E-04   1.903E-04   1.403E-04   1.047E-04
3s2_1Se[0]-3p2_1De[2]       9.387E-02   9.160E-02   8.894E-02   8.668E-02   8.537E-02   8.517E-02   8.596E-02   8.754E-02   8.969E-02   9.218E-02   9.470E-02
3s2_1Se[0]-3p2_3Pe[1]       2.956E-03   2.516E-03   1.980E-03   1.467E-03   1.042E-03   7.199E-04   4.887E-04   3.282E-04   2.187E-04   1.448E-04   9.522E-05
3s2_1Se[0]-3p2_3Pe[2]       2.244E-02   2.151E-02   2.046E-02   1.954E-02   1.892E-02   1.863E-02   1.863E-02   1.887E-02   1.927E-02   1.977E-02   2.030E-02
3s2_1Se[0]-3p2_1Se[0]       1.729E-02   1.407E-02   1.110E-02   8.638E-03   6.737E-03   5.322E-03   4.273E-03   3.481E-03   2.870E-03   2.383E-03   1.987E-03
3s2_1Se[0]-3s_3d_3De[1]     1.152E-02   1.107E-02   1.051E-02   9.873E-03   9.149E-03   8.316E-03   7.361E-03   6.303E-03   5.196E-03   4.117E-03   3.140E-03
3s2_1Se[0]-3s_3d_3De[2]     1.951E-02   1.869E-02   1.769E-02   1.657E-02   1.533E-02   1.392E-02   1.231E-02   1.054E-02   8.694E-03   6.894E-03   5.263E-03
3s2_1Se[0]-3s_3d_3De[3]     2.851E-02   2.721E-02   2.557E-02   2.376E-02   2.183E-02   1.971E-02   1.737E-02   1.482E-02   1.219E-02   9.648E-03   7.351E-03
3s2_1Se[0]-3s_3d_1De[2]     1.854E-01   1.839E-01   1.833E-01   1.840E-01   1.864E-01   1.906E-01   1.962E-01   2.028E-01   2.099E-01   2.171E-01   2.237E-01
3s2_1Se[0]-3p_3d_3Fo[2]     3.484E-04   3.278E-04   3.082E-04   2.893E-04   2.701E-04   2.495E-04   2.267E-04   2.020E-04   1.762E-04   1.503E-04   1.257E-04
3s2_1Se[0]-3p_3d_3Fo[3]     2.754E-04   2.549E-04   2.355E-04   2.165E-04   1.970E-04   1.755E-04   1.518E-04   1.268E-04   1.023E-04   7.988E-05   6.079E-05
3s2_1Se[0]-3p_3d_1Do[2]     1.289E-03   1.219E-03   1.161E-03   1.109E-03   1.060E-03   1.010E-03   9.546E-04   8.909E-04   8.173E-04   7.343E-04   6.454E-04
3s2_1Se[0]-3p_3d_3Fo[4]     3.117E-04   2.929E-04   2.738E-04   2.540E-04   2.323E-04   2.074E-04   1.791E-04   1.488E-04   1.187E-04   9.125E-05   6.775E-05
3s2_1Se[0]-3p_3d_3Do[1]     1.010E-04   9.725E-05   9.228E-05   8.638E-05   7.952E-05   7.156E-05   6.248E-05   5.262E-05   4.265E-05   3.332E-05   2.523E-05
3s2_1Se[0]-3p_3d_3Po[2]     2.292E-04   2.223E-04   2.124E-04   2.001E-04   1.854E-04   1.682E-04   1.484E-04   1.266E-04   1.043E-04   8.304E-05   6.423E-05
3s2_1Se[0]-3p_3d_3Do[3]     1.704E-04   1.649E-04   1.555E-04   1.427E-04   1.275E-04   1.111E-04   9.414E-05   7.738E-05   6.168E-05   4.788E-05   3.651E-05
3s2_1Se[0]-3p_3d_3Po[0]     5.089E-05   4.847E-05   4.586E-05   4.322E-05   4.032E-05   3.680E-05   3.246E-05   2.744E-05   2.215E-05   1.709E-05   1.267E-05
3s2_1Se[0]-3p_3d_3Po[1]     1.552E-04   1.514E-04   1.439E-04   1.335E-04   1.210E-04   1.068E-04   9.140E-05   7.546E-05   5.989E-05   4.573E-05   3.372E-05
3s2_1Se[0]-3p_3d_3Do[2]     2.123E-04   2.075E-04   1.970E-04   1.818E-04   1.633E-04   1.428E-04   1.214E-04   9.964E-05   7.884E-05   6.011E-05   4.432E-05
3s2_1Se[0]-3p_3d_1Fo[3]     2.435E-03   2.402E-03   2.346E-03   2.292E-03   2.240E-03   2.173E-03   2.080E-03   1.964E-03   1.834E-03   1.705E-03   1.588E-03
3s2_1Se[0]-3p_3d_1Po[1]     8.750E-04   8.885E-04   8.920E-04   8.834E-04   8.665E-04   8.477E-04   8.326E-04   8.256E-04   8.294E-04   8.450E-04   8.718E-04
3s2_1Se[0]-3d2_3Fe[2]       1.140E-05   1.002E-05   8.875E-06   7.940E-06   7.147E-06   6.437E-06   5.769E-06   5.133E-06   4.539E-06   4.009E-06   3.564E-06
3s2_1Se[0]-3d2_3Fe[3]       1.458E-05   1.256E-05   1.090E-05   9.527E-06   8.342E-06   7.250E-06   6.191E-06   5.144E-06   4.131E-06   3.192E-06   2.374E-06
3s2_1Se[0]-3d2_3Fe[4]       2.240E-05   1.855E-05   1.558E-05   1.326E-05   1.138E-05   9.758E-06   8.257E-06   6.826E-06   5.469E-06   4.228E-06   3.152E-06
3s2_1Se[0]-3d2_1De[2]       2.284E-04   2.270E-04   2.273E-04   2.302E-04   2.365E-04   2.468E-04   2.611E-04   2.793E-04   3.005E-04   3.232E-04   3.453E-04
3s2_1Se[0]-3d2_3Pe[0]       1.222E-06   1.110E-06   1.014E-06   9.352E-07   8.665E-07   7.991E-07   7.255E-07   6.421E-07   5.494E-07   4.524E-07   3.587E-07
3s2_1Se[0]-3d2_3Pe[1]       3.366E-06   3.077E-06   2.819E-06   2.601E-06   2.406E-06   2.212E-06   1.998E-06   1.755E-06   1.485E-06   1.204E-06   9.343E-07
3s2_1Se[0]-3d2_3Pe[2]       1.603E-04   1.591E-04   1.591E-04   1.611E-04   1.653E-04   1.723E-04   1.821E-04   1.945E-04   2.089E-04   2.243E-04   2.394E-04
3s2_1Se[0]-3d2_1Ge[4]       9.329E-05   9.306E-05   9.288E-05   9.273E-05   9.256E-05   9.228E-05   9.171E-05   9.047E-05   8.808E-05   8.412E-05   7.860E-05
3s2_1Se[0]-3d2_1Se[0]       5.555E-05   5.570E-05   5.591E-05   5.627E-05   5.688E-05   5.777E-05   5.883E-05   5.976E-05   6.007E-05   5.935E-05   5.745E-05
3s_3p_3Po[0]-3s_3p_3Po[1]   4.110E-01   4.093E-01   3.844E-01   3.318E-01   2.647E-01   1.989E-01   1.436E-01   1.011E-01   7.000E-02   4.790E-02   3.245E-02
3s_3p_3Po[0]-3s_3p_3Po[2]   3.216E-01   3.342E-01   3.214E-01   2.876E-01   2.452E-01   2.053E-01   1.734E-01   1.502E-01   1.345E-01   1.243E-01   1.177E-01
3s_3p_3Po[0]-3s_3p_1Po[1]   4.999E-02   5.286E-02   5.053E-02   4.364E-02   3.475E-02   2.614E-02   1.894E-02   1.341E-02   9.349E-03   6.434E-03   4.378E-03
3s_3p_3Po[0]-3p2_3Pe[0]     1.239E-02   1.134E-02   9.848E-03   8.157E-03   6.528E-03   5.112E-03   3.948E-03   3.013E-03   2.265E-03   1.673E-03   1.211E-03
3s_3p_3Po[0]-3p2_1De[2]     7.472E-02   6.543E-02   5.490E-02   4.437E-02   3.483E-02   2.682E-02   2.040E-02   1.538E-02   1.145E-02   8.401E-03   6.054E-03
3s_3p_3Po[0]-3p2_3Pe[1]     7.719E-01   7.864E-01   8.050E-01   8.325E-01   8.795E-01   9.517E-01   1.046E+00   1.158E+00   1.284E+00   1.423E+00   1.569E+00
3s_3p_3Po[0]-3p2_3Pe[2]     2.021E-02   1.839E-02   1.549E-02   1.224E-02   9.197E-03   6.673E-03   4.743E-03   3.337E-03   2.339E-03   1.637E-03   1.146E-03
3s_3p_3Po[0]-3p2_1Se[0]     2.599E-03   2.163E-03   1.773E-03   1.418E-03   1.110E-03   8.560E-04   6.536E-04   4.942E-04   3.688E-04   2.707E-04   1.949E-04
3s_3p_3Po[0]-3s_3d_3De[1]   6.877E-01   6.909E-01   6.921E-01   6.997E-01   7.219E-01   7.615E-01   8.167E-01   8.852E-01   9.660E-01   1.059E+00   1.161E+00
3s_3p_3Po[0]-3s_3d_3De[2]   3.066E-02   2.953E-02   2.679E-02   2.304E-02   1.908E-02   1.544E-02   1.229E-02   9.624E-03   7.396E-03   5.558E-03   4.081E-03
3s_3p_3Po[0]-3s_3d_3De[3]   4.132E-02   4.050E-02   3.748E-02   3.303E-02   2.831E-02   2.417E-02   2.095E-02   1.866E-02   1.719E-02   1.636E-02   1.604E-02
3s_3p_3Po[0]-3s_3d_1De[2]   1.750E-02   1.584E-02   1.360E-02   1.122E-02   9.029E-03   7.165E-03   5.625E-03   4.359E-03   3.316E-03   2.468E-03   1.793E-03
3s_3p_3Po[0]-3p_3d_3Fo[2]   6.706E-02   6.703E-02   6.735E-02   6.803E-02   6.912E-02   7.057E-02   7.235E-02   7.444E-02   7.680E-02   7.933E-02   8.184E-02
3s_3p_3Po[0]-3p_3d_3Fo[3]   7.421E-03   7.000E-03   6.600E-03   6.195E-03   5.750E-03   5.240E-03   4.652E-03   3.997E-03   3.310E-03   2.634E-03   2.018E-03
3s_3p_3Po[0]-3p_3d_1Do[2]   1.952E-02   1.911E-02   1.887E-02   1.883E-02   1.895E-02   1.923E-02   1.964E-02   2.016E-02   2.077E-02   2.143E-02   2.209E-02
3s_3p_3Po[0]-3p_3d_3Fo[4]   1.761E-03   1.282E-03   9.227E-04   6.671E-04   4.899E-04   3.678E-04   2.824E-04   2.210E-04   1.753E-04   1.403E-04   1.129E-04
3s_3p_3Po[0]-3p_3d_3Do[1]   3.588E-03   3.515E-03   3.414E-03   3.273E-03   3.082E-03   2.835E-03   2.529E-03   2.176E-03   1.799E-03   1.427E-03   1.089E-03
3s_3p_3Po[0]-3p_3d_3Po[2]   5.532E-02   5.578E-02   5.630E-02   5.698E-02   5.795E-02   5.921E-02   6.073E-02   6.243E-02   6.420E-02   6.593E-02   6.749E-02
3s_3p_3Po[0]-3p_3d_3Do[3]   2.323E-03   2.268E-03   2.194E-03   2.097E-03   1.972E-03   1.814E-03   1.619E-03   1.395E-03   1.155E-03   9.184E-04   7.028E-04
3s_3p_3Po[0]-3p_3d_3Po[0]   1.744E-03   1.689E-03   1.651E-03   1.624E-03   1.589E-03   1.533E-03   1.449E-03   1.339E-03   1.211E-03   1.076E-03   9.418E-04
3s_3p_3Po[0]-3p_3d_3Po[1]   2.351E-04   2.253E-04   2.095E-04   1.883E-04   1.639E-04   1.387E-04   1.143E-04   9.142E-05   7.084E-05   5.316E-05   3.874E-05
3s_3p_3Po[0]-3p_3d_3Do[2]   3.242E-03   3.339E-03   3.367E-03   3.348E-03   3.306E-03   3.235E-03   3.122E-03   2.964E-03   2.766E-03   2.543E-03   2.314E-03
3s_3p_3Po[0]-3p_3d_1Fo[3]   2.732E-03   2.684E-03   2.609E-03   2.501E-03   2.356E-03   2.168E-03   1.937E-03   1.671E-03   1.387E-03   1.105E-03   8.466E-04
3s_3p_3Po[0]-3p_3d_1Po[1]   8.786E-04   8.672E-04   8.463E-04   8.137E-04   7.673E-04   7.056E-04   6.288E-04   5.400E-04   4.453E-04   3.524E-04   2.681E-04
3s_3p_3Po[0]-3d2_3Fe[2]     3.153E-04   3.212E-04   3.260E-04   3.274E-04   3.240E-04   3.156E-04   3.020E-04   2.835E-04   2.607E-04   2.341E-04   2.055E-04
3s_3p_3Po[0]-3d2_3Fe[3]     2.803E-04   2.892E-04   2.964E-04   2.990E-04   2.949E-04   2.833E-04   2.647E-04   2.402E-04   2.120E-04   1.824E-04   1.539E-04
3s_3p_3Po[0]-3d2_3Fe[4]     4.089E-05   3.962E-05   3.828E-05   3.654E-05   3.414E-05   3.100E-05   2.720E-05   2.303E-05   1.885E-05   1.500E-05   1.167E-05
3s_3p_3Po[0]-3d2_1De[2]     8.582E-05   8.444E-05   8.268E-05   8.023E-05   7.666E-05   7.161E-05   6.491E-05   5.686E-05   4.807E-05   3.931E-05   3.124E-05
3s_3p_3Po[0]-3d2_3Pe[0]     1.642E-05   1.603E-05   1.559E-05   1.500E-05   1.414E-05   1.295E-05   1.140E-05   9.600E-06   7.707E-06   5.910E-06   4.349E-06
3s_3p_3Po[0]-3d2_3Pe[1]     2.006E-04   1.988E-04   1.961E-04   1.922E-04   1.873E-04   1.814E-04   1.750E-04   1.685E-04   1.625E-04   1.576E-04   1.542E-04
3s_3p_3Po[0]-3d2_3Pe[2]     3.332E-05   3.313E-05   3.271E-05   3.195E-05   3.076E-05   2.907E-05   2.684E-05   2.416E-05   2.116E-05   1.804E-05   1.501E-05
3s_3p_3Po[0]-3d2_1Ge[4]     6.583E-05   6.581E-05   6.469E-05   6.204E-05   5.764E-05   5.154E-05   4.412E-05   3.608E-05   2.821E-05   2.116E-05   1.530E-05
3s_3p_3Po[0]-3d2_1Se[0]     1.335E-05   1.307E-05   1.265E-05   1.204E-05   1.118E-05   1.005E-05   8.692E-06   7.191E-06   5.687E-06   4.307E-06   3.140E-06
3s_3p_3Po[1]-3s_3p_3Po[2]   1.259E+00   1.361E+00   1.321E+00   1.168E+00   9.655E-01   7.703E-01   6.102E-01   4.909E-01   4.069E-01   3.497E-01   3.114E-01
3s_3p_3Po[1]-3s_3p_1Po[1]   3.803E-01   3.622E-01   3.170E-01   2.560E-01   1.940E-01   1.405E-01   9.905E-02   6.879E-02   4.749E-02   3.279E-02   2.277E-02
3s_3p_3Po[1]-3p2_3Pe[0]     7.888E-01   8.026E-01   8.196E-01   8.452E-01   8.909E-01   9.629E-01   1.058E+00   1.172E+00   1.300E+00   1.442E+00   1.591E+00
3s_3p_3Po[1]-3p2_1De[2]     3.904E-01   3.709E-01   3.508E-01   3.344E-01   3.270E-01   3.309E-01   3.449E-01   3.668E-01   3.949E-01   4.282E-01   4.653E-01
3s_3p_3Po[1]-3p2_3Pe[1]     6.432E-01   6.531E-01   6.610E-01   6.727E-01   6.982E-01   7.437E-01   8.075E-01   8.860E-01   9.766E-01   1.077E+00   1.185E+00
3s_3p_3Po[1]-3p2_3Pe[2]     8.327E-01   8.373E-01   8.423E-01   8.553E-01   8.884E-01   9.480E-01   1.031E+00   1.132E+00   1.248E+00   1.377E+00   1.515E+00
3s_3p_3Po[1]-3p2_1Se[0]     1.463E-02   1.330E-02   1.203E-02   1.088E-02   9.991E-03   9.418E-03   9.146E-03   9.129E-03   9.328E-03   9.717E-03   1.026E-02
3s_3p_3Po[1]-3s_3d_3De[1]   5.534E-01   5.544E-01   5.519E-01   5.530E-01   5.647E-01   5.899E-01   6.276E-01   6.758E-01   7.339E-01   8.014E-01   8.766E-01
3s_3p_3Po[1]-3s_3d_3De[2]   1.597E+00   1.608E+00   1.609E+00   1.620E+00   1.662E+00   1.745E+00   1.864E+00   2.013E+00   2.192E+00   2.397E+00   2.624E+00
3s_3p_3Po[1]-3s_3d_3De[3]   1.318E-01   1.311E-01   1.213E-01   1.058E-01   8.912E-02   7.415E-02   6.204E-02   5.280E-02   4.605E-02   4.135E-02   3.830E-02
3s_3p_3Po[1]-3s_3d_1De[2]   6.019E-02   5.504E-02   4.910E-02   4.332E-02   3.836E-02   3.448E-02   3.162E-02   2.963E-02   2.842E-02   2.795E-02   2.815E-02
3s_3p_3Po[1]-3p_3d_3Fo[2]   8.537E-02   8.354E-02   8.249E-02   8.209E-02   8.221E-02   8.272E-02   8.351E-02   8.455E-02   8.587E-02   8.741E-02   8.904E-02
3s_3p_3Po[1]-3p_3d_3Fo[3]   1.583E-01   1.584E-01   1.592E-01   1.609E-01   1.636E-01   1.673E-01   1.720E-01   1.774E-01   1.836E-01   1.902E-01   1.967E-01
3s_3p_3Po[1]-3p_3d_1Do[2]   1.386E-02   1.219E-02   1.085E-02   9.749E-03   8.793E-03   7.877E-03   6.937E-03   5.956E-03   4.962E-03   4.009E-03   3.153E-03
3s_3p_3Po[1]-3p_3d_3Fo[4]   9.621E-03   8.560E-03   7.677E-03   6.925E-03   6.241E-03   5.571E-03   4.881E-03   4.164E-03   3.439E-03   2.742E-03   2.114E-03
3s_3p_3Po[1]-3p_3d_3Do[1]   8.098E-02   8.154E-02   8.218E-02   8.303E-02   8.424E-02   8.582E-02   8.770E-02   8.979E-02   9.196E-02   9.406E-02   9.594E-02
3s_3p_3Po[1]-3p_3d_3Po[2]   7.061E-02   7.069E-02   7.093E-02   7.141E-02   7.221E-02   7.333E-02   7.472E-02   7.635E-02   7.814E-02   7.997E-02   8.170E-02
3s_3p_3Po[1]-3p_3d_3Do[3]   5.255E-02   5.310E-02   5.346E-02   5.377E-02   5.417E-02   5.465E-02   5.514E-02   5.557E-02   5.591E-02   5.614E-02   5.622E-02
3s_3p_3Po[1]-3p_3d_3Po[0]   8.083E-04   7.864E-04   7.578E-04   7.216E-04   6.758E-04   6.185E-04   5.492E-04   4.702E-04   3.867E-04   3.052E-04   2.317E-04
3s_3p_3Po[1]-3p_3d_3Po[1]   7.040E-03   6.905E-03   6.765E-03   6.608E-03   6.397E-03   6.091E-03   5.667E-03   5.136E-03   4.534E-03   3.910E-03   3.307E-03
3s_3p_3Po[1]-3p_3d_3Do[2]   8.870E-03   8.805E-03   8.717E-03   8.609E-03   8.487E-03   8.352E-03   8.205E-03   8.053E-03   7.908E-03   7.784E-03   7.686E-03
3s_3p_3Po[1]-3p_3d_1Fo[3]   9.262E-03   9.100E-03   8.847E-03   8.486E-03   7.999E-03   7.371E-03   6.598E-03   5.705E-03   4.746E-03   3.795E-03   2.921E-03
3s_3p_3Po[1]-3p_3d_1Po[1]   3.101E-03   3.067E-03   2.995E-03   2.878E-03   2.712E-03   2.493E-03   2.222E-03   1.911E-03   1.579E-03   1.254E-03   9.597E-04
3s_3p_3Po[1]-3d2_3Fe[2]     7.300E-04   7.492E-04   7.652E-04   7.705E-04   7.608E-04   7.346E-04   6.924E-04   6.369E-04   5.716E-04   5.010E-04   4.301E-04
3s_3p_3Po[1]-3d2_3Fe[3]     7.103E-04   7.221E-04   7.314E-04   7.326E-04   7.228E-04   7.008E-04   6.668E-04   6.218E-04   5.676E-04   5.064E-04   4.419E-04
3s_3p_3Po[1]-3d2_3Fe[4]     4.779E-04   4.865E-04   4.931E-04   4.928E-04   4.824E-04   4.605E-04   4.274E-04   3.855E-04   3.382E-04   2.895E-04   2.431E-04
3s_3p_3Po[1]-3d2_1De[2]     3.568E-04   3.518E-04   3.454E-04   3.368E-04   3.254E-04   3.105E-04   2.925E-04   2.727E-04   2.530E-04   2.355E-04   2.218E-04
3s_3p_3Po[1]-3d2_3Pe[0]     2.015E-04   1.993E-04   1.961E-04   1.917E-04   1.860E-04   1.791E-04   1.713E-04   1.629E-04   1.543E-04   1.462E-04   1.393E-04
3s_3p_3Po[1]-3d2_3Pe[1]     2.436E-04   2.415E-04   2.381E-04   2.328E-04   2.253E-04   2.152E-04   2.027E-04   1.885E-04   1.737E-04   1.596E-04   1.474E-04
3s_3p_3Po[1]-3d2_3Pe[2]     2.178E-04   2.164E-04   2.136E-04   2.088E-04   2.013E-04   1.910E-04   1.777E-04   1.620E-04   1.451E-04   1.281E-04   1.123E-04
3s_3p_3Po[1]-3d2_1Ge[4]     2.153E-04   2.157E-04   2.126E-04   2.047E-04   1.913E-04   1.725E-04   1.495E-04   1.244E-04   9.966E-05   7.741E-05   5.884E-05
3s_3p_3Po[1]-3d2_1Se[0]     4.329E-05   4.243E-05   4.112E-05   3.921E-05   3.655E-05   3.308E-05   2.891E-05   2.434E-05   1.980E-05   1.567E-05   1.223E-05
3s_3p_3Po[2]-3s_3p_1Po[1]   6.922E-01   6.349E-01   5.396E-01   4.264E-01   3.181E-01   2.278E-01   1.590E-01   1.094E-01   7.453E-02   5.053E-02   3.415E-02
3s_3p_3Po[2]-3p2_3Pe[0]     5.407E-02   4.126E-02   3.094E-02   2.270E-02   1.635E-02   1.164E-02   8.244E-03   5.834E-03   4.126E-03   2.913E-03   2.050E-03
3s_3p_3Po[2]-3p2_1De[2]     7.093E-01   6.767E-01   6.491E-01   6.316E-01   6.319E-01   6.541E-01   6.955E-01   7.516E-01   8.196E-01   8.976E-01   9.823E-01
3s_3p_3Po[2]-3p2_3Pe[1]     1.073E+00   1.079E+00   1.089E+00   1.110E+00   1.158E+00   1.240E+00   1.353E+00   1.491E+00   1.649E+00   1.824E+00   2.010E+00
3s_3p_3Po[2]-3p2_3Pe[2]     2.631E+00   2.655E+00   2.689E+00   2.750E+00   2.874E+00   3.080E+00   3.359E+00   3.695E+00   4.079E+00   4.504E+00   4.959E+00
3s_3p_3Po[2]-3p2_1Se[0]     1.919E-02   1.705E-02   1.473E-02   1.235E-02   1.010E-02   8.120E-03   6.442E-03   5.038E-03   3.869E-03   2.906E-03   2.131E-03
3s_3p_3Po[2]-3s_3d_3De[1]   1.117E-01   1.132E-01   1.094E-01   1.022E-01   9.438E-02   8.809E-02   8.414E-02   8.259E-02   8.323E-02   8.578E-02   8.981E-02
3s_3p_3Po[2]-3s_3d_3De[2]   6.458E-01   6.512E-01   6.452E-01   6.377E-01   6.394E-01   6.558E-01   6.867E-01   7.304E-01   7.858E-01   8.523E-01   9.275E-01
3s_3p_3Po[2]-3s_3d_3De[3]   3.237E+00   3.189E+00   3.141E+00   3.126E+00   3.181E+00   3.320E+00   3.535E+00   3.812E+00   4.144E+00   4.529E+00   4.955E+00
3s_3p_3Po[2]-3s_3d_1De[2]   7.119E-02   6.459E-02   5.645E-02   4.777E-02   3.954E-02   3.228E-02   2.604E-02   2.071E-02   1.620E-02   1.246E-02   9.439E-03
3s_3p_3Po[2]-3p_3d_3Fo[2]   2.034E-02   1.625E-02   1.319E-02   1.103E-02   9.562E-03   8.607E-03   8.005E-03   7.646E-03   7.457E-03   7.384E-03   7.382E-03
3s_3p_3Po[2]-3p_3d_3Fo[3]   7.515E-02   7.237E-02   7.031E-02   6.901E-02   6.838E-02   6.825E-02   6.847E-02   6.897E-02   6.975E-02   7.076E-02   7.188E-02
3s_3p_3Po[2]-3p_3d_1Do[2]   2.709E-02   2.354E-02   2.072E-02   1.849E-02   1.663E-02   1.493E-02   1.328E-02   1.163E-02   9.994E-03   8.457E-03   7.093E-03
3s_3p_3Po[2]-3p_3d_3Fo[4]   2.863E-01   2.868E-01   2.881E-01   2.907E-01   2.948E-01   3.006E-01   3.078E-01   3.162E-01   3.258E-01   3.361E-01   3.462E-01
3s_3p_3Po[2]-3p_3d_3Do[1]   6.612E-03   5.845E-03   5.256E-03   4.775E-03   4.352E-03   3.938E-03   3.501E-03   3.031E-03   2.542E-03   2.062E-03   1.621E-03
3s_3p_3Po[2]-3p_3d_3Po[2]   1.892E-02   1.755E-02   1.647E-02   1.556E-02   1.471E-02   1.380E-02   1.274E-02   1.152E-02   1.020E-02   8.859E-03   7.584E-03
3s_3p_3Po[2]-3p_3d_3Do[3]   1.503E-01   1.516E-01   1.526E-01   1.537E-01   1.553E-01   1.575E-01   1.601E-01   1.629E-01   1.659E-01   1.687E-01   1.711E-01
3s_3p_3Po[2]-3p_3d_3Po[0]   2.628E-02   2.641E-02   2.659E-02   2.687E-02   2.727E-02   2.781E-02   2.846E-02   2.924E-02   3.009E-02   3.097E-02   3.181E-02
3s_3p_3Po[2]-3p_3d_3Po[1]   7.966E-02   8.005E-02   8.057E-02   8.136E-02   8.252E-02   8.406E-02   8.595E-02   8.814E-02   9.053E-02   9.297E-02   9.526E-02
3s_3p_3Po[2]-3p_3d_3Do[2]   1.324E-01   1.332E-01   1.340E-01   1.351E-01   1.368E-01   1.389E-01   1.414E-01   1.441E-01   1.471E-01   1.500E-01   1.527E-01
3s_3p_3Po[2]-3p_3d_1Fo[3]   1.915E-02   1.881E-02   1.830E-02   1.757E-02   1.657E-02   1.528E-02   1.369E-02   1.185E-02   9.880E-03   7.924E-03   6.129E-03
3s_3p_3Po[2]-3p_3d_1Po[1]   7.070E-03   6.983E-03   6.818E-03   6.559E-03   6.189E-03   5.696E-03   5.082E-03   4.370E-03   3.610E-03   2.862E-03   2.182E-03
3s_3p_3Po[2]-3d2_3Fe[2]     3.278E-04   3.325E-04   3.359E-04   3.344E-04   3.260E-04   3.099E-04   2.866E-04   2.577E-04   2.257E-04   1.931E-04   1.621E-04
3s_3p_3Po[2]-3d2_3Fe[3]     9.226E-04   9.408E-04   9.558E-04   9.583E-04   9.426E-04   9.063E-04   8.501E-04   7.773E-04   6.933E-04   6.040E-04   5.160E-04
3s_3p_3Po[2]-3d2_3Fe[4]     1.919E-03   1.962E-03   1.997E-03   2.008E-03   1.985E-03   1.924E-03   1.824E-03   1.690E-03   1.529E-03   1.352E-03   1.171E-03
3s_3p_3Po[2]-3d2_1De[2]     5.062E-04   5.002E-04   4.913E-04   4.784E-04   4.602E-04   4.360E-04   4.058E-04   3.711E-04   3.344E-04   2.985E-04   2.661E-04
3s_3p_3Po[2]-3d2_3Pe[0]     5.828E-05   5.842E-05   5.828E-05   5.755E-05   5.600E-05   5.340E-05   4.970E-05   4.504E-05   3.973E-05   3.415E-05   2.869E-05
3s_3p_3Po[2]-3d2_3Pe[1]     3.791E-04   3.781E-04   3.749E-04   3.686E-04   3.583E-04   3.434E-04   3.241E-04   3.012E-04   2.762E-04   2.508E-04   2.269E-04
3s_3p_3Po[2]-3d2_3Pe[2]     7.366E-04   7.288E-04   7.170E-04   6.996E-04   6.750E-04   6.424E-04   6.025E-04   5.580E-04   5.129E-04   4.713E-04   4.365E-04
3s_3p_3Po[2]-3d2_1Ge[4]     3.477E-04   3.480E-04   3.424E-04   3.287E-04   3.056E-04   2.735E-04   2.345E-04   1.921E-04   1.506E-04   1.133E-04   8.226E-05
3s_3p_3Po[2]-3d2_1Se[0]     7.498E-05   7.344E-05   7.110E-05   6.766E-05   6.286E-05   5.656E-05   4.893E-05   4.052E-05   3.208E-05   2.433E-05   1.777E-05
3s_3p_1Po[1]-3p2_3Pe[0]     3.047E-02   2.840E-02   2.581E-02   2.316E-02   2.100E-02   1.967E-02   1.917E-02   1.939E-02   2.019E-02   2.142E-02   2.293E-02
3s_3p_1Po[1]-3p2_1De[2]     1.569E+00   1.559E+00   1.536E+00   1.524E+00   1.556E+00   1.649E+00   1.801E+00   2.000E+00   2.236E+00   2.499E+00   2.773E+00
3s_3p_1Po[1]-3p2_3Pe[1]     6.735E-02   6.255E-02   5.485E-02   4.595E-02   3.739E-02   3.010E-02   2.436E-02   2.005E-02   1.690E-02   1.466E-02   1.315E-02
3s_3p_1Po[1]-3p2_3Pe[2]     4.392E-01   4.199E-01   4.001E-01   3.848E-01   3.810E-01   3.922E-01   4.169E-01   4.525E-01   4.967E-01   5.473E-01   6.015E-01
3s_3p_1Po[1]-3p2_1Se[0]     9.843E-01   9.975E-01   1.006E+00   1.025E+00   1.073E+00   1.153E+00   1.260E+00   1.389E+00   1.537E+00   1.701E+00   1.875E+00
3s_3p_1Po[1]-3s_3d_3De[1]   8.128E-02   7.143E-02   6.039E-02   4.959E-02   4.012E-02   3.237E-02   2.622E-02   2.138E-02   1.757E-02   1.463E-02   1.242E-02
3s_3p_1Po[1]-3s_3d_3De[2]   1.135E-01   1.003E-01   8.529E-02   7.063E-02   5.770E-02   4.700E-02   3.832E-02   3.130E-02   2.560E-02   2.105E-02   1.752E-02
3s_3p_1Po[1]-3s_3d_3De[3]   1.641E-01   1.419E-01   1.186E-01   9.635E-02   7.693E-02   6.084E-02   4.776E-02   3.710E-02   2.837E-02   2.125E-02   1.556E-02
3s_3p_1Po[1]-3s_3d_1De[2]   4.779E+00   4.607E+00   4.504E+00   4.510E+00   4.648E+00   4.914E+00   5.284E+00   5.739E+00   6.273E+00   6.884E+00   7.555E+00
3s_3p_1Po[1]-3p_3d_3Fo[2]   3.131E-02   2.970E-02   2.830E-02   2.717E-02   2.630E-02   2.562E-02   2.509E-02   2.467E-02   2.435E-02   2.413E-02   2.399E-02
3s_3p_1Po[1]-3p_3d_3Fo[3]   2.132E-02   1.949E-02   1.777E-02   1.617E-02   1.463E-02   1.308E-02   1.143E-02   9.711E-03   7.975E-03   6.324E-03   4.857E-03
3s_3p_1Po[1]-3p_3d_1Do[2]   1.686E-01   1.670E-01   1.661E-01   1.665E-01   1.682E-01   1.713E-01   1.758E-01   1.814E-01   1.879E-01   1.948E-01   2.014E-01
3s_3p_1Po[1]-3p_3d_3Fo[4]   2.678E-02   2.527E-02   2.363E-02   2.192E-02   2.012E-02   1.814E-02   1.594E-02   1.356E-02   1.111E-02   8.757E-03   6.648E-03
3s_3p_1Po[1]-3p_3d_3Do[1]   6.687E-03   6.260E-03   5.806E-03   5.345E-03   4.873E-03   4.377E-03   3.846E-03   3.287E-03   2.721E-03   2.180E-03   1.696E-03
3s_3p_1Po[1]-3p_3d_3Po[2]   1.807E-02   1.738E-02   1.665E-02   1.595E-02   1.529E-02   1.465E-02   1.401E-02   1.339E-02   1.280E-02   1.226E-02   1.181E-02
3s_3p_1Po[1]-3p_3d_3Do[3]   1.729E-02   1.635E-02   1.532E-02   1.423E-02   1.306E-02   1.178E-02   1.036E-02   8.837E-03   7.270E-03   5.760E-03   4.403E-03
3s_3p_1Po[1]-3p_3d_3Po[0]   2.473E-03   2.327E-03   2.162E-03   1.990E-03   1.812E-03   1.622E-03   1.417E-03   1.201E-03   9.820E-04   7.732E-04   5.868E-04
3s_3p_1Po[1]-3p_3d_3Po[1]   7.820E-03   7.385E-03   6.867E-03   6.308E-03   5.721E-03   5.101E-03   4.442E-03   3.756E-03   3.067E-03   2.414E-03   1.833E-03
3s_3p_1Po[1]-3p_3d_3Do[2]   1.418E-02   1.342E-02   1.254E-02   1.160E-02   1.063E-02   9.607E-03   8.534E-03   7.422E-03   6.311E-03   5.262E-03   4.333E-03
3s_3p_1Po[1]-3p_3d_1Fo[3]   1.825E-01   1.819E-01   1.807E-01   1.800E-01   1.803E-01   1.814E-01   1.828E-01   1.842E-01   1.853E-01   1.858E-01   1.856E-01
3s_3p_1Po[1]-3p_3d_1Po[1]   1.012E-01   1.018E-01   1.024E-01   1.034E-01   1.049E-01   1.069E-01   1.094E-01   1.124E-01   1.156E-01   1.188E-01   1.217E-01
3s_3p_1Po[1]-3d2_3Fe[2]     2.081E-04   1.901E-04   1.746E-04   1.604E-04   1.463E-04   1.310E-04   1.142E-04   9.607E-05   7.779E-05   6.060E-05   4.557E-05
3s_3p_1Po[1]-3d2_3Fe[3]     2.944E-04   2.694E-04   2.477E-04   2.280E-04   2.082E-04   1.867E-04   1.628E-04   1.370E-04   1.109E-04   8.632E-05   6.476E-05
3s_3p_1Po[1]-3d2_3Fe[4]     3.979E-04   3.590E-04   3.267E-04   2.986E-04   2.715E-04   2.428E-04   2.114E-04   1.776E-04   1.435E-04   1.113E-04   8.333E-05
3s_3p_1Po[1]-3d2_1De[2]     1.880E-03   1.862E-03   1.843E-03   1.825E-03   1.812E-03   1.806E-03   1.815E-03   1.843E-03   1.896E-03   1.977E-03   2.084E-03
3s_3p_1Po[1]-3d2_3Pe[0]     6.788E-05   6.563E-05   6.333E-05   6.075E-05   5.749E-05   5.322E-05   4.778E-05   4.137E-05   3.453E-05   2.790E-05   2.203E-05
3s_3p_1Po[1]-3d2_3Pe[1]     1.994E-04   1.938E-04   1.875E-04   1.801E-04   1.704E-04   1.573E-04   1.404E-04   1.202E-04   9.855E-05   7.729E-05   5.821E-05
3s_3p_1Po[1]-3d2_3Pe[2]     1.562E-03   1.544E-03   1.526E-03   1.510E-03   1.496E-03   1.488E-03   1.491E-03   1.509E-03   1.547E-03   1.608E-03   1.692E-03
3s_3p_1Po[1]-3d2_1Ge[4]     3.643E-03   3.761E-03   3.848E-03   3.881E-03   3.852E-03   3.759E-03   3.611E-03   3.425E-03   3.221E-03   3.022E-03   2.844E-03
3s_3p_1Po[1]-3d2_1Se[0]     8.117E-04   8.077E-04   8.038E-04   8.030E-04   8.103E-04   8.317E-04   8.725E-04   9.361E-04   1.023E-03   1.133E-03   1.261E-03
3p2_3Pe[0]-3p2_1De[2]       9.370E-02   9.032E-02   8.482E-02   7.779E-02   7.043E-02   6.376E-02   5.817E-02   5.364E-02   5.000E-02   4.708E-02   4.474E-02
3p2_3Pe[0]-3p2_3Pe[1]       1.852E-01   2.017E-01   1.963E-01   1.728E-01   1.408E-01   1.087E-01   8.128E-02   5.953E-02   4.296E-02   3.059E-02   2.148E-02
3p2_3Pe[0]-3p2_3Pe[2]       9.048E-02   9.003E-02   8.697E-02   8.191E-02   7.627E-02   7.130E-02   6.756E-02   6.499E-02   6.332E-02   6.224E-02   6.151E-02
3p2_3Pe[0]-3p2_1Se[0]       1.315E-02   1.481E-02   1.441E-02   1.239E-02   9.716E-03   7.148E-03   5.042E-03   3.461E-03   2.334E-03   1.553E-03   1.024E-03
3p2_3Pe[0]-3s_3d_3De[1]     9.665E-02   9.554E-02   8.566E-02   6.993E-02   5.296E-02   3.804E-02   2.641E-02   1.796E-02   1.207E-02   8.054E-03   5.349E-03
3p2_3Pe[0]-3s_3d_3De[2]     1.816E-01   1.812E-01   1.637E-01   1.343E-01   1.019E-01   7.323E-02   5.079E-02   3.451E-02   2.323E-02   1.560E-02   1.053E-02
3p2_3Pe[0]-3s_3d_3De[3]     7.648E-02   7.206E-02   6.087E-02   4.705E-02   3.405E-02   2.354E-02   1.579E-02   1.039E-02   6.744E-03   4.345E-03   2.786E-03
3p2_3Pe[0]-3s_3d_1De[2]     4.803E-02   4.059E-02   3.264E-02   2.520E-02   1.899E-02   1.420E-02   1.071E-02   8.234E-03   6.497E-03   5.278E-03   4.422E-03
3p2_3Pe[0]-3p_3d_3Fo[2]     7.656E-02   5.431E-02   3.945E-02   2.943E-02   2.251E-02   1.753E-02   1.377E-02   1.077E-02   8.298E-03   6.259E-03   4.604E-03
3p2_3Pe[0]-3p_3d_3Fo[3]     3.536E-02   2.995E-02   2.595E-02   2.316E-02   2.133E-02   2.024E-02   1.975E-02   1.977E-02   2.024E-02   2.108E-02   2.218E-02
3p2_3Pe[0]-3p_3d_1Do[2]     2.245E-02   1.830E-02   1.510E-02   1.266E-02   1.073E-02   9.111E-03   7.656E-03   6.303E-03   5.046E-03   3.911E-03   2.935E-03
3p2_3Pe[0]-3p_3d_3Fo[4]     7.352E-03   6.052E-03   5.040E-03   4.260E-03   3.636E-03   3.105E-03   2.623E-03   2.170E-03   1.745E-03   1.358E-03   1.022E-03
3p2_3Pe[0]-3p_3d_3Do[1]     1.318E+00   1.374E+00   1.422E+00   1.476E+00   1.551E+00   1.650E+00   1.770E+00   1.911E+00   2.077E+00   2.269E+00   2.483E+00
3p2_3Pe[0]-3p_3d_3Po[2]     1.404E-02   1.372E-02   1.323E-02   1.256E-02   1.168E-02   1.059E-02   9.304E-03   7.884E-03   6.424E-03   5.031E-03   3.796E-03
3p2_3Pe[0]-3p_3d_3Do[3]     9.144E-03   9.042E-03   8.898E-03   8.720E-03   8.522E-03   8.314E-03   8.106E-03   7.913E-03   7.757E-03   7.661E-03   7.633E-03
3p2_3Pe[0]-3p_3d_3Po[0]     9.888E-04   9.618E-04   9.207E-04   8.661E-04   7.986E-04   7.188E-04   6.281E-04   5.302E-04   4.311E-04   3.373E-04   2.546E-04
3p2_3Pe[0]-3p_3d_3Po[1]     3.889E-03   3.873E-03   3.730E-03   3.476E-03   3.160E-03   2.827E-03   2.505E-03   2.207E-03   1.946E-03   1.730E-03   1.565E-03
3p2_3Pe[0]-3p_3d_3Do[2]     3.359E-03   3.288E-03   3.148E-03   2.950E-03   2.710E-03   2.435E-03   2.133E-03   1.813E-03   1.492E-03   1.187E-03   9.165E-04
3p2_3Pe[0]-3p_3d_1Fo[3]     6.051E-03   5.917E-03   5.703E-03   5.400E-03   5.012E-03   4.541E-03   3.997E-03   3.404E-03   2.799E-03   2.224E-03   1.717E-03
3p2_3Pe[0]-3p_3d_1Po[1]     9.273E-03   9.210E-03   9.118E-03   9.076E-03   9.125E-03   9.265E-03   9.501E-03   9.848E-03   1.033E-02   1.098E-02   1.176E-02
3p2_3Pe[0]-3d2_3Fe[2]       4.269E-03   4.569E-03   4.841E-03   5.006E-03   5.018E-03   4.867E-03   4.566E-03   4.147E-03   3.653E-03   3.131E-03   2.624E-03
3p2_3Pe[0]-3d2_3Fe[3]       2.797E-04   2.715E-04   2.640E-04   2.548E-04   2.415E-04   2.233E-04   2.001E-04   1.736E-04   1.457E-04   1.187E-04   9.431E-05
3p2_3Pe[0]-3d2_3Fe[4]       1.339E-04   1.275E-04   1.223E-04   1.172E-04   1.109E-04   1.030E-04   9.318E-05   8.199E-05   7.031E-05   5.907E-05   4.901E-05
3p2_3Pe[0]-3d2_1De[2]       5.618E-04   5.832E-04   5.975E-04   5.998E-04   5.873E-04   5.591E-04   5.164E-04   4.620E-04   4.006E-04   3.369E-04   2.759E-04
3p2_3Pe[0]-3d2_3Pe[0]       1.752E-03   1.695E-03   1.646E-03   1.606E-03   1.564E-03   1.510E-03   1.434E-03   1.337E-03   1.223E-03   1.100E-03   9.762E-04
3p2_3Pe[0]-3d2_3Pe[1]       1.429E-04   1.392E-04   1.351E-04   1.299E-04   1.227E-04   1.125E-04   9.921E-05   8.354E-05   6.702E-05   5.134E-05   3.773E-05
3p2_3Pe[0]-3d2_3Pe[2]       1.783E-04   1.840E-04   1.874E-04   1.870E-04   1.821E-04   1.724E-04   1.584E-04   1.412E-04   1.222E-04   1.029E-04   8.470E-05
3p2_3Pe[0]-3d2_1Ge[4]       1.872E-04   1.879E-04   1.852E-04   1.782E-04   1.661E-04   1.492E-04   1.286E-04   1.064E-04   8.479E-05   6.553E-05   4.967E-05
3p2_3Pe[0]-3d2_1Se[0]       8.214E-05   8.239E-05   8.259E-05   8.249E-05   8.166E-05   7.959E-05   7.593E-05   7.075E-05   6.448E-05   5.770E-05   5.097E-05
3p2_1De[2]-3p2_3Pe[1]       2.778E-01   2.758E-01   2.567E-01   2.246E-01   1.877E-01   1.528E-01   1.234E-01   1.001E-01   8.215E-02   6.851E-02   5.829E-02
3p2_1De[2]-3p2_3Pe[2]       1.287E+00   1.263E+00   1.160E+00   9.965E-01   8.123E-01   6.427E-01   5.057E-01   4.036E-01   3.314E-01   2.817E-01   2.480E-01
3p2_1De[2]-3p2_1Se[0]       2.085E-01   2.095E-01   2.069E-01   2.023E-01   1.978E-01   1.947E-01   1.933E-01   1.932E-01   1.938E-01   1.948E-01   1.957E-01
3p2_1De[2]-3s_3d_3De[1]     3.628E-01   3.323E-01   2.831E-01   2.233E-01   1.654E-01   1.169E-01   8.019E-02   5.391E-02   3.578E-02   2.354E-02   1.538E-02
3p2_1De[2]-3s_3d_3De[2]     3.779E-01   3.763E-01   3.371E-01   2.746E-01   2.079E-01   1.496E-01   1.041E-01   7.093E-02   4.768E-02   3.176E-02   2.101E-02
3p2_1De[2]-3s_3d_3De[3]     5.252E-01   4.976E-01   4.346E-01   3.495E-01   2.632E-01   1.891E-01   1.319E-01   9.021E-02   6.098E-02   4.088E-02   2.723E-02
3p2_1De[2]-3s_3d_1De[2]     1.854E+00   1.677E+00   1.412E+00   1.109E+00   8.236E-01   5.893E-01   4.130E-01   2.874E-01   2.008E-01   1.419E-01   1.023E-01
3p2_1De[2]-3p_3d_3Fo[2]     3.461E-01   3.479E-01   3.527E-01   3.606E-01   3.737E-01   3.920E-01   4.146E-01   4.412E-01   4.724E-01   5.088E-01   5.497E-01
3p2_1De[2]-3p_3d_3Fo[3]     1.192E-01   1.093E-01   1.010E-01   9.409E-02   8.824E-02   8.305E-02   7.819E-02   7.364E-02   6.964E-02   6.657E-02   6.465E-02
3p2_1De[2]-3p_3d_1Do[2]     1.755E+00   1.827E+00   1.899E+00   1.981E+00   2.091E+00   2.233E+00   2.403E+00   2.600E+00   2.828E+00   3.087E+00   3.372E+00
3p2_1De[2]-3p_3d_3Fo[4]     9.581E-02   8.722E-02   7.937E-02   7.214E-02   6.524E-02   5.841E-02   5.147E-02   4.446E-02   3.763E-02   3.132E-02   2.588E-02
3p2_1De[2]-3p_3d_3Do[1]     2.944E-02   2.732E-02   2.528E-02   2.329E-02   2.135E-02   1.945E-02   1.759E-02   1.581E-02   1.417E-02   1.277E-02   1.165E-02
3p2_1De[2]-3p_3d_3Po[2]     6.032E-02   5.713E-02   5.380E-02   5.045E-02   4.726E-02   4.430E-02   4.157E-02   3.912E-02   3.710E-02   3.566E-02   3.490E-02
3p2_1De[2]-3p_3d_3Do[3]     8.265E-01   8.538E-01   8.750E-01   9.000E-01   9.379E-01   9.901E-01   1.055E+00   1.133E+00   1.226E+00   1.334E+00   1.455E+00
3p2_1De[2]-3p_3d_3Po[0]     5.992E-03   5.620E-03   5.149E-03   4.631E-03   4.100E-03   3.568E-03   3.041E-03   2.523E-03   2.029E-03   1.577E-03   1.185E-03
3p2_1De[2]-3p_3d_3Po[1]     9.144E-02   9.331E-02   9.418E-02   9.508E-02   9.701E-02   1.003E-01   1.048E-01   1.107E-01   1.182E-01   1.272E-01   1.377E-01
3p2_1De[2]-3p_3d_3Do[2]     2.653E-01   2.727E-01   2.775E-01   2.829E-01   2.919E-01   3.051E-01   3.225E-01   3.440E-01   3.701E-01   4.011E-01   4.362E-01
3p2_1De[2]-3p_3d_1Fo[3]     1.673E+00   1.675E+00   1.672E+00   1.686E+00   1.728E+00   1.798E+00   1.896E+00   2.024E+00   2.182E+00   2.372E+00   2.590E+00
3p2_1De[2]-3p_3d_1Po[1]     4.417E-02   4.458E-02   4.408E-02   4.304E-02   4.198E-02   4.129E-02   4.119E-02   4.176E-02   4.302E-02   4.493E-02   4.736E-02
3p2_1De[2]-3d2_3Fe[2]       3.382E-03   3.164E-03   2.979E-03   2.805E-03   2.622E-03   2.411E-03   2.164E-03   1.883E-03   1.584E-03   1.288E-03   1.018E-03
3p2_1De[2]-3d2_3Fe[3]       5.096E-03   4.779E-03   4.518E-03   4.274E-03   4.008E-03   3.692E-03   3.314E-03   2.880E-03   2.415E-03   1.952E-03   1.525E-03
3p2_1De[2]-3d2_3Fe[4]       8.821E-03   8.475E-03   8.216E-03   7.951E-03   7.608E-03   7.142E-03   6.541E-03   5.823E-03   5.037E-03   4.245E-03   3.507E-03
3p2_1De[2]-3d2_1De[2]       2.598E-02   2.608E-02   2.624E-02   2.644E-02   2.667E-02   2.690E-02   2.712E-02   2.732E-02   2.752E-02   2.769E-02   2.782E-02
3p2_1De[2]-3d2_3Pe[0]       6.186E-04   6.102E-04   5.986E-04   5.809E-04   5.541E-04   5.159E-04   4.658E-04   4.059E-04   3.406E-04   2.756E-04   2.159E-04
3p2_1De[2]-3d2_3Pe[1]       1.706E-03   1.685E-03   1.654E-03   1.605E-03   1.529E-03   1.422E-03   1.281E-03   1.112E-03   9.275E-04   7.429E-04   5.733E-04
3p2_1De[2]-3d2_3Pe[2]       1.402E-02   1.408E-02   1.417E-02   1.432E-02   1.450E-02   1.473E-02   1.500E-02   1.531E-02   1.564E-02   1.599E-02   1.631E-02
3p2_1De[2]-3d2_1Ge[4]       8.531E-02   8.671E-02   8.828E-02   8.998E-02   9.181E-02   9.375E-02   9.585E-02   9.821E-02   1.009E-01   1.040E-01   1.071E-01
3p2_1De[2]-3d2_1Se[0]       2.888E-03   2.914E-03   2.951E-03   3.005E-03   3.080E-03   3.175E-03   3.291E-03   3.424E-03   3.567E-03   3.711E-03   3.845E-03
3p2_3Pe[1]-3p2_3Pe[2]       6.440E-01   6.716E-01   6.461E-01   5.796E-01   4.957E-01   4.152E-01   3.486E-01   2.981E-01   2.614E-01   2.353E-01   2.169E-01
3p2_3Pe[1]-3p2_1Se[0]       2.341E-02   2.372E-02   2.205E-02   1.884E-02   1.504E-02   1.145E-02   8.447E-03   6.104E-03   4.338E-03   3.035E-03   2.092E-03
3p2_3Pe[1]-3s_3d_3De[1]     4.578E-01   4.875E-01   4.592E-01   3.866E-01   2.979E-01   2.155E-01   1.495E-01   1.011E-01   6.735E-02   4.455E-02   2.943E-02
3p2_3Pe[1]-3s_3d_3De[2]     4.053E-01   4.106E-01   3.714E-01   3.038E-01   2.298E-01   1.644E-01   1.134E-01   7.645E-02   5.086E-02   3.358E-02   2.208E-02
3p2_3Pe[1]-3s_3d_3De[3]     6.139E-01   5.964E-01   5.269E-01   4.249E-01   3.182E-01   2.258E-01   1.547E-01   1.036E-01   6.850E-02   4.505E-02   2.962E-02
3p2_3Pe[1]-3s_3d_1De[2]     1.411E-01   1.227E-01   9.985E-02   7.654E-02   5.610E-02   3.993E-02   2.794E-02   1.937E-02   1.334E-02   9.136E-03   6.217E-03
3p2_3Pe[1]-3p_3d_3Fo[2]     1.443E-01   1.112E-01   8.696E-02   6.981E-02   5.799E-02   5.001E-02   4.473E-02   4.140E-02   3.955E-02   3.888E-02   3.912E-02
3p2_3Pe[1]-3p_3d_3Fo[3]     7.586E-02   6.200E-02   5.066E-02   4.175E-02   3.477E-02   2.916E-02   2.446E-02   2.042E-02   1.691E-02   1.393E-02   1.150E-02
3p2_3Pe[1]-3p_3d_1Do[2]     1.558E-01   1.346E-01   1.193E-01   1.091E-01   1.033E-01   1.008E-01   1.006E-01   1.022E-01   1.054E-01   1.103E-01   1.166E-01
3p2_3Pe[1]-3p_3d_3Fo[4]     9.004E-02   7.233E-02   5.894E-02   4.933E-02   4.264E-02   3.806E-02   3.500E-02   3.307E-02   3.207E-02   3.182E-02   3.218E-02
3p2_3Pe[1]-3p_3d_3Do[1]     2.659E-01   2.741E-01   2.810E-01   2.888E-01   3.003E-01   3.160E-01   3.354E-01   3.587E-01   3.865E-01   4.190E-01   4.557E-01
3p2_3Pe[1]-3p_3d_3Po[2]     2.180E+00   2.273E+00   2.353E+00   2.444E+00   2.569E+00   2.734E+00   2.933E+00   3.167E+00   3.439E+00   3.754E+00   4.103E+00
3p2_3Pe[1]-3p_3d_3Do[3]     3.904E-02   3.820E-02   3.718E-02   3.591E-02   3.440E-02   3.265E-02   3.069E-02   2.864E-02   2.665E-02   2.489E-02   2.347E-02
3p2_3Pe[1]-3p_3d_3Po[0]     3.518E-01   3.660E-01   3.772E-01   3.900E-01   4.086E-01   4.336E-01   4.645E-01   5.014E-01   5.450E-01   5.956E-01   6.518E-01
3p2_3Pe[1]-3p_3d_3Po[1]     7.691E-01   7.991E-01   8.231E-01   8.507E-01   8.909E-01   9.449E-01   1.012E+00   1.091E+00   1.185E+00   1.294E+00   1.416E+00
3p2_3Pe[1]-3p_3d_3Do[2]     4.358E-01   4.519E-01   4.644E-01   4.788E-01   4.999E-01   5.282E-01   5.632E-01   6.050E-01   6.545E-01   7.121E-01   7.766E-01
3p2_3Pe[1]-3p_3d_1Fo[3]     1.972E-02   1.926E-02   1.857E-02   1.759E-02   1.632E-02   1.477E-02   1.296E-02   1.098E-02   8.951E-03   7.023E-03   5.321E-03
3p2_3Pe[1]-3p_3d_1Po[1]     9.954E-03   9.812E-03   9.532E-03   9.128E-03   8.615E-03   8.004E-03   7.315E-03   6.592E-03   5.897E-03   5.291E-03   4.817E-03
3p2_3Pe[1]-3d2_3Fe[2]       4.641E-03   4.927E-03   5.189E-03   5.341E-03   5.339E-03   5.167E-03   4.840E-03   4.389E-03   3.860E-03   3.303E-03   2.764E-03
3p2_3Pe[1]-3d2_3Fe[3]       8.823E-03   9.402E-03   9.924E-03   1.023E-02   1.024E-02   9.917E-03   9.298E-03   8.442E-03   7.435E-03   6.372E-03   5.342E-03
3p2_3Pe[1]-3d2_3Fe[4]       6.558E-04   6.352E-04   6.174E-04   5.964E-04   5.671E-04   5.265E-04   4.747E-04   4.145E-04   3.510E-04   2.893E-04   2.337E-04
3p2_3Pe[1]-3d2_1De[2]       9.521E-04   9.726E-04   9.839E-04   9.780E-04   9.498E-04   8.973E-04   8.214E-04   7.272E-04   6.226E-04   5.164E-04   4.167E-04
3p2_3Pe[1]-3d2_3Pe[0]       1.524E-04   1.454E-04   1.391E-04   1.325E-04   1.243E-04   1.135E-04   9.973E-05   8.376E-05   6.707E-05   5.131E-05   3.768E-05
3p2_3Pe[1]-3d2_3Pe[1]       5.919E-03   5.770E-03   5.636E-03   5.514E-03   5.374E-03   5.179E-03   4.905E-03   4.551E-03   4.139E-03   3.697E-03   3.255E-03
3p2_3Pe[1]-3d2_3Pe[2]       8.595E-04   8.849E-04   8.998E-04   8.975E-04   8.742E-04   8.282E-04   7.607E-04   6.764E-04   5.824E-04   4.865E-04   3.961E-04
3p2_3Pe[1]-3d2_1Ge[4]       5.662E-04   5.664E-04   5.568E-04   5.335E-04   4.949E-04   4.414E-04   3.767E-04   3.069E-04   2.390E-04   1.785E-04   1.286E-04
3p2_3Pe[1]-3d2_1Se[0]       8.498E-05   8.393E-05   8.220E-05   7.939E-05   7.498E-05   6.856E-05   6.014E-05   5.031E-05   4.006E-05   3.044E-05   2.219E-05
3p2_3Pe[2]-3p2_1Se[0]       9.856E-02   9.565E-02   9.015E-02   8.336E-02   7.674E-02   7.125E-02   6.715E-02   6.426E-02   6.231E-02   6.099E-02   6.007E-02
3p2_3Pe[2]-3s_3d_3De[1]     3.064E-01   3.160E-01   2.888E-01   2.373E-01   1.796E-01   1.282E-01   8.809E-02   5.902E-02   3.895E-02   2.549E-02   1.661E-02
3p2_3Pe[2]-3s_3d_3De[2]     8.382E-01   8.938E-01   8.345E-01   6.956E-01   5.314E-01   3.818E-01   2.634E-01   1.770E-01   1.171E-01   7.687E-02   5.028E-02
3p2_3Pe[2]-3s_3d_3De[3]     1.048E+00   1.090E+00   1.001E+00   8.249E-01   6.263E-01   4.494E-01   3.108E-01   2.103E-01   1.406E-01   9.339E-02   6.196E-02
3p2_3Pe[2]-3s_3d_1De[2]     5.855E-01   5.277E-01   4.433E-01   3.478E-01   2.581E-01   1.842E-01   1.284E-01   8.841E-02   6.063E-02   4.163E-02   2.876E-02
3p2_3Pe[2]-3p_3d_3Fo[2]     9.969E-02   7.854E-02   6.300E-02   5.228E-02   4.552E-02   4.178E-02   4.020E-02   4.017E-02   4.134E-02   4.346E-02   4.626E-02
3p2_3Pe[2]-3p_3d_3Fo[3]     1.207E-01   1.052E-01   9.267E-02   8.332E-02   7.700E-02   7.317E-02   7.122E-02   7.081E-02   7.176E-02   7.399E-02   7.731E-02
3p2_3Pe[2]-3p_3d_1Do[2]     3.559E-01   3.410E-01   3.319E-01   3.289E-01   3.332E-01   3.440E-01   3.598E-01   3.801E-01   4.049E-01   4.347E-01   4.685E-01
3p2_3Pe[2]-3p_3d_3Fo[4]     1.473E-01   1.286E-01   1.132E-01   1.008E-01   9.061E-02   8.203E-02   7.461E-02   6.819E-02   6.283E-02   5.867E-02   5.575E-02
3p2_3Pe[2]-3p_3d_3Do[1]     4.726E-02   4.218E-02   3.867E-02   3.642E-02   3.532E-02   3.517E-02   3.579E-02   3.706E-02   3.892E-02   4.135E-02   4.422E-02
3p2_3Pe[2]-3p_3d_3Po[2]     1.658E-01   1.618E-01   1.591E-01   1.583E-01   1.601E-01   1.647E-01   1.715E-01   1.805E-01   1.917E-01   2.054E-01   2.212E-01
3p2_3Pe[2]-3p_3d_3Do[3]     3.398E+00   3.540E+00   3.654E+00   3.782E+00   3.967E+00   4.213E+00   4.512E+00   4.864E+00   5.276E+00   5.751E+00   6.278E+00
3p2_3Pe[2]-3p_3d_3Po[0]     7.597E-03   7.336E-03   6.986E-03   6.541E-03   6.005E-03   5.381E-03   4.679E-03   3.930E-03   3.179E-03   2.476E-03   1.862E-03
3p2_3Pe[2]-3p_3d_3Po[1]     4.238E-01   4.402E-01   4.525E-01   4.664E-01   4.867E-01   5.143E-01   5.487E-01   5.899E-01   6.386E-01   6.954E-01   7.588E-01
3p2_3Pe[2]-3p_3d_3Do[2]     1.804E+00   1.879E+00   1.937E+00   2.002E+00   2.097E+00   2.225E+00   2.382E+00   2.567E+00   2.785E+00   3.038E+00   3.318E+00
3p2_3Pe[2]-3p_3d_1Fo[3]     4.783E-01   4.780E-01   4.762E-01   4.788E-01   4.889E-01   5.065E-01   5.311E-01   5.629E-01   6.028E-01   6.513E-01   7.071E-01
3p2_3Pe[2]-3p_3d_1Po[1]     2.367E-02   2.361E-02   2.307E-02   2.214E-02   2.096E-02   1.968E-02   1.839E-02   1.717E-02   1.612E-02   1.532E-02   1.482E-02
3p2_3Pe[2]-3d2_3Fe[2]       1.569E-03   1.537E-03   1.512E-03   1.477E-03   1.423E-03   1.342E-03   1.234E-03   1.106E-03   9.655E-04   8.248E-04   6.939E-04
3p2_3Pe[2]-3d2_3Fe[3]       5.261E-03   5.386E-03   5.509E-03   5.554E-03   5.471E-03   5.242E-03   4.871E-03   4.387E-03   3.834E-03   3.259E-03   2.711E-03
3p2_3Pe[2]-3d2_3Fe[4]       1.572E-02   1.648E-02   1.716E-02   1.751E-02   1.740E-02   1.676E-02   1.564E-02   1.412E-02   1.235E-02   1.050E-02   8.705E-03
3p2_3Pe[2]-3d2_1De[2]       6.661E-03   6.595E-03   6.560E-03   6.559E-03   6.583E-03   6.617E-03   6.650E-03   6.676E-03   6.699E-03   6.720E-03   6.735E-03
3p2_3Pe[2]-3d2_3Pe[0]       5.676E-04   5.907E-04   6.056E-04   6.077E-04   5.952E-04   5.676E-04   5.260E-04   4.729E-04   4.123E-04   3.489E-04   2.877E-04
3p2_3Pe[2]-3d2_3Pe[1]       1.521E-03   1.565E-03   1.591E-03   1.585E-03   1.544E-03   1.463E-03   1.345E-03   1.198E-03   1.031E-03   8.605E-04   6.979E-04
3p2_3Pe[2]-3d2_3Pe[2]       1.225E-02   1.214E-02   1.204E-02   1.194E-02   1.179E-02   1.154E-02   1.118E-02   1.070E-02   1.014E-02   9.537E-03   8.937E-03
3p2_3Pe[2]-3d2_1Ge[4]       2.043E-02   2.074E-02   2.108E-02   2.143E-02   2.181E-02   2.220E-02   2.262E-02   2.311E-02   2.370E-02   2.437E-02   2.508E-02
3p2_3Pe[2]-3d2_1Se[0]       8.777E-04   8.828E-04   8.900E-04   9.000E-04   9.128E-04   9.286E-04   9.472E-04   9.687E-04   9.927E-04   1.018E-03   1.043E-03
3p2_1Se[0]-3s_3d_3De[1]     2.095E-02   1.988E-02   1.734E-02   1.396E-02   1.051E-02   7.538E-03   5.233E-03   3.557E-03   2.386E-03   1.585E-03   1.045E-03
3p2_1Se[0]-3s_3d_3De[2]     3.627E-02   3.573E-02   3.165E-02   2.554E-02   1.919E-02   1.372E-02   9.499E-03   6.452E-03   4.337E-03   2.901E-03   1.941E-03
3p2_1Se[0]-3s_3d_3De[3]     5.413E-02   5.325E-02   4.686E-02   3.749E-02   2.793E-02   1.981E-02   1.360E-02   9.150E-03   6.076E-03   3.999E-03   2.614E-03
3p2_1Se[0]-3s_3d_1De[2]     5.286E-01   5.091E-01   4.538E-01   3.808E-01   3.086E-01   2.482E-01   2.028E-01   1.708E-01   1.488E-01   1.340E-01   1.238E-01
3p2_1Se[0]-3p_3d_3Fo[2]     1.552E-02   1.346E-02   1.117E-02   9.024E-03   7.211E-03   5.740E-03   4.549E-03   3.569E-03   2.752E-03   2.076E-03   1.527E-03
3p2_1Se[0]-3p_3d_3Fo[3]     1.861E-02   1.653E-02   1.435E-02   1.233E-02   1.055E-02   8.979E-03   7.565E-03   6.261E-03   5.065E-03   3.999E-03   3.091E-03
3p2_1Se[0]-3p_3d_1Do[2]     5.481E-02   4.522E-02   3.524E-02   2.636E-02   1.924E-02   1.389E-02   9.973E-03   7.139E-03   5.083E-03   3.589E-03   2.508E-03
3p2_1Se[0]-3p_3d_3Fo[4]     2.764E-02   2.494E-02   2.208E-02   1.937E-02   1.691E-02   1.463E-02   1.245E-02   1.034E-02   8.323E-03   6.478E-03   4.874E-03
3p2_1Se[0]-3p_3d_3Do[1]     1.114E-02   1.077E-02   1.022E-02   9.727E-03   9.408E-03   9.276E-03   9.297E-03   9.456E-03   9.758E-03   1.021E-02   1.078E-02
3p2_1Se[0]-3p_3d_3Po[2]     1.457E-02   1.306E-02   1.131E-02   9.643E-03   8.152E-03   6.842E-03   5.672E-03   4.613E-03   3.656E-03   2.812E-03   2.099E-03
3p2_1Se[0]-3p_3d_3Do[3]     1.412E-02   1.195E-02   9.690E-03   7.687E-03   6.037E-03   4.711E-03   3.643E-03   2.776E-03   2.072E-03   1.510E-03   1.074E-03
3p2_1Se[0]-3p_3d_3Po[0]     5.388E-03   4.970E-03   4.514E-03   4.070E-03   3.642E-03   3.216E-03   2.781E-03   2.338E-03   1.900E-03   1.490E-03   1.129E-03
3p2_1Se[0]-3p_3d_3Po[1]     1.657E-02   1.521E-02   1.350E-02   1.177E-02   1.016E-02   8.688E-03   7.319E-03   6.037E-03   4.851E-03   3.789E-03   2.881E-03
3p2_1Se[0]-3p_3d_3Do[2]     2.015E-02   1.809E-02   1.577E-02   1.356E-02   1.155E-02   9.764E-03   8.135E-03   6.636E-03   5.268E-03   4.055E-03   3.025E-03
3p2_1Se[0]-3p_3d_1Fo[3]     2.489E-02   2.284E-02   2.140E-02   2.045E-02   1.992E-02   1.976E-02   1.989E-02   2.026E-02   2.083E-02   2.155E-02   2.236E-02
3p2_1Se[0]-3p_3d_1Po[1]     1.651E+00   1.630E+00   1.614E+00   1.629E+00   1.685E+00   1.773E+00   1.888E+00   2.031E+00   2.201E+00   2.401E+00   2.625E+00
3p2_1Se[0]-3d2_3Fe[2]       2.280E-04   2.062E-04   1.878E-04   1.716E-04   1.563E-04   1.405E-04   1.235E-04   1.054E-04   8.719E-05   7.003E-05   5.491E-05
3p2_1Se[0]-3d2_3Fe[3]       2.643E-04   2.315E-04   2.024E-04   1.776E-04   1.558E-04   1.353E-04   1.150E-04   9.464E-05   7.493E-05   5.697E-05   4.171E-05
3p2_1Se[0]-3d2_3Fe[4]       3.696E-04   3.216E-04   2.799E-04   2.450E-04   2.147E-04   1.866E-04   1.587E-04   1.306E-04   1.033E-04   7.840E-05   5.720E-05
3p2_1Se[0]-3d2_1De[2]       3.423E-03   3.589E-03   3.706E-03   3.740E-03   3.676E-03   3.512E-03   3.260E-03   2.943E-03   2.587E-03   2.221E-03   1.870E-03
3p2_1Se[0]-3d2_3Pe[0]       8.506E-05   7.899E-05   7.348E-05   6.864E-05   6.403E-05   5.899E-05   5.314E-05   4.650E-05   3.948E-05   3.260E-05   2.633E-05
3p2_1Se[0]-3d2_3Pe[1]       1.781E-04   1.624E-04   1.481E-04   1.357E-04   1.242E-04   1.122E-04   9.866E-05   8.351E-05   6.764E-05   5.237E-05   3.887E-05
3p2_1Se[0]-3d2_3Pe[2]       2.983E-03   3.110E-03   3.195E-03   3.212E-03   3.147E-03   3.000E-03   2.780E-03   2.502E-03   2.192E-03   1.873E-03   1.568E-03
3p2_1Se[0]-3d2_1Ge[4]       4.379E-04   4.453E-04   4.503E-04   4.516E-04   4.486E-04   4.412E-04   4.306E-04   4.188E-04   4.085E-04   4.018E-04   3.993E-04
3p2_1Se[0]-3d2_1Se[0]       3.480E-03   3.510E-03   3.542E-03   3.565E-03   3.560E-03   3.506E-03   3.389E-03   3.211E-03   2.986E-03   2.730E-03   2.465E-03
3s_3d_3De[1]-3s_3d_3De[2]   8.043E-01   8.061E-01   7.395E-01   6.313E-01   5.143E-01   4.099E-01   3.258E-01   2.617E-01   2.140E-01   1.790E-01   1.537E-01
3s_3d_3De[1]-3s_3d_3De[3]   2.839E-01   2.792E-01   2.519E-01   2.122E-01   1.707E-01   1.338E-01   1.038E-01   8.058E-02   6.321E-02   5.059E-02   4.167E-02
3s_3d_3De[1]-3s_3d_1De[2]   3.028E-01   2.607E-01   2.132E-01   1.676E-01   1.282E-01   9.641E-02   7.167E-02   5.269E-02   3.822E-02   2.728E-02   1.912E-02
3s_3d_3De[1]-3p_3d_3Fo[2]   1.569E+00   1.622E+00   1.699E+00   1.793E+00   1.921E+00   2.081E+00   2.267E+00   2.477E+00   2.715E+00   2.980E+00   3.264E+00
3s_3d_3De[1]-3p_3d_3Fo[3]   6.985E-02   6.341E-02   5.606E-02   4.750E-02   3.837E-02   2.978E-02   2.247E-02   1.662E-02   1.209E-02   8.674E-03   6.132E-03
3s_3d_3De[1]-3p_3d_1Do[2]   2.757E-01   2.653E-01   2.602E-01   2.599E-01   2.663E-01   2.789E-01   2.965E-01   3.185E-01   3.450E-01   3.757E-01   4.095E-01
3s_3d_3De[1]-3p_3d_3Fo[4]   3.264E-02   2.560E-02   1.961E-02   1.459E-02   1.050E-02   7.328E-03   4.990E-03   3.337E-03   2.203E-03   1.441E-03   9.369E-04
3s_3d_3De[1]-3p_3d_3Do[1]   3.421E-01   3.640E-01   3.787E-01   3.904E-01   4.054E-01   4.262E-01   4.528E-01   4.857E-01   5.253E-01   5.716E-01   6.229E-01
3s_3d_3De[1]-3p_3d_3Po[2]   1.767E-01   1.893E-01   1.963E-01   1.990E-01   2.014E-01   2.061E-01   2.140E-01   2.255E-01   2.409E-01   2.599E-01   2.817E-01
3s_3d_3De[1]-3p_3d_3Do[3]   2.332E-02   2.191E-02   1.963E-02   1.660E-02   1.329E-02   1.022E-02   7.658E-03   5.643E-03   4.107E-03   2.956E-03   2.103E-03
3s_3d_3De[1]-3p_3d_3Po[0]   5.017E-01   5.357E-01   5.604E-01   5.850E-01   6.181E-01   6.610E-01   7.123E-01   7.721E-01   8.413E-01   9.200E-01   1.006E+00
3s_3d_3De[1]-3p_3d_3Po[1]   1.060E+00   1.130E+00   1.180E+00   1.231E+00   1.299E+00   1.388E+00   1.494E+00   1.618E+00   1.762E+00   1.926E+00   2.104E+00
3s_3d_3De[1]-3p_3d_3Do[2]   3.786E-01   4.003E-01   4.140E-01   4.261E-01   4.435E-01   4.677E-01   4.981E-01   5.349E-01   5.786E-01   6.293E-01   6.854E-01
3s_3d_3De[1]-3p_3d_1Fo[3]   3.574E-02   3.315E-02   2.953E-02   2.493E-02   2.011E-02   1.573E-02   1.206E-02   9.125E-03   6.806E-03   4.994E-03   3.599E-03
3s_3d_3De[1]-3p_3d_1Po[1]   1.219E-02   1.252E-02   1.192E-02   1.064E-02   9.134E-03   7.732E-03   6.597E-03   5.763E-03   5.204E-03   4.879E-03   4.740E-03
3s_3d_3De[1]-3d2_3Fe[2]     1.623E-01   1.637E-01   1.655E-01   1.677E-01   1.703E-01   1.734E-01   1.772E-01   1.816E-01   1.864E-01   1.915E-01   1.962E-01
3s_3d_3De[1]-3d2_3Fe[3]     8.987E-02   8.999E-02   9.038E-02   9.099E-02   9.180E-02   9.281E-02   9.407E-02   9.558E-02   9.729E-02   9.908E-02   1.008E-01
3s_3d_3De[1]-3d2_3Fe[4]     6.560E-03   6.075E-03   5.659E-03   5.271E-03   4.869E-03   4.421E-03   3.912E-03   3.349E-03   2.762E-03   2.190E-03   1.673E-03
3s_3d_3De[1]-3d2_1De[2]     2.728E-02   2.719E-02   2.702E-02   2.674E-02   2.631E-02   2.572E-02   2.497E-02   2.411E-02   2.320E-02   2.231E-02   2.151E-02
3s_3d_3De[1]-3d2_3Pe[0]     3.248E-03   3.183E-03   3.097E-03   2.977E-03   2.811E-03   2.592E-03   2.317E-03   1.998E-03   1.655E-03   1.315E-03   1.005E-03
3s_3d_3De[1]-3d2_3Pe[1]     7.588E-02   7.667E-02   7.761E-02   7.873E-02   8.010E-02   8.180E-02   8.388E-02   8.632E-02   8.900E-02   9.172E-02   9.427E-02
3s_3d_3De[1]-3d2_3Pe[2]     1.225E-02   1.235E-02   1.248E-02   1.264E-02   1.284E-02   1.309E-02   1.340E-02   1.377E-02   1.418E-02   1.460E-02   1.499E-02
3s_3d_3De[1]-3d2_1Ge[4]     1.733E-02   1.711E-02   1.673E-02   1.613E-02   1.525E-02   1.406E-02   1.256E-02   1.083E-02   8.965E-03   7.125E-03   5.446E-03
3s_3d_3De[1]-3d2_1Se[0]     1.573E-03   1.547E-03   1.506E-03   1.447E-03   1.364E-03   1.254E-03   1.119E-03   9.615E-04   7.940E-04   6.292E-04   4.794E-04
3s_3d_3De[2]-3s_3d_3De[3]   1.124E+00   1.154E+00   1.072E+00   9.171E-01   7.441E-01   5.876E-01   4.608E-01   3.639E-01   2.922E-01   2.401E-01   2.028E-01
3s_3d_3De[2]-3s_3d_1De[2]   5.511E-01   4.623E-01   3.713E-01   2.885E-01   2.192E-01   1.641E-01   1.216E-01   8.916E-02   6.455E-02   4.600E-02   3.221E-02
3s_3d_3De[2]-3p_3d_3Fo[2]   5.864E-01   5.555E-01   5.442E-01   5.462E-01   5.627E-01   5.924E-01   6.326E-01   6.821E-01   7.408E-01   8.079E-01   8.809E-01
3s_3d_3De[2]-3p_3d_3Fo[3]   2.352E+00   2.527E+00   2.701E+00   2.883E+00   3.108E+00   3.381E+00   3.693E+00   4.043E+00   4.435E+00   4.870E+00   5.334E+00
3s_3d_3De[2]-3p_3d_1Do[2]   1.897E-01   1.562E-01   1.312E-01   1.124E-01   9.898E-02   9.017E-02   8.528E-02   8.366E-02   8.472E-02   8.796E-02   9.278E-02
3s_3d_3De[2]-3p_3d_3Fo[4]   9.249E-02   8.205E-02   7.117E-02   5.936E-02   4.745E-02   3.664E-02   2.761E-02   2.044E-02   1.491E-02   1.072E-02   7.598E-03
3s_3d_3De[2]-3p_3d_3Do[1]   1.057E+00   1.131E+00   1.187E+00   1.241E+00   1.311E+00   1.401E+00   1.508E+00   1.634E+00   1.781E+00   1.947E+00   2.129E+00
3s_3d_3De[2]-3p_3d_3Po[2]   1.785E-01   1.886E-01   1.922E-01   1.909E-01   1.888E-01   1.889E-01   1.924E-01   1.998E-01   2.109E-01   2.257E-01   2.431E-01
3s_3d_3De[2]-3p_3d_3Do[3]   6.275E-01   6.622E-01   6.825E-01   6.990E-01   7.234E-01   7.593E-01   8.062E-01   8.642E-01   9.338E-01   1.015E+00   1.105E+00
3s_3d_3De[2]-3p_3d_3Po[0]   8.923E-03   9.181E-03   8.865E-03   8.031E-03   6.907E-03   5.729E-03   4.630E-03   3.662E-03   2.831E-03   2.138E-03   1.575E-03
3s_3d_3De[2]-3p_3d_3Po[1]   4.386E-01   4.656E-01   4.835E-01   4.996E-01   5.217E-01   5.519E-01   5.896E-01   6.349E-01   6.886E-01   7.506E-01   8.188E-01
3s_3d_3De[2]-3p_3d_3Do[2]   1.709E+00   1.819E+00   1.897E+00   1.974E+00   2.079E+00   2.218E+00   2.386E+00   2.583E+00   2.810E+00   3.070E+00   3.353E+00
3s_3d_3De[2]-3p_3d_1Fo[3]   7.434E-02   6.911E-02   6.182E-02   5.279E-02   4.358E-02   3.546E-02   2.893E-02   2.396E-02   2.034E-02   1.780E-02   1.615E-02
3s_3d_3De[2]-3p_3d_1Po[1]   3.052E-02   3.164E-02   3.056E-02   2.787E-02   2.465E-02   2.172E-02   1.947E-02   1.798E-02   1.721E-02   1.704E-02   1.734E-02
3s_3d_3De[2]-3d2_3Fe[2]     1.269E-01   1.273E-01   1.281E-01   1.292E-01   1.304E-01   1.320E-01   1.339E-01   1.362E-01   1.387E-01   1.414E-01   1.440E-01
3s_3d_3De[2]-3d2_3Fe[3]     2.036E-01   2.050E-01   2.070E-01   2.097E-01   2.129E-01   2.169E-01   2.217E-01   2.273E-01   2.336E-01   2.400E-01   2.460E-01
3s_3d_3De[2]-3d2_3Fe[4]     1.011E-01   1.007E-01   1.007E-01   1.010E-01   1.016E-01   1.023E-01   1.034E-01   1.046E-01   1.061E-01   1.076E-01   1.091E-01
3s_3d_3De[2]-3d2_1De[2]     5.255E-02   5.266E-02   5.272E-02   5.269E-02   5.256E-02   5.233E-02   5.201E-02   5.166E-02   5.132E-02   5.102E-02   5.078E-02
3s_3d_3De[2]-3d2_3Pe[0]     5.479E-02   5.543E-02   5.616E-02   5.702E-02   5.806E-02   5.937E-02   6.100E-02   6.293E-02   6.507E-02   6.725E-02   6.928E-02
3s_3d_3De[2]-3d2_3Pe[1]     2.372E-02   2.373E-02   2.368E-02   2.354E-02   2.330E-02   2.295E-02   2.251E-02   2.200E-02   2.146E-02   2.094E-02   2.048E-02
3s_3d_3De[2]-3d2_3Pe[2]     6.611E-02   6.660E-02   6.719E-02   6.787E-02   6.869E-02   6.970E-02   7.093E-02   7.238E-02   7.399E-02   7.565E-02   7.721E-02
3s_3d_3De[2]-3d2_1Ge[4]     2.953E-02   2.916E-02   2.851E-02   2.748E-02   2.598E-02   2.396E-02   2.141E-02   1.845E-02   1.528E-02   1.214E-02   9.283E-03
3s_3d_3De[2]-3d2_1Se[0]     2.806E-03   2.759E-03   2.688E-03   2.583E-03   2.438E-03   2.245E-03   2.006E-03   1.730E-03   1.435E-03   1.145E-03   8.814E-04
3s_3d_3De[3]-3s_3d_1De[2]   6.710E-01   5.675E-01   4.610E-01   3.629E-01   2.792E-01   2.116E-01   1.585E-01   1.173E-01   8.560E-02   6.137E-02   4.317E-02
3s_3d_3De[3]-3p_3d_3Fo[2]   1.087E-01   8.058E-02   6.005E-02   4.504E-02   3.418E-02   2.656E-02   2.147E-02   1.832E-02   1.661E-02   1.592E-02   1.593E-02
3s_3d_3De[3]-3p_3d_3Fo[3]   6.235E-01   6.402E-01   6.617E-01   6.873E-01   7.237E-01   7.724E-01   8.313E-01   9.004E-01   9.804E-01   1.071E+00   1.170E+00
3s_3d_3De[3]-3p_3d_1Do[2]   2.974E-01   2.558E-01   2.253E-01   2.031E-01   1.885E-01   1.809E-01   1.791E-01   1.824E-01   1.901E-01   2.015E-01   2.155E-01
3s_3d_3De[3]-3p_3d_3Fo[4]   3.755E+00   4.039E+00   4.299E+00   4.563E+00   4.893E+00   5.297E+00   5.743E+00   6.191E+00   6.594E+00   6.903E+00   7.089E+00
3s_3d_3De[3]-3p_3d_3Do[1]   2.292E-02   2.125E-02   1.903E-02   1.621E-02   1.315E-02   1.028E-02   7.838E-03   5.877E-03   4.344E-03   3.166E-03   2.276E-03
3s_3d_3De[3]-3p_3d_3Po[2]   2.057E+00   2.200E+00   2.311E+00   2.420E+00   2.561E+00   2.743E+00   2.961E+00   3.214E+00   3.504E+00   3.833E+00   4.190E+00
3s_3d_3De[3]-3p_3d_3Do[3]   2.694E+00   2.862E+00   2.971E+00   3.066E+00   3.198E+00   3.382E+00   3.613E+00   3.893E+00   4.223E+00   4.605E+00   5.025E+00
3s_3d_3De[3]-3p_3d_3Po[0]   9.232E-03   1.050E-02   1.054E-02   9.385E-03   7.560E-03   5.654E-03   4.019E-03   2.767E-03   1.868E-03   1.250E-03   8.346E-04
3s_3d_3De[3]-3p_3d_3Po[1]   2.657E-02   2.909E-02   2.884E-02   2.576E-02   2.104E-02   1.609E-02   1.178E-02   8.390E-03   5.880E-03   4.078E-03   2.810E-03
3s_3d_3De[3]-3p_3d_3Do[2]   3.848E-01   4.071E-01   4.187E-01   4.254E-01   4.349E-01   4.506E-01   4.734E-01   5.035E-01   5.411E-01   5.860E-01   6.365E-01
3s_3d_3De[3]-3p_3d_1Fo[3]   1.229E-01   1.142E-01   1.028E-01   8.936E-02   7.622E-02   6.507E-02   5.656E-02   5.060E-02   4.683E-02   4.490E-02   4.442E-02
3s_3d_3De[3]-3p_3d_1Po[1]   3.119E-02   3.326E-02   3.200E-02   2.804E-02   2.288E-02   1.781E-02   1.345E-02   9.966E-03   7.266E-03   5.216E-03   3.684E-03
3s_3d_3De[3]-3d2_3Fe[2]     1.924E-02   1.853E-02   1.799E-02   1.758E-02   1.723E-02   1.690E-02   1.658E-02   1.627E-02   1.598E-02   1.573E-02   1.552E-02
3s_3d_3De[3]-3d2_3Fe[3]     1.387E-01   1.382E-01   1.384E-01   1.390E-01   1.399E-01   1.411E-01   1.426E-01   1.446E-01   1.469E-01   1.493E-01   1.517E-01
3s_3d_3De[3]-3d2_3Fe[4]     4.445E-01   4.465E-01   4.502E-01   4.553E-01   4.618E-01   4.699E-01   4.796E-01   4.911E-01   5.038E-01   5.168E-01   5.290E-01
3s_3d_3De[3]-3d2_1De[2]     7.512E-02   7.570E-02   7.633E-02   7.699E-02   7.772E-02   7.859E-02   7.967E-02   8.097E-02   8.246E-02   8.402E-02   8.551E-02
3s_3d_3De[3]-3d2_3Pe[0]     3.023E-03   2.947E-03   2.857E-03   2.739E-03   2.582E-03   2.378E-03   2.124E-03   1.831E-03   1.516E-03   1.205E-03   9.211E-04
3s_3d_3De[3]-3d2_3Pe[1]     8.309E-02   8.395E-02   8.485E-02   8.580E-02   8.689E-02   8.824E-02   8.995E-02   9.200E-02   9.431E-02   9.670E-02   9.896E-02
3s_3d_3De[3]-3d2_3Pe[2]     1.177E-01   1.182E-01   1.187E-01   1.190E-01   1.192E-01   1.193E-01   1.195E-01   1.197E-01   1.200E-01   1.205E-01   1.210E-01
3s_3d_3De[3]-3d2_1Ge[4]     4.310E-02   4.256E-02   4.162E-02   4.013E-02   3.797E-02   3.505E-02   3.139E-02   2.713E-02   2.256E-02   1.804E-02   1.392E-02
3s_3d_3De[3]-3d2_1Se[0]     4.268E-03   4.196E-03   4.086E-03   3.925E-03   3.701E-03   3.405E-03   3.037E-03   2.612E-03   2.158E-03   1.711E-03   1.304E-03
3s_3d_1De[2]-3p_3d_3Fo[2]   2.072E-01   1.980E-01   1.916E-01   1.882E-01   1.899E-01   1.967E-01   2.081E-01   2.238E-01   2.436E-01   2.668E-01   2.917E-01
3s_3d_1De[2]-3p_3d_3Fo[3]   1.048E-01   9.181E-02   7.912E-02   6.795E-02   5.918E-02   5.302E-02   4.927E-02   4.762E-02   4.775E-02   4.927E-02   5.174E-02
3s_3d_1De[2]-3p_3d_1Do[2]   1.154E+00   1.166E+00   1.185E+00   1.214E+00   1.270E+00   1.352E+00   1.458E+00   1.587E+00   1.739E+00   1.911E+00   2.095E+00
3s_3d_1De[2]-3p_3d_3Fo[4]   1.003E-01   8.320E-02   6.705E-02   5.246E-02   3.995E-02   2.977E-02   2.185E-02   1.583E-02   1.133E-02   8.002E-03   5.571E-03
3s_3d_1De[2]-3p_3d_3Do[1]   5.925E-02   5.610E-02   5.179E-02   4.710E-02   4.288E-02   3.961E-02   3.738E-02   3.620E-02   3.600E-02   3.664E-02   3.794E-02
3s_3d_1De[2]-3p_3d_3Po[2]   1.059E-01   1.016E-01   9.388E-02   8.421E-02   7.470E-02   6.680E-02   6.105E-02   5.748E-02   5.588E-02   5.592E-02   5.723E-02
3s_3d_1De[2]-3p_3d_3Do[3]   1.548E-01   1.430E-01   1.276E-01   1.100E-01   9.267E-02   7.749E-02   6.535E-02   5.624E-02   4.980E-02   4.558E-02   4.313E-02
3s_3d_1De[2]-3p_3d_3Po[0]   1.495E-02   1.338E-02   1.129E-02   9.078E-03   7.050E-03   5.351E-03   4.004E-03   2.962E-03   2.165E-03   1.559E-03   1.105E-03
3s_3d_1De[2]-3p_3d_3Po[1]   5.531E-02   5.175E-02   4.575E-02   3.822E-02   3.037E-02   2.327E-02   1.741E-02   1.283E-02   9.348E-03   6.751E-03   4.842E-03
3s_3d_1De[2]-3p_3d_3Do[2]   1.153E-01   1.094E-01   9.833E-02   8.338E-02   6.731E-02   5.260E-02   4.050E-02   3.116E-02   2.424E-02   1.924E-02   1.574E-02
3s_3d_1De[2]-3p_3d_1Fo[3]   8.524E+00   8.489E+00   8.395E+00   8.448E+00   8.729E+00   9.203E+00   9.826E+00   1.059E+01   1.149E+01   1.253E+01   1.368E+01
3s_3d_1De[2]-3p_3d_1Po[1]   2.430E+00   2.382E+00   2.333E+00   2.332E+00   2.397E+00   2.518E+00   2.681E+00   2.884E+00   3.128E+00   3.413E+00   3.726E+00
3s_3d_1De[2]-3d2_3Fe[2]     2.153E-02   2.001E-02   1.868E-02   1.743E-02   1.612E-02   1.467E-02   1.303E-02   1.123E-02   9.360E-03   7.548E-03   5.914E-03
3s_3d_1De[2]-3d2_3Fe[3]     3.085E-02   2.842E-02   2.633E-02   2.440E-02   2.245E-02   2.031E-02   1.792E-02   1.530E-02   1.259E-02   9.965E-03   7.599E-03
3s_3d_1De[2]-3d2_3Fe[4]     4.260E-02   3.873E-02   3.556E-02   3.276E-02   3.002E-02   2.710E-02   2.388E-02   2.040E-02   1.681E-02   1.334E-02   1.022E-02
3s_3d_1De[2]-3d2_1De[2]     1.734E-01   1.745E-01   1.759E-01   1.779E-01   1.804E-01   1.837E-01   1.879E-01   1.929E-01   1.984E-01   2.042E-01   2.095E-01
3s_3d_1De[2]-3d2_3Pe[0]     2.789E-03   2.697E-03   2.591E-03   2.463E-03   2.302E-03   2.103E-03   1.867E-03   1.600E-03   1.321E-03   1.048E-03   8.028E-04
3s_3d_1De[2]-3d2_3Pe[1]     8.298E-03   8.062E-03   7.768E-03   7.395E-03   6.918E-03   6.321E-03   5.605E-03   4.797E-03   3.948E-03   3.121E-03   2.375E-03
3s_3d_1De[2]-3d2_3Pe[2]     1.296E-01   1.301E-01   1.309E-01   1.321E-01   1.336E-01   1.357E-01   1.384E-01   1.417E-01   1.453E-01   1.491E-01   1.526E-01
3s_3d_1De[2]-3d2_1Ge[4]     3.828E-01   3.876E-01   3.932E-01   3.993E-01   4.060E-01   4.139E-01   4.230E-01   4.333E-01   4.441E-01   4.545E-01   4.636E-01
3s_3d_1De[2]-3d2_1Se[0]     5.272E-02   5.290E-02   5.316E-02   5.357E-02   5.420E-02   5.513E-02   5.640E-02   5.797E-02   5.974E-02   6.156E-02   6.325E-02
3p_3d_3Fo[2]-3p_3d_3Fo[3]   4.184E-01   4.260E-01   4.220E-01   4.056E-01   3.803E-01   3.507E-01   3.201E-01   2.906E-01   2.636E-01   2.401E-01   2.205E-01
3p_3d_3Fo[2]-3p_3d_1Do[2]   3.700E-01   3.248E-01   2.861E-01   2.482E-01   2.113E-01   1.781E-01   1.505E-01   1.288E-01   1.123E-01   1.000E-01   9.098E-02
3p_3d_3Fo[2]-3p_3d_3Fo[4]   3.723E-02   3.378E-02   2.980E-02   2.530E-02   2.075E-02   1.669E-02   1.342E-02   1.095E-02   9.162E-03   7.915E-03   7.063E-03
3p_3d_3Fo[2]-3p_3d_3Do[1]   3.751E-01   3.944E-01   3.821E-01   3.372E-01   2.741E-01   2.098E-01   1.546E-01   1.115E-01   7.965E-02   5.692E-02   4.103E-02
3p_3d_3Fo[2]-3p_3d_3Po[2]   1.450E-01   1.488E-01   1.428E-01   1.272E-01   1.062E-01   8.471E-02   6.580E-02   5.050E-02   3.875E-02   3.009E-02   2.393E-02
3p_3d_3Fo[2]-3p_3d_3Do[3]   7.999E-02   7.841E-02   7.272E-02   6.336E-02   5.234E-02   4.170E-02   3.261E-02   2.536E-02   1.982E-02   1.571E-02   1.275E-02
3p_3d_3Fo[2]-3p_3d_3Po[0]   7.965E-02   8.136E-02   8.183E-02   8.142E-02   8.076E-02   8.022E-02   7.988E-02   7.973E-02   7.968E-02   7.964E-02   7.955E-02
3p_3d_3Fo[2]-3p_3d_3Po[1]   2.592E-01   2.648E-01   2.574E-01   2.374E-01   2.111E-01   1.853E-01   1.638E-01   1.475E-01   1.355E-01   1.269E-01   1.207E-01
3p_3d_3Fo[2]-3p_3d_3Do[2]   2.062E-01   2.081E-01   1.972E-01   1.745E-01   1.463E-01   1.190E-01   9.634E-02   7.898E-02   6.628E-02   5.719E-02   5.072E-02
3p_3d_3Fo[2]-3p_3d_1Fo[3]   1.063E-01   1.011E-01   9.158E-02   7.827E-02   6.383E-02   5.056E-02   3.950E-02   3.076E-02   2.407E-02   1.905E-02   1.537E-02
3p_3d_3Fo[2]-3p_3d_1Po[1]   6.910E-02   7.194E-02   6.927E-02   6.252E-02   5.419E-02   4.621E-02   3.946E-02   3.412E-02   3.005E-02   2.701E-02   2.477E-02
3p_3d_3Fo[2]-3d2_3Fe[2]     1.243E+00   1.304E+00   1.373E+00   1.444E+00   1.518E+00   1.598E+00   1.691E+00   1.803E+00   1.938E+00   2.100E+00   2.283E+00
3p_3d_3Fo[2]-3d2_3Fe[3]     1.109E-01   1.132E-01   1.160E-01   1.189E-01   1.217E-01   1.247E-01   1.281E-01   1.324E-01   1.382E-01   1.456E-01   1.547E-01
3p_3d_3Fo[2]-3d2_3Fe[4]     1.607E-02   1.452E-02   1.330E-02   1.229E-02   1.138E-02   1.046E-02   9.506E-03   8.518E-03   7.543E-03   6.646E-03   5.882E-03
3p_3d_3Fo[2]-3d2_1De[2]     1.954E-01   2.021E-01   2.091E-01   2.161E-01   2.235E-01   2.320E-01   2.424E-01   2.555E-01   2.720E-01   2.924E-01   3.159E-01
3p_3d_3Fo[2]-3d2_3Pe[0]     5.145E-03   5.068E-03   4.946E-03   4.757E-03   4.484E-03   4.117E-03   3.660E-03   3.136E-03   2.582E-03   2.043E-03   1.557E-03
3p_3d_3Fo[2]-3d2_3Pe[1]     1.802E-02   1.797E-02   1.789E-02   1.778E-02   1.764E-02   1.748E-02   1.734E-02   1.725E-02   1.726E-02   1.742E-02   1.772E-02
3p_3d_3Fo[2]-3d2_3Pe[2]     6.516E-02   6.759E-02   7.013E-02   7.276E-02   7.564E-02   7.903E-02   8.321E-02   8.847E-02   9.500E-02   1.029E-01   1.119E-01
3p_3d_3Fo[2]-3d2_1Ge[4]     3.788E-02   3.734E-02   3.650E-02   3.528E-02   3.359E-02   3.138E-02   2.866E-02   2.558E-02   2.236E-02   1.929E-02   1.660E-02
3p_3d_3Fo[2]-3d2_1Se[0]     2.516E-03   2.473E-03   2.406E-03   2.308E-03   2.170E-03   1.988E-03   1.763E-03   1.507E-03   1.238E-03   9.771E-04   7.432E-04
3p_3d_3Fo[3]-3p_3d_1Do[2]   1.914E-01   1.731E-01   1.563E-01   1.393E-01   1.218E-01   1.046E-01   8.818E-02   7.296E-02   5.928E-02   4.744E-02   3.763E-02
3p_3d_3Fo[3]-3p_3d_3Fo[4]   4.778E-01   4.828E-01   4.753E-01   4.551E-01   4.265E-01   3.944E-01   3.619E-01   3.309E-01   3.026E-01   2.779E-01   2.574E-01
3p_3d_3Fo[3]-3p_3d_3Do[1]   1.729E-01   1.727E-01   1.664E-01   1.546E-01   1.404E-01   1.267E-01   1.152E-01   1.062E-01   9.952E-02   9.468E-02   9.122E-02
3p_3d_3Fo[3]-3p_3d_3Po[2]   4.395E-01   4.608E-01   4.480E-01   4.003E-01   3.334E-01   2.653E-01   2.068E-01   1.610E-01   1.272E-01   1.030E-01   8.608E-02
3p_3d_3Fo[3]-3p_3d_3Do[3]   2.788E-01   2.728E-01   2.527E-01   2.201E-01   1.823E-01   1.466E-01   1.169E-01   9.395E-02   7.690E-02   6.455E-02   5.577E-02
3p_3d_3Fo[3]-3p_3d_3Po[0]   1.699E-02   1.688E-02   1.625E-02   1.505E-02   1.342E-02   1.159E-02   9.722E-03   7.919E-03   6.250E-03   4.774E-03   3.533E-03
3p_3d_3Fo[3]-3p_3d_3Po[1]   1.548E-01   1.544E-01   1.509E-01   1.446E-01   1.373E-01   1.302E-01   1.242E-01   1.194E-01   1.156E-01   1.128E-01   1.107E-01
3p_3d_3Fo[3]-3p_3d_3Do[2]   5.934E-01   6.061E-01   5.797E-01   5.151E-01   4.317E-01   3.504E-01   2.826E-01   2.308E-01   1.932E-01   1.666E-01   1.479E-01
3p_3d_3Fo[3]-3p_3d_1Fo[3]   1.531E-01   1.439E-01   1.296E-01   1.103E-01   8.925E-02   6.966E-02   5.305E-02   3.964E-02   2.911E-02   2.102E-02   1.493E-02
3p_3d_3Fo[3]-3p_3d_1Po[1]   4.566E-02   4.570E-02   4.378E-02   4.014E-02   3.555E-02   3.070E-02   2.599E-02   2.161E-02   1.768E-02   1.429E-02   1.148E-02
3p_3d_3Fo[3]-3d2_3Fe[2]     1.901E-01   1.977E-01   2.063E-01   2.152E-01   2.242E-01   2.340E-01   2.454E-01   2.592E-01   2.762E-01   2.969E-01   3.206E-01
3p_3d_3Fo[3]-3d2_3Fe[3]     1.800E+00   1.892E+00   1.996E+00   2.103E+00   2.214E+00   2.335E+00   2.475E+00   2.643E+00   2.845E+00   3.086E+00   3.358E+00
3p_3d_3Fo[3]-3d2_3Fe[4]     8.300E-02   8.336E-02   8.390E-02   8.437E-02   8.465E-02   8.479E-02   8.491E-02   8.518E-02   8.569E-02   8.634E-02   8.695E-02
3p_3d_3Fo[3]-3d2_1De[2]     3.784E-02   3.796E-02   3.797E-02   3.781E-02   3.748E-02   3.699E-02   3.642E-02   3.588E-02   3.557E-02   3.564E-02   3.617E-02
3p_3d_3Fo[3]-3d2_3Pe[0]     9.036E-03   9.051E-03   9.088E-03   9.157E-03   9.275E-03   9.461E-03   9.732E-03   1.010E-02   1.057E-02   1.113E-02   1.176E-02
3p_3d_3Fo[3]-3d2_3Pe[1]     1.398E-02   1.379E-02   1.348E-02   1.300E-02   1.231E-02   1.139E-02   1.025E-02   8.950E-03   7.582E-03   6.259E-03   5.078E-03
3p_3d_3Fo[3]-3d2_3Pe[2]     2.878E-02   2.860E-02   2.834E-02   2.798E-02   2.751E-02   2.693E-02   2.629E-02   2.565E-02   2.514E-02   2.485E-02   2.482E-02
3p_3d_3Fo[3]-3d2_1Ge[4]     7.137E-02   7.110E-02   7.043E-02   6.918E-02   6.725E-02   6.456E-02   6.120E-02   5.737E-02   5.334E-02   4.938E-02   4.567E-02
3p_3d_3Fo[3]-3d2_1Se[0]     3.791E-03   3.729E-03   3.633E-03   3.492E-03   3.292E-03   3.027E-03   2.699E-03   2.323E-03   1.928E-03   1.545E-03   1.202E-03
3p_3d_1Do[2]-3p_3d_3Fo[4]   2.224E-01   2.034E-01   1.859E-01   1.678E-01   1.488E-01   1.295E-01   1.109E-01   9.325E-02   7.721E-02   6.320E-02   5.152E-02
3p_3d_1Do[2]-3p_3d_3Do[1]   1.077E-01   1.133E-01   1.102E-01   9.881E-02   8.271E-02   6.596E-02   5.101E-02   3.871E-02   2.901E-02   2.155E-02   1.595E-02
3p_3d_1Do[2]-3p_3d_3Po[2]   1.879E-01   2.126E-01   2.159E-01   1.973E-01   1.658E-01   1.316E-01   1.011E-01   7.654E-02   5.781E-02   4.401E-02   3.409E-02
3p_3d_1Do[2]-3p_3d_3Do[3]   2.822E-01   2.970E-01   2.898E-01   2.602E-01   2.178E-01   1.735E-01   1.342E-01   1.020E-01   7.687E-02   5.771E-02   4.341E-02
3p_3d_1Do[2]-3p_3d_3Po[0]   3.343E-02   3.399E-02   3.225E-02   2.911E-02   2.555E-02   2.224E-02   1.947E-02   1.728E-02   1.560E-02   1.434E-02   1.342E-02
3p_3d_1Do[2]-3p_3d_3Po[1]   1.733E-01   1.905E-01   1.888E-01   1.691E-01   1.396E-01   1.090E-01   8.265E-02   6.197E-02   4.665E-02   3.563E-02   2.786E-02
3p_3d_1Do[2]-3p_3d_3Do[2]   3.600E-01   4.052E-01   4.062E-01   3.635E-01   2.962E-01   2.256E-01   1.645E-01   1.168E-01   8.187E-02   5.708E-02   3.990E-02
3p_3d_1Do[2]-3p_3d_1Fo[3]   2.497E-01   2.240E-01   1.969E-01   1.663E-01   1.356E-01   1.086E-01   8.724E-02   7.139E-02   6.020E-02   5.262E-02   4.766E-02
3p_3d_1Do[2]-3p_3d_1Po[1]   4.113E-01   4.378E-01   4.235E-01   3.804E-01   3.272E-01   2.780E-01   2.389E-01   2.107E-01   1.917E-01   1.794E-01   1.716E-01
3p_3d_1Do[2]-3d2_3Fe[2]     1.647E-01   1.684E-01   1.738E-01   1.798E-01   1.862E-01   1.934E-01   2.018E-01   2.121E-01   2.250E-01   2.408E-01   2.593E-01
3p_3d_1Do[2]-3d2_3Fe[3]     5.404E-02   4.788E-02   4.296E-02   3.890E-02   3.525E-02   3.164E-02   2.788E-02   2.397E-02   2.005E-02   1.636E-02   1.312E-02
3p_3d_1Do[2]-3d2_3Fe[4]     8.338E-02   7.170E-02   6.285E-02   5.589E-02   4.994E-02   4.433E-02   3.866E-02   3.287E-02   2.711E-02   2.169E-02   1.691E-02
3p_3d_1Do[2]-3d2_1De[2]     1.559E+00   1.631E+00   1.705E+00   1.780E+00   1.860E+00   1.950E+00   2.059E+00   2.194E+00   2.360E+00   2.560E+00   2.786E+00
3p_3d_1Do[2]-3d2_3Pe[0]     1.619E-03   1.542E-03   1.466E-03   1.380E-03   1.275E-03   1.146E-03   9.935E-04   8.270E-04   6.592E-04   5.036E-04   3.701E-04
3p_3d_1Do[2]-3d2_3Pe[1]     5.216E-02   5.399E-02   5.588E-02   5.778E-02   5.979E-02   6.211E-02   6.495E-02   6.853E-02   7.306E-02   7.863E-02   8.509E-02
3p_3d_1Do[2]-3d2_3Pe[2]     6.009E-01   6.262E-01   6.523E-01   6.787E-01   7.069E-01   7.393E-01   7.787E-01   8.277E-01   8.884E-01   9.617E-01   1.045E+00
3p_3d_1Do[2]-3d2_1Ge[4]     4.664E-02   4.682E-02   4.691E-02   4.691E-02   4.687E-02   4.687E-02   4.707E-02   4.762E-02   4.866E-02   5.027E-02   5.234E-02
3p_3d_1Do[2]-3d2_1Se[0]     3.227E-03   3.162E-03   3.064E-03   2.923E-03   2.731E-03   2.488E-03   2.200E-03   1.881E-03   1.555E-03   1.243E-03   9.634E-04
3p_3d_3Fo[4]-3p_3d_3Do[1]   3.350E-02   3.218E-02   2.975E-02   2.632E-02   2.238E-02   1.844E-02   1.482E-02   1.163E-02   8.903E-03   6.638E-03   4.820E-03
3p_3d_3Fo[4]-3p_3d_3Po[2]   3.538E-01   3.608E-01   3.591E-01   3.497E-01   3.365E-01   3.228E-01   3.104E-01   2.997E-01   2.907E-01   2.830E-01   2.765E-01
3p_3d_3Fo[4]-3p_3d_3Do[3]   1.485E+00   1.541E+00   1.473E+00   1.277E+00   1.018E+00   7.636E-01   5.511E-01   3.898E-01   2.740E-01   1.935E-01   1.385E-01
3p_3d_3Fo[4]-3p_3d_3Po[0]   1.703E-02   1.712E-02   1.665E-02   1.552E-02   1.390E-02   1.209E-02   1.032E-02   8.721E-03   7.379E-03   6.332E-03   5.577E-03
3p_3d_3Fo[4]-3p_3d_3Po[1]   5.940E-02   5.870E-02   5.637E-02   5.221E-02   4.673E-02   4.070E-02   3.470E-02   2.915E-02   2.429E-02   2.032E-02   1.728E-02
3p_3d_3Fo[4]-3p_3d_3Do[2]   2.744E-01   2.719E-01   2.631E-01   2.484E-01   2.310E-01   2.138E-01   1.984E-01   1.854E-01   1.750E-01   1.670E-01   1.611E-01
3p_3d_3Fo[4]-3p_3d_1Fo[3]   1.774E-01   1.668E-01   1.510E-01   1.300E-01   1.071E-01   8.555E-02   6.672E-02   5.099E-02   3.819E-02   2.802E-02   2.018E-02
3p_3d_3Fo[4]-3p_3d_1Po[1]   6.371E-02   6.468E-02   6.228E-02   5.695E-02   4.998E-02   4.252E-02   3.518E-02   2.831E-02   2.211E-02   1.673E-02   1.227E-02
3p_3d_3Fo[4]-3d2_3Fe[2]     1.078E-02   1.003E-02   9.407E-03   8.853E-03   8.302E-03   7.713E-03   7.069E-03   6.387E-03   5.710E-03   5.088E-03   4.563E-03
3p_3d_3Fo[4]-3d2_3Fe[3]     2.048E-01   2.104E-01   2.176E-01   2.254E-01   2.335E-01   2.423E-01   2.525E-01   2.642E-01   2.767E-01   2.885E-01   2.980E-01
3p_3d_3Fo[4]-3d2_3Fe[4]     2.432E+00   2.557E+00   2.696E+00   2.840E+00   2.987E+00   3.147E+00   3.326E+00   3.524E+00   3.724E+00   3.892E+00   3.998E+00
3p_3d_3Fo[4]-3d2_1De[2]     2.237E-02   2.208E-02   2.173E-02   2.128E-02   2.071E-02   2.003E-02   1.926E-02   1.847E-02   1.773E-02   1.715E-02   1.677E-02
3p_3d_3Fo[4]-3d2_3Pe[0]     3.734E-03   3.654E-03   3.547E-03   3.399E-03   3.197E-03   2.934E-03   2.608E-03   2.234E-03   1.839E-03   1.453E-03   1.105E-03
3p_3d_3Fo[4]-3d2_3Pe[1]     2.189E-02   2.178E-02   2.164E-02   2.146E-02   2.125E-02   2.102E-02   2.080E-02   2.064E-02   2.060E-02   2.073E-02   2.103E-02
3p_3d_3Fo[4]-3d2_3Pe[2]     5.050E-02   4.981E-02   4.883E-02   4.749E-02   4.567E-02   4.333E-02   4.051E-02   3.737E-02   3.419E-02   3.124E-02   2.877E-02
3p_3d_3Fo[4]-3d2_1Ge[4]     7.223E-02   7.106E-02   6.928E-02   6.670E-02   6.310E-02   5.834E-02   5.244E-02   4.566E-02   3.846E-02   3.139E-02   2.494E-02
3p_3d_3Fo[4]-3d2_1Se[0]     5.158E-03   5.071E-03   4.937E-03   4.740E-03   4.461E-03   4.090E-03   3.631E-03   3.104E-03   2.548E-03   2.007E-03   1.521E-03
3p_3d_3Do[1]-3p_3d_3Po[2]   2.153E-01   2.174E-01   2.060E-01   1.837E-01   1.563E-01   1.290E-01   1.044E-01   8.355E-02   6.623E-02   5.216E-02   4.103E-02
3p_3d_3Do[1]-3p_3d_3Do[3]   1.204E-01   1.197E-01   1.150E-01   1.072E-01   9.828E-02   8.982E-02   8.263E-02   7.686E-02   7.238E-02   6.897E-02   6.640E-02
3p_3d_3Do[1]-3p_3d_3Po[0]   2.845E-02   2.857E-02   2.677E-02   2.359E-02   1.983E-02   1.615E-02   1.287E-02   1.006E-02   7.713E-03   5.779E-03   4.229E-03
3p_3d_3Do[1]-3p_3d_3Po[1]   4.298E-01   4.496E-01   4.345E-01   3.833E-01   3.126E-01   2.415E-01   1.810E-01   1.344E-01   1.004E-01   7.632E-02   5.958E-02
3p_3d_3Do[1]-3p_3d_3Do[2]   2.422E-01   2.421E-01   2.303E-01   2.089E-01   1.836E-01   1.598E-01   1.401E-01   1.250E-01   1.140E-01   1.062E-01   1.006E-01
3p_3d_3Do[1]-3p_3d_1Fo[3]   1.301E-01   1.234E-01   1.115E-01   9.570E-02   7.913E-02   6.390E-02   5.086E-02   4.002E-02   3.117E-02   2.406E-02   1.849E-02
3p_3d_3Do[1]-3p_3d_1Po[1]   5.746E-02   6.141E-02   5.866E-02   5.075E-02   4.069E-02   3.096E-02   2.277E-02   1.637E-02   1.158E-02   8.081E-03   5.582E-03
3p_3d_3Do[1]-3d2_3Fe[2]     1.776E+00   1.890E+00   2.018E+00   2.146E+00   2.272E+00   2.403E+00   2.548E+00   2.720E+00   2.926E+00   3.170E+00   3.445E+00
3p_3d_3Do[1]-3d2_3Fe[3]     3.794E-02   3.572E-02   3.382E-02   3.214E-02   3.054E-02   2.893E-02   2.728E-02   2.566E-02   2.421E-02   2.304E-02   2.223E-02
3p_3d_3Do[1]-3d2_3Fe[4]     1.861E-02   1.701E-02   1.576E-02   1.477E-02   1.393E-02   1.316E-02   1.244E-02   1.177E-02   1.119E-02   1.073E-02   1.042E-02
3p_3d_3Do[1]-3d2_1De[2]     9.638E-02   1.002E-01   1.040E-01   1.076E-01   1.111E-01   1.148E-01   1.192E-01   1.247E-01   1.317E-01   1.405E-01   1.509E-01
3p_3d_3Do[1]-3d2_3Pe[0]     7.574E-01   7.983E-01   8.399E-01   8.810E-01   9.237E-01   9.717E-01   1.029E+00   1.099E+00   1.184E+00   1.286E+00   1.402E+00
3p_3d_3Do[1]-3d2_3Pe[1]     1.391E-02   1.374E-02   1.345E-02   1.300E-02   1.234E-02   1.147E-02   1.039E-02   9.181E-03   7.940E-03   6.780E-03   5.788E-03
3p_3d_3Do[1]-3d2_3Pe[2]     6.169E-02   6.446E-02   6.727E-02   6.996E-02   7.267E-02   7.561E-02   7.911E-02   8.345E-02   8.889E-02   9.554E-02   1.032E-01
3p_3d_3Do[1]-3d2_1Ge[4]     1.746E-02   1.717E-02   1.670E-02   1.600E-02   1.500E-02   1.369E-02   1.210E-02   1.032E-02   8.481E-03   6.737E-03   5.203E-03
3p_3d_3Do[1]-3d2_1Se[0]     8.240E-03   8.263E-03   8.296E-03   8.347E-03   8.428E-03   8.557E-03   8.756E-03   9.056E-03   9.485E-03   1.006E-02   1.077E-02
3p_3d_3Po[2]-3p_3d_3Do[3]   4.618E-01   4.717E-01   4.586E-01   4.249E-01   3.811E-01   3.375E-01   2.995E-01   2.685E-01   2.441E-01   2.252E-01   2.107E-01
3p_3d_3Po[2]-3p_3d_3Po[0]   1.373E-01   1.566E-01   1.581E-01   1.429E-01   1.186E-01   9.341E-02   7.194E-02   5.547E-02   4.356E-02   3.520E-02   2.940E-02
3p_3d_3Po[2]-3p_3d_3Po[1]   2.623E-01   3.048E-01   3.142E-01   2.858E-01   2.339E-01   1.771E-01   1.273E-01   8.853E-02   6.035E-02   4.069E-02   2.729E-02
3p_3d_3Po[2]-3p_3d_3Do[2]   7.843E-01   8.282E-01   7.971E-01   6.932E-01   5.526E-01   4.131E-01   2.961E-01   2.071E-01   1.430E-01   9.847E-02   6.808E-02
3p_3d_3Po[2]-3p_3d_1Fo[3]   2.782E-01   2.469E-01   2.129E-01   1.759E-01   1.400E-01   1.085E-01   8.262E-02   6.198E-02   4.580E-02   3.327E-02   2.376E-02
3p_3d_3Po[2]-3p_3d_1Po[1]   1.341E-01   1.425E-01   1.353E-01   1.167E-01   9.382E-02   7.215E-02   5.417E-02   4.029E-02   3.001E-02   2.258E-02   1.731E-02
3p_3d_3Po[2]-3d2_3Fe[2]     1.686E-01   1.726E-01   1.788E-01   1.857E-01   1.932E-01   2.014E-01   2.110E-01   2.228E-01   2.374E-01   2.551E-01   2.754E-01
3p_3d_3Po[2]-3d2_3Fe[3]     1.672E+00   1.772E+00   1.886E+00   2.001E+00   2.116E+00   2.237E+00   2.372E+00   2.531E+00   2.723E+00   2.949E+00   3.205E+00
3p_3d_3Po[2]-3d2_3Fe[4]     7.327E-02   6.580E-02   6.015E-02   5.584E-02   5.241E-02   4.948E-02   4.687E-02   4.456E-02   4.267E-02   4.131E-02   4.054E-02
3p_3d_3Po[2]-3d2_1De[2]     1.616E-01   1.687E-01   1.761E-01   1.835E-01   1.911E-01   1.996E-01   2.095E-01   2.219E-01   2.371E-01   2.557E-01   2.769E-01
3p_3d_3Po[2]-3d2_3Pe[0]     8.249E-03   7.724E-03   7.279E-03   6.839E-03   6.346E-03   5.763E-03   5.082E-03   4.325E-03   3.541E-03   2.788E-03   2.115E-03
3p_3d_3Po[2]-3d2_3Pe[1]     1.456E+00   1.534E+00   1.612E+00   1.690E+00   1.771E+00   1.863E+00   1.973E+00   2.107E+00   2.271E+00   2.467E+00   2.689E+00
3p_3d_3Po[2]-3d2_3Pe[2]     6.881E-01   7.215E-01   7.553E-01   7.885E-01   8.228E-01   8.608E-01   9.062E-01   9.619E-01   1.031E+00   1.114E+00   1.208E+00
3p_3d_3Po[2]-3d2_1Ge[4]     3.168E-02   3.117E-02   3.034E-02   2.909E-02   2.734E-02   2.502E-02   2.220E-02   1.901E-02   1.571E-02   1.256E-02   9.770E-03
3p_3d_3Po[2]-3d2_1Se[0]     4.842E-03   4.752E-03   4.614E-03   4.412E-03   4.128E-03   3.757E-03   3.304E-03   2.796E-03   2.271E-03   1.772E-03   1.331E-03
3p_3d_3Do[3]-3p_3d_3Po[0]   2.426E-02   2.423E-02   2.298E-02   2.074E-02   1.794E-02   1.502E-02   1.224E-02   9.712E-03   7.491E-03   5.611E-03   4.083E-03
3p_3d_3Do[3]-3p_3d_3Po[1]   1.953E-01   2.024E-01   2.009E-01   1.917E-01   1.784E-01   1.649E-01   1.532E-01   1.438E-01   1.366E-01   1.312E-01   1.272E-01
3p_3d_3Do[3]-3p_3d_3Do[2]   4.459E-01   4.626E-01   4.487E-01   4.050E-01   3.454E-01   2.851E-01   2.327E-01   1.906E-01   1.582E-01   1.338E-01   1.156E-01
3p_3d_3Do[3]-3p_3d_1Fo[3]   4.635E-01   4.246E-01   3.770E-01   3.193E-01   2.594E-01   2.045E-01   1.582E-01   1.206E-01   9.076E-02   6.742E-02   4.957E-02
3p_3d_3Do[3]-3p_3d_1Po[1]   1.308E-01   1.412E-01   1.362E-01   1.187E-01   9.554E-02   7.283E-02   5.355E-02   3.842E-02   2.704E-02   1.873E-02   1.279E-02
3p_3d_3Do[3]-3d2_3Fe[2]     2.666E-02   2.488E-02   2.360E-02   2.263E-02   2.182E-02   2.109E-02   2.043E-02   1.987E-02   1.950E-02   1.938E-02   1.953E-02
3p_3d_3Do[3]-3d2_3Fe[3]     3.512E-01   3.627E-01   3.781E-01   3.947E-01   4.120E-01   4.304E-01   4.516E-01   4.770E-01   5.083E-01   5.460E-01   5.892E-01
3p_3d_3Do[3]-3d2_3Fe[4]     5.232E+00   5.568E+00   5.942E+00   6.319E+00   6.694E+00   7.082E+00   7.503E+00   7.958E+00   8.417E+00   8.824E+00   9.124E+00
3p_3d_3Do[3]-3d2_1De[2]     5.512E-01   5.816E-01   6.124E-01   6.423E-01   6.730E-01   7.069E-01   7.469E-01   7.958E-01   8.555E-01   9.269E-01   1.008E+00
3p_3d_3Do[3]-3d2_3Pe[0]     5.163E-03   5.083E-03   5.001E-03   4.910E-03   4.803E-03   4.683E-03   4.557E-03   4.439E-03   4.347E-03   4.294E-03   4.286E-03
3p_3d_3Do[3]-3d2_3Pe[1]     1.636E-02   1.606E-02   1.569E-02   1.519E-02   1.452E-02   1.368E-02   1.269E-02   1.161E-02   1.053E-02   9.558E-03   8.752E-03
3p_3d_3Do[3]-3d2_3Pe[2]     6.528E-01   6.865E-01   7.201E-01   7.527E-01   7.863E-01   8.236E-01   8.680E-01   9.226E-01   9.899E-01   1.071E+00   1.163E+00
3p_3d_3Do[3]-3d2_1Ge[4]     5.237E-02   5.228E-02   5.180E-02   5.076E-02   4.907E-02   4.671E-02   4.381E-02   4.058E-02   3.728E-02   3.414E-02   3.128E-02
3p_3d_3Do[3]-3d2_1Se[0]     2.780E-03   2.717E-03   2.622E-03   2.486E-03   2.299E-03   2.060E-03   1.777E-03   1.472E-03   1.170E-03   8.970E-04   6.681E-04
3p_3d_3Po[0]-3p_3d_3Po[1]   1.252E-01   1.429E-01   1.454E-01   1.326E-01   1.110E-01   8.747E-02   6.643E-02   4.929E-02   3.596E-02   2.583E-02   1.828E-02
3p_3d_3Po[0]-3p_3d_3Do[2]   1.262E-01   1.302E-01   1.295E-01   1.260E-01   1.219E-01   1.184E-01   1.159E-01   1.145E-01   1.140E-01   1.139E-01   1.142E-01
3p_3d_3Po[0]-3p_3d_1Fo[3]   5.232E-02   4.389E-02   3.634E-02   2.941E-02   2.331E-02   1.819E-02   1.402E-02   1.066E-02   7.967E-03   5.832E-03   4.174E-03
3p_3d_3Po[0]-3p_3d_1Po[1]   2.016E-02   1.975E-02   1.783E-02   1.515E-02   1.235E-02   9.801E-03   7.619E-03   5.810E-03   4.337E-03   3.163E-03   2.252E-03
3p_3d_3Po[0]-3d2_3Fe[2]     1.053E-02   8.753E-03   7.344E-03   6.242E-03   5.344E-03   4.560E-03   3.832E-03   3.140E-03   2.493E-03   1.913E-03   1.420E-03
3p_3d_3Po[0]-3d2_3Fe[3]     1.305E-02   1.105E-02   9.527E-03   8.442E-03   7.691E-03   7.179E-03   6.835E-03   6.615E-03   6.500E-03   6.475E-03   6.524E-03
3p_3d_3Po[0]-3d2_3Fe[4]     4.396E-03   3.723E-03   3.190E-03   2.769E-03   2.417E-03   2.097E-03   1.789E-03   1.485E-03   1.192E-03   9.239E-04   6.916E-04
3p_3d_3Po[0]-3d2_1De[2]     8.979E-03   8.511E-03   8.085E-03   7.632E-03   7.099E-03   6.452E-03   5.688E-03   4.839E-03   3.959E-03   3.114E-03   2.362E-03
3p_3d_3Po[0]-3d2_3Pe[0]     3.684E-03   3.421E-03   3.207E-03   3.003E-03   2.780E-03   2.520E-03   2.220E-03   1.887E-03   1.543E-03   1.213E-03   9.185E-04
3p_3d_3Po[0]-3d2_3Pe[1]     7.153E-01   7.555E-01   7.961E-01   8.357E-01   8.758E-01   9.200E-01   9.721E-01   1.036E+00   1.114E+00   1.208E+00   1.314E+00
3p_3d_3Po[0]-3d2_3Pe[2]     8.537E-04   8.467E-04   8.299E-04   7.992E-04   7.520E-04   6.873E-04   6.078E-04   5.187E-04   4.273E-04   3.405E-04   2.636E-04
3p_3d_3Po[0]-3d2_1Ge[4]     6.683E-03   6.576E-03   6.402E-03   6.138E-03   5.766E-03   5.274E-03   4.670E-03   3.984E-03   3.267E-03   2.572E-03   1.950E-03
3p_3d_3Po[0]-3d2_1Se[0]     1.257E-03   1.235E-03   1.200E-03   1.149E-03   1.077E-03   9.820E-04   8.662E-04   7.354E-04   5.996E-04   4.695E-04   3.540E-04
3p_3d_3Po[1]-3p_3d_3Do[2]   2.727E-01   2.835E-01   2.726E-01   2.430E-01   2.042E-01   1.649E-01   1.302E-01   1.015E-01   7.865E-02   6.077E-02   4.709E-02
3p_3d_3Po[1]-3p_3d_1Fo[3]   1.875E-01   1.639E-01   1.403E-01   1.157E-01   9.221E-02   7.163E-02   5.465E-02   4.106E-02   3.033E-02   2.198E-02   1.562E-02
3p_3d_3Po[1]-3p_3d_1Po[1]   1.812E-01   1.988E-01   1.910E-01   1.642E-01   1.295E-01   9.623E-02   6.875E-02   4.789E-02   3.278E-02   2.214E-02   1.479E-02
3p_3d_3Po[1]-3d2_3Fe[2]     6.035E-01   6.406E-01   6.826E-01   7.248E-01   7.664E-01   8.094E-01   8.573E-01   9.139E-01   9.819E-01   1.062E+00   1.153E+00
3p_3d_3Po[1]-3d2_3Fe[3]     3.690E-02   3.119E-02   2.667E-02   2.312E-02   2.020E-02   1.763E-02   1.521E-02   1.289E-02   1.071E-02   8.763E-03   7.121E-03
3p_3d_3Po[1]-3d2_3Fe[4]     2.355E-02   1.826E-02   1.444E-02   1.175E-02   9.826E-03   8.412E-03   7.315E-03   6.429E-03   5.701E-03   5.115E-03   4.661E-03
3p_3d_3Po[1]-3d2_1De[2]     3.886E-01   4.090E-01   4.298E-01   4.497E-01   4.695E-01   4.908E-01   5.157E-01   5.462E-01   5.839E-01   6.294E-01   6.816E-01
3p_3d_3Po[1]-3d2_3Pe[0]     2.226E-01   2.347E-01   2.470E-01   2.591E-01   2.716E-01   2.854E-01   3.017E-01   3.216E-01   3.460E-01   3.751E-01   4.080E-01
3p_3d_3Po[1]-3d2_3Pe[1]     7.500E-01   7.919E-01   8.342E-01   8.753E-01   9.171E-01   9.631E-01   1.017E+00   1.084E+00   1.166E+00   1.263E+00   1.374E+00
3p_3d_3Po[1]-3d2_3Pe[2]     4.198E-01   4.426E-01   4.658E-01   4.883E-01   5.111E-01   5.360E-01   5.655E-01   6.016E-01   6.459E-01   6.991E-01   7.595E-01
3p_3d_3Po[1]-3d2_1Ge[4]     1.939E-02   1.908E-02   1.856E-02   1.779E-02   1.669E-02   1.524E-02   1.347E-02   1.147E-02   9.377E-03   7.364E-03   5.567E-03
3p_3d_3Po[1]-3d2_1Se[0]     3.225E-03   3.167E-03   3.078E-03   2.946E-03   2.762E-03   2.521E-03   2.226E-03   1.895E-03   1.553E-03   1.227E-03   9.410E-04
3p_3d_3Do[2]-3p_3d_1Fo[3]   3.474E-01   3.126E-01   2.729E-01   2.274E-01   1.819E-01   1.413E-01   1.076E-01   8.061E-02   5.946E-02   4.309E-02   3.067E-02
3p_3d_3Do[2]-3p_3d_1Po[1]   2.506E-01   2.734E-01   2.616E-01   2.241E-01   1.768E-01   1.319E-01   9.503E-02   6.711E-02   4.693E-02   3.273E-02   2.293E-02
3p_3d_3Do[2]-3d2_3Fe[2]     2.291E-01   2.399E-01   2.526E-01   2.654E-01   2.781E-01   2.914E-01   3.063E-01   3.241E-01   3.458E-01   3.719E-01   4.015E-01
3p_3d_3Do[2]-3d2_3Fe[3]     1.942E+00   2.071E+00   2.214E+00   2.358E+00   2.499E+00   2.645E+00   2.807E+00   2.997E+00   3.225E+00   3.494E+00   3.796E+00
3p_3d_3Do[2]-3d2_3Fe[4]     6.521E-02   5.325E-02   4.446E-02   3.787E-02   3.262E-02   2.808E-02   2.385E-02   1.980E-02   1.600E-02   1.256E-02   9.624E-03
3p_3d_3Do[2]-3d2_1De[2]     7.125E-01   7.517E-01   7.913E-01   8.298E-01   8.685E-01   9.108E-01   9.603E-01   1.021E+00   1.095E+00   1.184E+00   1.286E+00
3p_3d_3Do[2]-3d2_3Pe[0]     3.121E-03   3.062E-03   2.983E-03   2.862E-03   2.683E-03   2.443E-03   2.152E-03   1.828E-03   1.495E-03   1.178E-03   8.991E-04
3p_3d_3Do[2]-3d2_3Pe[1]     1.696E-02   1.675E-02   1.651E-02   1.615E-02   1.563E-02   1.493E-02   1.409E-02   1.317E-02   1.228E-02   1.152E-02   1.097E-02
3p_3d_3Do[2]-3d2_3Pe[2]     1.414E+00   1.491E+00   1.569E+00   1.645E+00   1.723E+00   1.810E+00   1.913E+00   2.038E+00   2.192E+00   2.376E+00   2.584E+00
3p_3d_3Do[2]-3d2_1Ge[4]     3.134E-02   3.082E-02   2.998E-02   2.871E-02   2.692E-02   2.456E-02   2.168E-02   1.843E-02   1.507E-02   1.186E-02   9.007E-03
3p_3d_3Do[2]-3d2_1Se[0]     4.211E-03   4.131E-03   4.007E-03   3.827E-03   3.575E-03   3.246E-03   2.848E-03   2.402E-03   1.944E-03   1.511E-03   1.131E-03
3p_3d_1Fo[3]-3p_3d_1Po[1]   6.130E-01   6.102E-01   5.896E-01   5.593E-01   5.286E-01   5.030E-01   4.841E-01   4.714E-01   4.636E-01   4.589E-01   4.560E-01
3p_3d_1Fo[3]-3d2_3Fe[2]     5.460E-02   4.743E-02   4.192E-02   3.760E-02   3.399E-02   3.071E-02   2.757E-02   2.458E-02   2.184E-02   1.950E-02   1.767E-02
3p_3d_1Fo[3]-3d2_3Fe[3]     8.426E-02   7.243E-02   6.369E-02   5.712E-02   5.183E-02   4.723E-02   4.299E-02   3.907E-02   3.562E-02   3.282E-02   3.080E-02
3p_3d_1Fo[3]-3d2_3Fe[4]     9.951E-02   8.284E-02   7.040E-02   6.096E-02   5.333E-02   4.664E-02   4.038E-02   3.441E-02   2.879E-02   2.370E-02   1.932E-02
3p_3d_1Fo[3]-3d2_1De[2]     4.050E-01   4.315E-01   4.584E-01   4.841E-01   5.096E-01   5.368E-01   5.681E-01   6.057E-01   6.512E-01   7.050E-01   7.653E-01
3p_3d_1Fo[3]-3d2_3Pe[0]     6.106E-03   5.919E-03   5.698E-03   5.414E-03   5.048E-03   4.587E-03   4.038E-03   3.429E-03   2.802E-03   2.203E-03   1.673E-03
3p_3d_1Fo[3]-3d2_3Pe[1]     1.833E-02   1.785E-02   1.723E-02   1.640E-02   1.530E-02   1.391E-02   1.224E-02   1.038E-02   8.461E-03   6.627E-03   5.001E-03
3p_3d_1Fo[3]-3d2_3Pe[2]     4.006E-01   4.273E-01   4.536E-01   4.784E-01   5.028E-01   5.288E-01   5.587E-01   5.948E-01   6.386E-01   6.906E-01   7.492E-01
3p_3d_1Fo[3]-3d2_1Ge[4]     8.015E+00   8.559E+00   9.110E+00   9.639E+00   1.016E+01   1.071E+01   1.131E+01   1.196E+01   1.261E+01   1.317E+01   1.357E+01
3p_3d_1Fo[3]-3d2_1Se[0]     1.563E-02   1.568E-02   1.578E-02   1.594E-02   1.622E-02   1.669E-02   1.737E-02   1.829E-02   1.945E-02   2.081E-02   2.229E-02
3p_3d_1Po[1]-3d2_3Fe[2]     2.146E-02   1.831E-02   1.576E-02   1.378E-02   1.227E-02   1.109E-02   1.017E-02   9.452E-03   8.945E-03   8.647E-03   8.549E-03
3p_3d_1Po[1]-3d2_3Fe[3]     2.989E-02   2.417E-02   1.944E-02   1.571E-02   1.277E-02   1.040E-02   8.415E-03   6.700E-03   5.215E-03   3.959E-03   2.936E-03
3p_3d_1Po[1]-3d2_3Fe[4]     5.143E-02   4.020E-02   3.149E-02   2.490E-02   1.991E-02   1.600E-02   1.280E-02   1.009E-02   7.775E-03   5.827E-03   4.245E-03
3p_3d_1Po[1]-3d2_1De[2]     1.108E+00   1.177E+00   1.247E+00   1.314E+00   1.380E+00   1.451E+00   1.533E+00   1.632E+00   1.753E+00   1.897E+00   2.058E+00
3p_3d_1Po[1]-3d2_3Pe[0]     9.066E-03   8.702E-03   8.362E-03   8.056E-03   7.777E-03   7.519E-03   7.285E-03   7.096E-03   6.982E-03   6.967E-03   7.060E-03
3p_3d_1Po[1]-3d2_3Pe[1]     1.839E-02   1.667E-02   1.500E-02   1.345E-02   1.198E-02   1.052E-02   9.046E-03   7.552E-03   6.096E-03   4.751E-03   3.583E-03
3p_3d_1Po[1]-3d2_3Pe[2]     9.038E-01   9.545E-01   1.006E+00   1.057E+00   1.107E+00   1.161E+00   1.224E+00   1.301E+00   1.396E+00   1.509E+00   1.636E+00
3p_3d_1Po[1]-3d2_1Ge[4]     4.590E-02   4.541E-02   4.513E-02   4.524E-02   4.582E-02   4.697E-02   4.872E-02   5.112E-02   5.412E-02   5.764E-02   6.145E-02
3p_3d_1Po[1]-3d2_1Se[0]     1.459E+00   1.472E+00   1.492E+00   1.521E+00   1.564E+00   1.623E+00   1.704E+00   1.811E+00   1.946E+00   2.111E+00   2.297E+00
3d2_3Fe[2]-3d2_3Fe[3]       2.439E-01   2.357E-01   2.263E-01   2.148E-01   2.006E-01   1.835E-01   1.638E-01   1.426E-01   1.214E-01   1.018E-01   8.477E-02
3d2_3Fe[2]-3d2_3Fe[4]       6.597E-02   6.287E-02   5.960E-02   5.592E-02   5.160E-02   4.655E-02   4.088E-02   3.491E-02   2.909E-02   2.383E-02   1.944E-02
3d2_3Fe[2]-3d2_1De[2]       1.230E-01   1.202E-01   1.161E-01   1.103E-01   1.026E-01   9.299E-02   8.179E-02   6.971E-02   5.768E-02   4.660E-02   3.710E-02
3d2_3Fe[2]-3d2_3Pe[0]       8.413E-02   8.586E-02   8.714E-02   8.779E-02   8.789E-02   8.767E-02   8.735E-02   8.713E-02   8.708E-02   8.715E-02   8.729E-02
3d2_3Fe[2]-3d2_3Pe[1]       1.170E-01   1.180E-01   1.181E-01   1.170E-01   1.149E-01   1.118E-01   1.080E-01   1.042E-01   1.004E-01   9.708E-02   9.427E-02
3d2_3Fe[2]-3d2_3Pe[2]       2.777E-02   2.718E-02   2.635E-02   2.521E-02   2.373E-02   2.192E-02   1.989E-02   1.777E-02   1.574E-02   1.396E-02   1.251E-02
3d2_3Fe[2]-3d2_1Ge[4]       1.382E-01   1.349E-01   1.300E-01   1.231E-01   1.138E-01   1.022E-01   8.862E-02   7.392E-02   5.922E-02   4.562E-02   3.393E-02
3d2_3Fe[2]-3d2_1Se[0]       7.959E-03   7.743E-03   7.425E-03   6.979E-03   6.391E-03   5.665E-03   4.838E-03   3.970E-03   3.135E-03   2.393E-03   1.780E-03
3d2_3Fe[3]-3d2_3Fe[4]       2.924E-01   2.811E-01   2.688E-01   2.545E-01   2.371E-01   2.163E-01   1.925E-01   1.671E-01   1.417E-01   1.183E-01   9.819E-02
3d2_3Fe[3]-3d2_1De[2]       1.566E-01   1.540E-01   1.500E-01   1.440E-01   1.358E-01   1.254E-01   1.132E-01   1.001E-01   8.712E-02   7.514E-02   6.487E-02
3d2_3Fe[3]-3d2_3Pe[0]       2.477E-02   2.403E-02   2.306E-02   2.177E-02   2.009E-02   1.802E-02   1.561E-02   1.302E-02   1.042E-02   8.017E-03   5.945E-03
3d2_3Fe[3]-3d2_3Pe[1]       1.856E-01   1.890E-01   1.913E-01   1.919E-01   1.909E-01   1.890E-01   1.865E-01   1.842E-01   1.822E-01   1.807E-01   1.797E-01
3d2_3Fe[3]-3d2_3Pe[2]       1.322E-01   1.313E-01   1.291E-01   1.254E-01   1.201E-01   1.132E-01   1.052E-01   9.669E-02   8.833E-02   8.076E-02   7.436E-02
3d2_3Fe[3]-3d2_1Ge[4]       1.962E-01   1.915E-01   1.846E-01   1.747E-01   1.615E-01   1.450E-01   1.256E-01   1.046E-01   8.361E-02   6.419E-02   4.749E-02
3d2_3Fe[3]-3d2_1Se[0]       1.142E-02   1.111E-02   1.064E-02   9.983E-03   9.116E-03   8.047E-03   6.826E-03   5.545E-03   4.310E-03   3.211E-03   2.304E-03
3d2_3Fe[4]-3d2_1De[2]       2.218E-01   2.232E-01   2.228E-01   2.201E-01   2.149E-01   2.076E-01   1.990E-01   1.898E-01   1.810E-01   1.732E-01   1.666E-01
3d2_3Fe[4]-3d2_3Pe[0]       1.388E-02   1.346E-02   1.292E-02   1.221E-02   1.132E-02   1.025E-02   9.044E-03   7.793E-03   6.607E-03   5.580E-03   4.762E-03
3d2_3Fe[4]-3d2_3Pe[1]       6.202E-02   6.039E-02   5.809E-02   5.495E-02   5.085E-02   4.579E-02   3.997E-02   3.378E-02   2.772E-02   2.225E-02   1.766E-02
3d2_3Fe[4]-3d2_3Pe[2]       3.530E-01   3.532E-01   3.504E-01   3.436E-01   3.325E-01   3.176E-01   2.999E-01   2.810E-01   2.625E-01   2.456E-01   2.313E-01
3d2_3Fe[4]-3d2_1Ge[4]       2.572E-01   2.512E-01   2.422E-01   2.294E-01   2.121E-01   1.904E-01   1.650E-01   1.375E-01   1.100E-01   8.458E-02   6.273E-02
3d2_3Fe[4]-3d2_1Se[0]       1.548E-02   1.505E-02   1.442E-02   1.353E-02   1.236E-02   1.091E-02   9.254E-03   7.518E-03   5.843E-03   4.355E-03   3.126E-03
3d2_1De[2]-3d2_3Pe[0]       5.005E-02   5.004E-02   4.971E-02   4.890E-02   4.759E-02   4.585E-02   4.383E-02   4.171E-02   3.964E-02   3.777E-02   3.619E-02
3d2_1De[2]-3d2_3Pe[1]       1.401E-01   1.401E-01   1.390E-01   1.364E-01   1.322E-01   1.265E-01   1.199E-01   1.128E-01   1.058E-01   9.938E-02   9.382E-02
3d2_1De[2]-3d2_3Pe[2]       1.028E-01   9.982E-02   9.600E-02   9.119E-02   8.521E-02   7.801E-02   6.980E-02   6.100E-02   5.221E-02   4.404E-02   3.696E-02
3d2_1De[2]-3d2_1Ge[4]       1.900E-01   1.914E-01   1.911E-01   1.888E-01   1.844E-01   1.786E-01   1.719E-01   1.652E-01   1.593E-01   1.545E-01   1.511E-01
3d2_1De[2]-3d2_1Se[0]       1.280E-01   1.277E-01   1.272E-01   1.268E-01   1.265E-01   1.265E-01   1.269E-01   1.279E-01   1.292E-01   1.306E-01   1.319E-01
3d2_3Pe[0]-3d2_3Pe[1]       4.541E-02   4.440E-02   4.298E-02   4.100E-02   3.836E-02   3.499E-02   3.096E-02   2.645E-02   2.175E-02   1.721E-02   1.314E-02
3d2_3Pe[0]-3d2_3Pe[2]       4.414E-02   4.501E-02   4.560E-02   4.580E-02   4.567E-02   4.534E-02   4.496E-02   4.462E-02   4.439E-02   4.427E-02   4.422E-02
3d2_3Pe[0]-3d2_1Ge[4]       2.856E-02   2.789E-02   2.691E-02   2.552E-02   2.365E-02   2.129E-02   1.851E-02   1.548E-02   1.242E-02   9.570E-03   7.103E-03
3d2_3Pe[0]-3d2_1Se[0]       4.244E-03   4.133E-03   3.969E-03   3.740E-03   3.436E-03   3.059E-03   2.623E-03   2.158E-03   1.702E-03   1.287E-03   9.367E-04
3d2_3Pe[1]-3d2_3Pe[2]       1.430E-01   1.439E-01   1.437E-01   1.420E-01   1.388E-01   1.344E-01   1.291E-01   1.235E-01   1.180E-01   1.130E-01   1.086E-01
3d2_3Pe[1]-3d2_1Ge[4]       8.680E-02   8.478E-02   8.179E-02   7.757E-02   7.190E-02   6.473E-02   5.628E-02   4.706E-02   3.776E-02   2.910E-02   2.160E-02
3d2_3Pe[1]-3d2_1Se[0]       1.301E-02   1.267E-02   1.217E-02   1.147E-02   1.054E-02   9.383E-03   8.048E-03   6.623E-03   5.223E-03   3.951E-03   2.877E-03
3d2_3Pe[2]-3d2_1Ge[4]       1.922E-01   1.924E-01   1.909E-01   1.871E-01   1.811E-01   1.732E-01   1.639E-01   1.543E-01   1.451E-01   1.371E-01   1.306E-01
3d2_3Pe[2]-3d2_1Se[0]       1.039E-01   1.034E-01   1.028E-01   1.020E-01   1.013E-01   1.006E-01   1.003E-01   1.002E-01   1.004E-01   1.008E-01   1.013E-01
3d2_1Ge[4]-3d2_1Se[0]       7.914E-03   7.825E-03   7.706E-03   7.571E-03   7.455E-03   7.426E-03   7.575E-03   7.992E-03   8.730E-03   9.770E-03   1.101E-02
