********************************************************************************

   Super level assignments for CoIV
   E%LS option with E%=5.0%

********************************************************************************

28-Nov-2000                            !Date
1000                                   !Number of energy levels
6                                      !Entry number of link to super level
  
3d6_5De[4]                9.0          0.0000    12.3964   2.418E+02     1     0      1
3d6_5De[3]                7.0        639.1000    12.3773   2.422E+02     1     0      2
3d6_5De[2]                5.0       1077.7000    12.3641   2.425E+02     1     0      3
3d6_5De[1]                3.0       1357.3000    12.3557   2.426E+02     1     0      4
3d6_5De[0]                1.0       1493.6000    12.3516   2.427E+02     1     0      5
3d6_3P2e[2]               5.0      22883.3000    11.7104   2.560E+02     2     0      6
3d6_3He[6]               13.0      23679.5000    11.6865   2.565E+02     3     0      7
3d6_3He[5]               11.0      24031.8000    11.6760   2.568E+02     3     0      8
3d6_3He[4]                9.0      24272.0000    11.6688   2.569E+02     3     0      9
3d6_3P2e[1]               3.0      24729.2000    11.6551   2.572E+02     2     0     10
3d6_3F2e[4]               9.0      25396.0000    11.6351   2.577E+02     4     0     11
3d6_3P2e[0]               1.0      25448.7000    11.6335   2.577E+02     2     0     12
3d6_3F2e[3]               7.0      25735.9000    11.6249   2.579E+02     4     0     13
3d6_3F2e[2]               5.0      25969.0000    11.6179   2.580E+02     4     0     14
3d6_3Ge[5]               11.0      29021.8000    11.5264   2.601E+02     5     0     15
3d6_3Ge[4]                9.0      29592.2000    11.5093   2.605E+02     5     0     16
3d6_3Ge[3]                7.0      29867.5000    11.5010   2.607E+02     5     0     17
3d6_1Ie[6]               13.0      35942.7000    11.3189   2.649E+02     6     0     18
3d6_3De[2]                5.0      36348.0000    11.3067   2.651E+02     7     0     19
3d6_3De[1]                3.0      36382.0000    11.3057   2.652E+02     7     0     20
3d6_3De[3]                7.0      36554.5000    11.3005   2.653E+02     7     0     21
3d6_1G2e[4]               9.0      36683.3000    11.2967   2.654E+02     6     0     22
3d6_1S2e[0]               1.0      41441.9000    11.1540   2.688E+02     8     0     23
3d6_1D2e[2]               5.0      42341.8000    11.1270   2.694E+02     8     0     24
3d6_1Fe[3]                7.0      50630.1000    10.8786   2.756E+02     9     0     25
3d6_3P1e[0]               1.0      58320.6000    10.6480   2.815E+02    10     0     26
3d6_3P1e[1]               3.0      58919.8000    10.6300   2.820E+02    10     0     27
3d6_3F1e[2]               5.0      59748.8000    10.6052   2.827E+02    10     0     28
3d6_3F1e[4]               9.0      59838.2000    10.6025   2.828E+02    10     0     29
3d6_3F1e[3]               7.0      59902.8000    10.6006   2.828E+02    10     0     30
3d6_3P1e[2]               5.0      60098.4000    10.5947   2.830E+02    10     0     31
3d6_1G1e[4]               9.0      67907.0000    10.3606   2.894E+02    11     0     32
3d5(6S)4s_7Se[3]          7.0      90554.4000     9.6817   3.096E+02    12     0     33
3d6_1D1e[2]               5.0      91218.4000     9.6618   3.103E+02    13     0     34
3d5(6S)4s_5Se[2]          5.0     102773.9000     9.3153   3.218E+02    14     0     35
3d6_1Se[0]               1.0     116602.8250     8.9008   3.368E+02    15     0     36
3d5(4G)4s_5Ge[6]         13.0     129134.0000     8.5251   3.517E+02    16     0     37
3d5(4G)4s_5Ge[5]         11.0     129195.2000     8.5232   3.517E+02    16     0     38
3d5(4G)4s_5Ge[2]          5.0     129222.2000     8.5224   3.518E+02    16     0     39
3d5(4G)4s_5Ge[4]          9.0     129223.7000     8.5224   3.518E+02    16     0     40
3d5(4G)4s_5Ge[3]          7.0     129228.7000     8.5222   3.518E+02    16     0     41
3d5(4P)4s_5Pe[3]          7.0     132729.1000     8.4173   3.562E+02    16     0     42
3d5(4P)4s_5Pe[2]          5.0     132828.7000     8.4143   3.563E+02    16     0     43
3d5(4P)4s_5Pe[1]          3.0     132952.6000     8.4106   3.564E+02    16     0     44
3d5(4D)4s_5De[4]          9.0     136362.9000     8.3084   3.608E+02    17     0     45
3d5(4D)4s_5De[0]          1.0     136399.9000     8.3073   3.609E+02    17     0     46
3d5(4D)4s_5De[1]          3.0     136519.1000     8.3037   3.610E+02    17     0     47
3d5(4D)4s_5De[2]          5.0     136611.2000     8.3009   3.612E+02    17     0     48
3d5(4D)4s_5De[3]          7.0     136612.5000     8.3009   3.612E+02    17     0     49
3d5(4G)4s_3Ge[5]         11.0     137280.9000     8.2808   3.620E+02    18     0     50
3d5(4G)4s_3Ge[3]          7.0     137325.6000     8.2795   3.621E+02    18     0     51
3d5(4G)4s_3Ge[4]          9.0     137336.4000     8.2792   3.621E+02    18     0     52
3d5(4P)4s_3Pe[2]          5.0     140863.5000     8.1734   3.668E+02    18     0     53
3d5(4P)4s_3Pe[1]          3.0     141076.0000     8.1671   3.671E+02    18     0     54
3d5(4P)4s_3Pe[0]          1.0     141156.6730     8.1646   3.672E+02    18     0     55
3d5(4D)4s_3De[3]          7.0     144509.6000     8.0641   3.718E+02    19     0     56
3d5(4D)4s_3De[1]          3.0     144720.3000     8.0578   3.721E+02    19     0     57
3d5(4D)4s_3De[2]          5.0     144764.2000     8.0565   3.721E+02    19     0     58
3d5(2I)4s_3Ie[6]         13.0     148098.1000     7.9565   3.768E+02    19     0     59
3d5(2I)4s_3Ie[5]         11.0     148105.5000     7.9563   3.768E+02    19     0     60
3d5(2I)4s_3Ie[7]         15.0     148106.0000     7.9563   3.768E+02    19     0     61
3d5(2D3)4s_3De[3]         7.0     150970.9000     7.8704   3.809E+02    19     0     62
3d5(2D3)4s_3De[2]         5.0     151040.6000     7.8683   3.810E+02    19     0     63
3d5(2D3)4s_3De[1]         3.0     151253.3100     7.8620   3.813E+02    19     0     64
3d5(2I)4s_1Ie[6]         13.0     152113.3000     7.8362   3.826E+02    20     0     65
3d5(4F)4s_5Fe[5]         11.0     152126.2000     7.8358   3.826E+02    21     0     66
3d5(4F)4s_5Fe[4]          9.0     152161.1000     7.8347   3.826E+02    21     0     67
3d5(4F)4s_5Fe[3]          7.0     152264.2000     7.8317   3.828E+02    21     0     68
3d5(4F)4s_5Fe[2]          5.0     152351.4000     7.8290   3.829E+02    21     0     69
3d5(4F)4s_5Fe[1]          3.0     152767.0010     7.8166   3.835E+02    21     0     70
3d5(2F1)4s_3Fe[4]         9.0     153265.3000     7.8016   3.843E+02    22     0     71
3d5(2F1)4s_3Fe[2]         5.0     153524.9000     7.7939   3.847E+02    22     0     72
3d5(2F1)4s_3Fe[3]         7.0     154012.2000     7.7792   3.854E+02    22     0     73
3d5(6S)4p_7Po[2]          5.0     155743.6000     7.7273   3.880E+02    23     0     74
3d5(6S)4p_7Po[3]          7.0     156272.8000     7.7115   3.888E+02    23     0     75
3d5(2D3)4s_1De[2]         5.0     156395.4000     7.7078   3.889E+02    20     0     76
3d5(6S)4p_7Po[4]          9.0     157123.7000     7.6860   3.901E+02    23     0     77
3d5(2F1)4s_1Fe[3]         7.0     157513.1000     7.6743   3.906E+02    20     0     78
3d5(2H)4s_3He[4]          9.0     158359.9000     7.6489   3.919E+02    22     0     79
3d5(2H)4s_3He[5]         11.0     158423.4000     7.6470   3.920E+02    22     0     80
3d5(2H)4s_3He[6]         13.0     158846.7000     7.6343   3.927E+02    22     0     81
3d5(2G2)4s_3Ge[3]         7.0     159482.3000     7.6153   3.937E+02    22     0     82
3d5(2G2)4s_3Ge[4]         9.0     159638.1000     7.6106   3.939E+02    22     0     83
3d5(2G2)4s_3Ge[5]        11.0     159851.5000     7.6042   3.942E+02    22     0     84
3d5(4F)4s_3Fe[2]          5.0     160351.4000     7.5892   3.950E+02    22     0     85
3d5(4F)4s_3Fe[3]          7.0     160396.8110     7.5878   3.951E+02    22     0     86
3d5(4F)4s_3Fe[4]          9.0     160404.3000     7.5876   3.951E+02    22     0     87
3d5(2H)4s_1He[5]         11.0     162889.0000     7.5131   3.990E+02    24     0     88
3d5(2G2)4s_1Ge[4]         9.0     163717.9000     7.4883   4.003E+02    24     0     89
3d5(2F2)4s_3Fe[3]         7.0     163752.9000     7.4872   4.004E+02    25     0     90
3d5(2F2)4s_3Fe[4]         9.0     163870.6000     7.4837   4.006E+02    25     0     91
3d5(2F2)4s_3Fe[2]         5.0     163933.9800     7.4818   4.007E+02    25     0     92
3d5(6S)4p_5Po[3]          7.0     164803.2000     7.4557   4.021E+02    26     0     93
3d5(6S)4p_5Po[2]          5.0     165226.2000     7.4431   4.028E+02    26     0     94
3d5(6S)4p_5Po[1]          3.0     165488.5000     7.4352   4.032E+02    26     0     95
3d5(2F2)4s_1Fe[3]         7.0     167856.5000     7.3642   4.071E+02    24     0     96
3d5(2S)4s_3Se[1]          3.0     169800.9000     7.3059   4.103E+02    25     0     97
3d5(2S)4s_1Se[0]          1.0     174226.5710     7.1732   4.179E+02    27     0     98
3d5(2D2)4s_3De[2]         5.0     178396.5000     7.0482   4.253E+02    28     0     99
3d5(2D2)4s_3De[1]         3.0     178401.5940     7.0481   4.254E+02    28     0    100
3d5(2D2)4s_3De[3]         7.0     178439.4000     7.0469   4.254E+02    28     0    101
3d5(2D2)4s_1De[2]         5.0     182501.4000     6.9252   4.329E+02    27     0    102
3d5(2G1)4s_3Ge[5]        11.0     188138.4000     6.7562   4.437E+02    29     0    103
3d5(2G1)4s_3Ge[4]         9.0     188164.4000     6.7554   4.438E+02    29     0    104
3d5(2G1)4s_3Ge[3]         7.0     188179.4000     6.7549   4.438E+02    29     0    105
3d5(2G1)4s_1Ge[4]         9.0     192204.9000     6.6343   4.519E+02    30     0    106
3d5(4G)4p_5Go[2]          5.0     192352.8000     6.6298   4.522E+02    31     0    107
3d5(4G)4p_5Go[3]          7.0     192382.0000     6.6290   4.522E+02    31     0    108
3d5(4G)4p_5Go[4]          9.0     192424.3000     6.6277   4.523E+02    31     0    109
3d5(4G)4p_5Go[5]         11.0     192490.2000     6.6257   4.525E+02    31     0    110
3d5(4G)4p_5Go[6]         13.0     192600.3000     6.6224   4.527E+02    31     0    111
3d5(4G)4p_5Ho[3]          7.0     193837.6770     6.5853   4.552E+02    31     0    112
3d5(4G)4p_5Ho[4]          9.0     194351.6000     6.5699   4.563E+02    31     0    113
3d5(4G)4p_5Ho[5]         11.0     194644.3000     6.5611   4.569E+02    31     0    114
3d5(4G)4p_5Ho[6]         13.0     194958.0000     6.5517   4.576E+02    31     0    115
3d5(4G)4p_5Ho[7]         15.0     195222.8000     6.5438   4.581E+02    31     0    116
3d5(4P)4p_5Do[0]          1.0     195545.3930     6.5341   4.588E+02    31     0    117
3d5(4G)4p_5Fo[5]         11.0     195558.9000     6.5337   4.588E+02    31     0    118
3d5(4P)4p_5Do[2]          5.0     195606.5000     6.5323   4.589E+02    31     0    119
3d5(4P)4p_5Do[1]          3.0     195703.1000     6.5294   4.591E+02    31     0    120
3d5(4G)4p_5Fo[3]          7.0     195712.4000     6.5291   4.592E+02    31     0    121
3d5(4G)4p_5Fo[4]          9.0     195770.5000     6.5274   4.593E+02    31     0    122
3d5(4G)4p_5Fo[1]          3.0     196490.2000     6.5058   4.608E+02    31     0    123
3d5(4G)4p_5Fo[2]          5.0     196550.2000     6.5040   4.609E+02    31     0    124
3d5(4P)4p_5Do[3]          7.0     196636.2000     6.5014   4.611E+02    31     0    125
3d5(4P)4p_5So[2]          5.0     196846.6000     6.4951   4.616E+02    31     0    126
3d5(4P)4p_5Do[4]          9.0     197322.8000     6.4808   4.626E+02    31     0    127
3d5(4P)4p_5Po[3]          7.0     198048.9000     6.4591   4.641E+02    31     0    128
3d5(4G)4p_3Fo[2]          5.0     198084.5000     6.4580   4.642E+02    32     0    129
3d5(4G)4p_3Fo[3]          7.0     198242.2000     6.4533   4.646E+02    32     0    130
3d5(4G)4p_3Fo[4]          9.0     198390.5000     6.4488   4.649E+02    32     0    131
3d5(4P)4p_5Po[2]          5.0     198499.6000     6.4455   4.651E+02    31     0    132
3d5(4G)4p_3Ho[6]         13.0     198567.8000     6.4435   4.653E+02    32     0    133
3d5(4P)4p_5Po[1]          3.0     198670.1000     6.4404   4.655E+02    31     0    134
3d5(4G)4p_3Ho[5]         11.0     198890.9000     6.4338   4.660E+02    32     0    135
3d5(4G)4p_3Ho[4]          9.0     199092.4000     6.4278   4.664E+02    32     0    136
3d5(4P)4p_3Po[2]          5.0     199817.3000     6.4060   4.680E+02    32     0    137
3d5(4P)4p_3Po[1]          3.0     200193.8000     6.3948   4.688E+02    32     0    138
3d5(4P)4p_3Po[0]          1.0     200506.1000     6.3854   4.695E+02    32     0    139
3d5(4D)4p_5Fo[1]          3.0     200723.5000     6.3789   4.700E+02    31     0    140
3d5(4D)4p_5Fo[2]          5.0     200911.1000     6.3733   4.704E+02    31     0    141
3d5(4D)4p_5Fo[3]          7.0     201176.2000     6.3653   4.710E+02    31     0    142
3d5(4D)4p_5Fo[4]          9.0     201524.1000     6.3549   4.718E+02    31     0    143
3d5(4D)4p_5Fo[5]         11.0     201874.2000     6.3444   4.725E+02    31     0    144
3d5(4G)4p_3Go[3]          7.0     202849.1000     6.3152   4.747E+02    32     0    145
3d5(4G)4p_3Go[4]          9.0     202883.7000     6.3141   4.748E+02    32     0    146
3d5(4G)4p_3Go[5]         11.0     202898.8000     6.3137   4.748E+02    32     0    147
3d5(4G)4p_5Do[3]          7.0     203059.0000     6.3089   4.752E+02    33     0    148
3d5(4D)4p_5Do[2]          5.0     203370.3000     6.2995   4.759E+02    33     0    149
3d5(4D)4p_5Do[4]          9.0     203398.0000     6.2987   4.760E+02    33     0    150
3d5(4P)4p_3Do[3]          7.0     203560.6000     6.2938   4.763E+02    32     0    151
3d5(4D)4p_5Do[1]          3.0     203633.3000     6.2916   4.765E+02    33     0    152
3d5(4P)4p_3Do[2]          5.0     203833.4000     6.2856   4.769E+02    32     0    153
3d5(4P)4p_3Do[1]          3.0     203972.8000     6.2815   4.773E+02    32     0    154
3d5(4D)4p_5Do[0]          1.0     204177.8000     6.2753   4.777E+02    33     0    155
3d5(4D)4p_5Po[1]          3.0     204485.3000     6.2661   4.784E+02    33     0    156
3d5(4D)4p_5Po[2]          5.0     204792.8000     6.2569   4.791E+02    33     0    157
3d5(4D)4p_5Po[3]          7.0     204845.1000     6.2553   4.793E+02    33     0    158
3d5(4D)4p_3Do[3]          7.0     205928.7000     6.2228   4.818E+02    32     0    159
3d5(4D)4p_3Do[2]          5.0     205999.7000     6.2207   4.819E+02    32     0    160
3d5(4D)4p_3Do[1]          3.0     206167.2000     6.2157   4.823E+02    32     0    161
3d5(4D)4p_3Fo[4]          9.0     206648.3000     6.2013   4.834E+02    32     0    162
3d5(4D)4p_3Fo[3]          7.0     206993.6000     6.1909   4.842E+02    32     0    163
3d5(4D)4p_3Fo[2]          5.0     207052.6000     6.1891   4.844E+02    32     0    164
3d5(2P)4s_3Pe[2]          5.0     207271.3220     6.1826   4.849E+02    34     0    165
3d5(2P)4s_3Pe[1]          3.0     207315.8000     6.1812   4.850E+02    34     0    166
3d5(2P)4s_3Pe[0]          1.0     207344.8690     6.1804   4.851E+02    34     0    167
3d5(4P)4p_3So[1]          3.0     208310.4000     6.1514   4.874E+02    35     0    168
3d5(4D)4p_3Po[0]          1.0     210392.2000     6.0890   4.923E+02    35     0    169
3d5(4D)4p_3Po[1]          3.0     210724.9000     6.0790   4.932E+02    35     0    170
3d5(4D)4p_3Po[2]          5.0     211151.7000     6.0662   4.942E+02    35     0    171
3d5(2I)4p_3Ko[6]         13.0     211275.3000     6.0625   4.945E+02    35     0    172
3d5(2P)4s_1Pe[1]          3.0     211311.0190     6.0615   4.946E+02    36     0    173
3d5(2I)4p_3Ko[7]         15.0     211556.6000     6.0541   4.952E+02    35     0    174
3d5(2I)4p_3Io[5]         11.0     211722.0000     6.0492   4.956E+02    35     0    175
3d5(2I)4p_3Io[6]         13.0     212602.7000     6.0227   4.978E+02    35     0    176
3d5(2I)4p_3Ko[8]         17.0     212946.5000     6.0124   4.986E+02    35     0    177
3d5(2I)4p_3Io[7]         15.0     213131.5000     6.0069   4.991E+02    35     0    178
3d5(2F1)4p_3Fo[2]         5.0     213158.6000     6.0061   4.991E+02    37     0    179
3d5(2I)4p_1Ho[5]         11.0     213735.1000     5.9888   5.006E+02    38     0    180
3d5(2D3)4p_3Fo[3]         7.0     213897.9000     5.9839   5.010E+02    35     0    181
3d5(2D3)4p_1Do[2]         5.0     214059.3000     5.9791   5.014E+02    38     0    182
3d5(2I)4p_3Ho[6]         13.0     214260.5000     5.9730   5.019E+02    35     0    183
3d5(2I)4p_1Ko[7]         15.0     214352.1000     5.9703   5.021E+02    38     0    184
3d5(2I)4p_3Ho[5]         11.0     214739.1000     5.9587   5.031E+02    35     0    185
3d5(2I)4p_3Ho[4]          9.0     214831.6000     5.9559   5.034E+02    35     0    186
3d5(2D3)4p_3Fo[4]         9.0     215006.4000     5.9507   5.038E+02    35     0    187
3d5(2D3)4p_3Po[2]         5.0     216640.4000     5.9017   5.080E+02    35     0    188
3d5(2D1)4s_3De[3]         7.0     216651.1000     5.9014   5.080E+02    34     0    189
3d5(2D1)4s_3De[2]         5.0     216686.5000     5.9003   5.081E+02    34     0    190
3d5(2F1)4p_1Go[4]         9.0     216717.8000     5.8994   5.082E+02    38     0    191
3d5(2D1)4s_3De[1]         3.0     216721.1000     5.8993   5.082E+02    34     0    192
3d5(2D3)4p_3Po[1]         3.0     216974.3000     5.8917   5.088E+02    35     0    193
3d5(2F1)4p_3Go[3]         7.0     217060.7000     5.8891   5.091E+02    35     0    194
3d5(4F)4p_5Go[2]          5.0     217356.4980     5.8802   5.098E+02    39     0    195
3d5(4F)4p_5Go[3]          7.0     217508.9000     5.8757   5.102E+02    39     0    196
3d5(4F)4p_5Gbo[3]         7.0     217585.4000     5.8734   5.104E+02    39     0    197
3d5(2D)4p_3Po[0]          1.0     217685.6020     5.8704   5.107E+02    40     0    198
3d5(4F)4p_5Go[4]          9.0     217830.7000     5.8660   5.111E+02    39     0    199
3d5(2D3)4p_3Do[1]         3.0     217951.4000     5.8624   5.114E+02    35     0    200
3d5(4F)4p_5Go[5]         11.0     217963.0000     5.8621   5.114E+02    39     0    201
3d5(2D3)4p_3Do[2]         5.0     217993.0000     5.8612   5.115E+02    35     0    202
3d5(2F1)4p_3Do[3]         7.0     218321.2000     5.8513   5.124E+02    37     0    203
3d5(2F1)4p_3Go[4]         9.0     218414.0000     5.8485   5.126E+02    35     0    204
3d5(2I)4p_1Io[6]         13.0     218560.2000     5.8441   5.130E+02    38     0    205
3d5(2F1)4p_3Go[5]        11.0     218703.5000     5.8399   5.134E+02    35     0    206
3d5(4F)4p_5Go[6]         13.0     218733.8000     5.8389   5.134E+02    39     0    207
3d5(4F)4p_5Fo[4]          9.0     218868.5000     5.8349   5.138E+02    39     0    208
3d5(4F)4p_5Fo[3]          7.0     218876.3000     5.8347   5.138E+02    39     0    209
3d5(4F)4p_5Fo[2]          5.0     219052.1000     5.8294   5.143E+02    39     0    210
3d5(2F)4p_3Go[3]          7.0     219103.5120     5.8279   5.144E+02    37     0    211
3d5(4F)4p_5Fo[5]         11.0     219231.6000     5.8240   5.148E+02    39     0    212
3d5(2F1)4p_3Do[1]         3.0     219260.1000     5.8232   5.148E+02    37     0    213
3d5(4F)4p_5Fo[1]          3.0     219388.2000     5.8193   5.152E+02    39     0    214
3d5(2F1)4p_3Do[2]         5.0     219453.9000     5.8174   5.153E+02    37     0    215
3d5(2F1)4p_3Fo[4]         9.0     219694.2000     5.8102   5.160E+02    37     0    216
3d5(2F1)4p_3Fbo[2]        5.0     219969.0000     5.8019   5.167E+02    37     0    217
3d5(2F1)4p_3Fo[3]         7.0     220052.2000     5.7994   5.169E+02    37     0    218
3d5(2G2)4p_3Ho[4]         9.0     220145.6000     5.7966   5.172E+02    40     0    219
3d5(2H)4p_3Ho[5]         11.0     220423.7000     5.7883   5.179E+02    40     0    220
3d5(4F)4p_5Do[4]          9.0     220535.2000     5.7849   5.182E+02    39     0    221
3d5(2D1)4s_1De[2]         5.0     220548.5000     5.7845   5.183E+02    36     0    222
3d5(4F)4p_5Do[3]          7.0     220887.1000     5.7744   5.192E+02    39     0    223
3d5(2H)4p_3Go[5]         11.0     220950.8000     5.7725   5.193E+02    37     0    224
3d5(4F)4p_5Do[0]          1.0     221022.0830     5.7703   5.195E+02    39     0    225
3d5(4F)4p_5Do[2]          5.0     221058.4000     5.7693   5.196E+02    39     0    226
3d5(4F)4p_5Do[1]          3.0     221062.2000     5.7691   5.196E+02    39     0    227
3d5(2H)4p_3Go[4]          9.0     221068.1000     5.7690   5.197E+02    37     0    228
3d5(2H)4p_3Ho[6]         13.0     221274.1000     5.7628   5.202E+02    40     0    229
3d5(2H)4p_3Go[3]          7.0     221287.7000     5.7624   5.203E+02    37     0    230
3d5(2D3)4p_1Po[1]         3.0     222336.1000     5.7309   5.231E+02    38     0    231
3d5(2H)4p_3Io[5]         11.0     222848.1000     5.7156   5.245E+02    37     0    232
3d5(2G2)4p_1Go[4]         9.0     222994.2000     5.7112   5.249E+02    38     0    233
3d5(4F)4p_3Go[5]         11.0     223041.1000     5.7098   5.250E+02    37     0    234
3d5(4F)4p_3Go[3]          7.0     223192.4000     5.7053   5.255E+02    37     0    235
3d5(4F)4p_3Go[4]          9.0     223260.7000     5.7032   5.257E+02    37     0    236
3d5(2F1)4p_1Do[2]         5.0     223381.4000     5.6996   5.260E+02    38     0    237
3d5(2H)4p_3Io[6]         13.0     223382.3000     5.6996   5.260E+02    37     0    238
3d5(2H)4p_3Io[7]         15.0     223981.3000     5.6816   5.277E+02    37     0    239
3d5(2F1)4p_1Fo[3]         7.0     224038.7000     5.6799   5.278E+02    38     0    240
3d5(2G2)4p_3Fo[3]         7.0     224411.0000     5.6687   5.289E+02    40     0    241
3d5(2G2)4p_3Fo[2]         5.0     224463.9000     5.6672   5.290E+02    40     0    242
3d5(2G2)4p_3Fo[4]         9.0     224611.0000     5.6627   5.294E+02    40     0    243
3d5(2H)4p_1Io[6]         13.0     225479.8000     5.6367   5.319E+02    41     0    244
3d5(4F)4p_3Do[2]          5.0     225553.4000     5.6345   5.321E+02    40     0    245
3d5(4F)4p_3Do[3]          7.0     225666.3000     5.6311   5.324E+02    40     0    246
3d5(4F)4p_3Do[1]          3.0     225780.8000     5.6277   5.327E+02    40     0    247
3d5(4F)4p_3Fo[4]          9.0     225938.7000     5.6229   5.332E+02    40     0    248
3d5(4F)4p_3Fo[3]          7.0     226367.6000     5.6101   5.344E+02    40     0    249
3d5(4F)4p_3Fo[2]          5.0     226646.1000     5.6017   5.352E+02    40     0    250
3d5(2H)4p_3Ho[4]          9.0     226950.3000     5.5926   5.361E+02    40     0    251
3d5(2G2)4p_3Ho[5]        11.0     226983.3000     5.5916   5.361E+02    40     0    252
3d5(2G2)4p_3Ho[6]        13.0     227737.1000     5.5690   5.383E+02    40     0    253
3d5(2G2)4p_3Go[5]        11.0     227971.6000     5.5620   5.390E+02    40     0    254
3d5(2G2)4p_3Go[4]         9.0     228208.5000     5.5549   5.397E+02    40     0    255
3d5(2G2)4p_3Go[3]         7.0     228214.7000     5.5547   5.397E+02    40     0    256
3d5(2F2)4p_1Go[4]         9.0     228448.1000     5.5477   5.404E+02    41     0    257
3d5(2F2)4p_3Fo[2]         5.0     228736.2000     5.5391   5.412E+02    40     0    258
3d5(2F2)4p_3Fo[3]         7.0     228809.0000     5.5369   5.414E+02    40     0    259
3d5(2G2)4p_1Ho[5]        11.0     229056.6000     5.5295   5.422E+02    41     0    260
3d5(2G2)4p_1Fo[3]         7.0     229388.2000     5.5195   5.431E+02    41     0    261
3d5(2F2)4p_3Fo[4]         9.0     229414.0000     5.5188   5.432E+02    40     0    262
3d5(2H)4p_1Ho[5]         11.0     229583.3000     5.5137   5.437E+02    41     0    263
3d5(2F2)4p_1Do[2]         5.0     229890.3000     5.5045   5.446E+02    41     0    264
3d5(2F2)4p_3Go[3]         7.0     231876.6000     5.4449   5.506E+02    42     0    265
3d5(2F2)4p_3Do[1]         3.0     232133.7000     5.4372   5.514E+02    42     0    266
3d5(2F2)4p_3Do[2]         5.0     232257.0000     5.4335   5.517E+02    42     0    267
3d5(2F2)4p_3Do[3]         7.0     232265.7000     5.4333   5.518E+02    42     0    268
3d5(2F2)4p_3Go[4]         9.0     232288.1000     5.4326   5.518E+02    42     0    269
3d5(2F2)4p_3Go[5]        11.0     232615.6000     5.4228   5.528E+02    42     0    270
3d5(2S)4p_3Po[0]          1.0     232709.7960     5.4200   5.531E+02    42     0    271
3d5(2S)4p_3Po[1]          3.0     233158.8000     5.4065   5.545E+02    42     0    272
3d5(2S)4p_3Po[2]          5.0     234109.4000     5.3780   5.574E+02    42     0    273
3d5(2F2)4p_1Gbo[4]        9.0     234584.4000     5.3638   5.589E+02    41     0    274
3d5(2F2)4p_1Fo[3]         7.0     236240.4000     5.3141   5.641E+02    41     0    275
3d5(2S)4p_1Po[1]          3.0     236588.9000     5.3037   5.653E+02    41     0    276
3d5(6S)4d_7De[1]          3.0     243622.7350     5.0928   5.887E+02    43     0    277
3d5(6S)4d_7De[2]          5.0     243645.5270     5.0921   5.887E+02    43     0    278
3d5(6S)4d_7De[3]          7.0     243680.3240     5.0911   5.889E+02    43     0    279
3d5(6S)4d_7De[4]          9.0     243727.9440     5.0896   5.890E+02    43     0    280
3d5(6S)4d_7De[5]         11.0     243789.6260     5.0878   5.892E+02    43     0    281
3d5(2D2)4p_3Fo[2]         5.0     243999.4000     5.0815   5.900E+02    44     0    282
3d5(2D)4p_3Do[1]          3.0     244083.2810     5.0790   5.903E+02    44     0    283
3d5(2D2)4p_3Fo[3]         7.0     244285.6000     5.0729   5.910E+02    44     0    284
3d5(2D2)4p_3Do[2]         5.0     244801.0000     5.0575   5.928E+02    44     0    285
3d5(2D2)4p_3Fo[4]         9.0     245323.9000     5.0418   5.946E+02    44     0    286
3d5(2D2)4p_3Do[3]         7.0     245361.7000     5.0407   5.947E+02    44     0    287
3d5(2D2)4p_1Fo[3]         7.0     246316.4000     5.0120   5.981E+02    45     0    288
3d5(2D2)4p_3Po[2]         5.0     247091.4000     4.9888   6.009E+02    44     0    289
3d5(2D2)4p_3Po[1]         3.0     247130.4000     4.9876   6.011E+02    44     0    290
3d5(2D2)4p_3Po[0]         1.0     247138.4000     4.9874   6.011E+02    44     0    291
3d5(2D2)4p_1Po[1]         3.0     248390.4000     4.9499   6.057E+02    45     0    292
3d5(2D2)4p_1Do[2]         5.0     249444.1000     4.9183   6.095E+02    45     0    293
3d5(6S)4d_5De[4]          9.0     250397.3510     4.8897   6.131E+02    46     0    294
3d5(6S)4d_5De[3]          7.0     250412.8880     4.8892   6.132E+02    46     0    295
3d5(6S)4d_5De[2]          5.0     250427.3900     4.8888   6.132E+02    46     0    296
3d5(6S)4d_5De[1]          3.0     250438.0300     4.8885   6.133E+02    46     0    297
3d5(6S)4d_5De[0]          1.0     250443.6580     4.8883   6.133E+02    46     0    298
3d5(2G1)4p_3Ho[4]         9.0     253119.4000     4.8081   6.235E+02    44     0    299
3d5(2G1)4p_3Ho[5]        11.0     253446.4000     4.7983   6.248E+02    44     0    300
3d5(2G1)4p_3Fo[4]         9.0     253472.8000     4.7975   6.249E+02    44     0    301
3d5(2G1)4p_3Fo[3]         7.0     253921.8000     4.7840   6.267E+02    44     0    302
3d5(2G1)4p_3Ho[6]        13.0     254347.1000     4.7713   6.283E+02    44     0    303
3d5(2G1)4p_3Fo[2]         5.0     254722.1000     4.7600   6.298E+02    44     0    304
3d5(2G1)4p_3Go[3]         7.0     254903.0000     4.7546   6.305E+02    44     0    305
3d5(2G1)4p_3Go[4]         9.0     255138.9000     4.7475   6.315E+02    44     0    306
3d5(2G1)4p_3Go[5]        11.0     255307.3000     4.7425   6.321E+02    44     0    307
3d5(2G1)4p_1Ho[5]        11.0     257289.6000     4.6831   6.402E+02    45     0    308
3d5(2G1)4p_1Go[4]         9.0     257680.7000     4.6713   6.418E+02    45     0    309
3d5(2G1)4p_1Fo[3]         7.0     258840.7000     4.6366   6.466E+02    47     0    310
3d5(6S)5s_7Se[3]          7.0     259668.1940     4.6118   6.501E+02    48     0    311
3d5(6S)5s_5Se[2]          5.0     262340.3860     4.5317   6.616E+02    46     0    312
3d5(2P)4p_3Po[0]          1.0     267371.3150     4.3808   6.843E+02    49     0    313
3d5(2P)4p_3Po[1]          3.0     267508.7000     4.3767   6.850E+02    49     0    314
3d5(2P)4p_3Po[2]          5.0     268151.4000     4.3574   6.880E+02    49     0    315
3d5(2P)4p_1So[0]          1.0     271560.0950     4.2553   7.045E+02    47     0    316
3d5(2P)4p_3Do[2]          5.0     272522.3000     4.2264   7.093E+02    49     0    317
3d5(2P)4p_3Do[1]          3.0     272523.8000     4.2264   7.093E+02    49     0    318
3d5(2P)4p_3Do[3]          7.0     273632.6000     4.1931   7.150E+02    49     0    319
3d5(2P)4p_1Do[2]          5.0     274104.5000     4.1790   7.174E+02    50     0    320
3d5(2P)4p_3So[1]          3.0     275594.1000     4.1343   7.251E+02    49     0    321
3d5(2P)4p_1Po[1]          3.0     276620.0680     4.1036   7.306E+02    50     0    322
3d5(4G)4d_5He[3]          7.0     280830.0200     3.9773   7.538E+02    51     0    323
3d5(4G)4d_5He[4]          9.0     280884.4150     3.9757   7.541E+02    51     0    324
3d5(4G)4d_5He[5]         11.0     280943.1450     3.9740   7.544E+02    51     0    325
3d5(4G)4d_5He[6]         13.0     281002.4620     3.9722   7.547E+02    51     0    326
3d5(4G)4d_5He[7]         15.0     281062.1090     3.9704   7.551E+02    51     0    327
3d5(4G)4d_5Fe[5]         11.0     281653.4710     3.9527   7.585E+02    51     0    328
3d5(4G)4d_5Ie[4]          9.0     281666.2420     3.9523   7.585E+02    51     0    329
3d5(4G)4d_5Fe[4]          9.0     281694.2750     3.9514   7.587E+02    51     0    330
3d5(4G)4d_5Fe[1]          3.0     281705.0430     3.9511   7.588E+02    51     0    331
3d5(4G)4d_5Fe[3]          7.0     281709.6860     3.9510   7.588E+02    51     0    332
3d5(4G)4d_5Fe[2]          5.0     281710.6760     3.9509   7.588E+02    51     0    333
3d5(4G)4d_5Ie[5]         11.0     281728.5640     3.9504   7.589E+02    51     0    334
3d5(4G)4d_5Ie[6]         13.0     281789.1390     3.9486   7.592E+02    51     0    335
3d5(4G)4d_5Ie[7]         15.0     281839.5290     3.9471   7.595E+02    51     0    336
3d5(4G)4d_5Ie[8]         17.0     281869.2770     3.9462   7.597E+02    51     0    337
3d5(4G)4d_5Ge[2]          5.0     281956.3320     3.9436   7.602E+02    51     0    338
3d5(4G)4d_5Ge[3]          7.0     281980.5300     3.9429   7.603E+02    51     0    339
3d5(4G)4d_5Ge[4]          9.0     282005.2640     3.9421   7.605E+02    51     0    340
3d5(4G)4d_5Ge[5]         11.0     282026.5930     3.9415   7.606E+02    51     0    341
3d5(4G)4d_5Ge[6]         13.0     282039.2710     3.9411   7.607E+02    51     0    342
3d5(2D1)4p_3Fo[2]         5.0     282925.2000     3.9145   7.658E+02    52     0    343
3d5(4G)4d_3De[3]          7.0     283042.2660     3.9110   7.665E+02    53     0    344
3d5(2D1)4p_3Fo[3]         7.0     283211.1000     3.9060   7.675E+02    52     0    345
3d5(4G)4d_3De[2]          5.0     283234.6970     3.9053   7.677E+02    53     0    346
3d4(5D)4s2_5De[0]         1.0     283273.9350     3.9041   7.679E+02    51     0    347
3d5(4G)4d_3De[1]          3.0     283285.0030     3.9037   7.680E+02    53     0    348
3d5(4G)4d_3Dbe[1]         3.0     283408.1560     3.9001   7.687E+02    53     0    349
3d5(4G)4d_5De[2]          5.0     283470.4200     3.8982   7.691E+02    51     0    350
3d5(4G)4d_5De[4]          9.0     283479.0710     3.8979   7.691E+02    51     0    351
3d5(4G)4d_5De[3]          7.0     283504.6300     3.8972   7.693E+02    51     0    352
3d5(6S)5p_7Po[2]          5.0     283591.1340     3.8946   7.698E+02    54     0    353
3d5(6S)5p_7Po[3]          7.0     283776.3580     3.8890   7.709E+02    54     0    354
3d5(4G)4d_3Ie[7]         15.0     283935.0880     3.8843   7.718E+02    53     0    355
3d5(4G)4d_3Ie[5]         11.0     283956.0950     3.8836   7.719E+02    53     0    356
3d5(4G)4d_3Ie[6]         13.0     283969.6410     3.8832   7.720E+02    53     0    357
3d5(6S)5p_7Po[4]          9.0     284080.3550     3.8799   7.727E+02    54     0    358
3d5(2D1)4p_3Fo[4]         9.0     284089.0000     3.8796   7.727E+02    52     0    359
3d5(4P)4d_5Pe[3]          7.0     284283.4840     3.8738   7.739E+02    51     0    360
3d5(2D1)4p_3Do[1]         3.0     284496.9000     3.8674   7.752E+02    52     0    361
3d5(4P)4d_5Fe[1]          3.0     284534.7410     3.8663   7.754E+02    51     0    362
3d5(4P)4d_5Fe[2]          5.0     284600.1300     3.8643   7.758E+02    51     0    363
3d5(4P)4d_5Fe[3]          7.0     284715.6520     3.8609   7.765E+02    51     0    364
3d5(4P)4d_5Pe[2]          5.0     284726.9220     3.8605   7.766E+02    51     0    365
3d5(4P)4d_5Fe[4]          9.0     284880.7440     3.8559   7.775E+02    51     0    366
3d5(2D1)4p_3Do[2]         5.0     285045.7000     3.8510   7.785E+02    52     0    367
3d5(4P)4d_5Pe[1]          3.0     285087.0500     3.8497   7.787E+02    51     0    368
3d5(4P)4d_5Fe[5]         11.0     285108.1840     3.8491   7.789E+02    51     0    369
3d5(4G)4d_3Ge[3]          7.0     285606.2930     3.8342   7.819E+02    53     0    370
3d5(2D1)4p_3Do[3]         7.0     285642.1000     3.8331   7.821E+02    52     0    371
3d5(4G)4d_3Ge[4]          9.0     285670.3020     3.8322   7.823E+02    53     0    372
3d5(4G)4d_3Ge[5]         11.0     285729.5530     3.8305   7.827E+02    53     0    373
3d5(4D)4d_5De[0]          1.0     285922.6070     3.8247   7.838E+02    55     0    374
3d5(2D1)4p_1Do[2]         5.0     285928.4000     3.8245   7.839E+02    50     0    375
3d5(4D)4d_5De[1]          3.0     286029.5660     3.8215   7.845E+02    55     0    376
3d4(5D)4s2_5De[2]         5.0     286188.5060     3.8167   7.855E+02    51     0    377
3d5(6S)5p_5Po[3]          7.0     286432.6740     3.8094   7.870E+02    56     0    378
3d4(5D)4s2_5De[3]         7.0     286432.8590     3.8094   7.870E+02    51     0    379
3d5(4G)4d_3Fe[2]          5.0     286446.1630     3.8090   7.871E+02    53     0    380
3d5(4G)4d_3Fe[3]          7.0     286523.5810     3.8067   7.875E+02    53     0    381
3d5(6S)5p_5Po[2]          5.0     286604.8970     3.8042   7.881E+02    56     0    382
3d5(4G)4d_3Fe[4]          9.0     286615.5090     3.8039   7.881E+02    53     0    383
3d5(6S)5p_5Po[1]          3.0     286709.3270     3.8011   7.887E+02    56     0    384
3d4(5D)4s2_5De[4]         9.0     286866.2050     3.7964   7.897E+02    51     0    385
3d5(2D1)4p_3Po[2]         5.0     287239.6000     3.7852   7.920E+02    52     0    386
3d5(4P)4d_3De[3]          7.0     287328.7480     3.7825   7.926E+02    53     0    387
3d5(4G)4d_3He[4]          9.0     287508.9980     3.7771   7.937E+02    53     0    388
3d5(4G)4d_3He[5]         11.0     287560.0390     3.7756   7.940E+02    53     0    389
3d5(4G)4d_3He[6]         13.0     287610.6450     3.7741   7.943E+02    53     0    390
3d5(2D1)4p_1Fo[3]         7.0     287698.3000     3.7714   7.949E+02    50     0    391
3d5(4P)4d_5De[0]          1.0     287719.7430     3.7708   7.950E+02    51     0    392
3d5(4P)4d_3De[2]          5.0     287728.8470     3.7705   7.951E+02    53     0    393
3d5(4P)4d_5De[1]          3.0     287773.1400     3.7692   7.954E+02    51     0    394
3d5(2D)4p_3Po[1]          3.0     287783.3110     3.7689   7.954E+02    40     0    395
3d5(4P)4d_5De[2]          5.0     287951.7550     3.7638   7.965E+02    51     0    396
3d5(4P)4d_3De[1]          3.0     288044.0030     3.7611   7.971E+02    53     0    397
3d5(2D)4p_3Pbo[0]         1.0     288174.4840     3.7572   7.979E+02    52     0    398
3d5(4P)4d_5De[3]          7.0     288199.3690     3.7564   7.981E+02    51     0    399
3d5(4P)4d_5De[4]          9.0     288565.4010     3.7454   8.004E+02    51     0    400
3d5(4D)4d_5Ge[2]          5.0     288643.9080     3.7431   8.009E+02    51     0    401
3d5(4D)4d_5Ge[3]          7.0     288764.5680     3.7395   8.017E+02    51     0    402
3d5(4D)4d_5Ge[4]          9.0     288897.3110     3.7355   8.026E+02    51     0    403
3d5(4D)4d_5Ge[6]         13.0     288967.6160     3.7334   8.030E+02    51     0    404
3d5(4D)4d_5Ge[5]         11.0     288990.4520     3.7327   8.032E+02    51     0    405
3d5(4D)4d_5Pe[1]          3.0     289190.6710     3.7267   8.044E+02    51     0    406
3d5(4D)4d_5Pe[2]          5.0     289420.8580     3.7198   8.059E+02    51     0    407
3d5(4P)4d_3Fe[4]          9.0     289961.2700     3.7036   8.095E+02    53     0    408
3d5(4D)4d_5Fe[5]         11.0     289975.4850     3.7032   8.096E+02    51     0    409
3d5(4D)4d_5Pe[3]          7.0     290048.4520     3.7010   8.100E+02    51     0    410
3d5(4P)4d_3Fe[3]          7.0     290190.7420     3.6967   8.110E+02    53     0    411
3d5(4P)4d_3Pe[1]          3.0     290314.8060     3.6930   8.118E+02    53     0    412
3d5(4P)4d_3Fe[2]          5.0     290416.0090     3.6900   8.125E+02    53     0    413
3d5(4D)4d_5Se[2]          5.0     290440.7560     3.6892   8.126E+02    51     0    414
3d5(4D)4d_5Fe[4]          9.0     290509.4120     3.6872   8.131E+02    51     0    415
3d5(4P)4d_3Pe[2]          5.0     290597.9970     3.6845   8.137E+02    53     0    416
3d5(4D)4d_5Fe[1]          3.0     290638.4440     3.6833   8.139E+02    51     0    417
3d5(4D)4d_5Fe[3]          7.0     290655.2420     3.6828   8.140E+02    51     0    418
3d5(4D)4d_5Fe[2]          5.0     290738.2600     3.6803   8.146E+02    51     0    419
3d5(4P)4d_3Pe[0]          1.0     290868.5050     3.6764   8.155E+02    53     0    420
3d5(4D)4d_3Se[1]          3.0     292097.7720     3.6395   8.237E+02    53     0    421
3d5(2D)4p_1Po[1]          3.0     292719.9500     3.6209   8.280E+02    57     0    422
3d5(4D)4d_3Ge[5]         11.0     293159.6380     3.6077   8.310E+02    53     0    423
3d5(4D)4d_3Ge[4]          9.0     293160.1450     3.6077   8.310E+02    53     0    424
3d5(4D)4d_3Ge[3]          7.0     293196.4850     3.6066   8.312E+02    53     0    425
3d5(4D)4d_3Fe[4]          9.0     293712.4610     3.5911   8.348E+02    53     0    426
3d5(4D)4d_3Fe[3]          7.0     293744.8170     3.5902   8.350E+02    53     0    427
3d5(4D)4d_3Fe[2]          5.0     293847.8030     3.5871   8.358E+02    53     0    428
3d5(4D)4d_3Pe[1]          3.0     295312.6110     3.5432   8.461E+02    53     0    429
3d5(4D)4d_3Pe[0]          1.0     295352.8740     3.5420   8.464E+02    53     0    430
3d5(4D)4d_3Pe[2]          5.0     295355.4310     3.5419   8.464E+02    53     0    431
3d5(4D)4d_3De[1]          3.0     295601.5390     3.5345   8.482E+02    53     0    432
3d5(4D)4d_3De[2]          5.0     296042.2890     3.5213   8.514E+02    53     0    433
3d5(4D)4d_3De[3]          7.0     296538.3600     3.5064   8.550E+02    53     0    434
3d5(4G)5s_5Ge[2]          5.0     297597.1780     3.4747   8.628E+02    55     0    435
3d5(4G)5s_5Ge[3]          7.0     297624.6120     3.4739   8.630E+02    55     0    436
3d5(4G)5s_5Ge[4]          9.0     297649.9880     3.4731   8.632E+02    55     0    437
3d5(4G)5s_5Ge[6]         13.0     297650.3390     3.4731   8.632E+02    55     0    438
3d5(4G)5s_5Ge[5]         11.0     297662.7270     3.4727   8.633E+02    55     0    439
3d5(2I)4d_3Ie[5]         11.0     298448.1750     3.4492   8.692E+02    58     0    440
3d5(4D)4d_5Dbe[0]         1.0     298632.3220     3.4436   8.706E+02    55     0    441
3d5(2I)4d_3Ie[6]         13.0     298641.5500     3.4434   8.706E+02    58     0    442
3d5(4D)4d_5Dbe[1]         3.0     298666.8210     3.4426   8.708E+02    55     0    443
3d5(4D)4d_5De[2]          5.0     298728.4600     3.4408   8.713E+02    55     0    444
3d5(2I)4d_3Ie[7]         15.0     298738.6400     3.4405   8.714E+02    58     0    445
3d5(4D)4d_5De[3]          7.0     298801.9120     3.4386   8.719E+02    55     0    446
3d5(4D)4d_5De[4]          9.0     298877.5720     3.4363   8.724E+02    55     0    447
3d5(2I)4d_1He[5]         11.0     298925.0760     3.4349   8.728E+02    59     0    448
3d5(2I)4d_3Le[7]         15.0     299002.2990     3.4326   8.734E+02    58     0    449
3d5(2I)4d_3Le[8]         17.0     299120.3790     3.4290   8.743E+02    58     0    450
3d5(2I)4d_3Le[9]         19.0     299281.6480     3.4242   8.755E+02    58     0    451
3d5(4G)5s_3Ge[3]          7.0     299290.5810     3.4239   8.756E+02    58     0    452
3d5(4G)5s_3Ge[4]          9.0     299338.1310     3.4225   8.759E+02    58     0    453
3d5(4G)5s_3Ge[5]         11.0     299340.4140     3.4224   8.760E+02    58     0    454
3d5(2I)4d_3Ke[6]         13.0     299440.0920     3.4194   8.767E+02    58     0    455
3d5(2I)4d_3Ke[7]         15.0     299581.1750     3.4152   8.778E+02    58     0    456
3d5(2I)4d_3Ke[8]         17.0     299723.6810     3.4109   8.789E+02    58     0    457
3d5(2I)4d_1Ke[7]         15.0     300319.0260     3.3931   8.835E+02    59     0    458
3d5(2I)4d_1Le[8]         17.0     300335.9160     3.3926   8.837E+02    59     0    459
3d5(4P)5s_5Pe[3]          7.0     301298.4570     3.3637   8.913E+02    60     0    460
3d5(4P)5s_5Pe[2]          5.0     301382.8290     3.3612   8.919E+02    60     0    461
3d5(4P)5s_5Pe[1]          3.0     301473.9780     3.3585   8.926E+02    60     0    462
3d5(2D)4d_3Ge[3]          7.0     301639.0710     3.3535   8.940E+02    61     0    463
3d5(2D)4d_3Se[1]          3.0     301655.2880     3.3530   8.941E+02    58     0    464
3d5(2I)4d_1Ge[4]          9.0     301667.6660     3.3526   8.942E+02    59     0    465
3d5(2I)4d_3Ge[5]         11.0     301711.1660     3.3513   8.945E+02    58     0    466
3d5(2D)4d_3Ge[4]          9.0     301793.1600     3.3489   8.952E+02    61     0    467
3d5(2I)4d_3Ge[3]          7.0     302196.4250     3.3368   8.984E+02    58     0    468
3d5(2I)4d_3Ge[4]          9.0     302410.1720     3.3304   9.002E+02    58     0    469
3d5(2D)4d_1Pe[1]          3.0     302547.7320     3.3263   9.013E+02    59     0    470
3d5(2I)4d_3Gbe[5]        11.0     302716.2450     3.3212   9.027E+02    58     0    471
3d5(2D)4d_3De[3]          7.0     302849.4350     3.3172   9.037E+02    62     0    472
3d5(6S)4f_7Fo[0]          1.0     302887.9160     3.3161   9.041E+02    63     0    473
3d5(6S)4f_7Fo[1]          3.0     302888.1590     3.3161   9.041E+02    63     0    474
3d5(6S)4f_7Fo[2]          5.0     302888.6410     3.3160   9.041E+02    63     0    475
3d5(6S)4f_7Fo[3]          7.0     302889.3550     3.3160   9.041E+02    63     0    476
3d5(6S)4f_7Fo[4]          9.0     302890.2940     3.3160   9.041E+02    63     0    477
3d5(6S)4f_7Fo[5]         11.0     302891.4520     3.3160   9.041E+02    63     0    478
3d5(6S)4f_7Fo[6]         13.0     302892.8240     3.3159   9.041E+02    63     0    479
3d5(4P)5s_3Pe[2]          5.0     302892.9560     3.3159   9.041E+02    58     0    480
3d5(4P)5s_3Pbe[2]         5.0     303033.3030     3.3117   9.053E+02    58     0    481
3d5(4P)5s_3Pe[0]          1.0     303079.3260     3.3103   9.056E+02    58     0    482
3d5(4P)5s_3Pe[1]          3.0     303106.9930     3.3095   9.059E+02    58     0    483
3d5(2D)4d_1Fe[3]          7.0     303210.7600     3.3064   9.067E+02    59     0    484
3d5(2F)4d_3He[4]          9.0     303749.2230     3.2902   9.112E+02    61     0    485
3d5(6S)4f_5Fo[1]          3.0     303776.1500     3.2894   9.114E+02    64     0    486
3d5(6S)4f_5Fo[2]          5.0     303777.6890     3.2894   9.114E+02    64     0    487
3d5(6S)4f_5Fo[3]          7.0     303780.1640     3.2893   9.114E+02    64     0    488
3d5(6S)4f_5Fo[4]          9.0     303783.8020     3.2892   9.114E+02    64     0    489
3d5(6S)4f_5Fo[5]         11.0     303788.9980     3.2891   9.115E+02    64     0    490
3d5(2F)4d_3He[6]         13.0     303843.6200     3.2874   9.119E+02    61     0    491
3d5(2D)4d_3De[1]          3.0     303859.1650     3.2869   9.121E+02    62     0    492
3d5(2D)4d_3Fe[2]          5.0     303939.7080     3.2845   9.127E+02    58     0    493
3d5(2I)4d_3He[5]         11.0     303988.6030     3.2831   9.131E+02    58     0    494
3d5(2D)4d_3Fe[3]          7.0     304149.6280     3.2782   9.145E+02    58     0    495
3d5(2D)4d_3Pe[0]          1.0     304289.1860     3.2741   9.157E+02    58     0    496
3d5(2D)4d_3Fe[4]          9.0     304338.4710     3.2726   9.161E+02    58     0    497
3d5(2D)4d_3Pe[1]          3.0     304433.5300     3.2697   9.169E+02    58     0    498
3d5(2D)4d_3Pe[2]          5.0     304715.6960     3.2613   9.193E+02    58     0    499
3d5(2F)4d_3Ge[5]         11.0     304882.5160     3.2563   9.207E+02    61     0    500
3d5(2D)4d_1De[2]          5.0     304911.1840     3.2554   9.209E+02    59     0    501
3d5(4F)4d_5He[4]          9.0     305078.2590     3.2504   9.223E+02    60     0    502
3d5(4F)4d_5Fe[3]          7.0     305123.7800     3.2490   9.227E+02    60     0    503
3d5(4F)4d_5Fe[1]          3.0     305152.6430     3.2482   9.230E+02    60     0    504
3d5(4F)4d_5Fe[4]          9.0     305160.8300     3.2479   9.230E+02    60     0    505
3d5(4F)4d_5Fe[2]          5.0     305195.3040     3.2469   9.233E+02    60     0    506
3d5(4D)5s_5De[4]          9.0     305227.3460     3.2459   9.236E+02    60     0    507
3d5(4F)4d_5Fe[5]         11.0     305235.5690     3.2457   9.237E+02    60     0    508
3d5(4F)4d_5He[3]          7.0     305246.4710     3.2454   9.238E+02    60     0    509
3d5(2F)4d_3De[1]          3.0     305249.7650     3.2453   9.238E+02    65     0    510
3d5(4D)5s_5De[3]          7.0     305401.9070     3.2407   9.251E+02    60     0    511
3d5(4D)5s_5De[0]          1.0     305413.3370     3.2404   9.252E+02    60     0    512
3d5(4D)5s_5De[1]          3.0     305424.8950     3.2400   9.253E+02    60     0    513
3d5(4D)5s_5De[2]          5.0     305444.3050     3.2394   9.254E+02    60     0    514
3d5(4F)4d_5He[6]         13.0     305453.4600     3.2392   9.255E+02    60     0    515
3d5(4F)4d_5He[7]         15.0     305457.5610     3.2390   9.256E+02    60     0    516
3d5(4F)4d_5He[5]         11.0     305566.5430     3.2358   9.265E+02    60     0    517
3d5(4F)4d_5Hbe[4]         9.0     305592.0630     3.2350   9.267E+02    60     0    518
3d5(4F)4d_5Pe[3]          7.0     305633.4500     3.2338   9.271E+02    60     0    519
3d5(2F)4d_1He[5]         11.0     305653.8600     3.2331   9.272E+02    59     0    520
3d5(4F)4d_5Pe[2]          5.0     305690.6820     3.2320   9.276E+02    60     0    521
3d5(4F)4d_5Ge[6]         13.0     305769.5260     3.2297   9.282E+02    60     0    522
3d5(2F)4d_3De[3]          7.0     305804.8400     3.2286   9.285E+02    65     0    523
3d5(4F)4d_5Pe[1]          3.0     305830.4350     3.2279   9.288E+02    60     0    524
3d5(2F)4d_3Fe[4]          9.0     305837.4730     3.2276   9.288E+02    61     0    525
3d5(4F)4d_5Hbe[3]         7.0     306011.3730     3.2224   9.303E+02    60     0    526
3d5(4F)4d_5Gbe[6]        13.0     306025.3130     3.2220   9.305E+02    60     0    527
3d5(4F)4d_5Ge[5]         11.0     306028.0660     3.2219   9.305E+02    60     0    528
3d5(4F)4d_5Ge[4]          9.0     306088.8820     3.2201   9.310E+02    60     0    529
3d5(4F)4d_5Ge[2]          5.0     306137.0200     3.2187   9.314E+02    60     0    530
3d5(4F)4d_5Ge[3]          7.0     306148.5780     3.2183   9.315E+02    60     0    531
3d5(2I)4d_1Ie[6]         13.0     306169.4710     3.2177   9.317E+02    59     0    532
3d5(2F)4d_3Ge[4]          9.0     306295.9100     3.2139   9.328E+02    61     0    533
3d5(2F)4d_3Hbe[4]         9.0     306383.7030     3.2113   9.336E+02    66     0    534
3d5(2F)4d_1Pe[1]          3.0     306510.2930     3.2075   9.347E+02    59     0    535
3d5(2F)4d_3Fe[3]          7.0     306568.4250     3.2057   9.352E+02    61     0    536
3d5(2D)4d_3Pbe[2]         5.0     306584.6070     3.2052   9.353E+02    67     0    537
3d5(2F)4d_1Hbe[5]        11.0     306647.4020     3.2034   9.359E+02    59     0    538
3d5(4D)5s_3De[2]          5.0     306976.7630     3.1935   9.388E+02    58     0    539
3d5(2F)4d_1Fe[3]          7.0     307008.3690     3.1925   9.390E+02    59     0    540
3d5(4D)5s_3De[1]          3.0     307162.4190     3.1879   9.404E+02    58     0    541
3d5(4D)5s_3De[3]          7.0     307343.8730     3.1825   9.420E+02    58     0    542
3d5(4D)5s_3Dbe[2]         5.0     307401.6600     3.1807   9.425E+02    58     0    543
3d5(4F)4d_3Ge[5]         11.0     307618.5000     3.1742   9.445E+02    58     0    544
3d5(4F)4d_3Ge[4]          9.0     307725.5630     3.1710   9.454E+02    58     0    545
3d5(4F)4d_3Gbe[4]         9.0     307754.7030     3.1702   9.457E+02    58     0    546
3d5(4F)4d_3Ge[3]          7.0     307930.6520     3.1649   9.472E+02    58     0    547
3d5(2H)4d_3Ie[5]         11.0     308001.5680     3.1628   9.479E+02    58     0    548
3d5(2H)4d_3Ie[6]         13.0     308267.6400     3.1548   9.503E+02    58     0    549
3d5(4F)4d_3He[5]         11.0     308269.0730     3.1547   9.503E+02    58     0    550
3d5(4F)4d_3De[3]          7.0     308302.4590     3.1537   9.506E+02    58     0    551
3d5(4F)4d_3De[2]          5.0     308305.7550     3.1536   9.506E+02    58     0    552
3d5(4F)4d_3He[4]          9.0     308368.5070     3.1518   9.512E+02    58     0    553
3d5(4F)4d_3De[1]          3.0     308431.4650     3.1499   9.518E+02    58     0    554
3d5(2H)4d_3Ie[7]         15.0     308587.7150     3.1452   9.532E+02    58     0    555
3d5(4F)4d_3He[6]         13.0     308603.7760     3.1447   9.533E+02    58     0    556
3d5(2H)4d_1Fe[3]          7.0     309560.1720     3.1160   9.621E+02    59     0    557
3d5(4F)4d_3Fe[2]          5.0     309932.3340     3.1049   9.656E+02    58     0    558
3d5(2H)4d_3Ke[6]         13.0     310009.1330     3.1026   9.663E+02    58     0    559
3d5(2H)4d_3Ke[7]         15.0     310171.8430     3.0977   9.678E+02    58     0    560
3d5(4F)4d_3Fe[3]          7.0     310185.6870     3.0973   9.679E+02    58     0    561
3d5(2H)4d_1He[5]         11.0     310328.0050     3.0930   9.693E+02    59     0    562
3d5(2H)4d_3Ke[8]         17.0     310331.9020     3.0929   9.693E+02    58     0    563
3d5(4F)4d_3Fe[4]          9.0     310589.1980     3.0852   9.717E+02    58     0    564
3d5(2H)4d_1Ke[7]         15.0     311077.0210     3.0706   9.763E+02    59     0    565
3d5(2F)4d_1De[2]          5.0     311487.4810     3.0583   9.803E+02    59     0    566
3d5(2G)4d_3He[6]         13.0     311519.9720     3.0573   9.806E+02    58     0    567
3d5(2G)4d_3He[5]         11.0     311566.5520     3.0559   9.810E+02    58     0    568
3d5(2H)4d_3Ge[3]          7.0     311583.1350     3.0554   9.812E+02    58     0    569
3d5(2G)4d_3De[2]          5.0     311634.5060     3.0539   9.817E+02    58     0    570
3d5(2G)4d_3He[4]          9.0     311647.3220     3.0535   9.818E+02    58     0    571
3d5(2G)4d_3De[1]          3.0     311803.7310     3.0488   9.833E+02    58     0    572
3d4(3P)4s2_3Pe[0]         1.0     311878.5800     3.0465   9.840E+02    61     0    573
3d5(2H)4d_3Ge[4]          9.0     311889.8890     3.0462   9.842E+02    58     0    574
3d5(2H)4d_3Ge[5]         11.0     312177.4290     3.0376   9.869E+02    58     0    575
3d5(2G)4d_3De[3]          7.0     312250.4600     3.0354   9.877E+02    58     0    576
3d5(4F)4d_3Pe[0]          1.0     312372.6040     3.0317   9.889E+02    58     0    577
3d5(2G)4d_3Dbe[1]         3.0     312410.3730     3.0306   9.892E+02    68     0    578
3d5(2G)4d_1He[5]         11.0     312447.7340     3.0295   9.896E+02    59     0    579
3d5(2G)4d_3Dbe[2]         5.0     312579.7390     3.0255   9.909E+02    68     0    580
3d5(4F)4d_5De[4]          9.0     312794.0230     3.0191   9.930E+02    60     0    581
3d5(2G)4d_3Ie[6]         13.0     312835.2530     3.0179   9.934E+02    69     0    582
3d5(2G)4d_3Ie[7]         15.0     312912.9710     3.0155   9.942E+02    69     0    583
3d5(4F)4d_5De[3]          7.0     312966.8560     3.0139   9.947E+02    60     0    584
3d5(4F)4d_5De[1]          3.0     313024.0880     3.0122   9.953E+02    60     0    585
3d5(4F)4d_5De[2]          5.0     313066.1470     3.0109   9.957E+02    60     0    586
3d5(2G)4d_1Hbe[5]        11.0     313120.8720     3.0093   9.962E+02    59     0    587
3d5(4F)4d_5De[0]          1.0     313174.4900     3.0077   9.968E+02    60     0    588
3d5(4F)4d_5Dbe[1]         3.0     313237.0470     3.0058   9.974E+02    60     0    589
3d4(3H)4s2_3He[4]         9.0     313307.2000     3.0037   9.981E+02    61     0    590
3d5(2F)4d_1Dbe[2]         5.0     313407.9520     3.0007   9.991E+02    59     0    591
3d4(3H)4s2_3He[5]        11.0     313592.9650     2.9951   1.001E+03    61     0    592
3d5(2F)4d_3Fbe[4]         9.0     313663.8660     2.9930   1.002E+03    61     0    593
3d4(3H)4s2_3He[6]        13.0     313882.5870     2.9865   1.004E+03    61     0    594
3d5(2G)4d_1Ge[4]          9.0     313888.4770     2.9863   1.004E+03    70     0    595
3d5(2F)4d_3Fbe[3]         7.0     313993.3030     2.9831   1.005E+03    61     0    596
3d5(2G)4d_1Ie[6]         13.0     314086.7180     2.9803   1.006E+03    70     0    597
3d5(2F)4d_3Fe[2]          5.0     314476.2480     2.9687   1.010E+03    61     0    598
3d4(3P)4s2_3Pe[2]         5.0     314767.9300     2.9599   1.013E+03    61     0    599
3d4(3F)4s2_3Fe[2]         5.0     314980.5510     2.9535   1.015E+03    61     0    600
3d4(3F)4s2_3Fe[3]         7.0     315130.6140     2.9490   1.017E+03    61     0    601
3d5(2I)5s_3Ie[5]         11.0     315213.3680     2.9466   1.017E+03    61     0    602
3d5(2I)5s_3Ie[6]         13.0     315256.4680     2.9453   1.018E+03    61     0    603
3d5(2I)5s_3Ie[7]         15.0     315320.0380     2.9434   1.019E+03    61     0    604
3d4(3F)4s2_3Fe[4]         9.0     315367.9890     2.9419   1.019E+03    61     0    605
3d5(2F)4d_1Fbe[3]         7.0     315696.5140     2.9321   1.022E+03    70     0    606
3d5(2F)4d_3Ge[3]          7.0     316082.5460     2.9205   1.027E+03    61     0    607
3d5(2F)4d_3Gbe[4]         9.0     316124.7410     2.9192   1.027E+03    61     0    608
3d5(2F)4d_3Gbe[5]        11.0     316184.6090     2.9174   1.028E+03    61     0    609
3d5(2I)5s_1Ie[6]         13.0     316298.0100     2.9140   1.029E+03    70     0    610
3d5(2F)4d_3Hce[4]         9.0     316569.9520     2.9059   1.032E+03    61     0    611
3d5(2F)4d_3He[5]         11.0     316795.8930     2.8991   1.034E+03    61     0    612
3d5(2F)4d_3Hbe[6]        13.0     317119.0810     2.8894   1.038E+03    66     0    613
3d5(6S)5d_7De[1]          3.0     317154.6760     2.8884   1.038E+03    71     0    614
3d5(6S)5d_7De[2]          5.0     317164.8380     2.8881   1.038E+03    71     0    615
3d5(6S)5d_7De[3]          7.0     317180.3000     2.8876   1.038E+03    71     0    616
3d5(6S)5d_7De[4]          9.0     317201.3660     2.8870   1.038E+03    71     0    617
3d5(6S)5d_7De[5]         11.0     317228.5070     2.8861   1.039E+03    71     0    618
3d5(2F)4d_1Hce[5]        11.0     317290.5350     2.8843   1.039E+03    70     0    619
3d5(2F)4d_1Pbe[1]         3.0     317353.3530     2.8824   1.040E+03    70     0    620
3d5(2D)5s_3De[3]          7.0     318228.6700     2.8562   1.050E+03    62     0    621
3d5(2D)5s_3De[2]          5.0     318266.9390     2.8550   1.050E+03    62     0    622
3d5(2F)4d_3Pe[0]          1.0     318384.6400     2.8515   1.051E+03    65     0    623
3d5(2D)5s_3De[1]          3.0     318717.3680     2.8415   1.055E+03    62     0    624
3d5(2D)5s_3Dbe[2]         5.0     318817.6530     2.8385   1.056E+03    72     0    625
3d5(2F)4d_3Pe[1]          3.0     318929.6970     2.8351   1.057E+03    65     0    626
3d5(2F)4d_3Pe[2]          5.0     319079.1240     2.8307   1.059E+03    65     0    627
3d4(3G)4s2_3Ge[3]         7.0     319148.6590     2.8286   1.060E+03    65     0    628
3d5(2F)4d_3Dbe[1]         3.0     319464.5030     2.8191   1.063E+03    65     0    629
3d4(3G)4s2_3Ge[4]         9.0     319552.6220     2.8165   1.064E+03    65     0    630
3d5(2F)4d_3De[2]          5.0     319619.2940     2.8145   1.065E+03    65     0    631
3d5(2F)4d_3Dbe[3]         7.0     319777.6720     2.8097   1.067E+03    65     0    632
3d4(3G)4s2_3Ge[5]        11.0     319916.7650     2.8056   1.069E+03    65     0    633
3d5(2F)5s_3Fe[4]          9.0     320444.2590     2.7897   1.075E+03    65     0    634
3d5(2F)5s_3Fe[2]          5.0     320577.9120     2.7857   1.076E+03    65     0    635
3d5(2F)5s_3Fe[3]          7.0     320779.8110     2.7797   1.079E+03    65     0    636
3d5(4G)5p_5Go[3]          7.0     321084.1010     2.7706   1.082E+03    73     0    637
3d5(4G)5p_5Go[2]          5.0     321084.3360     2.7706   1.082E+03    73     0    638
3d5(4G)5p_5Go[4]          9.0     321110.1530     2.7698   1.082E+03    73     0    639
3d5(4G)5p_5Go[5]         11.0     321146.2120     2.7687   1.083E+03    73     0    640
3d5(4G)5p_5Go[6]         13.0     321202.1430     2.7670   1.083E+03    73     0    641
3d5(4F)4d_3Fbe[2]         5.0     321292.7080     2.7643   1.085E+03    66     0    642
3d5(4F)5s_5Fe[5]         11.0     321296.2330     2.7642   1.085E+03    74     0    643
3d5(4G)5p_5Ho[3]          7.0     321338.3890     2.7629   1.085E+03    73     0    644
3d5(4F)5s_5Fe[4]          9.0     321343.0460     2.7628   1.085E+03    74     0    645
3d5(4F)5s_5Fe[3]          7.0     321418.1570     2.7605   1.086E+03    74     0    646
3d5(4G)5p_5Ho[4]          9.0     321477.2380     2.7588   1.087E+03    73     0    647
3d5(4F)5s_5Fe[2]          5.0     321535.7690     2.7570   1.087E+03    74     0    648
3d5(4G)5p_5Ho[5]         11.0     321608.6330     2.7548   1.088E+03    73     0    649
3d5(2F)5s_1Fe[3]          7.0     321631.4140     2.7542   1.089E+03    70     0    650
3d5(4F)5s_5Fe[1]          3.0     321637.1570     2.7540   1.089E+03    74     0    651
3d5(4F)4d_3Fbe[4]         9.0     321682.7770     2.7526   1.089E+03    66     0    652
3d5(4G)5p_5Ho[6]         13.0     321736.8140     2.7510   1.090E+03    73     0    653
3d5(4G)5p_5Ho[7]         15.0     321802.6300     2.7490   1.091E+03    73     0    654
3d5(2D)4d_1Se[0]          1.0     321878.4760     2.7467   1.091E+03    70     0    655
3d5(4G)5p_5Fo[5]         11.0     322029.2530     2.7422   1.093E+03    73     0    656
3d5(4G)5p_5Fo[4]          9.0     322162.5480     2.7382   1.095E+03    73     0    657
3d5(2H)4d_1Ge[4]          9.0     322207.8340     2.7369   1.095E+03    70     0    658
3d5(2F)5s_1Fbe[3]         7.0     322233.2430     2.7361   1.096E+03    70     0    659
3d5(2F)5s_3Fbe[2]         5.0     322239.7220     2.7359   1.096E+03    72     0    660
3d5(4G)5p_5Fo[3]          7.0     322245.4040     2.7357   1.096E+03    73     0    661
3d5(4G)5p_5Fo[2]          5.0     322303.6490     2.7340   1.097E+03    73     0    662
3d5(4G)5p_5Fo[1]          3.0     322346.4130     2.7327   1.097E+03    73     0    663
3d5(4G)5p_3Ho[6]         13.0     322877.1520     2.7168   1.103E+03    75     0    664
3d5(4G)5p_3Ho[5]         11.0     322968.3630     2.7141   1.105E+03    75     0    665
3d5(4G)5p_3Ho[4]          9.0     322995.6630     2.7133   1.105E+03    75     0    666
3d5(4G)5p_3Fo[2]          5.0     323028.7560     2.7123   1.105E+03    75     0    667
3d5(2H)4d_3He[6]         13.0     323038.1120     2.7120   1.105E+03    68     0    668
3d5(4F)5s_3Fe[4]          9.0     323085.5230     2.7106   1.106E+03    68     0    669
3d5(6S)6s_7Se[3]          7.0     323103.3730     2.7100   1.106E+03    71     0    670
3d5(4G)5p_3Fo[3]          7.0     323110.4070     2.7098   1.106E+03    75     0    671
3d5(2F)4d_3Hbe[5]        11.0     323132.5620     2.7091   1.107E+03    66     0    672
3d5(4G)5p_3Fo[4]          9.0     323172.0290     2.7080   1.107E+03    75     0    673
3d5(6S)5d_5De[4]          9.0     323174.7530     2.7079   1.107E+03    74     0    674
3d5(4F)5s_3Fe[3]          7.0     323224.7060     2.7064   1.108E+03    68     0    675
3d5(6S)5d_5Dbe[4]         9.0     323310.0530     2.7038   1.109E+03    74     0    676
3d5(6S)5d_5De[3]          7.0     323356.5040     2.7024   1.109E+03    74     0    677
3d5(4F)5s_3Fe[2]          5.0     323417.5230     2.7006   1.110E+03    68     0    678
3d5(6S)5d_5De[2]          5.0     323432.4320     2.7002   1.110E+03    74     0    679
3d5(6S)5d_5De[1]          3.0     323489.1120     2.6985   1.111E+03    74     0    680
3d5(6S)5d_5De[0]          1.0     323516.1100     2.6976   1.111E+03    74     0    681
3d5(2G)4d_3Ge[3]          7.0     323832.2320     2.6882   1.115E+03    68     0    682
3d5(2G)4d_3Ge[4]          9.0     323983.0050     2.6837   1.117E+03    68     0    683
3d5(2G)4d_3Ge[5]         11.0     324089.1980     2.6805   1.118E+03    68     0    684
3d5(2G)4d_3Fe[2]          5.0     324113.5480     2.6797   1.119E+03    68     0    685
3d5(4G)5p_3Go[3]          7.0     324196.9280     2.6772   1.120E+03    75     0    686
3d5(4G)5p_3Go[5]         11.0     324233.1480     2.6762   1.120E+03    75     0    687
3d5(4G)5p_3Go[4]          9.0     324239.2830     2.6760   1.120E+03    75     0    688
3d5(6S)6s_5Se[2]          5.0     324279.2680     2.6748   1.121E+03    74     0    689
3d5(2G)4d_3Fe[3]          7.0     324306.6420     2.6739   1.121E+03    68     0    690
3d5(2G)4d_3Gbe[4]         9.0     324419.1730     2.6706   1.123E+03    76     0    691
3d5(4P)5p_5Do[2]          5.0     324653.8940     2.6635   1.126E+03    73     0    692
3d5(4P)5p_5Do[1]          3.0     324674.9200     2.6629   1.126E+03    73     0    693
3d5(2F)4d_3Pbe[2]         5.0     324681.9130     2.6627   1.126E+03    68     0    694
3d5(4P)5p_5Do[0]          1.0     324695.2780     2.6623   1.126E+03    73     0    695
3d5(4P)5p_5Do[3]          7.0     324743.6260     2.6608   1.127E+03    73     0    696
3d5(4P)5p_5So[2]          5.0     324783.6970     2.6596   1.127E+03    73     0    697
3d5(4P)5p_5Do[4]          9.0     325261.4640     2.6453   1.133E+03    73     0    698
3d4(3D)4s2_3De[3]         7.0     325440.9960     2.6399   1.136E+03    68     0    699
3d5(4P)5p_5Po[3]          7.0     325449.8130     2.6397   1.136E+03    73     0    700
3d4(3D)4s2_3De[2]         5.0     325476.1950     2.6389   1.136E+03    68     0    701
3d5(4P)5p_5Po[2]          5.0     325511.9390     2.6378   1.137E+03    73     0    702
3d4(3D)4s2_3De[1]         3.0     325518.7690     2.6376   1.137E+03    68     0    703
3d5(4P)5p_5Po[1]          3.0     325528.5080     2.6373   1.137E+03    73     0    704
3d5(2F)4d_3Pbe[1]         3.0     325750.5310     2.6307   1.140E+03    68     0    705
3d5(2H)5s_3He[4]          9.0     325761.0750     2.6303   1.140E+03    68     0    706
3d5(2H)5s_3He[5]         11.0     325824.4350     2.6284   1.141E+03    68     0    707
3d4(1I)4s2_1Ie[6]        13.0     325934.6660     2.6251   1.142E+03    70     0    708
3d5(4P)5p_3Po[2]          5.0     326163.6390     2.6183   1.145E+03    75     0    709
3d5(2H)5s_3He[6]         13.0     326223.9450     2.6165   1.146E+03    68     0    710
3d5(2F)4d_3Pbe[0]         1.0     326294.6370     2.6144   1.147E+03    68     0    711
3d5(4P)5p_3Po[1]          3.0     326483.2580     2.6087   1.149E+03    75     0    712
3d4(5D)4s4p_7Fo[0]        1.0     326632.3100     2.6042   1.151E+03    77     0    713
3d5(4P)5p_3Po[0]          1.0     326700.2060     2.6022   1.152E+03    75     0    714
3d4(5D)4s4p_7Fo[1]        3.0     326788.5590     2.5995   1.153E+03    77     0    715
3d5(2H)5s_1He[5]         11.0     326796.3570     2.5993   1.153E+03    70     0    716
3d5(4P)5p_3Do[3]          7.0     326882.1020     2.5967   1.154E+03    75     0    717
3d5(4P)5p_3Do[2]          5.0     327050.3010     2.5917   1.157E+03    75     0    718
3d4(5D)4s4p_7Fo[2]        5.0     327098.6270     2.5902   1.157E+03    77     0    719
3d5(4P)5p_3Do[1]          3.0     327164.5720     2.5883   1.158E+03    75     0    720
3d5(2G)5s_3Ge[3]          7.0     327222.3790     2.5865   1.159E+03    68     0    721
3d5(2G)5s_3Ge[4]          9.0     327377.2280     2.5819   1.161E+03    68     0    722
3d4(5D)4s4p_7Fo[3]        7.0     327559.1770     2.5764   1.164E+03    77     0    723
3d5(2G)5s_3Ge[5]         11.0     327783.1120     2.5697   1.167E+03    68     0    724
3d5(4P)5p_3So[1]          3.0     328076.2750     2.5609   1.171E+03    75     0    725
3d4(5D)4s4p_7Fo[4]        9.0     328167.0740     2.5582   1.172E+03    77     0    726
3d5(2G)5s_1Ge[4]          9.0     328171.0280     2.5581   1.172E+03    70     0    727
3d5(2D)4d_1Fbe[3]         7.0     328219.0170     2.5567   1.173E+03    70     0    728
3d4(1I)4s2_1Ibe[6]       13.0     328277.3350     2.5549   1.173E+03    70     0    729
3d5(2G)5s_1Gbe[4]         9.0     328679.9130     2.5428   1.179E+03    70     0    730
3d5(4D)5p_5Fo[1]          3.0     328813.5170     2.5388   1.181E+03    73     0    731
3d5(4D)5p_5Fo[2]          5.0     328921.1590     2.5356   1.182E+03    73     0    732
3d4(5D)4s4p_7Fo[5]       11.0     328921.5080     2.5356   1.182E+03    77     0    733
3d4(5D)4s4p_7Po[2]        5.0     328953.4680     2.5346   1.183E+03    77     0    734
3d5(4D)5p_5Fo[3]          7.0     328987.2760     2.5336   1.183E+03    73     0    735
3d5(4D)5p_5Fo[4]          9.0     329020.3260     2.5326   1.184E+03    73     0    736
3d5(4D)5p_5Fbo[3]         7.0     329086.5110     2.5307   1.185E+03    73     0    737
3d4(5D)4s4p_7Po[3]        7.0     329144.5390     2.5289   1.185E+03    77     0    738
3d5(4D)5p_5Fo[5]         11.0     329166.9220     2.5282   1.186E+03    73     0    739
3d5(4D)5p_5Po[2]          5.0     329216.0200     2.5268   1.186E+03    73     0    740
3d5(4D)5p_5Po[1]          3.0     329321.1700     2.5236   1.188E+03    73     0    741
3d5(4D)5p_5Do[4]          9.0     329336.6910     2.5232   1.188E+03    73     0    742
3d4(3D)4s2_3Dbe[2]        5.0     329381.7620     2.5218   1.189E+03    72     0    743
3d4(5D)4s4p_7Po[4]        9.0     329397.6060     2.5213   1.189E+03    77     0    744
3d4(3D)4s2_3Dbe[3]        7.0     329419.9060     2.5207   1.189E+03    72     0    745
3d4(3D)4s2_3Dbe[1]        3.0     329437.2120     2.5201   1.190E+03    72     0    746
3d5(4D)5p_5Do[0]          1.0     329644.1710     2.5139   1.193E+03    73     0    747
3d5(4D)5p_5Do[1]          3.0     329726.5200     2.5115   1.194E+03    73     0    748
3d4(5D)4s4p_7Fo[6]       13.0     329827.9230     2.5084   1.195E+03    77     0    749
3d5(4D)5p_5Do[2]          5.0     329844.2510     2.5079   1.195E+03    73     0    750
3d5(4D)5p_5Do[3]          7.0     329893.0700     2.5065   1.196E+03    73     0    751
3d5(4D)5p_3Do[3]          7.0     330572.7850     2.4861   1.206E+03    75     0    752
3d5(2D)4d_3Sbe[1]         3.0     330731.6670     2.4813   1.208E+03    72     0    753
3d5(4D)5p_3Do[2]          5.0     330797.3290     2.4794   1.209E+03    75     0    754
3d5(4D)5p_3Fo[4]          9.0     330802.2710     2.4792   1.209E+03    75     0    755
3d5(4D)5p_3Do[1]          3.0     330935.7420     2.4752   1.211E+03    75     0    756
3d5(4D)5p_3Fo[3]          7.0     331054.1610     2.4717   1.213E+03    75     0    757
3d5(4D)5p_3Fo[2]          5.0     331091.1700     2.4706   1.213E+03    75     0    758
3d5(2D)4d_1Pbe[1]         3.0     331220.6610     2.4667   1.215E+03    78     0    759
3d5(4D)5p_3Po[0]          1.0     331342.9580     2.4630   1.217E+03    75     0    760
3d4(5D)4s4p_7Do[1]        3.0     331418.9250     2.4607   1.218E+03    77     0    761
3d5(2S)4d_1De[2]          5.0     331446.1830     2.4599   1.219E+03    78     0    762
3d5(2F)5s_3Fbe[4]         9.0     331503.3850     2.4582   1.220E+03    72     0    763
3d5(2F)5s_3Fce[2]         5.0     331512.4100     2.4579   1.220E+03    72     0    764
3d5(2F)5s_3Fbe[3]         7.0     331517.6610     2.4578   1.220E+03    72     0    765
3d5(4D)5p_3Po[1]          3.0     331648.1840     2.4539   1.222E+03    75     0    766
3d5(2F)4d_1Ge[4]          9.0     331710.2600     2.4520   1.223E+03    78     0    767
3d4(5D)4s4p_7Do[2]        5.0     331798.0110     2.4494   1.224E+03    77     0    768
3d5(4D)5p_3Po[2]          5.0     331893.6230     2.4465   1.225E+03    75     0    769
3d5(2D)4d_3Gbe[3]         7.0     332041.0290     2.4421   1.228E+03    72     0    770
3d5(2D)4d_3Gbe[4]         9.0     332160.7590     2.4385   1.229E+03    72     0    771
3d5(2D)4d_3Ge[5]         11.0     332186.3660     2.4377   1.230E+03    61     0    772
3d4(5D)4s4p_7Do[3]        7.0     332292.5240     2.4345   1.231E+03    77     0    773
3d4(1S)4s2_1Se[0]         1.0     332617.5790     2.4248   1.236E+03    78     0    774
3d5(2F)5s_1Fce[3]         7.0     332624.4100     2.4246   1.236E+03    78     0    775
3d4(5D)4s4p_7Do[4]        9.0     332852.8670     2.4177   1.240E+03    77     0    776
3d4(5D)4s4p_7Do[5]       11.0     333440.9010     2.4001   1.249E+03    77     0    777
3d5(2D)4d_3Fbe[3]         7.0     333683.7130     2.3928   1.253E+03    72     0    778
3d5(2D)4d_3Fbe[2]         5.0     333686.7880     2.3927   1.253E+03    72     0    779
3d5(2D)4d_3Fbe[4]         9.0     333744.5760     2.3910   1.254E+03    72     0    780
3d5(2D)4d_1Ge[4]          9.0     333954.3230     2.3847   1.257E+03    78     0    781
3d5(2D)4d_3Dbe[3]         7.0     334058.3940     2.3816   1.259E+03    72     0    782
3d5(2D)4d_3De[2]          5.0     334152.8150     2.3788   1.260E+03    62     0    783
3d5(2D)4d_3Dbe[1]         3.0     334221.8340     2.3767   1.261E+03    72     0    784
3d5(6S)6p_7Po[2]          5.0     334952.0690     2.3548   1.273E+03    77     0    785
3d5(6S)6p_7Po[3]          7.0     335039.2640     2.3522   1.275E+03    77     0    786
3d5(6S)6p_7Po[4]          9.0     335182.0790     2.3479   1.277E+03    77     0    787
3d4(5D)4s4p_5Po[1]        3.0     336062.2860     2.3215   1.291E+03    73     0    788
3d5(6S)6p_5Po[3]          7.0     336259.0430     2.3156   1.295E+03    73     0    789
3d5(6S)6p_5Po[2]          5.0     336342.5660     2.3131   1.296E+03    73     0    790
3d5(6S)6p_5Po[1]          3.0     336400.1580     2.3114   1.297E+03    73     0    791
3d4(5D)4s4p_5Po[2]        5.0     336459.3040     2.3096   1.298E+03    73     0    792
3d4(1D)4s2_1De[2]         5.0     336577.9670     2.3061   1.300E+03    78     0    793
3d5(2D)4d_3Pbe[0]         1.0     336897.1630     2.2965   1.305E+03    67     0    794
3d5(2D)4d_3Pbe[1]         3.0     337067.3130     2.2914   1.308E+03    67     0    795
3d4(5D)4s4p_5Po[3]        7.0     337070.9720     2.2913   1.308E+03    73     0    796
3d5(2D)4d_3Pce[2]         5.0     337468.9590     2.2794   1.315E+03    76     0    797
3d4(5D)4s4p_5Fo[1]        3.0     337754.2300     2.2708   1.320E+03    79     0    798
3d4(5D)4s4p_5Fo[2]        5.0     338043.4170     2.2621   1.325E+03    79     0    799
3d5(2S)5s_3Se[1]          3.0     338164.4060     2.2585   1.327E+03    76     0    800
3d4(5D)4s4p_5Fo[3]        7.0     338469.4660     2.2494   1.333E+03    79     0    801
3d5(2I)5p_3Ko[6]         13.0     338490.7190     2.2487   1.333E+03    80     0    802
3d5(2I)5p_3Ko[7]         15.0     338665.7590     2.2435   1.336E+03    80     0    803
3d5(2I)5p_3Io[5]         11.0     338746.1590     2.2411   1.338E+03    80     0    804
3d5(2S)5s_1Se[0]          1.0     338795.2030     2.2396   1.339E+03    78     0    805
3d5(2I)5p_3Io[6]         13.0     339004.7500     2.2333   1.342E+03    80     0    806
3d4(5D)4s4p_5Fo[4]        9.0     339022.5880     2.2328   1.343E+03    79     0    807
3d5(2I)5p_3Ko[8]         17.0     339158.1960     2.2287   1.345E+03    80     0    808
3d5(2I)5p_3Io[7]         15.0     339217.7250     2.2269   1.346E+03    80     0    809
3d5(2I)5p_3Ho[6]         13.0     339513.8640     2.2180   1.352E+03    80     0    810
3d5(2I)5p_1Ko[7]         15.0     339519.5530     2.2179   1.352E+03    81     0    811
3d5(2I)5p_3Ho[5]         11.0     339599.7270     2.2155   1.353E+03    80     0    812
3d4(5D)4s4p_5Fo[5]       11.0     339678.3260     2.2131   1.355E+03    79     0    813
3d5(2I)5p_3Ho[4]          9.0     339735.2180     2.2114   1.356E+03    80     0    814
3d5(2D)4d_1Dbe[2]         5.0     339767.7820     2.2104   1.356E+03    78     0    815
3d4(5D)4s4p_3Po[0]        1.0     339803.3800     2.2094   1.357E+03    80     0    816
3d5(2I)5p_1Ho[5]         11.0     340030.7130     2.2026   1.361E+03    81     0    817
3d5(4G)4f_3Po[1]          3.0     340137.5080     2.1994   1.363E+03    80     0    818
3d5(4G)4f_5Io[4]          9.0     340233.6370     2.1965   1.365E+03    79     0    819
3d5(4G)4f_5Io[5]         11.0     340265.8590     2.1955   1.365E+03    79     0    820
3d5(4G)4f_5Io[6]         13.0     340296.1400     2.1946   1.366E+03    79     0    821
3d5(4G)4f_5Io[7]         15.0     340315.7200     2.1940   1.366E+03    79     0    822
3d5(4G)4f_5Io[8]         17.0     340323.0780     2.1938   1.367E+03    79     0    823
3d5(4G)4f_5Ho[3]          7.0     340337.4460     2.1934   1.367E+03    79     0    824
3d5(4G)4f_5Ho[4]          9.0     340355.8210     2.1928   1.367E+03    79     0    825
3d5(4G)4f_5Ho[5]         11.0     340377.2900     2.1922   1.368E+03    79     0    826
3d5(4G)4f_5Ko[5]         11.0     340380.9420     2.1921   1.368E+03    79     0    827
3d5(4G)4f_5Go[2]          5.0     340384.2780     2.1920   1.368E+03    79     0    828
3d5(4G)4f_5Ho[6]         13.0     340398.1210     2.1915   1.368E+03    79     0    829
3d5(4G)4f_5Go[3]          7.0     340404.0260     2.1914   1.368E+03    79     0    830
3d5(4G)4f_5Ho[7]         15.0     340407.0420     2.1913   1.368E+03    79     0    831
3d5(4G)4f_5Go[6]         13.0     340409.5500     2.1912   1.368E+03    79     0    832
3d5(4G)4f_5Ko[6]         13.0     340412.2210     2.1911   1.368E+03    79     0    833
3d5(4G)4f_5Go[4]          9.0     340418.0470     2.1909   1.368E+03    79     0    834
3d5(4G)4f_5Go[5]         11.0     340420.3660     2.1909   1.368E+03    79     0    835
3d5(4G)4f_3Po[2]          5.0     340437.1230     2.1904   1.369E+03    80     0    836
3d5(4G)4f_5Ko[9]         19.0     340437.6500     2.1904   1.369E+03    79     0    837
3d5(4G)4f_5Ko[7]         15.0     340438.5270     2.1903   1.369E+03    79     0    838
3d5(4G)4f_5Ko[8]         17.0     340451.5440     2.1899   1.369E+03    79     0    839
3d5(2D)4d_1Fce[3]         7.0     340471.9480     2.1893   1.369E+03    78     0    840
3d5(4G)4f_5Fo[1]          3.0     340540.9390     2.1873   1.371E+03    79     0    841
3d5(4G)4f_5Fo[2]          5.0     340549.4470     2.1870   1.371E+03    79     0    842
3d5(4G)4f_5Fo[3]          7.0     340557.8770     2.1867   1.371E+03    79     0    843
3d5(4G)4f_5Fo[4]          9.0     340570.0790     2.1864   1.371E+03    79     0    844
3d5(4G)4f_3Ko[6]         13.0     340605.2630     2.1853   1.372E+03    80     0    845
3d5(4G)4f_5Fo[5]         11.0     340608.1880     2.1852   1.372E+03    79     0    846
3d5(2G)4d_1Fe[3]          7.0     340643.2520     2.1842   1.373E+03    78     0    847
3d5(4G)4f_3Ko[7]         15.0     340647.5910     2.1841   1.373E+03    80     0    848
3d5(4G)4f_3Ko[8]         17.0     340648.1910     2.1840   1.373E+03    80     0    849
3d5(4G)4f_5Do[2]          5.0     340737.4450     2.1814   1.374E+03    79     0    850
3d5(4G)4f_5Do[1]          3.0     340737.7430     2.1814   1.374E+03    79     0    851
3d5(4G)4f_5Do[0]          1.0     340738.5260     2.1813   1.374E+03    79     0    852
3d5(4G)4f_5Do[3]          7.0     340745.5900     2.1811   1.374E+03    79     0    853
3d5(2I)5p_1Io[6]         13.0     340746.9830     2.1811   1.375E+03    81     0    854
3d5(4G)4f_5Do[4]          9.0     340757.6130     2.1808   1.375E+03    79     0    855
3d5(2G)4d_3Ie[5]         11.0     340762.5780     2.1806   1.375E+03    69     0    856
3d5(2G)4d_3Ibe[6]        13.0     340769.6840     2.1804   1.375E+03    76     0    857
3d5(2G)4d_3Ibe[7]        15.0     340773.5090     2.1803   1.375E+03    76     0    858
3d5(4G)4f_3Do[3]          7.0     340955.5800     2.1748   1.378E+03    80     0    859
3d5(4G)4f_3Do[2]          5.0     340982.7120     2.1740   1.379E+03    80     0    860
3d5(4G)4f_3Do[1]          3.0     341010.4730     2.1732   1.380E+03    80     0    861
3d5(4G)4f_3Fo[4]          9.0     341148.0350     2.1691   1.382E+03    80     0    862
3d5(4G)4f_3Fo[3]          7.0     341151.4080     2.1690   1.382E+03    80     0    863
3d5(4G)4f_3Fo[2]          5.0     341171.7650     2.1683   1.383E+03    80     0    864
3d5(4G)4f_3Go[4]          9.0     341199.2440     2.1675   1.383E+03    80     0    865
3d5(4G)4f_3Go[3]          7.0     341212.3670     2.1671   1.383E+03    80     0    866
3d5(4G)4f_5Po[1]          3.0     341223.4000     2.1668   1.384E+03    79     0    867
3d5(4G)4f_3Go[5]         11.0     341228.7980     2.1666   1.384E+03    80     0    868
3d5(4G)4f_3Ho[4]          9.0     341237.6630     2.1664   1.384E+03    80     0    869
3d5(4G)4f_5Po[2]          5.0     341254.5310     2.1659   1.384E+03    79     0    870
3d5(4G)4f_3Ho[5]         11.0     341257.0930     2.1658   1.384E+03    80     0    871
3d5(4G)4f_3Io[5]         11.0     341275.8640     2.1652   1.385E+03    80     0    872
3d5(4G)4f_5Po[3]          7.0     341276.7290     2.1652   1.385E+03    79     0    873
3d5(4G)4f_3Ho[6]         13.0     341281.4710     2.1651   1.385E+03    80     0    874
3d5(4G)4f_3Io[6]         13.0     341328.0590     2.1637   1.386E+03    80     0    875
3d5(4G)4f_3Io[7]         15.0     341352.8890     2.1629   1.386E+03    80     0    876
3d5(2F)5p_3Fo[2]          5.0     341376.0430     2.1622   1.387E+03    80     0    877
3d5(2D)5p_3Fo[3]          7.0     341496.9800     2.1586   1.389E+03    80     0    878
3d5(4G)4f_3Po[0]          1.0     341734.8170     2.1515   1.393E+03    80     0    879
3d5(2G)4d_1Hce[5]        11.0     341981.3710     2.1441   1.398E+03    78     0    880
3d5(2D)5p_3Fo[2]          5.0     341995.5010     2.1437   1.399E+03    80     0    881
3d5(2D)5p_3Fo[4]          9.0     342047.1810     2.1421   1.400E+03    80     0    882
3d4(5D)4s4p_3Po[1]        3.0     342123.5020     2.1398   1.401E+03    80     0    883
3d5(2D)5p_1Do[2]          5.0     342425.2080     2.1308   1.407E+03    81     0    884
3d5(2D)5p_3Po[1]          3.0     342449.1360     2.1301   1.407E+03    80     0    885
3d5(2D)5p_3Do[3]          7.0     342449.8010     2.1300   1.407E+03    80     0    886
3d5(2G)4d_3Gbe[5]        11.0     342568.5510     2.1265   1.410E+03    76     0    887
3d5(2G)4d_3Hbe[4]         9.0     342598.8650     2.1256   1.410E+03    82     0    888
3d5(2G)4d_3Hbe[6]        13.0     342728.3640     2.1217   1.413E+03    82     0    889
3d5(2G)4d_3Hbe[5]        11.0     342740.5670     2.1213   1.413E+03    82     0    890
3d5(2G)4d_3Gce[4]         9.0     342744.5110     2.1212   1.413E+03    82     0    891
3d5(2G)4d_3Gbe[3]         7.0     342755.9490     2.1209   1.414E+03    76     0    892
3d5(2D)5p_3Do[1]          3.0     342874.9430     2.1173   1.416E+03    80     0    893
3d5(2D)5p_3Po[0]          1.0     342924.1040     2.1158   1.417E+03    80     0    894
3d4(5D)4s4p_3Po[2]        5.0     343057.7830     2.1118   1.420E+03    80     0    895
3d5(2D)5p_3Do[2]          5.0     343067.1590     2.1115   1.420E+03    80     0    896
3d5(2D)5p_1Fo[3]          7.0     343118.9900     2.1100   1.421E+03    81     0    897
3d5(2D)4d_1Sbe[0]         1.0     343245.3030     2.1062   1.423E+03    78     0    898
3d5(2D)5p_1Po[1]          3.0     343588.0100     2.0959   1.430E+03    81     0    899
3d5(4P)4f_5Go[4]          9.0     343723.3640     2.0919   1.433E+03    79     0    900
3d5(4P)4f_5Go[3]          7.0     343745.6100     2.0912   1.434E+03    79     0    901
3d5(2G)4d_3Dbe[3]         7.0     343771.9360     2.0904   1.434E+03    68     0    902
3d5(6S)5f_7Fo[0]          1.0     343772.6580     2.0904   1.434E+03    83     0    903
3d5(6S)5f_7Fo[1]          3.0     343773.7540     2.0903   1.434E+03    83     0    904
3d5(6S)5f_7Fo[2]          5.0     343774.7800     2.0903   1.434E+03    83     0    905
3d5(6S)5f_7Fo[3]          7.0     343775.5290     2.0903   1.434E+03    83     0    906
3d5(4P)4f_5Go[5]         11.0     343775.6070     2.0903   1.434E+03    79     0    907
3d5(6S)5f_7Fo[4]          9.0     343776.6720     2.0903   1.434E+03    83     0    908
3d5(6S)5f_7Fo[5]         11.0     343777.8980     2.0902   1.434E+03    83     0    909
3d5(6S)5f_7Fo[6]         13.0     343779.3070     2.0902   1.434E+03    83     0    910
3d5(4P)4f_5Go[2]          5.0     343782.6180     2.0901   1.434E+03    79     0    911
3d5(4P)4f_5Do[4]          9.0     343817.8080     2.0890   1.435E+03    79     0    912
3d5(2G)4d_3Dce[2]         5.0     343819.9770     2.0890   1.435E+03    82     0    913
3d5(2G)4d_3Dce[1]         3.0     343825.8150     2.0888   1.435E+03    82     0    914
3d5(4P)4f_5Do[3]          7.0     343861.2210     2.0877   1.436E+03    79     0    915
3d5(4P)4f_5Do[0]          1.0     343875.7240     2.0873   1.436E+03    79     0    916
3d5(4P)4f_5Do[1]          3.0     343908.6020     2.0863   1.437E+03    79     0    917
3d5(4P)4f_5Do[2]          5.0     343922.7280     2.0859   1.437E+03    79     0    918
3d5(4P)4f_5Go[6]         13.0     343955.5960     2.0849   1.438E+03    79     0    919
3d5(2F)5p_3Fo[4]          9.0     343985.3550     2.0840   1.439E+03    80     0    920
3d5(4P)4f_5Gbo[5]        11.0     343999.9210     2.0836   1.439E+03    79     0    921
3d5(6S)5g_7Ge[1]          3.0     344004.4030     2.0834   1.439E+03    84     0    922
3d5(6S)5g_7Ge[2]          5.0     344004.4590     2.0834   1.439E+03    84     0    923
3d5(6S)5g_7Ge[3]          7.0     344004.5460     2.0834   1.439E+03    84     0    924
3d5(6S)5g_7Ge[4]          9.0     344004.6660     2.0834   1.439E+03    84     0    925
3d5(6S)5g_7Ge[5]         11.0     344004.8240     2.0834   1.439E+03    84     0    926
3d5(6S)5g_7Ge[6]         13.0     344005.0250     2.0834   1.439E+03    84     0    927
3d5(6S)5g_7Ge[7]         15.0     344005.2770     2.0834   1.439E+03    84     0    928
3d5(4P)4f_5Fo[1]          3.0     344007.8740     2.0833   1.439E+03    79     0    929
3d5(6S)5g_5Ge[6]         13.0     344015.4020     2.0831   1.439E+03    85     0    930
3d5(6S)5g_5Ge[5]         11.0     344015.5350     2.0831   1.439E+03    85     0    931
3d5(6S)5g_5Ge[4]          9.0     344015.6460     2.0831   1.439E+03    85     0    932
3d5(6S)5g_5Ge[3]          7.0     344015.7350     2.0831   1.439E+03    85     0    933
3d5(6S)5g_5Ge[2]          5.0     344015.8010     2.0831   1.439E+03    85     0    934
3d5(4P)4f_5Gbo[4]         9.0     344037.1070     2.0824   1.440E+03    79     0    935
3d5(4P)4f_5Fo[2]          5.0     344051.1460     2.0820   1.440E+03    79     0    936
3d5(6S)5f_5Fo[3]          7.0     344059.4750     2.0818   1.440E+03    79     0    937
3d5(4P)4f_3Fo[4]          9.0     344085.7380     2.0810   1.441E+03    80     0    938
3d5(2F)5p_3Do[3]          7.0     344175.4320     2.0783   1.442E+03    80     0    939
3d4(1F)4s2_1Fe[3]         7.0     344178.1120     2.0782   1.443E+03    78     0    940
3d5(4P)4f_3Fo[3]          7.0     344206.9490     2.0774   1.443E+03    80     0    941
3d5(4P)4f_3Fo[2]          5.0     344323.3470     2.0739   1.446E+03    80     0    942
3d5(4P)4f_5Dbo[0]         1.0     344332.3000     2.0736   1.446E+03    79     0    943
3d5(4P)4f_5Dbo[1]         3.0     344333.8750     2.0735   1.446E+03    79     0    944
3d4(5D)4s4p_5Do[3]        7.0     344410.7520     2.0712   1.447E+03    79     0    945
3d5(2F)5p_3Go[5]         11.0     344439.1100     2.0704   1.448E+03    80     0    946
3d5(4P)4f_3Fbo[2]         5.0     344447.9190     2.0701   1.448E+03    80     0    947
3d5(2F)5p_3Fbo[4]         9.0     344450.2840     2.0701   1.448E+03    80     0    948
3d5(2F)5p_3Fbo[2]         5.0     344584.8470     2.0660   1.451E+03    80     0    949
3d5(4P)4f_3Go[3]          7.0     344599.3520     2.0656   1.451E+03    80     0    950
3d4(5D)4s4p_5Do[4]        9.0     344620.2220     2.0650   1.452E+03    79     0    951
3d5(6S)5f_5Fo[1]          3.0     344666.1050     2.0636   1.453E+03    79     0    952
3d5(4P)4f_3Go[5]         11.0     344684.9920     2.0630   1.453E+03    80     0    953
3d5(4P)4f_3Go[4]          9.0     344687.0430     2.0630   1.453E+03    80     0    954
3d5(6S)5f_5Fo[2]          5.0     344696.8120     2.0627   1.453E+03    79     0    955
3d5(4P)4f_3Gbo[3]         7.0     344741.0130     2.0613   1.454E+03    80     0    956
3d5(6S)5f_5Fbo[3]         7.0     344756.9470     2.0609   1.455E+03    79     0    957
3d5(6S)5f_5Fo[5]         11.0     344777.5460     2.0602   1.455E+03    79     0    958
3d5(6S)5f_5Fo[4]          9.0     344819.3060     2.0590   1.456E+03    79     0    959
3d5(4P)4f_3Do[2]          5.0     344869.8810     2.0575   1.457E+03    80     0    960
3d5(4P)4f_3Do[3]          7.0     344898.8840     2.0566   1.458E+03    80     0    961
3d5(4F)5p_5Go[4]          9.0     344930.5470     2.0557   1.458E+03    79     0    962
3d5(4P)4f_3Do[1]          3.0     344939.6550     2.0554   1.459E+03    80     0    963
3d5(4F)5p_5Go[5]         11.0     344999.1830     2.0536   1.460E+03    79     0    964
3d5(4F)5p_5Fo[3]          7.0     345071.7860     2.0514   1.461E+03    79     0    965
3d5(4F)5p_5Fo[4]          9.0     345109.1240     2.0503   1.462E+03    79     0    966
3d5(4F)5p_5Go[2]          5.0     345155.2000     2.0489   1.463E+03    79     0    967
3d5(4F)5p_5Go[6]         13.0     345186.9350     2.0480   1.464E+03    79     0    968
3d5(4F)5p_5Fo[2]          5.0     345226.6360     2.0468   1.465E+03    79     0    969
3d5(4F)5p_5Fo[5]         11.0     345260.2800     2.0458   1.465E+03    79     0    970
3d5(4F)5p_5Go[3]          7.0     345261.6460     2.0457   1.465E+03    79     0    971
3d5(4F)5p_5Fo[1]          3.0     345354.7210     2.0429   1.467E+03    79     0    972
3d5(2F)5p_3Go[3]          7.0     345421.0930     2.0410   1.469E+03    80     0    973
3d5(2F)5p_3Do[2]          5.0     345585.7670     2.0360   1.472E+03    80     0    974
3d5(4F)5p_5Do[4]          9.0     345613.6930     2.0352   1.473E+03    79     0    975
3d5(2G)4d_1Ibe[6]        13.0     345779.4200     2.0302   1.477E+03    78     0    976
3d5(2F)5p_1Go[4]          9.0     345780.3930     2.0302   1.477E+03    81     0    977
3d5(4F)5p_5Do[3]          7.0     345836.6600     2.0285   1.478E+03    79     0    978
3d5(4F)5p_5Do[1]          3.0     345864.9300     2.0276   1.479E+03    79     0    979
3d5(2F)5p_1Do[2]          5.0     345945.0450     2.0252   1.480E+03    81     0    980
3d5(4F)5p_5Do[0]          1.0     345987.6590     2.0240   1.481E+03    79     0    981
3d5(4F)5p_5Do[2]          5.0     346042.8290     2.0223   1.482E+03    79     0    982
3d4(5D)4s4p_3Fo[2]        5.0     346101.8910     2.0205   1.484E+03    80     0    983
3d5(4F)5p_5Dbo[1]         3.0     346109.1320     2.0203   1.484E+03    79     0    984
3d4(5D)4s4p_3Fo[3]        7.0     346278.4960     2.0152   1.488E+03    80     0    985
3d5(2F)5p_1Fo[3]          7.0     346386.7620     2.0120   1.490E+03    81     0    986
3d5(4F)5p_3Go[5]         11.0     346554.9300     2.0070   1.494E+03    80     0    987
3d5(2D)5s_3Dbe[1]         3.0     346578.5940     2.0063   1.494E+03    72     0    988
3d5(2D)5s_3Dce[2]         5.0     346608.7010     2.0054   1.495E+03    82     0    989
3d4(5D)4s4p_3Fo[4]        9.0     346647.1250     2.0042   1.496E+03    80     0    990
3d5(2D)5s_3Dbe[3]         7.0     346659.6000     2.0038   1.496E+03    72     0    991
3d5(4F)5p_3Go[4]          9.0     346712.1120     2.0023   1.497E+03    80     0    992
3d5(4F)5p_3Go[3]          7.0     346913.6850     1.9962   1.502E+03    80     0    993
3d5(4F)5p_3Do[3]          7.0     347242.9690     1.9863   1.509E+03    80     0    994
3d5(4F)5p_3Fo[4]          9.0     347295.3760     1.9848   1.510E+03    80     0    995
3d5(4F)5p_3Do[2]          5.0     347299.7260     1.9846   1.511E+03    80     0    996
3d5(2G)4d_3Fbe[2]         5.0     347476.1250     1.9793   1.515E+03    82     0    997
3d5(4F)5p_3Fo[3]          7.0     347491.0140     1.9789   1.515E+03    80     0    998
3d5(4F)5p_3Do[1]          3.0     347501.9740     1.9786   1.515E+03    80     0    999
3d5(2D)5s_1De[2]          5.0     347507.3830     1.9784   1.515E+03    78     0   1000
