***************************************************************************************
****************************************************************************************

  Full to super links for Cr II
  ELS option with /\E=1000 cm^-1

****************************************************************************************
****************************************************************************************

27-Oct-2000                            !Date
1000                                   !Number of energy levels
6                                      !Entry number of link to super level
  
3d5_a6Se[5/2]                6.0          0.0000     3.9862   7.521E+02     1     0      1
3d4(5D)4s_a6De[1/2]          2.0      11961.8100     3.6276   8.264E+02     2     0      2
3d4(5D)4s_a6De[3/2]          4.0      12032.5800     3.6255   8.269E+02     2     0      3
3d4(5D)4s_a6De[5/2]          6.0      12147.8200     3.6220   8.277E+02     2     0      4
3d4(5D)4s_a6De[7/2]          8.0      12303.8600     3.6174   8.288E+02     2     0      5
3d4(5D)4s_a6De[9/2]         10.0      12496.4400     3.6116   8.301E+02     2     0      6
3d4(5D)4s_a4De[1/2]          2.0      19528.2500     3.4008   8.815E+02     3     0      7
3d4(5D)4s_a4De[3/2]          4.0      19631.1700     3.3977   8.823E+02     3     0      8
3d4(5D)4s_a4De[5/2]          6.0      19797.8800     3.3927   8.836E+02     3     0      9
3d4(5D)4s_a4De[7/2]          8.0      20024.0100     3.3859   8.854E+02     3     0     10
3d5_a4Ge[5/2]                6.0      20512.0600     3.3713   8.893E+02     3     0     11
3d5_a4Ge[11/2]              12.0      20512.1000     3.3713   8.893E+02     3     0     12
3d5_a4Ge[7/2]                8.0      20517.8300     3.3711   8.893E+02     3     0     13
3d5_a4Ge[9/2]               10.0      20519.3300     3.3711   8.893E+02     3     0     14
3d5_a4Pe[5/2]                6.0      21822.5200     3.3320   8.997E+02     4     0     15
3d5_a4Pe[1/2]                2.0      21823.8400     3.3320   8.997E+02     4     0     16
3d5_a4Pe[3/2]                4.0      21824.1100     3.3320   8.998E+02     4     0     17
3d5_b4De[7/2]                8.0      25033.7000     3.2357   9.265E+02     5     0     18
3d5_b4De[1/2]                2.0      25035.4000     3.2357   9.265E+02     5     0     19
3d5_b4De[3/2]                4.0      25042.8100     3.2355   9.266E+02     5     0     20
3d5_b4De[5/2]                6.0      25046.7600     3.2353   9.266E+02     5     0     21
3d4(3P)4s_b4Pe[1/2]          2.0      29951.8800     3.0883   9.707E+02     6     0     22
3d5_a2Ie[11/2]              12.0      30143.3000     3.0825   9.725E+02     7     0     23
3d5_a2Ie[13/2]              14.0      30149.8300     3.0824   9.726E+02     7     0     24
3d4(3H)4s_a4He[7/2]          8.0      30156.7900     3.0821   9.727E+02     6     0     25
3d4(3H)4s_a4He[9/2]         10.0      30218.8100     3.0803   9.733E+02     6     0     26
3d4(3H)4s_a4He[11/2]        12.0      30298.5100     3.0779   9.740E+02     6     0     27
3d4(3P)4s_b4Pe[3/2]          4.0      30307.4400     3.0776   9.741E+02     6     0     28
3d4(3H)4s_a4He[13/2]        14.0      30391.8300     3.0751   9.749E+02     6     0     29
3d4(3P)4s_b4Pe[5/2]          6.0      30864.4600     3.0609   9.794E+02     6     0     30
3d4(3F)4s_a4Fe[3/2]          4.0      31082.9400     3.0544   9.815E+02     8     0     31
3d4(3F)4s_a4Fe[5/2]          6.0      31117.3900     3.0533   9.818E+02     8     0     32
3d4(3F)4s_a4Fe[7/2]          8.0      31168.5800     3.0518   9.823E+02     8     0     33
3d4(3F)4s_a4Fe[9/2]         10.0      31219.3500     3.0503   9.828E+02     8     0     34
3d5_a2De[5/2]                6.0      31350.9000     3.0463   9.841E+02     9     0     35
3d5_a2De[3/2]                4.0      31531.2400     3.0409   9.859E+02     9     0     36
3d5_a2Fe[7/2]                8.0      32355.6800     3.0162   9.939E+02    10     0     37
3d5_a2Fe[5/2]                6.0      32603.4000     3.0088   9.964E+02    10     0     38
3d5_b4Fe[7/2]                8.0      32836.6800     3.0018   9.987E+02    11     0     39
3d5_b4Fe[3/2]                4.0      32844.7600     3.0016   9.988E+02    11     0     40
3d5_b4Fe[9/2]               10.0      32854.3100     3.0013   9.989E+02    11     0     41
3d5_b4Fe[5/2]                6.0      32854.9500     3.0013   9.989E+02    11     0     42
3d4(3G)4s_b4Ge[5/2]          6.0      33417.9900     2.9844   1.005E+03    11     0     43
3d4(3G)4s_b4Ge[7/2]          8.0      33521.1100     2.9813   1.006E+03    11     0     44
3d4(3G)4s_b4Ge[9/2]         10.0      33618.9400     2.9783   1.007E+03    11     0     45
3d4(3G)4s_b4Ge[11/2]        12.0      33694.1500     2.9761   1.007E+03    11     0     46
3d4(3H)4s_a2He[9/2]         10.0      34630.9500     2.9480   1.017E+03    12     0     47
3d4(3P)4s_a2Pe[1/2]          2.0      34659.3200     2.9472   1.017E+03    12     0     48
3d4(3H)4s_a2He[11/2]        12.0      34812.9500     2.9426   1.019E+03    12     0     49
3d4(3P)4s_a2Pe[3/2]          4.0      35355.8900     2.9263   1.024E+03    12     0     50
3d4(3F)4s_b2Fe[5/2]          6.0      35569.2000     2.9199   1.027E+03    12     0     51
3d4(3F)4s_b2Fe[7/2]          8.0      35607.5000     2.9187   1.027E+03    12     0     52
3d5_b2He[9/2]               10.0      35610.3500     2.9186   1.027E+03    13     0     53
3d5_b2He[11/2]              12.0      35707.4900     2.9157   1.028E+03    13     0     54
3d5_a2Ge[7/2]                8.0      36101.5800     2.9039   1.032E+03    13     0     55
3d5_a2Ge[9/2]               10.0      36272.5400     2.8988   1.034E+03    13     0     56
3d4(3D)4s_c4De[7/2]          8.0      38269.5900     2.8389   1.056E+03    14     0     57
3d4(3D)4s_c4De[5/2]          6.0      38314.8600     2.8376   1.057E+03    14     0     58
3d4(3D)4s_c4De[3/2]          4.0      38362.4300     2.8361   1.057E+03    14     0     59
3d4(3D)4s_c4De[1/2]          2.0      38396.2300     2.8351   1.057E+03    14     0     60
3d4(3G)4s_b2Ge[7/2]          8.0      38508.9300     2.8318   1.059E+03    15     0     61
3d4(3G)4s_b2Ge[9/2]         10.0      38563.0100     2.8301   1.059E+03    15     0     62
3d4(1G)4s_c2Ge[7/2]          8.0      39683.7500     2.7965   1.072E+03    16     0     63
3d5_c2Fe[5/2]                6.0      39742.0900     2.7948   1.073E+03    16     0     64
3d4(1G)4s_c2Ge[9/2]         10.0      39824.3800     2.7923   1.074E+03    16     0     65
3d5_c2Fe[7/2]                8.0      39877.0700     2.7907   1.074E+03    16     0     66
3d4(1I)4s_b2Ie[13/2]        14.0      40202.1200     2.7810   1.078E+03    16     0     67
3d4(1I)4s_b2Ie[11/2]        12.0      40228.3300     2.7802   1.078E+03    16     0     68
3d4(1S)4s_a2Se[1/2]          2.0      40415.0900     2.7746   1.080E+03    16     0     69
3d4(3D)4s_b2De[5/2]          6.0      42897.9900     2.7002   1.110E+03    17     0     70
3d4(3D)4s_b2De[3/2]          4.0      42986.6200     2.6975   1.111E+03    17     0     71
3d5_b2Se[1/2]                2.0      44307.0900     2.6579   1.128E+03    18     0     72
3d4(1D)4s_c2De[3/2]          4.0      45669.3700     2.6171   1.146E+03    19     0     73
3d4(1D)4s_c2De[5/2]          6.0      45730.5800     2.6153   1.146E+03    19     0     74
3d4(5D)4p_z6Fo[1/2]          2.0      46823.3900     2.5825   1.161E+03    20     0     75
3d4(5D)4p_z6Fo[3/2]          4.0      46905.1700     2.5800   1.162E+03    20     0     76
3d4(5D)4p_z6Fo[5/2]          6.0      47040.3500     2.5760   1.164E+03    20     0     77
3d4(5D)4p_z6Fo[7/2]          8.0      47227.2400     2.5704   1.166E+03    20     0     78
3d5_d2De[5/2]                6.0      47354.4400     2.5666   1.168E+03    21     0     79
3d5_d2De[3/2]                4.0      47372.5300     2.5660   1.168E+03    21     0     80
3d4(5D)4p_z6Fo[9/2]         10.0      47464.5500     2.5633   1.170E+03    20     0     81
3d4(5D)4p_z6Fo[11/2]        12.0      47751.6200     2.5547   1.174E+03    20     0     82
3d4(5D)4p_z6Po[3/2]          4.0      48398.9500     2.5353   1.182E+03    22     0     83
3d4(5D)4p_z6Po[5/2]          6.0      48491.1000     2.5325   1.184E+03    22     0     84
3d4(5D)4p_z6Po[7/2]          8.0      48632.1200     2.5283   1.186E+03    22     0     85
3d4(5D)4p_z4Po[1/2]          2.0      48749.3600     2.5248   1.187E+03    23     0     86
3d4(5D)4p_z4Po[3/2]          4.0      49005.9300     2.5171   1.191E+03    23     0     87
3d4(5D)4p_z6Do[5/2]          6.0      49351.8000     2.5067   1.196E+03    24     0     88
3d4(5D)4p_z6Do[1/2]          2.0      49492.7700     2.5025   1.198E+03    24     0     89
3d4(5D)4p_z6Do[3/2]          4.0      49564.6000     2.5003   1.199E+03    24     0     90
3d4(5D)4p_z6Do[7/2]          8.0      49645.7700     2.4979   1.200E+03    24     0     91
3d4(5D)4p_z4Po[5/2]          6.0      49706.3300     2.4961   1.201E+03    23     0     92
3d4(5D)4p_z6Do[9/2]         10.0      49838.3800     2.4921   1.203E+03    24     0     93
3d4(1F)4s_d2Fe[7/2]          8.0      50667.2400     2.4673   1.215E+03    25     0     94
3d4(1F)4s_d2Fe[5/2]          6.0      50687.6200     2.4666   1.215E+03    25     0     95
3d4(5D)4p_z4Fo[3/2]          4.0      51584.1500     2.4398   1.229E+03    26     0     96
3d4(5D)4p_z4Fo[5/2]          6.0      51669.4800     2.4372   1.230E+03    26     0     97
3d4(5D)4p_z4Fo[7/2]          8.0      51788.8800     2.4336   1.232E+03    26     0     98
3d4(5D)4p_z4Fo[9/2]         10.0      51942.7000     2.4290   1.234E+03    26     0     99
3d5_d2Ge[7/2]                8.0      52297.8100     2.4184   1.240E+03    27     0    100
3d5_d2Ge[9/2]               10.0      52321.0100     2.4177   1.240E+03    27     0    101
3d3_4s2_c4Fe[3/2]            4.0      53051.3500     2.3958   1.251E+03    28     0    102
3d3_4s2_c4Fe[5/2]            6.0      53271.0900     2.3892   1.255E+03    28     0    103
3d3_4s2_c4Fe[7/2]            8.0      53566.2800     2.3803   1.259E+03    28     0    104
3d3_4s2_c4Fe[9/2]           10.0      53923.6000     2.3696   1.265E+03    28     0    105
3d4(5D)4p_z4Do[1/2]          2.0      54418.0200     2.3548   1.273E+03    29     0    106
3d4(5D)4p_z4Do[3/2]          4.0      54499.5200     2.3524   1.274E+03    29     0    107
3d4(5D)4p_z4Do[5/2]          6.0      54625.6200     2.3486   1.276E+03    29     0    108
3d4(5D)4p_z4Do[7/2]          8.0      54784.4800     2.3438   1.279E+03    29     0    109
3d4(3F)4s_d4Fe[9/2]         10.0      54867.6100     2.3413   1.280E+03    30     0    110
3d4(3F)4s_d4Fe[3/2]          4.0      54868.6200     2.3413   1.280E+03    30     0    111
3d4(3F)4s_d4Fe[5/2]          6.0      54883.5400     2.3409   1.281E+03    30     0    112
3d4(3F)4s_d4Fe[7/2]          8.0      54887.9700     2.3407   1.281E+03    30     0    113
3d4(3P)4s_c4Pe[5/2]          6.0      55023.1000     2.3367   1.283E+03    30     0    114
3d4(3P)4s_c4Pe[3/2]          4.0      55398.7400     2.3254   1.289E+03    30     0    115
3d4(3P)4s_c4Pe[1/2]          2.0      55626.2100     2.3186   1.293E+03    30     0    116
3d4(3P)4s_b2Pe[3/2]          4.0      59130.3600     2.2135   1.354E+03    31     0    117
3d4(3P)4s_b2Pe[1/2]          2.0      59526.7300     2.2017   1.362E+03    31     0    118
3d4(3F)4s_e2Fe[7/2]          8.0      59570.1000     2.2004   1.362E+03    31     0    119
3d4(3F)4s_e2Fe[5/2]          6.0      59577.6600     2.2001   1.363E+03    31     0    120
3d4(3G)4s_e2Ge[9/2]         10.0      62688.9500     2.1069   1.423E+03    32     0    121
3d4(3G)4s_e2Ge[7/2]          8.0      62701.6700     2.1065   1.423E+03    32     0    122
3d5(2P)_2Pe[3/2]             4.0      63317.9360     2.0880   1.436E+03    32     0    123
3d5(2P)_2Pe[1/2]             2.0      63366.2720     2.0865   1.437E+03    32     0    124
3d4(3H)4p_z4Ho[7/2]          8.0      63600.9100     2.0795   1.442E+03    33     0    125
3d4(3H)4p_z4Ho[9/2]         10.0      63706.3000     2.0764   1.444E+03    33     0    126
3d4(3P)4p_y4Do[1/2]          2.0      63801.8800     2.0735   1.446E+03    34     0    127
3d4(3H)4p_z4Ho[11/2]        12.0      63848.7400     2.0721   1.447E+03    33     0    128
3d4(3H)4p_z4Ho[13/2]        14.0      64030.5300     2.0666   1.451E+03    33     0    129
3d4(3P)4p_y4Do[3/2]          4.0      64061.7300     2.0657   1.451E+03    34     0    130
3d4(3P)4p_y4Do[5/2]          6.0      64448.8100     2.0541   1.459E+03    34     0    131
3d4(3P)4p_y4Do[7/2]          8.0      64924.5200     2.0398   1.470E+03    34     0    132
3d4(3P)4p_z2So[1/2]          2.0      65029.4300     2.0367   1.472E+03    35     0    133
3d4(3F)4p_z4Go[5/2]          6.0      65156.5600     2.0329   1.475E+03    36     0    134
3d4(3H)4p_z4Io[9/2]         10.0      65217.5500     2.0310   1.476E+03    36     0    135
3d4(3F)4p_z4Go[7/2]          8.0      65256.8800     2.0299   1.477E+03    36     0    136
3d4(3F)4p_z4Go[9/2]         10.0      65383.9500     2.0261   1.480E+03    36     0    137
3d4(3H)4p_z4Io[11/2]        12.0      65419.5600     2.0250   1.480E+03    36     0    138
3d4(3H)4p_z2Go[7/2]          8.0      65542.9300     2.0213   1.483E+03    35     0    139
3d4(3H)4p_z4Io[13/2]        14.0      65617.9900     2.0190   1.485E+03    36     0    140
3d4(3H)4p_z2Go[9/2]         10.0      65680.0800     2.0172   1.486E+03    35     0    141
3d4(3F)4p_z4Go[11/2]        12.0      65709.5000     2.0163   1.487E+03    36     0    142
3d4(3H)4p_z4Io[15/2]        16.0      65812.5600     2.0132   1.489E+03    36     0    143
3d3_4s2_d4Pe[1/2]            2.0      65882.5800     2.0111   1.491E+03    37     0    144
3d3_4s2_d4Pe[3/2]            4.0      66010.3900     2.0073   1.494E+03    37     0    145
3d4(a3P)4p_y4Po[1/2]         2.0      66256.4700     1.9999   1.499E+03    38     0    146
3d3_4s2_d4Pe[5/2]            6.0      66256.7500     1.9999   1.499E+03    37     0    147
3d4(a3P)4p_y4Po[3/2]         4.0      66354.8300     1.9970   1.501E+03    38     0    148
3d4(a3P)4p_z2Po[3/2]         4.0      66649.3800     1.9881   1.508E+03    39     0    149
3d4(a3P)4p_y4Po[5/2]         6.0      66726.8100     1.9858   1.510E+03    38     0    150
3d4(a3P)4p_z2Po[1/2]         2.0      66871.9300     1.9815   1.513E+03    39     0    151
3d4(a3F)4p_y4Fo[5/2]         6.0      67012.1000     1.9772   1.516E+03    40     0    152
3d4(a3F)4p_y4Fo[3/2]         4.0      67070.4500     1.9755   1.518E+03    40     0    153
3d4(3H)4p_y4Go[7/2]          8.0      67333.8300     1.9676   1.524E+03    40     0    154
3d4(3H)4p_y4Go[5/2]          6.0      67344.0300     1.9673   1.524E+03    40     0    155
3d4(3H)4p_y4Go[9/2]         10.0      67353.2900     1.9670   1.524E+03    40     0    156
3d4(3H)4p_y4Go[11/2]        12.0      67369.1400     1.9665   1.524E+03    40     0    157
3d4(a3F)4p_z2Do[3/2]         4.0      67379.4700     1.9662   1.525E+03    39     0    158
3d4(a3F)4p_z2Do[5/2]         6.0      67387.1600     1.9660   1.525E+03    39     0    159
3d4(a3F)4p_y4Fo[7/2]         8.0      67393.5100     1.9658   1.525E+03    40     0    160
3d5(2D)_2De[3/2]             4.0      67438.6600     1.9645   1.526E+03    41     0    161
3d4(a3F)4p_y4Fo[9/2]        10.0      67448.5700     1.9642   1.526E+03    40     0    162
3d5(2D)_2De[5/2]             6.0      67453.9620     1.9640   1.526E+03    41     0    163
3d4(3H)4p_z2Io[11/2]        12.0      67506.1300     1.9624   1.528E+03    39     0    164
3d3(2G)4s2_2Ge[7/2]          8.0      67557.4030     1.9609   1.529E+03    41     0    165
3d4(3H)4p_z2Io[13/2]        14.0      67588.9000     1.9600   1.530E+03    39     0    166
3d4(a3F)4p_x4Do[1/2]         2.0      67859.6100     1.9518   1.536E+03    40     0    167
3d4(a3F)4p_x4Do[5/2]         6.0      67867.8200     1.9516   1.536E+03    40     0    168
3d4(a3F)4p_x4Do[3/2]         4.0      67870.2400     1.9515   1.536E+03    40     0    169
3d4(a3F)4p_x4Do[7/2]         8.0      67875.4200     1.9514   1.536E+03    40     0    170
3d3(2G)4s2_2Ge[9/2]         10.0      67888.1090     1.9510   1.537E+03    41     0    171
3d4(a3P)4p_z4So[3/2]         4.0      68305.6400     1.9385   1.547E+03    42     0    172
3d4(3H)4p_z2Ho[9/2]         10.0      68476.9200     1.9333   1.551E+03    43     0    173
3d4(a3F)4p_z2Fo[5/2]         6.0      68583.3400     1.9301   1.553E+03    43     0    174
3d4(3H)4p_z2Ho[11/2]        12.0      68737.8200     1.9255   1.557E+03    43     0    175
3d4(a3F)4p_z2Fo[7/2]         8.0      68759.8900     1.9249   1.557E+03    43     0    176
3d4(3G)4p_y4Ho[7/2]          8.0      68843.3000     1.9224   1.560E+03    44     0    177
3d4(3G)4p_y4Ho[9/2]         10.0      68992.4000     1.9179   1.563E+03    44     0    178
3d4(3G)4p_y4Ho[11/2]        12.0      69170.3900     1.9125   1.568E+03    44     0    179
3d4(a3P)4p_2Do[3/2]          4.0      69348.1800     1.9072   1.572E+03    45     0    180
3d4(3G)4p_y4Ho[13/2]        14.0      69388.2500     1.9060   1.573E+03    44     0    181
3d4(3G)4p_4Fo[5/2]           6.0      69477.9500     1.9033   1.575E+03    44     0    182
3d4(3G)4p_4Fo[9/2]          10.0      69498.2800     1.9027   1.576E+03    44     0    183
3d4(3G)4p_4Fo[7/2]           8.0      69506.0800     1.9025   1.576E+03    44     0    184
3d4(3G)4p_4Fo[3/2]           4.0      69638.6300     1.8985   1.579E+03    44     0    185
3d4(a3F)4p_y2Go[7/2]         8.0      69903.5500     1.8906   1.586E+03    45     0    186
3d4(a3P)4p_2Do[5/2]          6.0      69954.0900     1.8890   1.587E+03    45     0    187
3d4(a3F)4p_y2Go[9/2]        10.0      70107.6700     1.8844   1.591E+03    45     0    188
3d4(3G)4p_x4Go[5/2]          6.0      70316.9000     1.8782   1.596E+03    46     0    189
3d4(3G)4p_y2Ho[9/2]         10.0      70394.2000     1.8759   1.598E+03    47     0    190
3d4(3G)4p_y2Ho[11/2]        12.0      70398.8700     1.8757   1.598E+03    47     0    191
3d4(3G)4p_x4Go[7/2]          8.0      70427.0500     1.8749   1.599E+03    46     0    192
3d4(3G)4p_y2Fo[5/2]          6.0      70584.4700     1.8702   1.603E+03    47     0    193
3d4(3G)4p_x4Go[9/2]         10.0      70679.1500     1.8673   1.605E+03    46     0    194
3d4(3G)4p_y2Fo[7/2]          8.0      70852.2300     1.8621   1.610E+03    47     0    195
3d4(3G)4p_x4Go[11/2]        12.0      70879.8000     1.8613   1.611E+03    46     0    196
3d3(2P)4s2_2Pe[1/2]          2.0      71323.4640     1.8480   1.622E+03    48     0    197
3d3(2P)4s2_2Pe[3/2]          4.0      71426.2370     1.8449   1.625E+03    48     0    198
3d3(2H)4s2_2He[9/2]         10.0      72328.0750     1.8179   1.649E+03    49     0    199
3d3(2H)4s2_2He[11/2]        12.0      72588.2800     1.8101   1.656E+03    49     0    200
3d4(3G)4p_x2Go[7/2]          8.0      72648.5200     1.8083   1.658E+03    50     0    201
3d4(3G)4p_x2Go[9/2]         10.0      72716.7200     1.8062   1.660E+03    50     0    202
3d3(2D)4s2_2De[3/2]          4.0      73174.7190     1.7925   1.672E+03    51     0    203
3d3(2D)4s2_2De[5/2]          6.0      73362.0540     1.7869   1.678E+03    51     0    204
3d4(3D)4p_w4Do[1/2]          2.0      73407.0000     1.7855   1.679E+03    52     0    205
3d4(3D)4p_w4Do[3/2]          4.0      73411.9600     1.7854   1.679E+03    52     0    206
3d4(3D)4p_w4Do[5/2]          6.0      73436.1700     1.7847   1.680E+03    52     0    207
3d4(3D)4p_w4Do[7/2]          8.0      73485.6600     1.7832   1.681E+03    52     0    208
3d4(a1G)4p_x2Fo[7/2]         8.0      74114.3900     1.7643   1.699E+03    53     0    209
3d4(3D)4p_w4Fo[3/2]          4.0      74273.3100     1.7596   1.704E+03    54     0    210
3d4(3D)4p_w4Fo[5/2]          6.0      74318.8300     1.7582   1.705E+03    54     0    211
3d4(1I)4p_2Io[11/2]         12.0      74421.8000     1.7551   1.708E+03    53     0    212
3d4(3D)4p_w4Fo[7/2]          8.0      74423.6700     1.7551   1.708E+03    54     0    213
3d4(1I)4p_2Ko[13/2]         14.0      74424.1900     1.7550   1.708E+03    53     0    214
3d4(a1G)4p_x2Fo[5/2]         6.0      74436.1500     1.7547   1.709E+03    53     0    215
3d4(a1G)4p_x2Ho[9/2]        10.0      74455.8200     1.7541   1.709E+03    53     0    216
3d4(3D)4p_x4Po[5/2]          6.0      74483.9600     1.7532   1.710E+03    54     0    217
3d4(3D)4p_w4Fo[9/2]         10.0      74504.1700     1.7526   1.711E+03    54     0    218
3d4(a1G)4p_x2Ho[11/2]       12.0      74707.4800     1.7465   1.716E+03    53     0    219
3d4(3D)4p_x4Po[3/2]          4.0      74717.5900     1.7462   1.717E+03    54     0    220
3d4(1I)4p_2Io[13/2]         14.0      74743.2800     1.7455   1.718E+03    53     0    221
3d4(3D)4p_y2Po[1/2]          2.0      74853.8500     1.7422   1.721E+03    53     0    222
3d4(3D)4p_x4Po[1/2]          2.0      74920.4400     1.7402   1.723E+03    54     0    223
3d4(1I)4p_2Ko[15/2]         16.0      74958.8000     1.7390   1.724E+03    53     0    224
3d4(3D)4p_y2Po[3/2]          4.0      74984.7800     1.7382   1.725E+03    53     0    225
3d4(a1G)4p_w2Go[7/2]         8.0      75716.5500     1.7163   1.747E+03    55     0    226
3d4(a1G)4p_w2Go[9/2]        10.0      75810.0400     1.7135   1.750E+03    55     0    227
3d4(3D)4p_w2Fo[7/2]          8.0      76879.0300     1.6814   1.783E+03    56     0    228
3d4(3D)4p_w2Fo[5/2]          6.0      76987.7000     1.6782   1.786E+03    56     0    229
3d4(1I)4p_w2Ho[11/2]        12.0      77078.9200     1.6755   1.789E+03    56     0    230
3d4(1I)4p_w2Ho[9/2]         10.0      77270.2500     1.6697   1.795E+03    56     0    231
3d4(a1S)4p_x2Po[3/2]         4.0      77713.2800     1.6564   1.810E+03    56     0    232
3d4(a1S)4p_x2Po[1/2]         2.0      77777.3300     1.6545   1.812E+03    56     0    233
3d4(3D)4p_x2Do[5/2]          6.0      77935.2500     1.6498   1.817E+03    57     0    234
3d4(1D)4s_2De[3/2]           4.0      78017.7870     1.6473   1.820E+03    58     0    235
3d4(1D)4s_2De[5/2]           6.0      78020.3020     1.6472   1.820E+03    58     0    236
3d4(3D)4p_x2Do[3/2]          4.0      78109.5600     1.6446   1.823E+03    57     0    237
3d3(4F)4s4p_6Go[3/2]         4.0      78926.0030     1.6201   1.850E+03    59     0    238
3d3(4F)4s4p_6Go[5/2]         6.0      79063.9420     1.6159   1.855E+03    59     0    239
3d3(4F)4s4p_6Go[7/2]         8.0      79255.9100     1.6102   1.862E+03    59     0    240
3d3(4F)4s4p_6Go[9/2]        10.0      79500.7440     1.6028   1.870E+03    59     0    241
3d3(4F)4s4p_6Go[11/2]       12.0      79796.9480     1.5940   1.881E+03    59     0    242
3d3(4F)4s4p_6Go[13/2]       14.0      80142.7240     1.5836   1.893E+03    59     0    243
3d4(a1D)4p_w2Do[3/2]         4.0      80288.0500     1.5792   1.898E+03    60     0    244
3d4(a1D)4p_w2Do[5/2]         6.0      80420.2000     1.5753   1.903E+03    60     0    245
3d4(a1D)4p_v2Fo[5/2]         6.0      81232.9200     1.5509   1.933E+03    61     0    246
3d4(a1D)4p_v2Fo[7/2]         8.0      81432.2900     1.5449   1.940E+03    61     0    247
3d4(4F)sp_y6Do[1/2]          2.0      81649.1900     1.5384   1.949E+03    62     0    248
3d4(4F)sp_y6Do[3/2]          4.0      81707.8700     1.5367   1.951E+03    62     0    249
3d4(4F)sp_y6Fo[1/2]          2.0      81735.0200     1.5359   1.952E+03    62     0    250
3d4(4F)sp_y6Do[5/2]          6.0      81816.2900     1.5334   1.955E+03    62     0    251
3d4(4F)sp_y6Fo[3/2]          4.0      81824.4000     1.5332   1.955E+03    62     0    252
3d4(4F)sp_y6Fo[5/2]          6.0      81962.2900     1.5291   1.961E+03    62     0    253
3d4(4F)sp_y6Do[7/2]          8.0      81978.0800     1.5286   1.961E+03    62     0    254
3d4(4F)sp_y6Fo[7/2]          8.0      82143.1500     1.5236   1.968E+03    62     0    255
3d4(4F)sp_y6Do[9/2]         10.0      82192.5900     1.5221   1.970E+03    62     0    256
3d4(4F)sp_y6Fo[9/2]         10.0      82362.1900     1.5171   1.976E+03    62     0    257
3d4(4F)sp_y6Fo[11/2]        12.0      82612.6900     1.5096   1.986E+03    62     0    258
3d4(5D)5s_e6De[1/2]          2.0      82692.0600     1.5072   1.989E+03    63     0    259
3d4(5D)5s_e6De[3/2]          4.0      82763.7500     1.5050   1.992E+03    63     0    260
3d4(a1D)4p_w2Po[1/2]         2.0      82853.8500     1.5023   1.996E+03    64     0    261
3d4(5D)5s_e6De[5/2]          6.0      82881.1700     1.5015   1.997E+03    63     0    262
3d4(a1D)4p_w2Po[3/2]         4.0      82919.9000     1.5003   1.998E+03    64     0    263
3d4(5D)5s_e6De[7/2]          8.0      83041.3800     1.4967   2.003E+03    63     0    264
3d4(5D)5s_e6De[9/2]         10.0      83240.4100     1.4907   2.011E+03    63     0    265
3d4(5D)5s_e4De[1/2]          2.0      84209.8800     1.4617   2.051E+03    65     0    266
3d4(5D)5s_e4De[3/2]          4.0      84320.2100     1.4584   2.056E+03    65     0    267
3d3(2F)4s2_2Fe[7/2]          8.0      84445.2380     1.4546   2.061E+03    66     0    268
3d4(5D)5s_e4De[5/2]          6.0      84495.7000     1.4531   2.063E+03    65     0    269
3d3(2F)4s2_2Fe[5/2]          6.0      84593.8310     1.4502   2.067E+03    66     0    270
3d4(1F)4p_u2Fo[5/2]          6.0      84604.8400     1.4498   2.068E+03    67     0    271
3d4(1F)4p_u2Fo[7/2]          8.0      84677.1300     1.4477   2.071E+03    67     0    272
3d4(5D)5s_e4De[7/2]          8.0      84726.7100     1.4462   2.073E+03    65     0    273
3d4(4F)sp_u4Do[1/2]          2.0      85486.2400     1.4234   2.106E+03    68     0    274
3d4(1F)4p_v2Go[7/2]          8.0      85573.1700     1.4208   2.110E+03    69     0    275
3d4(4F)sp_u4Do[3/2]          4.0      85586.6000     1.4204   2.111E+03    68     0    276
3d4(4F)sp_u4Do[5/2]          6.0      85778.6900     1.4146   2.119E+03    68     0    277
3d4(1F)4p_v2Go[9/2]         10.0      85938.9600     1.4098   2.126E+03    69     0    278
3d4(4F)sp_u4Do[7/2]          8.0      86078.9000     1.4056   2.133E+03    68     0    279
3d4(5D)4d_e4Se[3/2]          4.0      86165.3000     1.4030   2.137E+03    70     0    280
3d4(1F)4p_v2Do[5/2]          6.0      86507.3100     1.3928   2.152E+03    71     0    281
3d4(4F)sp_u4Go[5/2]          6.0      86566.5500     1.3910   2.155E+03    72     0    282
3d4(5D)4d_e6Ge[3/2]          4.0      86594.3300     1.3902   2.156E+03    73     0    283
3d4(5D)4d_e6Ge[5/2]          6.0      86654.1800     1.3884   2.159E+03    73     0    284
3d4(5D)4d_e6Pe[3/2]          4.0      86667.7300     1.3880   2.160E+03    73     0    285
3d4(5D)4d_e6Pe[5/2]          6.0      86691.5500     1.3873   2.161E+03    73     0    286
3d4(5D)4d_e6Ge[7/2]          8.0      86738.2700     1.3859   2.163E+03    73     0    287
3d4(5D)4d_e6Pe[7/2]          8.0      86782.0400     1.3846   2.165E+03    73     0    288
3d4(4F)sp_u4Go[7/2]          8.0      86797.3500     1.3841   2.166E+03    72     0    289
3d4(5D)4d_e6Ge[9/2]         10.0      86847.0300     1.3826   2.168E+03    73     0    290
3d4(1F)4p_v2Do[3/2]          4.0      86919.0100     1.3805   2.172E+03    71     0    291
3d4(5D)4d_e6Ge[11/2]        12.0      86980.1000     1.3786   2.175E+03    73     0    292
3d4(4F)sp_u4Go[9/2]         10.0      87092.6500     1.3752   2.180E+03    72     0    293
3d4(5D)4d_e6Ge[13/2]        14.0      87137.0800     1.3739   2.182E+03    73     0    294
3d4(4F)sp_u4Go[11/2]        12.0      87450.4700     1.3645   2.197E+03    72     0    295
3d4(5D)4d_f6De[1/2]          2.0      87453.5000     1.3644   2.197E+03    74     0    296
3d4(5D)4d_f6De[3/2]          4.0      87470.5800     1.3639   2.198E+03    74     0    297
3d4(5D)4d_f6De[5/2]          6.0      87514.8200     1.3626   2.200E+03    74     0    298
3d4(5D)4d_f6De[7/2]          8.0      87588.0000     1.3604   2.204E+03    74     0    299
3d4(5D)4d_e6Fe[1/2]          2.0      87594.5800     1.3602   2.204E+03    74     0    300
3d4(4F)sp_u4Fo[3/2]          4.0      87628.7400     1.3592   2.206E+03    75     0    301
3d4(5D)4d_e6Fe[3/2]          4.0      87666.2600     1.3581   2.208E+03    74     0    302
3d4(5D)4d_f6De[9/2]         10.0      87687.5200     1.3574   2.209E+03    74     0    303
3d4(5D)4d_e6Fe[5/2]          6.0      87759.0200     1.3553   2.212E+03    74     0    304
3d4(4F)sp_u4Fo[5/2]          6.0      87766.6100     1.3550   2.212E+03    75     0    305
3d4(5D)4d_e6Fe[7/2]          8.0      87858.5600     1.3523   2.217E+03    74     0    306
3d4(4F)sp_u4Fo[7/2]          8.0      87916.6700     1.3505   2.220E+03    75     0    307
3d4(5D)4d_e6Fe[9/2]         10.0      87948.5500     1.3496   2.221E+03    74     0    308
3d4(5D)4d_e6Fe[11/2]        12.0      88001.3600     1.3480   2.224E+03    74     0    309
3d4(4F)sp_u4Fo[9/2]         10.0      88073.4900     1.3458   2.228E+03    75     0    310
3d4(4F)sp_u2Do[3/2]          4.0      88604.3400     1.3299   2.254E+03    76     0    311
3d4(5D)4d_e4Ge[5/2]          6.0      89056.0200     1.3164   2.277E+03    77     0    312
3d4(4F)sp_u2Do[5/2]          6.0      89164.6400     1.3131   2.283E+03    76     0    313
3d4(5D)4d_e4Ge[7/2]          8.0      89174.0800     1.3128   2.284E+03    77     0    314
3d4(5D)4d_e4Pe[1/2]          2.0      89254.5600     1.3104   2.288E+03    77     0    315
3d4(5D)4d_e4Pe[3/2]          4.0      89277.9500     1.3097   2.289E+03    77     0    316
3d4(5D)4d_e4Ge[9/2]         10.0      89325.3200     1.3083   2.291E+03    77     0    317
3d4(5D)4d_e4Pe[5/2]          6.0      89336.8900     1.3080   2.292E+03    77     0    318
3d4(b3P)4p_y4Po[3/2]         4.0      89422.3600     1.3054   2.297E+03    78     0    319
3d4(b3P)4p_y4Po[5/2]         6.0      89453.2100     1.3045   2.298E+03    78     0    320
3d4(b3P)4p_y4Po[1/2]         2.0      89507.9400     1.3028   2.301E+03    78     0    321
3d4(5D)4d_e4Ge[11/2]        12.0      89508.5500     1.3028   2.301E+03    77     0    322
3d4(5D)4d_f4De[1/2]          2.0      89651.6600     1.2985   2.309E+03    77     0    323
3d4(5D)4d_f4De[3/2]          4.0      89724.2700     1.2964   2.313E+03    77     0    324
3d4(5D)4d_f4De[5/2]          6.0      89812.4200     1.2937   2.317E+03    77     0    325
3d4(5D)4d_f4De[7/2]          8.0      89885.0800     1.2915   2.321E+03    77     0    326
3d4(b3P)4p_v4Do[7/2]         8.0      90218.4900     1.2815   2.339E+03    79     0    327
3d4(b3P)4p_v4Do[5/2]         6.0      90258.2000     1.2803   2.341E+03    79     0    328
3d4(b3F)4p_v4Fo[3/2]         4.0      90262.1300     1.2802   2.342E+03    79     0    329
3d4(b3F)4p_v4Fo[5/2]         6.0      90441.7800     1.2748   2.352E+03    79     0    330
3d4(b3P)4p_v4Do[3/2]         4.0      90450.6200     1.2746   2.352E+03    79     0    331
3d4(b3P)4p_v4Do[1/2]         2.0      90475.4800     1.2738   2.353E+03    79     0    332
3d4(b3F)4p_v4Fo[7/2]         8.0      90489.8600     1.2734   2.354E+03    79     0    333
3d4(5D)4d_e4Fe[3/2]          4.0      90512.5600     1.2727   2.356E+03    80     0    334
3d4(b3F)4p_v4Fo[9/2]        10.0      90588.5900     1.2704   2.360E+03    79     0    335
3d4(5D)4d_e4Fe[5/2]          6.0      90608.9900     1.2698   2.361E+03    80     0    336
3d4(b3F)4p_t2Fo[5/2]         6.0      90706.8200     1.2669   2.366E+03    81     0    337
3d4(5D)4d_e4Fe[7/2]          8.0      90725.8700     1.2663   2.367E+03    80     0    338
3d4(b3F)4p_t2Fo[7/2]         8.0      90830.7900     1.2632   2.373E+03    81     0    339
3d4(5D)4d_e4Fe[9/2]         10.0      90850.9600     1.2626   2.374E+03    80     0    340
3d4(b3F)4p_w4Go[5/2]         6.0      91078.7200     1.2557   2.387E+03    82     0    341
3d4(b3F)4p_w4Go[7/2]         8.0      91122.8200     1.2544   2.390E+03    82     0    342
3d4(b3F)4p_w4Go[9/2]        10.0      91189.5100     1.2524   2.394E+03    82     0    343
3d4(b3F)4p_w4Go[11/2]       12.0      91292.1600     1.2494   2.400E+03    82     0    344
3d4(b3P)4p_t2Do[5/2]         6.0      91426.0600     1.2453   2.407E+03    81     0    345
3d4(b3P)4p_t2Do[3/2]         4.0      91556.4000     1.2414   2.415E+03    81     0    346
3d4(4F)sp_t2Go[7/2]          8.0      91752.2700     1.2356   2.426E+03    83     0    347
3d4(5D)4d_e6Se[5/2]          6.0      91955.3900     1.2295   2.438E+03    84     0    348
3d4(4F)sp_t2Go[9/2]         10.0      92144.2400     1.2238   2.450E+03    83     0    349
3d4(4P)sp_x6Po[3/2]          4.0      92235.3500     1.2211   2.455E+03    85     0    350
3d4(4P)sp_x6Po[5/2]          6.0      92417.9300     1.2156   2.466E+03    85     0    351
3d4(b3P)4p_y4So[3/2]         4.0      92612.2800     1.2098   2.478E+03    86     0    352
3d4(4P)sp_x6Po[7/2]          8.0      92653.2800     1.2085   2.481E+03    85     0    353
3d4(5D)5p_6Fo[1/2]           2.0      92988.8300     1.1985   2.501E+03    87     0    354
3d4(5D)5p_6Fo[3/2]           4.0      93047.3100     1.1967   2.505E+03    87     0    355
3d4(5D)5p_6Fo[5/2]           6.0      93143.8800     1.1938   2.511E+03    87     0    356
3d4(5D)5p_6Fo[7/2]           8.0      93276.8600     1.1899   2.520E+03    87     0    357
3d4(5D)5p_4Po[1/2]           2.0      93438.1840     1.1850   2.530E+03    88     0    358
3d4(5D)5p_6Fo[9/2]          10.0      93444.1700     1.1848   2.530E+03    87     0    359
3d4(b3F)4p_t4Do[7/2]         8.0      93531.6900     1.1822   2.536E+03    88     0    360
3d4(5D)5p_6Do[3/2]           4.0      93574.4400     1.1809   2.539E+03    89     0    361
3d4(b3F)4p_u2Go[9/2]        10.0      93641.5000     1.1789   2.543E+03    90     0    362
3d4(5D)5p_6Fo[11/2]         12.0      93643.4000     1.1789   2.543E+03    87     0    363
3d3(4P)4s4p_6Do[1/2]         2.0      93667.9390     1.1781   2.545E+03    87     0    364
3d4(b3F)4p_t4Do[5/2]         6.0      93671.0000     1.1780   2.545E+03    88     0    365
3d4(5D)5p_4Po[3/2]           4.0      93740.4000     1.1760   2.549E+03    88     0    366
3d4(b3F)4p_t4Do[3/2]         4.0      93770.1000     1.1751   2.551E+03    88     0    367
3d4(5D)5p_6Do[5/2]           6.0      93776.1500     1.1749   2.552E+03    89     0    368
3d4(b3F)4p_t4Do[1/2]         2.0      93800.3900     1.1742   2.553E+03    88     0    369
3d4(b3F)4p_u2Go[7/2]         8.0      93801.4600     1.1741   2.553E+03    90     0    370
3d4(4F)sp_s2Fo[5/2]          6.0      93890.6400     1.1714   2.559E+03    90     0    371
3d4(5D)5p_6Do[7/2]           8.0      93966.4500     1.1692   2.564E+03    89     0    372
3d4(4P)sp_x6Do[1/2]          2.0      93968.7000     1.1691   2.564E+03    91     0    373
3d4(5D)5p_4Po[5/2]           6.0      93974.0300     1.1689   2.565E+03    88     0    374
3d4(5D)5p_6Po[3/2]           4.0      94002.5600     1.1681   2.567E+03    89     0    375
3d4(4P)sp_x6Do[3/2]          4.0      94098.1300     1.1652   2.573E+03    91     0    376
3d4(5D)5p_6Po[5/2]           6.0      94144.4300     1.1638   2.576E+03    89     0    377
3d4(5D)5p_6Do[9/2]          10.0      94177.1800     1.1629   2.578E+03    89     0    378
3d4(4F)sp_s2Fo[7/2]          8.0      94218.6600     1.1616   2.581E+03    90     0    379
3d4(5D)5p_4Fo[3/2]           4.0      94256.0700     1.1605   2.583E+03    92     0    380
3d4(4P)sp_x6Do[5/2]          6.0      94265.9900     1.1602   2.584E+03    91     0    381
3d4(5D)5p_6Po[7/2]           8.0      94363.5100     1.1573   2.591E+03    89     0    382
3d4(5D)5p_4Fo[5/2]           6.0      94365.1900     1.1572   2.591E+03    92     0    383
3d4(b3P)4p_v2Po[3/2]         4.0      94383.2000     1.1567   2.592E+03    90     0    384
3d4(4P)sp_x6Do[7/2]          8.0      94452.5700     1.1546   2.596E+03    91     0    385
3d4(5D)5p_4Fo[7/2]           8.0      94522.3100     1.1525   2.601E+03    92     0    386
3d4(b3P)4p_v2Po[1/2]         2.0      94624.7200     1.1494   2.608E+03    90     0    387
3d4(4P)sp_x6Do[9/2]         10.0      94656.2400     1.1485   2.610E+03    91     0    388
3d4(5D)5p_4Fo[9/2]          10.0      94749.2000     1.1457   2.617E+03    92     0    389
3d4(5D)5p_4Do[1/2]           2.0      94839.2700     1.1430   2.623E+03    92     0    390
3d4(5D)5p_4Do[3/2]           4.0      94932.9500     1.1402   2.629E+03    92     0    391
3d4(5D)5p_4Do[5/2]           6.0      95076.7200     1.1359   2.639E+03    92     0    392
3d4(5D)5p_4Do[7/2]           8.0      95250.6900     1.1307   2.651E+03    92     0    393
3d4(1S)4s_2Se[1/2]           2.0      95730.2780     1.1163   2.686E+03    93     0    394
3d3(2G)4s4p_4Ho[7/2]         8.0      96149.6450     1.1037   2.716E+03    94     0    395
3d4(b3P)4p_y2So[1/2]         2.0      96245.3200     1.1009   2.723E+03    95     0    396
3d3(2G)4s4p_4Ho[9/2]        10.0      96322.7070     1.0985   2.729E+03    94     0    397
3d3(2G)4s4p_4Ho[11/2]       12.0      96548.9390     1.0918   2.746E+03    94     0    398
3d3(2G)4s4p_4Ho[13/2]       14.0      96841.6200     1.0830   2.768E+03    94     0    399
3d4(2G)sp_t4Go[5/2]          6.0      97071.1500     1.0761   2.786E+03    96     0    400
3d4(4P)sp_w4Po[1/2]          2.0      97168.4800     1.0732   2.793E+03    96     0    401
3d4(4P)sp_w4Po[5/2]          6.0      97182.5400     1.0728   2.795E+03    96     0    402
3d4(2G)sp_t4Go[7/2]          8.0      97187.2800     1.0726   2.795E+03    96     0    403
3d4(4P)sp_w4Po[3/2]          4.0      97294.0600     1.0694   2.803E+03    96     0    404
3d4(2G)sp_t4Go[9/2]         10.0      97333.2800     1.0682   2.806E+03    96     0    405
3d4(b1G)4p_v2Ho[9/2]        10.0      97480.0800     1.0638   2.818E+03    97     0    406
3d4(2G)sp_t4Go[11/2]        12.0      97493.7000     1.0634   2.819E+03    96     0    407
3d4(b1G)4p_s2Go[7/2]         8.0      97728.2500     1.0564   2.838E+03    97     0    408
3d4(4P)sp_z6So[5/2]          6.0      97875.0000     1.0520   2.850E+03    98     0    409
3d4(b1G)4p_v2Ho[11/2]       12.0      97899.4100     1.0513   2.852E+03    97     0    410
3d4(b1G)4p_s2Go[9/2]        10.0      97904.4400     1.0511   2.852E+03    97     0    411
3d4(b3F)4p_s2Do[5/2]         6.0      98207.3600     1.0420   2.877E+03    97     0    412
3d4(b3F)4p_s2Do[3/2]         4.0      98314.9900     1.0388   2.886E+03    97     0    413
3d4(2G)sp_t4Fo[3/2]          4.0      98578.5000     1.0309   2.908E+03    99     0    414
3d4(2G)sp_t4Fo[5/2]          6.0      98641.8800     1.0290   2.913E+03    99     0    415
3d4(2G)sp_t4Fo[7/2]          8.0      98719.4000     1.0267   2.920E+03    99     0    416
3d4(2G)sp_t4Fo[9/2]         10.0      98812.6700     1.0239   2.928E+03    99     0    417
3d4(b1G)4p_r2Fo[7/2]         8.0      99069.2900     1.0162   2.950E+03   100     0    418
3d4(b1G)4p_r2Fo[5/2]         6.0      99243.9900     1.0110   2.965E+03   100     0    419
3d4(a3P)5s_f4Pe[1/2]         2.0      99677.9300     0.9980   3.004E+03   101     0    420
3d3(2P)4s4p_4Po[1/2]         2.0      99773.9630     0.9951   3.013E+03   102     0    421
3d3(2P)4s4p_4Po[3/2]         4.0      99925.4850     0.9905   3.027E+03   102     0    422
3d4(a3P)5s_f4Pe[3/2]         4.0     100040.2200     0.9871   3.037E+03   101     0    423
3d4(3H)5s_e4He[7/2]          8.0     100068.8600     0.9862   3.040E+03   101     0    424
3d4(3H)5s_e4He[9/2]         10.0     100135.8200     0.9842   3.046E+03   101     0    425
3d3(2P)4s4p_4Do[1/2]         2.0     100148.5560     0.9838   3.047E+03   102     0    426
3d4(3H)5s_e4He[11/2]        12.0     100221.6400     0.9817   3.054E+03   101     0    427
3d4(3H)5s_e4He[13/2]        14.0     100322.1300     0.9786   3.063E+03   101     0    428
3d3(2P)4s4p_4Po[5/2]         6.0     100370.7370     0.9772   3.068E+03   102     0    429
3d3(2P)4s4p_2So[1/2]         2.0     100526.6860     0.9725   3.083E+03   103     0    430
3d4(a3P)5s_f4Pe[5/2]         6.0     100650.5200     0.9688   3.094E+03   101     0    431
3d4(2P)sp_r4Do[3/2]          4.0     100691.8000     0.9676   3.098E+03   104     0    432
3d4(a3P)5s_e2Pe[1/2]         2.0     100782.8000     0.9648   3.107E+03   105     0    433
3d4(3H)5s_e2He[9/2]         10.0     101021.8400     0.9577   3.130E+03   105     0    434
3d4(2P)sp_r4Do[5/2]          6.0     101074.5600     0.9561   3.136E+03   104     0    435
3d4(4P)sp_u2Po[3/2]          4.0     101157.6900     0.9536   3.144E+03   103     0    436
3d4(2H)sp_w4Ho[7/2]          8.0     101170.3800     0.9532   3.145E+03   106     0    437
3d4(3H)5s_e2He[11/2]        12.0     101194.8300     0.9525   3.148E+03   105     0    438
3d4(a3F)5s_f4Fe[3/2]         4.0     101245.0000     0.9510   3.152E+03   107     0    439
3d4(a3F)5s_f4Fe[5/2]         6.0     101276.6000     0.9500   3.156E+03   107     0    440
3d4(2H)sp_w4Ho[9/2]         10.0     101296.6000     0.9494   3.158E+03   106     0    441
3d4(a3F)5s_f4Fe[7/2]         8.0     101321.8300     0.9487   3.160E+03   107     0    442
3d3(4P)4s4p_2Po[1/2]         2.0     101371.3410     0.9472   3.165E+03   103     0    443
3d4(a3F)5s_f4Fe[9/2]        10.0     101382.9700     0.9468   3.166E+03   107     0    444
3d4(a3P)5s_e2Pe[3/2]         4.0     101492.8400     0.9435   3.177E+03   105     0    445
3d4(2P)sp_r4Do[7/2]          8.0     101514.2900     0.9429   3.179E+03   104     0    446
3d4(2G)sp_u2Ho[9/2]         10.0     101696.2000     0.9374   3.198E+03   108     0    447
3d4(2H)sp_w4Ho[11/2]        12.0     101783.2000     0.9348   3.207E+03   106     0    448
3d4(2G)sp_p2Fo[7/2]          8.0     101864.1700     0.9324   3.215E+03   108     0    449
3d4(2H)sp_w4Ho[13/2]        14.0     101900.8200     0.9313   3.219E+03   106     0    450
3d4(2G)sp_u2Ho[11/2]        12.0     101932.2700     0.9304   3.222E+03   108     0    451
3d4(2G)sp_r2Go[9/2]         10.0     101938.0400     0.9302   3.223E+03   108     0    452
3d4(2D)sp_s4Fo[3/2]          4.0     101987.1300     0.9287   3.228E+03   109     0    453
3d3(2D)4s2_2Dbe[5/2]         6.0     102003.6930     0.9282   3.230E+03   110     0    454
3d4(2G)sp_r2Go[7/2]          8.0     102121.9200     0.9247   3.242E+03   108     0    455
3d4(2G)sp_p2Fo[5/2]          6.0     102145.6500     0.9240   3.245E+03   108     0    456
3d4(a3F)5s_f2Fe[5/2]         6.0     102148.8100     0.9239   3.245E+03   110     0    457
3d3(2D)4s2_2Dbe[3/2]         4.0     102176.0760     0.9231   3.248E+03   110     0    458
3d4(a3F)5s_f2Fe[7/2]         8.0     102243.2200     0.9210   3.255E+03   110     0    459
3d4(2D)sp_s4Fo[5/2]          6.0     102297.1500     0.9194   3.261E+03   109     0    460
3d4(2D)sp_s4Fo[7/2]          8.0     102492.6000     0.9136   3.282E+03   109     0    461
3d4(4P)sp_q4Do[3/2]          4.0     102602.4000     0.9103   3.293E+03   109     0    462
3d4(4P)sp_q4Do[1/2]          2.0     102619.5800     0.9098   3.295E+03   109     0    463
3d4(4P)sp_q4Do[5/2]          6.0     102655.9500     0.9087   3.299E+03   109     0    464
3d4(4F)sp_s4Go[5/2]          6.0     102679.0000     0.9080   3.302E+03   111     0    465
3d4(2P)sp_x4So[3/2]          4.0     102684.0200     0.9078   3.302E+03   109     0    466
3d4(2D)sp_s4Fo[9/2]         10.0     102725.6600     0.9066   3.307E+03   109     0    467
3d4(4P)sp_q4Do[7/2]          8.0     102831.6200     0.9034   3.318E+03   109     0    468
3d3(2P)4s4p_2Do[3/2]         4.0     102874.2290     0.9021   3.323E+03   112     0    469
3d4(4F)sp_s4Go[7/2]          8.0     102915.0100     0.9009   3.328E+03   111     0    470
3d3(2P)4s4p_2Do[5/2]         6.0     102942.0250     0.9001   3.331E+03   112     0    471
3d3(4F)4s4p_4Go[9/2]        10.0     103132.4130     0.8944   3.352E+03   111     0    472
3d4(4F)sp_s4Go[9/2]         10.0     103199.8000     0.8924   3.360E+03   111     0    473
3d3(2H)4s4p_4Io[11/2]       12.0     103217.3510     0.8918   3.361E+03   111     0    474
3d3(2H)4s4p_4Io[13/2]       14.0     103369.1690     0.8873   3.379E+03   111     0    475
3d4(3G)5s_4Ge[5/2]           6.0     103482.5880     0.8839   3.392E+03   113     0    476
3d4(4F)sp_s4Go[11/2]        12.0     103513.6700     0.8830   3.395E+03   111     0    477
3d4(3G)5s_4Ge[7/2]           8.0     103560.8420     0.8815   3.401E+03   113     0    478
3d3(2H)4s4p_4Io[15/2]       16.0     103587.0380     0.8808   3.404E+03   111     0    479
3d4(3G)5s_f4Ge[9/2]         10.0     103627.0200     0.8796   3.408E+03   113     0    480
3d4(3G)5s_f4Ge[11/2]        12.0     103736.9900     0.8763   3.421E+03   113     0    481
3d4_4d_f4Ie[9/2]            10.0     103755.4800     0.8757   3.423E+03   113     0    482
3d4(3P)4d_4Fe[3/2]           4.0     103773.1440     0.8752   3.425E+03   114     0    483
3d4_4d_f4Ie[11/2]           12.0     103843.3300     0.8731   3.434E+03   113     0    484
3d4(3P)4d_4Fe[5/2]           6.0     103904.9190     0.8712   3.441E+03   114     0    485
3d4_4d_f4Ie[13/2]           14.0     103948.2600     0.8699   3.446E+03   113     0    486
3d4_4d_f4He[7/2]             8.0     103949.2700     0.8699   3.446E+03   113     0    487
3d3(4F)4s4p_4Do[1/2]         2.0     104020.9680     0.8678   3.455E+03   115     0    488
3d4_4d_f4He[9/2]            10.0     104023.9500     0.8677   3.455E+03   113     0    489
3d4_4d_f4Ie[15/2]           16.0     104069.6200     0.8663   3.461E+03   113     0    490
3d4_4d_f4He[11/2]           12.0     104106.3500     0.8652   3.465E+03   113     0    491
3d4(3P)4d_4Fe[7/2]           8.0     104131.2940     0.8644   3.468E+03   114     0    492
3d4_4d_f4He[13/2]           14.0     104190.6300     0.8627   3.475E+03   113     0    493
3d4(3P)4d_4De[1/2]           2.0     104205.3620     0.8622   3.477E+03   114     0    494
3d4(3P)4d_4De[3/2]           4.0     104251.4640     0.8608   3.483E+03   114     0    495
3d4(2D)sp_o4Do[3/2]          4.0     104274.6200     0.8601   3.485E+03   115     0    496
3d4(3P)4d_4De[5/2]           6.0     104418.0420     0.8558   3.503E+03   114     0    497
3d4(4F)sp_p4Do[1/2]          2.0     104439.7700     0.8552   3.506E+03   116     0    498
3d4(4F)sp_r4Fo[3/2]          4.0     104446.5000     0.8550   3.506E+03   116     0    499
3d4_4d_a4Ke[11/2]           12.0     104460.2800     0.8546   3.508E+03   114     0    500
3d4(3H)4d_2Ge[9/2]          10.0     104467.1270     0.8544   3.509E+03   117     0    501
3d4(2D)sp_o4Do[5/2]          6.0     104467.8300     0.8544   3.509E+03   115     0    502
3d4(3P)4d_2Pe[3/2]           4.0     104492.2330     0.8536   3.512E+03   117     0    503
3d4(3H)4d_2Ge[7/2]           8.0     104538.8600     0.8522   3.518E+03   117     0    504
3d4_4d_a4Ke[13/2]           14.0     104539.9200     0.8522   3.518E+03   114     0    505
3d4_5s_g2Ge[7/2]             8.0     104543.1700     0.8521   3.518E+03   117     0    506
3d4(3P)4d_4Fe[9/2]          10.0     104579.5190     0.8510   3.523E+03   114     0    507
3d4(4F)sp_p4Do[3/2]          4.0     104616.2700     0.8499   3.527E+03   116     0    508
3d4(4F)sp_r4Fo[5/2]          6.0     104630.0100     0.8495   3.529E+03   116     0    509
3d4_4d_a4Ke[15/2]           16.0     104633.0400     0.8494   3.529E+03   114     0    510
3d4_5s_g2Ge[9/2]            10.0     104666.4200     0.8484   3.534E+03   117     0    511
3d4(2D)sp_o4Do[7/2]          8.0     104680.7800     0.8480   3.535E+03   115     0    512
3d4(3P)4d_4De[7/2]           8.0     104685.1200     0.8478   3.536E+03   114     0    513
3d4_4d_a4Ke[17/2]           18.0     104734.3700     0.8464   3.542E+03   114     0    514
3d4(3P)4d_2Pe[1/2]           2.0     104770.9580     0.8453   3.547E+03   117     0    515
3d3(4F)4s4p_4Fo[3/2]         4.0     104830.3690     0.8435   3.554E+03   115     0    516
3d4(4F)sp_p4Do[5/2]          6.0     104869.1300     0.8423   3.559E+03   116     0    517
3d4(4F)sp_r4Fo[7/2]          8.0     104875.3400     0.8421   3.560E+03   116     0    518
3d4(3H)4d_2Fe[5/2]           6.0     104876.0410     0.8421   3.560E+03   117     0    519
3d4(3H)4d_4Fe[3/2]           4.0     104906.0840     0.8412   3.564E+03   118     0    520
3d4(3H)4d_4Fe[5/2]           6.0     104938.1890     0.8403   3.568E+03   118     0    521
3d4(3H)4d_4Fe[7/2]           8.0     104965.1550     0.8394   3.571E+03   118     0    522
3d4(3P)4d_4Pe[5/2]           6.0     104994.1920     0.8386   3.575E+03   118     0    523
3d3(2P)4s4p_2Po[1/2]         2.0     105022.6990     0.8377   3.579E+03   119     0    524
3d4(3H)4d_4Fe[9/2]          10.0     105083.5170     0.8359   3.586E+03   118     0    525
3d4(5D)6s_6De[1/2]           2.0     105098.9400     0.8354   3.588E+03   120     0    526
3d4(3P)4d_4Pe[3/2]           4.0     105120.9860     0.8348   3.591E+03   118     0    527
3d4(5D)4f_4Po[5/2]           6.0     105122.2600     0.8347   3.591E+03   116     0    528
3d4_4d_a2Ke[13/2]           14.0     105124.9000     0.8347   3.592E+03   117     0    529
3d4(5D)4f_6Ho[5/2]           6.0     105154.5410     0.8338   3.596E+03   121     0    530
3d4(5D)6s_6De[3/2]           4.0     105168.8200     0.8333   3.597E+03   120     0    531
3d4_4f_6Po[7/2]              8.0     105173.4700     0.8332   3.598E+03   121     0    532
3(5D)4f_6Ho[7/2]             8.0     105197.3800     0.8325   3.601E+03   121     0    533
3d4_4d_g4He[7/2]             8.0     105198.9800     0.8324   3.601E+03   118     0    534
3d4(4F)sp_r4Fo[9/2]         10.0     105203.4600     0.8323   3.602E+03   116     0    535
3d4(4F)sp_p4Do[7/2]          8.0     105206.6900     0.8322   3.602E+03   116     0    536
3d4(3P)4d_4Pe[1/2]           2.0     105212.0240     0.8320   3.603E+03   118     0    537
3d4(3H)4d_2Fe[7/2]           8.0     105252.7630     0.8308   3.608E+03   117     0    538
3d4_4d_g4He[9/2]            10.0     105255.3400     0.8307   3.609E+03   118     0    539
3d4(3H)4d_4Ge[5/2]           6.0     105262.8850     0.8305   3.610E+03   118     0    540
3d3(2D)4s4p_4Po[5/2]         6.0     105263.2520     0.8305   3.610E+03   116     0    541
3(5D)4f_6Ho[9/2]            10.0     105263.5200     0.8305   3.610E+03   121     0    542
3d4(5D)4f_4Ho[7/2]           8.0     105282.5800     0.8299   3.612E+03   122     0    543
3d4(5D)4f_4Po[3/2]           4.0     105283.4700     0.8299   3.612E+03   116     0    544
3d4_4d_a2Ke[15/2]           16.0     105285.3300     0.8298   3.613E+03   117     0    545
3d4(5D)6s_6De[5/2]           6.0     105285.3700     0.8298   3.613E+03   120     0    546
3d4(5D)4f_b6Do[5/2]          6.0     105291.1460     0.8297   3.613E+03   121     0    547
3d4_4d_g4He[11/2]           12.0     105337.9700     0.8283   3.620E+03   118     0    548
3d4(3F)4d_4He[7/2]           8.0     105350.7660     0.8279   3.621E+03   118     0    549
3d3(2D)4s4p_4Po[3/2]         4.0     105355.7310     0.8277   3.622E+03   116     0    550
3d4_4d_g4Ge[9/2]            10.0     105365.5000     0.8274   3.623E+03   118     0    551
3(5D)4f_6Ho[11/2]           12.0     105367.9300     0.8274   3.623E+03   121     0    552
3d4(5D)4f_4Po[1/2]           2.0     105392.4800     0.8266   3.627E+03   116     0    553
3d4(5D)4f_6Do[9/2]          10.0     105398.2700     0.8265   3.627E+03   121     0    554
3d4(5D)4f_b6Go[3/2]          4.0     105399.5200     0.8264   3.628E+03   121     0    555
3d3(2D)4s4p_4Po[1/2]         2.0     105403.2870     0.8263   3.628E+03   116     0    556
3d4(5D)4f_4Ho[9/2]          10.0     105406.9900     0.8262   3.629E+03   122     0    557
3d4_4f_6Po[3/2]              4.0     105408.7200     0.8261   3.629E+03   121     0    558
3d4(3F)4d_4He[9/2]          10.0     105410.2520     0.8261   3.629E+03   118     0    559
3d4(5D)4f_6Do[7/2]           8.0     105420.0900     0.8258   3.630E+03   121     0    560
3d4(3P)4d_2De[3/2]           4.0     105421.1120     0.8258   3.630E+03   123     0    561
3d4_4d_g4Ge[11/2]           12.0     105423.3200     0.8257   3.631E+03   118     0    562
3d4_4d_g4He[13/2]           14.0     105434.4200     0.8254   3.632E+03   118     0    563
3d4(5D)4f_6Go[5/2]           6.0     105438.3200     0.8253   3.633E+03   121     0    564
3d4(5D)6s_6De[7/2]           8.0     105447.0500     0.8250   3.634E+03   120     0    565
3d4(3F)4d_4He[11/2]         12.0     105477.9440     0.8241   3.638E+03   118     0    566
3d4(5D)4f_4Do[7/2]           8.0     105507.5200     0.8232   3.642E+03   122     0    567
3(5D)4f_6Ho[13/2]           14.0     105508.0500     0.8232   3.642E+03   121     0    568
3d4(5D)4f_6Fo[1/2]           2.0     105521.4120     0.8228   3.644E+03   121     0    569
3d4(5D)4f_4Do[5/2]           6.0     105532.1800     0.8224   3.645E+03   122     0    570
3d4(5D)4f_b6Do[1/2]          2.0     105537.8620     0.8223   3.646E+03   121     0    571
3d4(3P)4d_2De[5/2]           6.0     105550.1430     0.8219   3.648E+03   123     0    572
3d4(5D)4f_4Ho[11/2]         12.0     105559.5800     0.8216   3.649E+03   122     0    573
3d4(5D)4f_6Fo[3/2]           4.0     105577.1900     0.8211   3.651E+03   121     0    574
3d4(5D)6s_b4De[1/2]          2.0     105578.2340     0.8211   3.651E+03   118     0    575
3d4(5D)4f_6Do[5/2]           6.0     105595.3500     0.8206   3.654E+03   121     0    576
3d4(5D)4f_6Go[3/2]           4.0     105609.4700     0.8201   3.655E+03   121     0    577
3d4(5D)4f_6Go[9/2]          10.0     105623.6400     0.8197   3.657E+03   121     0    578
3d4(5D)4f_6Fo[11/2]         12.0     105638.8400     0.8192   3.659E+03   121     0    579
3d4(5D)6s_6De[9/2]          10.0     105650.5800     0.8189   3.661E+03   120     0    580
3d4(5D)4f_4Go[5/2]           6.0     105677.4900     0.8181   3.665E+03   122     0    581
3d4(5D)6s_b4De[3/2]          4.0     105681.0750     0.8180   3.665E+03   118     0    582
3d4(5D)4f_4Do[1/2]           2.0     105681.1540     0.8180   3.665E+03   122     0    583
3(5D)4f_6Ho[15/2]           16.0     105681.8200     0.8180   3.665E+03   121     0    584
3d4(5D)4f_b6Do[3/2]          4.0     105703.6320     0.8173   3.668E+03   121     0    585
3d4(5D)4f_4Go[7/2]           8.0     105724.7700     0.8167   3.671E+03   122     0    586
3d4(5D)4f_4Ho[13/2]         14.0     105742.6200     0.8161   3.673E+03   122     0    587
3d4(5D)4f_6Dbo[5/2]          6.0     105757.8370     0.8157   3.675E+03   121     0    588
3d4(5D)4f_6Go[7/2]           8.0     105765.0400     0.8155   3.676E+03   121     0    589
3d4(5D)4f_4Fo[9/2]          10.0     105790.0600     0.8147   3.680E+03   122     0    590
3d4(5D)6s_b4De[5/2]          6.0     105812.8900     0.8140   3.683E+03   118     0    591
3d4(5D)4f_4Fo[3/2]           4.0     105816.4550     0.8139   3.683E+03   122     0    592
3d4(5D)4f_6Fo[7/2]           8.0     105823.8600     0.8137   3.684E+03   121     0    593
3d4(5D)4f_6Fo[9/2]          10.0     105870.4300     0.8123   3.691E+03   121     0    594
3d4(3F)4d_4Fe[3/2]           4.0     105880.0630     0.8120   3.692E+03   124     0    595
3d4(3F)4d_4Fe[5/2]           6.0     105894.2270     0.8116   3.694E+03   124     0    596
3d4(5D)4f_6Go[13/2]         14.0     105895.5900     0.8116   3.694E+03   121     0    597
3d4(5D)4f_6Go[11/2]         12.0     105898.1200     0.8115   3.694E+03   121     0    598
3d4(3F)4d_4De[7/2]           8.0     105900.6390     0.8114   3.695E+03   118     0    599
3d4(5D)4f_4Fo[5/2]           6.0     105903.0500     0.8113   3.695E+03   122     0    600
3d4(5D)6s_4De[1/2]           2.0     105923.4000     0.8107   3.698E+03   124     0    601
3d4(3F)4d_4Fe[7/2]           8.0     105945.3300     0.8101   3.701E+03   124     0    602
3d4(5D)4f_4Fo[7/2]           8.0     105985.6300     0.8089   3.706E+03   122     0    603
3d4(3F)4d_4Fe[9/2]          10.0     106027.8350     0.8076   3.712E+03   124     0    604
3d4(5D)6s_4De[3/2]           4.0     106030.9300     0.8075   3.713E+03   124     0    605
3d4(3F)4d_4Ge[5/2]           6.0     106031.7850     0.8075   3.713E+03   124     0    606
3d4(5D)4f_4Go[11/2]         12.0     106032.2400     0.8075   3.713E+03   122     0    607
3d4(5D)4f_4Go[9/2]          10.0     106045.3200     0.8071   3.715E+03   122     0    608
3d4(5D)6s_4De[5/2]           6.0     106095.6400     0.8056   3.722E+03   124     0    609
3d4(3F)4d_4Ge[7/2]           8.0     106139.0100     0.8043   3.728E+03   124     0    610
d4_4d_f2Ie[11/2]            12.0     106145.2600     0.8041   3.728E+03   123     0    611
3d4(2H)sp_t2Ho[11/2]        12.0     106163.1600     0.8035   3.731E+03   125     0    612
3d4(2H)sp_t2Ho[9/2]         10.0     106165.3000     0.8035   3.731E+03   125     0    613
3d4(3F)4d_4Ge[9/2]          10.0     106260.1740     0.8006   3.745E+03   124     0    614
3d4(5D)6s_4De[7/2]           8.0     106275.2400     0.8002   3.747E+03   124     0    615
d4_4d_f2Ie[13/2]            14.0     106342.9500     0.7981   3.756E+03   123     0    616
3d4(3F)4d_4Ge[11/2]         12.0     106405.4000     0.7963   3.765E+03   124     0    617
3d4(3F)4d_2Pe[3/2]           4.0     106447.6660     0.7950   3.771E+03   126     0    618
3d4(3F)4d_2Pe[1/2]           2.0     106533.6040     0.7924   3.783E+03   126     0    619
3d4(3F)4d_2Fe[5/2]           6.0     106616.6020     0.7899   3.795E+03   126     0    620
3d4(5D)5d_4Pe[3/2]           4.0     106668.3040     0.7884   3.803E+03   124     0    621
3d4(2H)sp_r4Go[5/2]          6.0     106719.3800     0.7869   3.810E+03   127     0    622
3d4(4P)sp_w4So[3/2]          4.0     106726.0600     0.7867   3.811E+03   127     0    623
3d4(5D)5d_4Pe[1/2]           2.0     106733.4880     0.7864   3.812E+03   124     0    624
3d4(3F)4d_2Fe[7/2]           8.0     106752.0020     0.7859   3.815E+03   126     0    625
3d4(2H)sp_r4Go[7/2]          8.0     106779.1400     0.7851   3.819E+03   127     0    626
3d4(5D)5d_4Pe[5/2]           6.0     106789.2170     0.7848   3.820E+03   124     0    627
3d4(2H)sp_r4Go[9/2]         10.0     106791.8400     0.7847   3.821E+03   127     0    628
3d4(2H)sp_r4Go[11/2]        12.0     106827.4200     0.7836   3.826E+03   127     0    629
3d4(5D)5d_6Ge[3/2]           4.0     106877.2000     0.7821   3.833E+03   128     0    630
3d4_4d_i2Ge[9/2]            10.0     106923.9800     0.7807   3.840E+03   126     0    631
3d4(3F)4d_2Ge[7/2]           8.0     106924.1740     0.7807   3.840E+03   126     0    632
3d4(5D)5d_4Se[3/2]           4.0     106924.8400     0.7807   3.840E+03   129     0    633
3d4(5D)5d_6Ge[5/2]           6.0     106929.4200     0.7806   3.841E+03   128     0    634
3d4(5D)5d_6Ge[7/2]           8.0     107006.2900     0.7783   3.852E+03   128     0    635
3d4(2D)sp_o2Fo[5/2]          6.0     107022.3300     0.7778   3.855E+03   125     0    636
3d4(5D)5d_6Pe[5/2]           6.0     107025.3400     0.7777   3.855E+03   128     0    637
3d4(5D)5d_6Pe[3/2]           4.0     107056.5300     0.7767   3.860E+03   128     0    638
3d4(5D)5d_6Ge[9/2]          10.0     107111.8400     0.7751   3.868E+03   128     0    639
3d4(5D)5d_6Pe[7/2]           8.0     107114.7500     0.7750   3.868E+03   128     0    640
3d4(2D)sp_o2Fo[7/2]          8.0     107153.1500     0.7738   3.874E+03   125     0    641
3d4(3F)4d_2He[9/2]          10.0     107207.2790     0.7722   3.882E+03   126     0    642
3d4(4P)sp_q2Do[3/2]          4.0     107212.2900     0.7721   3.883E+03   130     0    643
3d4(5D)5d_6Ge[11/2]         12.0     107246.8700     0.7710   3.888E+03   128     0    644
3d4(5D)5d_6Fe[1/2]           2.0     107251.4240     0.7709   3.889E+03   128     0    645
3d4(5D)5d_6Fe[3/2]           4.0     107259.8700     0.7707   3.890E+03   128     0    646
3d4(5D)5d_6Fe[5/2]           6.0     107309.3800     0.7692   3.898E+03   128     0    647
3d4(5D)5d_6De[1/2]           2.0     107338.0480     0.7683   3.902E+03   128     0    648
3d4(4P)sp_q2Do[5/2]          6.0     107355.5200     0.7678   3.905E+03   130     0    649
3d4(3F)4d_2He[11/2]         12.0     107362.8740     0.7676   3.906E+03   126     0    650
3d4(5D)5d_6Fe[7/2]           8.0     107386.2200     0.7669   3.909E+03   128     0    651
3d4(5D)5d_4Ge[5/2]           6.0     107400.8400     0.7664   3.912E+03   129     0    652
3d4(5D)5d_6Ge[13/2]         14.0     107412.0900     0.7661   3.913E+03   128     0    653
3d4(5D)5d_6De[3/2]           4.0     107414.6800     0.7660   3.914E+03   128     0    654
3d4(3H)4d_2Fbe[5/2]          6.0     107439.1750     0.7653   3.917E+03   131     0    655
3d4(5D)5d_6Fe[9/2]          10.0     107455.5500     0.7648   3.920E+03   128     0    656
3d4(5D)5d_4Ge[7/2]           8.0     107500.3700     0.7634   3.927E+03   129     0    657
3d4(5D)5d_4Fe[3/2]           4.0     107516.7700     0.7629   3.929E+03   132     0    658
3d4(5D)5d_4De[1/2]           2.0     107517.8320     0.7629   3.930E+03   129     0    659
3d4(5D)5d_6De[5/2]           6.0     107519.4400     0.7629   3.930E+03   128     0    660
3d4(5D)5d_4De[5/2]           6.0     107597.6500     0.7605   3.942E+03   129     0    661
3d4(5D)5d_4De[3/2]           4.0     107609.0510     0.7602   3.944E+03   129     0    662
3d4(5D)5d_6De[7/2]           8.0     107627.4000     0.7596   3.947E+03   128     0    663
3d4(5D)5d_4Ge[9/2]          10.0     107632.2600     0.7595   3.947E+03   129     0    664
3d4(5D)5d_6De[9/2]          10.0     107696.3100     0.7576   3.957E+03   128     0    665
3d4(5D)5d_6Fe[11/2]         12.0     107701.3400     0.7574   3.958E+03   128     0    666
3d4_4d_g4Ie[9/2]            10.0     107706.8400     0.7573   3.959E+03   132     0    667
3d4(5D)5d_4De[7/2]           8.0     107716.3000     0.7570   3.960E+03   129     0    668
3d4(5D)5d_4Fe[5/2]           6.0     107726.8200     0.7567   3.962E+03   132     0    669
3d4(2H)sp_q2Go[9/2]         10.0     107739.2000     0.7563   3.964E+03   130     0    670
3d4(3H)4d_2Fbe[7/2]          8.0     107756.6000     0.7558   3.967E+03   131     0    671
3d4_4d_g4Ie[11/2]           12.0     107760.8500     0.7556   3.967E+03   132     0    672
3d4(5D)5d_4Ge[11/2]         12.0     107794.1500     0.7546   3.973E+03   129     0    673
3d4_4d_h4He[7/2]             8.0     107829.5400     0.7536   3.978E+03   132     0    674
3d4_4d_g4Ie[13/2]           14.0     107846.7500     0.7531   3.981E+03   132     0    675
3d4(2H)sp_x2Io[11/2]        12.0     107850.5000     0.7529   3.982E+03   130     0    676
3d4(5D)5d_4Fe[7/2]           8.0     107850.6000     0.7529   3.982E+03   132     0    677
3d4(2H)sp_q2Go[7/2]          8.0     107918.4900     0.7509   3.992E+03   130     0    678
3d4_4d_h4He[9/2]            10.0     107922.4100     0.7508   3.993E+03   132     0    679
3d4(5D)5d_4Fe[9/2]          10.0     107948.0500     0.7500   3.997E+03   132     0    680
3d4_4d_g4Ie[15/2]           16.0     107981.8100     0.7490   4.003E+03   132     0    681
3d4_4d_h4He[11/2]           12.0     108017.9800     0.7479   4.008E+03   132     0    682
3d4(2H)sp_x2Io[13/2]        14.0     108031.1600     0.7475   4.010E+03   130     0    683
3d4_4d_h4He[13/2]           14.0     108104.0100     0.7453   4.022E+03   132     0    684
3d4(3F)4d_2De[5/2]           6.0     108296.0210     0.7396   4.054E+03   131     0    685
3d4(3F)4d_2De[3/2]           4.0     108349.2610     0.7380   4.062E+03   131     0    686
3d4(3D)5s_4De[7/2]           8.0     108436.0560     0.7354   4.077E+03   133     0    687
3d4(3D)5s_4De[5/2]           6.0     108472.6320     0.7343   4.083E+03   133     0    688
3d4(3D)5s_4De[3/2]           4.0     108508.7240     0.7332   4.089E+03   133     0    689
3d4(3D)5s_4De[1/2]           2.0     108535.5660     0.7324   4.093E+03   133     0    690
3d4(3G)4d_2De[3/2]           4.0     108556.1600     0.7318   4.097E+03   134     0    691
3d4(3G)4d_2De[5/2]           6.0     108773.9350     0.7253   4.134E+03   134     0    692
3d4(1I)5s_2Ie[11/2]         12.0     108775.9810     0.7252   4.134E+03   134     0    693
3d4(1I)5s_2Ie[13/2]         14.0     108856.5490     0.7228   4.148E+03   134     0    694
3d4(1G)5s_2Ge[9/2]          10.0     108917.3320     0.7210   4.158E+03   134     0    695
3d4(1G)5s_2Ge[7/2]           8.0     108918.0530     0.7209   4.158E+03   134     0    696
3d3(2P)4s4p_2Pbo[1/2]        2.0     108932.9080     0.7205   4.161E+03   135     0    697
3d4(1I)5s_2Ibe[11/2]        12.0     109068.7910     0.7164   4.185E+03   134     0    698
3d4(3G)4d_2Fe[5/2]           6.0     109116.4450     0.7150   4.193E+03   134     0    699
3d3(2P)4s4p_2Po[3/2]         4.0     109139.6110     0.7143   4.197E+03   119     0    700
3d4(3G)4d_2He[9/2]          10.0     109186.8050     0.7129   4.205E+03   134     0    701
3d4(3G)4d_2Ie[13/2]         14.0     109225.1300     0.7117   4.212E+03   134     0    702
3d4(3G)4d_2Fe[7/2]           8.0     109277.2280     0.7102   4.221E+03   134     0    703
3d4(3G)4d_2He[11/2]         12.0     109289.8570     0.7098   4.224E+03   134     0    704
3d4(3D)5s_2De[5/2]           6.0     109322.6330     0.7088   4.230E+03   134     0    705
3d4(3D)5s_2De[3/2]           4.0     109391.2940     0.7068   4.242E+03   134     0    706
3d4(5D)5d_6Se[5/2]           6.0     109394.4700     0.7067   4.242E+03   136     0    707
3d4(5D)6p_6Fo[1/2]           2.0     109564.9700     0.7015   4.273E+03   137     0    708
3d4(5D)6p_4Po[1/2]           2.0     109587.2530     0.7009   4.277E+03   138     0    709
3d4(5D)6p_6Fo[3/2]           4.0     109611.2400     0.7002   4.282E+03   137     0    710
3d4(5D)6p_4Po[3/2]           4.0     109661.4100     0.6987   4.291E+03   138     0    711
3d4(5D)6p_6Fo[5/2]           6.0     109694.3800     0.6977   4.297E+03   137     0    712
3d4(5D)6p_6Po[3/2]           4.0     109772.3500     0.6953   4.312E+03   137     0    713
3d4(5D)5d_4Pbe[5/2]          6.0     109793.9740     0.6947   4.316E+03   139     0    714
3d4(5D)5d_4Pbe[3/2]          4.0     109795.1650     0.6946   4.316E+03   139     0    715
3d4(5D)6p_6Fo[7/2]           8.0     109812.0600     0.6941   4.319E+03   137     0    716
3d4(5D)5d_4Pbe[1/2]          2.0     109840.5470     0.6933   4.324E+03   139     0    717
3d4(5D)6p_6Po[5/2]           6.0     109864.9500     0.6926   4.329E+03   137     0    718
3d4(2D)sp_p2Do[3/2]          4.0     109914.6800     0.6911   4.338E+03   140     0    719
3d4(5D)6p_6Do[1/2]           2.0     109923.4500     0.6908   4.340E+03   137     0    720
3d4(2D)sp_p2Do[5/2]          6.0     109943.5700     0.6902   4.344E+03   140     0    721
3d4(5D)6p_6Fo[9/2]          10.0     109965.7100     0.6895   4.348E+03   137     0    722
3d4(3G)4d_4Fe[3/2]           4.0     109969.6140     0.6894   4.349E+03   139     0    723
3d4(5D)6p_4Po[5/2]           6.0     109974.0500     0.6893   4.349E+03   138     0    724
3d4(3P)5p_4Do[1/2]           2.0     109978.1150     0.6892   4.350E+03   141     0    725
3d4(3G)4d_4De[1/2]           2.0     109990.2130     0.6888   4.352E+03   139     0    726
3d4(5D)6p_6Do[3/2]           4.0     110007.5700     0.6883   4.356E+03   137     0    727
3d4(3G)4d_4Fe[5/2]           6.0     110015.9550     0.6880   4.357E+03   139     0    728
3d4(3G)4d_4Fe[7/2]           8.0     110089.5800     0.6858   4.371E+03   139     0    729
3d4(5D)6p_6Po[7/2]           8.0     110097.1100     0.6856   4.373E+03   137     0    730
3d4(3G)4d_4De[3/2]           4.0     110113.5490     0.6851   4.376E+03   139     0    731
3d4(5D)6p_6Do[5/2]           6.0     110138.2600     0.6844   4.381E+03   137     0    732
3d4(5D)6p_6Fo[11/2]         12.0     110154.0400     0.6839   4.384E+03   137     0    733
3d4(5D)6p_4Fo[3/2]           4.0     110173.8950     0.6833   4.387E+03   141     0    734
3d4(3G)4d_4De[5/2]           6.0     110223.8690     0.6818   4.397E+03   139     0    735
3d4(3P)5p_4Do[3/2]           4.0     110246.1330     0.6811   4.401E+03   141     0    736
3d4(5D)5d_b4Fe[9/2]         10.0     110258.9480     0.6807   4.404E+03   139     0    737
3d4(5D)6p_6Do[7/2]           8.0     110272.1500     0.6803   4.406E+03   137     0    738
3d4(3H)5p_4Ho[7/2]           8.0     110293.2200     0.6797   4.411E+03   141     0    739
3d4(3G)4d_4De[7/2]           8.0     110314.5020     0.6791   4.415E+03   139     0    740
3d4(5D)6p_4Fo[5/2]           6.0     110315.0800     0.6791   4.415E+03   141     0    741
3d4(3H)5p_4Ho[9/2]          10.0     110353.6390     0.6779   4.422E+03   141     0    742
3d4(3P)5p_2So[1/2]           2.0     110357.3810     0.6778   4.423E+03   140     0    743
3d4(5D)6p_6Do[9/2]          10.0     110385.8000     0.6769   4.429E+03   137     0    744
3d4(3H)5p_4Ho[11/2]         12.0     110460.4670     0.6747   4.443E+03   141     0    745
3d4(3H)5p_4Io[9/2]          10.0     110461.6180     0.6747   4.444E+03   141     0    746
3d4(5D)6p_4Fo[7/2]           8.0     110471.3800     0.6744   4.446E+03   141     0    747
3d4(3P)5p_4Do[5/2]           6.0     110567.1330     0.6715   4.465E+03   141     0    748
3d4(3H)5p_4Io[11/2]         12.0     110590.6640     0.6708   4.469E+03   141     0    749
3d4(3H)5p_4Ho[13/2]         14.0     110598.2890     0.6706   4.471E+03   141     0    750
3d4(5D)6p_4Fo[9/2]          10.0     110665.5400     0.6686   4.484E+03   141     0    751
3d4(3H)5p_4Io[13/2]         14.0     110717.2180     0.6670   4.495E+03   141     0    752
3d4(5D)6p_4Do[1/2]           2.0     110757.9260     0.6658   4.503E+03   142     0    753
3d4(3P)5p_2Po[3/2]           4.0     110763.3010     0.6656   4.504E+03   143     0    754
3d4(3G)4d_4Ge[5/2]           6.0     110805.4810     0.6644   4.513E+03   144     0    755
3d4(5D)6p_4Dbo[1/2]          2.0     110825.2390     0.6638   4.517E+03   141     0    756
3d4(3G)4d_4Ge[7/2]           8.0     110832.7890     0.6635   4.518E+03   144     0    757
3d4(3H)5p_4Io[15/2]         16.0     110833.9650     0.6635   4.518E+03   141     0    758
3d4(3G)4d_4Ge[9/2]          10.0     110863.8840     0.6626   4.524E+03   144     0    759
3d4(3G)4d_4Ge[11/2]         12.0     110887.6480     0.6619   4.529E+03   144     0    760
3d4(3H)5p_2Go[7/2]           8.0     110892.7630     0.6617   4.530E+03   143     0    761
3d4(5D)6p_4Do[3/2]           4.0     110931.7200     0.6606   4.538E+03   142     0    762
3d4(3H)5p_2Go[9/2]          10.0     111031.5920     0.6576   4.559E+03   143     0    763
3d4(3P)5p_4Do[7/2]           8.0     111053.9180     0.6569   4.564E+03   141     0    764
3d4(3G)4d_2Ge[7/2]           8.0     111060.7980     0.6567   4.565E+03   145     0    765
3d4(5D)6p_4Do[5/2]           6.0     111082.3800     0.6561   4.570E+03   142     0    766
3d4(3H)5p_2Io[11/2]         12.0     111127.7370     0.6547   4.579E+03   143     0    767
3d4(3P)5p_4Po[3/2]           4.0     111163.1970     0.6536   4.587E+03   142     0    768
3d4(3G)4d_2Ge[9/2]          10.0     111185.8300     0.6530   4.591E+03   145     0    769
3d4(3P)5p_2Po[1/2]           2.0     111218.6450     0.6520   4.598E+03   143     0    770
3d4(5D)6p_4Do[7/2]           8.0     111269.2200     0.6505   4.609E+03   142     0    771
3d4(3H)5p_2Ho[9/2]          10.0     111286.4510     0.6499   4.613E+03   143     0    772
3d4(3H)5p_2Io[13/2]         14.0     111288.5920     0.6499   4.613E+03   143     0    773
3d4(3H)5p_2Ho[11/2]         12.0     111402.3060     0.6465   4.637E+03   143     0    774
3d4(3P)5p_4Po[5/2]           6.0     111413.7850     0.6461   4.640E+03   142     0    775
3d4(3H)5p_4Go[5/2]           6.0     111462.2060     0.6447   4.650E+03   142     0    776
3d4(3H)5p_4Go[7/2]           8.0     111525.0720     0.6428   4.664E+03   142     0    777
3d4(3P)5p_2Do[3/2]           4.0     111587.5610     0.6409   4.678E+03   146     0    778
3d4(3H)5p_4Go[9/2]          10.0     111599.2260     0.6406   4.680E+03   142     0    779
3d4(3F)5p_4Go[5/2]           6.0     111679.7270     0.6381   4.698E+03   147     0    780
3d4(3H)5p_4Go[11/2]         12.0     111696.9350     0.6376   4.702E+03   142     0    781
3d4(3F)5p_4Go[7/2]           8.0     111750.5080     0.6360   4.714E+03   147     0    782
3d4(3P)5p_4So[3/2]           4.0     111750.8900     0.6360   4.714E+03   142     0    783
3d4(1S)5s_2Se[1/2]           2.0     111764.5900     0.6356   4.717E+03   145     0    784
3d4(3F)5p_4Go[9/2]          10.0     111843.5960     0.6332   4.734E+03   147     0    785
3d3(4P)4s4p_2So[1/2]         2.0     111947.9730     0.6301   4.758E+03   146     0    786
3d4(3F)5p_4Go[11/2]         12.0     111960.3530     0.6297   4.761E+03   147     0    787
3d4(3F)5p_4Fo[3/2]           4.0     112057.1880     0.6268   4.783E+03   147     0    788
3d4(3P)5p_2Do[5/2]           6.0     112091.3780     0.6258   4.791E+03   146     0    789
3d4(3F)5p_4Fo[5/2]           6.0     112144.2120     0.6242   4.803E+03   147     0    790
3d4(3F)5p_4Fo[7/2]           8.0     112217.4990     0.6220   4.820E+03   147     0    791
3d4(1D)4p_2Po[3/2]           4.0     112232.7410     0.6216   4.823E+03   146     0    792
3d4(3F)5p_4Fo[9/2]          10.0     112262.9050     0.6207   4.830E+03   147     0    793
3d4(3F)5p_4Do[5/2]           6.0     112271.0290     0.6204   4.832E+03   147     0    794
3d4(3F)5p_4Do[3/2]           4.0     112278.2740     0.6202   4.834E+03   147     0    795
3d4(3F)5p_4Do[1/2]           2.0     112290.9550     0.6198   4.837E+03   147     0    796
3d4(3F)5p_4Dbo[3/2]          4.0     112343.9750     0.6182   4.849E+03   147     0    797
3d4(3F)5p_4Do[7/2]           8.0     112350.4310     0.6180   4.851E+03   147     0    798
3d4(3F)5p_2Go[7/2]           8.0     112372.9220     0.6174   4.856E+03   146     0    799
3d4(3F)5p_4Dbo[5/2]          6.0     112399.2750     0.6166   4.862E+03   147     0    800
3d4(3F)5p_2Fo[5/2]           6.0     112434.5520     0.6155   4.871E+03   146     0    801
3d4(1D)4p_2Po[1/2]           2.0     112463.8890     0.6146   4.878E+03   146     0    802
3d4(3F)5p_2Go[9/2]          10.0     112487.4470     0.6139   4.883E+03   146     0    803
3d4(3F)5p_2Fo[7/2]           8.0     112558.4580     0.6118   4.900E+03   146     0    804
3d4(3D)4d_4Se[3/2]           4.0     112639.2030     0.6094   4.920E+03   148     0    805
3d4(1I)4d_2Ke[13/2]         14.0     112738.9600     0.6064   4.944E+03   149     0    806
3d4(1I)4d_2Ke[15/2]         16.0     112758.5280     0.6058   4.949E+03   149     0    807
3d4(1D)4p_2Fo[5/2]           6.0     112989.7290     0.5989   5.006E+03   150     0    808
3d4(1G)4d_2He[9/2]          10.0     113014.2710     0.5981   5.012E+03   149     0    809
3d4(1G)4d_2Ie[11/2]         12.0     113014.5810     0.5981   5.012E+03   149     0    810
3d4(1G)4d_2He[11/2]         12.0     113021.0510     0.5979   5.014E+03   149     0    811
3d4(3D)4d_4Fe[3/2]           4.0     113024.3790     0.5978   5.015E+03   148     0    812
3d4(3D)4d_4Fe[5/2]           6.0     113031.1900     0.5976   5.016E+03   148     0    813
3d4(1G)4d_2Ie[13/2]         14.0     113037.4170     0.5974   5.018E+03   149     0    814
3d4(3D)4d_4Fe[7/2]           8.0     113045.7800     0.5972   5.020E+03   148     0    815
3d4(3D)4d_4Fe[9/2]          10.0     113072.6130     0.5964   5.027E+03   148     0    816
3d4(3D)4d_4Ge[7/2]           8.0     113217.9420     0.5920   5.064E+03   148     0    817
3d4(3D)4d_2Ge[9/2]          10.0     113226.6200     0.5918   5.066E+03   149     0    818
3d4(3D)4d_4Ge[5/2]           6.0     113231.8330     0.5916   5.067E+03   148     0    819
3d4(3D)4d_4Ge[11/2]         12.0     113274.9300     0.5903   5.078E+03   148     0    820
3d4(3D)4d_4Ge[9/2]          10.0     113292.8460     0.5898   5.083E+03   148     0    821
3d4(3D)4d_2Ge[7/2]           8.0     113301.0760     0.5895   5.085E+03   149     0    822
3d4(1I)4d_2Le[15/2]         16.0     113313.8450     0.5892   5.089E+03   149     0    823
3d4(3D)4d_2Fe[7/2]           8.0     113327.7800     0.5887   5.092E+03   149     0    824
3d4(1D)4p_2Fo[7/2]           8.0     113340.9010     0.5883   5.096E+03   150     0    825
3d4(3D)4d_2Fe[5/2]           6.0     113345.5820     0.5882   5.097E+03   149     0    826
3d4(1I)4d_2Le[17/2]         18.0     113346.7710     0.5882   5.097E+03   149     0    827
3d4(3D)4d_2Pe[3/2]           4.0     113697.8150     0.5776   5.190E+03   149     0    828
3d4(3D)4d_2Pe[1/2]           2.0     113728.1680     0.5767   5.198E+03   149     0    829
3d4(3D)4d_4Pe[1/2]           2.0     113875.7680     0.5723   5.238E+03   151     0    830
3d4(3D)4d_4Pe[3/2]           4.0     113878.1780     0.5722   5.239E+03   151     0    831
3d4(3D)4d_4Pe[5/2]           6.0     113892.7150     0.5718   5.243E+03   151     0    832
3d4(1G)4d_2De[3/2]           4.0     113913.0250     0.5712   5.249E+03   152     0    833
3d4(1G)4d_2De[5/2]           6.0     113945.3500     0.5702   5.257E+03   152     0    834
3d4(3G)5p_4Ho[7/2]           8.0     113978.7010     0.5692   5.267E+03   153     0    835
3d3(2F)4s4p_4Fo[3/2]         4.0     113990.3920     0.5689   5.270E+03   153     0    836
3d4(1G)4d_2Ge[7/2]           8.0     113998.8340     0.5686   5.272E+03   152     0    837
3d3(2F)4s4p_4Fo[5/2]         6.0     114017.6210     0.5681   5.277E+03   153     0    838
3d3(2F)4s4p_4Fo[7/2]         8.0     114071.5080     0.5664   5.293E+03   153     0    839
3d4(1D)5s_2De[5/2]           6.0     114092.2880     0.5658   5.298E+03   152     0    840
3d4(1D)5s_2De[3/2]           4.0     114092.6640     0.5658   5.298E+03   152     0    841
3d4(3G)5p_4Ho[9/2]          10.0     114096.7910     0.5657   5.300E+03   153     0    842
3d4(1G)4d_2Ge[9/2]          10.0     114098.6870     0.5656   5.300E+03   152     0    843
3d3(2F)4s4p_4Fo[9/2]        10.0     114135.5210     0.5645   5.311E+03   153     0    844
3d4(3G)5p_4Ho[11/2]         12.0     114234.6840     0.5616   5.339E+03   153     0    845
3d4(3D)4d_4De[7/2]           8.0     114274.2500     0.5604   5.350E+03   151     0    846
3d4(3D)4d_4De[1/2]           2.0     114281.1620     0.5602   5.352E+03   151     0    847
3d4(3D)4d_4De[3/2]           4.0     114294.2290     0.5598   5.356E+03   151     0    848
3d4(3D)4d_4De[5/2]           6.0     114300.3540     0.5596   5.357E+03   151     0    849
3d4(3G)5p_4Ho[13/2]         14.0     114377.0570     0.5573   5.380E+03   153     0    850
3d4(3G)5p_4Go[5/2]           6.0     114420.8850     0.5560   5.392E+03   153     0    851
3d4(3G)5p_4Go[7/2]           8.0     114505.4620     0.5534   5.417E+03   153     0    852
3d4(3G)5p_4Go[9/2]          10.0     114600.0230     0.5506   5.445E+03   153     0    853
3d4(3G)5p_2Fo[5/2]           6.0     114616.9370     0.5501   5.450E+03   154     0    854
3d4(3G)5p_2Ho[9/2]          10.0     114718.4630     0.5470   5.480E+03   154     0    855
3d4(3G)5p_4Go[11/2]         12.0     114720.2630     0.5470   5.481E+03   153     0    856
3d4(3D)4d_2De[5/2]           6.0     114726.1100     0.5468   5.482E+03   152     0    857
3d4(3D)4d_2De[3/2]           4.0     114750.4740     0.5461   5.490E+03   152     0    858
3d4(3G)5p_2Fo[7/2]           8.0     114831.8190     0.5436   5.514E+03   154     0    859
3d4(3G)5p_2Fbo[7/2]          8.0     114864.1400     0.5427   5.524E+03   154     0    860
3d4(3G)5p_2Ho[11/2]         12.0     114926.2320     0.5408   5.543E+03   154     0    861
3d4(5D)5f_4Po[5/2]           6.0     115007.7260     0.5384   5.568E+03   155     0    862
3d4(3G)5p_2Go[9/2]          10.0     115057.1930     0.5369   5.584E+03   154     0    863
3d4(5D)5f_4Po[1/2]           2.0     115076.3380     0.5363   5.590E+03   155     0    864
3d4(3G)5p_4Fo[3/2]           4.0     115145.4300     0.5342   5.611E+03   155     0    865
3d4(3G)5p_4Fo[5/2]           6.0     115187.1510     0.5330   5.625E+03   155     0    866
3d4(5D)5f_6Ho[5/2]           6.0     115208.3700     0.5324   5.631E+03   156     0    867
3d4(5D)5f_b6Po[7/2]          8.0     115219.0200     0.5320   5.635E+03   156     0    868
3d4(5D)7s_6De[1/2]           2.0     115234.5300     0.5316   5.640E+03   157     0    869
3d4(5D)5f_b6Ho[7/2]          8.0     115238.7570     0.5314   5.641E+03   156     0    870
3d4(5D)5f_6Po[7/2]           8.0     115249.3100     0.5311   5.644E+03   156     0    871
3d4(5D)5f_6Ho[9/2]          10.0     115288.8100     0.5299   5.657E+03   156     0    872
3d4(5D)5f_4Po[3/2]           4.0     115298.5300     0.5297   5.660E+03   155     0    873
3d4(5D)7s_6De[3/2]           4.0     115301.9200     0.5296   5.661E+03   157     0    874
3d4(5D)5f_6Ho[7/2]           8.0     115309.1600     0.5293   5.664E+03   156     0    875
3d4(5D)5f_6Do[5/2]           6.0     115309.6400     0.5293   5.664E+03   156     0    876
3d4(3G)5p_4Fo[9/2]          10.0     115322.4620     0.5289   5.668E+03   155     0    877
3d4(5D)5f_6Go[3/2]           4.0     115340.5790     0.5284   5.674E+03   156     0    878
(0)5g_2{4}e[9/2]            10.0     115371.2600     0.5275   5.684E+03   158     0    879
(0)5g_2{4}e[7/2]             8.0     115371.3900     0.5275   5.684E+03   158     0    880
3d4(1D)4p_2Do[3/2]           4.0     115390.2760     0.5269   5.690E+03   154     0    881
3d4(5D)5f_6Do[9/2]          10.0     115393.4700     0.5268   5.691E+03   156     0    882
3d4(5D)5f_6Ho[11/2]         12.0     115396.8600     0.5267   5.692E+03   156     0    883
3d4(5D)5f_4Ho[7/2]           8.0     115398.4600     0.5267   5.692E+03   155     0    884
3d4(5D)5f_6Fo[1/2]           2.0     115407.3220     0.5264   5.695E+03   156     0    885
3d4(5D)5f_4Go[5/2]           6.0     115408.1300     0.5264   5.695E+03   155     0    886
(1)5g_2{4}e[9/2]            10.0     115411.9800     0.5263   5.697E+03   158     0    887
(1)5g_2{4}e[7/2]             8.0     115412.1700     0.5263   5.697E+03   158     0    888
3d4(5D)7s_6De[5/2]           6.0     115417.8800     0.5261   5.699E+03   157     0    889
3d4(5D)5f_4Ho[9/2]          10.0     115430.4500     0.5257   5.703E+03   155     0    890
3d4(5D)5f_6Do[3/2]           4.0     115430.9300     0.5257   5.703E+03   156     0    891
(1)5g_2{5}e[11/2]           12.0     115444.0000     0.5253   5.707E+03   159     0    892
(1)5g_2{5}e[9/2]            10.0     115444.0200     0.5253   5.707E+03   159     0    893
3d4(5D)5f_6Go[7/2]           8.0     115447.6400     0.5252   5.708E+03   156     0    894
3d4(5D)5g_6He[5/2]           6.0     115452.1780     0.5251   5.710E+03   157     0    895
3d4(5D)5g_6Fe[7/2]           8.0     115452.2680     0.5250   5.710E+03   157     0    896
3d4(5D)5f_6Gbo[3/2]          4.0     115455.6850     0.5249   5.711E+03   156     0    897
3d4(5D)5f_6Go[5/2]           6.0     115461.8000     0.5248   5.713E+03   156     0    898
3d4(5D)7s_4De[1/2]           2.0     115502.7630     0.5235   5.726E+03   158     0    899
3d4(3D)4d_2Se[1/2]           2.0     115509.5310     0.5233   5.729E+03   160     0    900
3d4(5D)5f_b6Do[1/2]          2.0     115515.9510     0.5231   5.731E+03   156     0    901
3d4(1D)4p_2Do[5/2]           6.0     115525.1090     0.5229   5.734E+03   154     0    902
3d4(5D)5f_b4Go[5/2]          6.0     115546.1730     0.5222   5.741E+03   155     0    903
3d4(5D)5f_6Ho[13/2]         14.0     115546.6100     0.5222   5.741E+03   156     0    904
(2)5g_2{5}e[11/2]           12.0     115554.9500     0.5220   5.743E+03   159     0    905
3d4(5D)5g_4De[7/2]           8.0     115555.0160     0.5220   5.744E+03   158     0    906
(2)5g_2{5}e[9/2]            10.0     115555.0500     0.5220   5.744E+03   159     0    907
(2)5g_2{4}e[9/2]            10.0     115556.3000     0.5219   5.744E+03   158     0    908
(2)5g_2{4}e[7/2]             8.0     115556.4400     0.5219   5.744E+03   158     0    909
3d4(5D)5g_6Hbe[5/2]          6.0     115559.3370     0.5218   5.745E+03   157     0    910
(2)5g_2{6}e[13/2]           14.0     115560.9700     0.5218   5.745E+03   157     0    911
(2)5g_2{6}e[11/2]           12.0     115561.0700     0.5218   5.745E+03   157     0    912
3d4(5D)5g_6Ge[3/2]           4.0     115565.1670     0.5217   5.747E+03   157     0    913
3d4(5D)5g_4Ge[5/2]           6.0     115565.3750     0.5217   5.747E+03   158     0    914
3d4(5D)5f_6Fo[5/2]           6.0     115570.9100     0.5215   5.749E+03   156     0    915
3d4(5D)7s_6De[7/2]           8.0     115581.6200     0.5212   5.752E+03   157     0    916
3d4(5D)5f_6Go[11/2]         12.0     115585.2100     0.5211   5.753E+03   156     0    917
3d4(5D)5f_6Dbo[1/2]          2.0     115590.9690     0.5209   5.755E+03   156     0    918
3d4(5D)5f_6Do[7/2]           8.0     115591.2000     0.5209   5.755E+03   156     0    919
3d4(5D)5f_6Go[9/2]          10.0     115592.4300     0.5208   5.756E+03   156     0    920
3d4(5D)5f_4Ho[11/2]         12.0     115598.9700     0.5207   5.758E+03   155     0    921
3d4(5D)5f_6Fo[3/2]           4.0     115605.9500     0.5204   5.760E+03   156     0    922
3d4(5D)5f_4Go[7/2]           8.0     115627.7600     0.5198   5.768E+03   155     0    923
3d4(5D)7s_4De[3/2]           4.0     115640.4200     0.5194   5.772E+03   158     0    924
3d4(1I)4d_2Ge[7/2]           8.0     115668.9230     0.5186   5.781E+03   160     0    925
3d4(5D)5F_4Fo[9/2]          10.0     115672.8400     0.5184   5.783E+03   155     0    926
3d4(1I)4d_2He[11/2]         12.0     115683.4150     0.5181   5.786E+03   160     0    927
3d4(5D)5f_4Fo[3/2]           4.0     115687.9960     0.5180   5.788E+03   155     0    928
3d4(1I)4d_2Ge[9/2]          10.0     115689.9920     0.5179   5.788E+03   160     0    929
3d4(5D)5g_6Fe[1/2]           2.0     115718.0200     0.5171   5.798E+03   157     0    930
3d4(5D)5g_4Fe[3/2]           4.0     115718.3660     0.5171   5.798E+03   158     0    931
3d4(5D)5g_6Gbe[3/2]          4.0     115723.3660     0.5169   5.800E+03   157     0    932
3d4(5D)5g_6De[5/2]           6.0     115723.6040     0.5169   5.800E+03   157     0    933
(3)5g_2{7}e[15/2]           16.0     115723.7000     0.5169   5.800E+03   161     0    934
(3)5g_2{7}e[13/2]           14.0     115723.8900     0.5169   5.800E+03   161     0    935
(3)5g_2{3}e[7/2]             8.0     115732.0600     0.5167   5.803E+03   162     0    936
(3)5g_2{3}e[5/2]             6.0     115732.2300     0.5167   5.803E+03   162     0    937
3d4(5D)5f_6Ho[15/2]         16.0     115734.8500     0.5166   5.803E+03   156     0    938
3d4(5D)5g_6Fe[9/2]          10.0     115736.2040     0.5165   5.804E+03   157     0    939
(3)5g_2{4}e[7/2]             8.0     115738.4300     0.5165   5.805E+03   158     0    940
(3)5g_2{6}e[13/2]           14.0     115741.1200     0.5164   5.806E+03   157     0    941
(3)5g_2{6}e[11/2]           12.0     115741.3000     0.5164   5.806E+03   157     0    942
(3)5g_2{5}e[11/2]           12.0     115742.3900     0.5164   5.806E+03   159     0    943
(3)5g_2{5}e[9/2]            10.0     115742.5500     0.5163   5.806E+03   159     0    944
3d4(5D)5f_6Po[3/2]           4.0     115747.6300     0.5162   5.808E+03   156     0    945
3d4(1I)4d_2He[9/2]          10.0     115751.6010     0.5161   5.809E+03   160     0    946
3d4(5D)5f_6Po[5/2]           6.0     115767.1300     0.5156   5.814E+03   156     0    947
3d4(5D)5f_4Ho[13/2]         14.0     115782.8700     0.5151   5.820E+03   155     0    948
3d4(5D)7s_6De[9/2]          10.0     115788.3800     0.5150   5.822E+03   157     0    949
3d4(5D)5f_6Fo[7/2]           8.0     115797.2800     0.5147   5.825E+03   156     0    950
3d4(5D)5f_4Do[5/2]           6.0     115810.3400     0.5143   5.829E+03   155     0    951
3d4(5D)7s_4De[5/2]           6.0     115818.4900     0.5141   5.832E+03   158     0    952
3d4(5D)5f_6Fo[9/2]          10.0     115824.4900     0.5139   5.834E+03   156     0    953
3d4(5D)5f_6Go[13/2]         14.0     115836.6100     0.5135   5.838E+03   156     0    954
3d4(5D)5f_6Fo[11/2]         12.0     115840.4500     0.5134   5.839E+03   156     0    955
3d4(5D)5f_4Fo[7/2]           8.0     115882.2100     0.5122   5.854E+03   155     0    956
3d4(5D)5g_6De[1/2]           2.0     115902.2640     0.5116   5.860E+03   157     0    957
3d4(5D)5g_4De[1/2]           2.0     115911.7650     0.5113   5.864E+03   158     0    958
3d4(5D)5g_6De[3/2]           4.0     115911.9050     0.5113   5.864E+03   157     0    959
3d4(5D)5f_4Go[11/2]         12.0     115916.2200     0.5111   5.865E+03   155     0    960
(4)5g_2{2}e[5/2]             6.0     115926.7300     0.5108   5.869E+03   160     0    961
(4)5g_2{8}e[17/2]           18.0     115927.1700     0.5108   5.869E+03   163     0    962
(4)5g_2{8}e[15/2]           16.0     115927.3000     0.5108   5.869E+03   163     0    963
3d4(5D)5f_4Go[9/2]          10.0     115927.4000     0.5108   5.869E+03   155     0    964
3d4(5D)5g_4De[3/2]           4.0     115927.8020     0.5108   5.869E+03   158     0    965
3d3(4P)4s4p_4Po[1/2]         2.0     115943.7000     0.5103   5.875E+03   164     0    966
(4)5g_2{3}e[7/2]             8.0     115945.4700     0.5103   5.875E+03   162     0    967
3d4(5D)5g_4Fe[5/2]           6.0     115946.1180     0.5102   5.875E+03   158     0    968
(4)5g_2{4}e[9/2]            10.0     115962.7200     0.5097   5.881E+03   158     0    969
(4)5g_2{4}e[7/2]             8.0     115962.8400     0.5097   5.881E+03   158     0    970
3d3(4P)4s4p_4Po[3/2]         4.0     115966.7000     0.5096   5.883E+03   164     0    971
(4)5g_2{7}e[15/2]           16.0     115968.8600     0.5096   5.883E+03   161     0    972
3d4(5D)5g_4He[13/2]         14.0     115969.1060     0.5096   5.883E+03   158     0    973
(4)5g_2{7}e[13/2]           14.0     115969.1900     0.5096   5.883E+03   161     0    974
(4)5g_2{5}e[11/2]           12.0     115975.2200     0.5094   5.886E+03   159     0    975
(4)5g_2{5}e[9/2]            10.0     115975.4400     0.5094   5.886E+03   159     0    976
(4)5g_2{6}e[13/2]           14.0     115979.3100     0.5092   5.887E+03   157     0    977
(4)5g_2{6}e[11/2]           12.0     115979.5900     0.5092   5.887E+03   157     0    978
3d3(4P)4s4p_4Po[5/2]         6.0     116041.7000     0.5074   5.909E+03   164     0    979
3d4(5D)7s_4De[7/2]           8.0     116047.9000     0.5072   5.911E+03   158     0    980
3d4(1I)4d_2Ie[11/2]         12.0     116076.6820     0.5063   5.921E+03   160     0    981
3d4(5D)6d_6Ge[3/2]           4.0     116171.7100     0.5035   5.954E+03   165     0    982
3d4(5D)6d_6Ge[5/2]           6.0     116213.3800     0.5022   5.969E+03   165     0    983
3d4(5D)6d_6Pe[3/2]           4.0     116253.3500     0.5010   5.983E+03   165     0    984
3d4(5D)6d_6Ge[7/2]           8.0     116281.9500     0.5002   5.994E+03   165     0    985
3d4(5D)6d_6Pe[5/2]           6.0     116295.0600     0.4998   5.998E+03   165     0    986
3d4(5D)6d_4Se[3/2]           4.0     116355.5500     0.4980   6.020E+03   158     0    987
3d4(5D)6d_6Fe[1/2]           2.0     116360.9800     0.4978   6.022E+03   165     0    988
3d4(5D)6d_6Pe[7/2]           8.0     116385.6700     0.4971   6.031E+03   165     0    989
3d4(5D)6d_6Ge[9/2]          10.0     116388.9500     0.4970   6.032E+03   165     0    990
3d4(5D)6d_6Fe[3/2]           4.0     116429.2300     0.4958   6.047E+03   165     0    991
3d4(5D)6d_6De[1/2]           2.0     116460.4080     0.4948   6.059E+03   165     0    992
3d4(5D)6d_6Fe[5/2]           6.0     116477.5100     0.4943   6.065E+03   165     0    993
3d3(2F)4s4p_4Go[5/2]         6.0     116525.0730     0.4929   6.082E+03   164     0    994
3d4(5D)6d_6Ge[11/2]         12.0     116531.2600     0.4927   6.085E+03   165     0    995
3d3(2F)4s4p_4Go[7/2]         8.0     116570.9970     0.4915   6.099E+03   164     0    996
3d4(5D)6d_6Fe[7/2]           8.0     116572.4200     0.4915   6.100E+03   165     0    997
3d4(5D)6d_6De[3/2]           4.0     116581.7400     0.4912   6.103E+03   165     0    998
3d4(5D)6d_6Fe[9/2]          10.0     116601.6500     0.4906   6.111E+03   165     0    999
3d3(2F)4s4p_4Go[9/2]        10.0     116624.1450     0.4899   6.119E+03   164     0   1000
