********************************************************************************

Reference: Zhang H.L., Graziani M., Pradhan A.K. 1994, A&A 283, 319 (ADIP-III) (TIPBASE). 

********************************************************************************

105                             !Number of transitions.
32                              !Number of T values OMEGA tabulated at.
1.0                             !Scaling factor for OMEGA (non-FILE values).
0.1                             !Value for OMEGA if f=0.

Transition\T                                    3.690E+00  3.991E+00  4.167E+00  4.292E+00  4.389E+00  4.468E+00  4.593E+00  4.690E+00  4.866E+00  4.991E+00  5.088E+00  5.167E+00  5.234E+00  5.292E+00  5.389E+00  5.468E+00  5.535E+00  5.593E+00  5.644E+00  5.690E+00  5.769E+00  5.836E+00  5.894E+00  5.945E+00  5.991E+00  6.052E+00  6.105E+00  6.167E+00  6.234E+00  6.292E+00  6.343E+00  6.389E+00

2s2_2p_2Po[1/2]      -2s2_2p_2Po[3/2]           8.516E-01  1.076E+00  1.120E+00  1.096E+00  1.062E+00  1.035E+00  1.007E+00  1.003E+00  1.025E+00  1.044E+00  1.050E+00  1.044E+00  1.030E+00  1.010E+00  9.631E-01  9.137E-01  8.659E-01  8.215E-01  7.809E-01  7.439E-01  6.800E-01  6.271E-01  5.829E-01  5.455E-01  5.135E-01  4.733E-01  4.403E-01  4.045E-01  3.691E-01  3.410E-01  3.181E-01  2.990E-01
2s2_2p_2Po[1/2]      -2s_2p2_4Pe[1/2]           4.256E-02  4.999E-02  5.360E-02  5.531E-02  5.607E-02  5.633E-02  5.607E-02  5.531E-02  5.277E-02  5.015E-02  4.777E-02  4.565E-02  4.379E-02  4.216E-02  3.944E-02  3.728E-02  3.552E-02  3.405E-02  3.281E-02  3.174E-02  2.998E-02  2.858E-02  2.742E-02  2.644E-02  2.559E-02  2.448E-02  2.353E-02  2.244E-02  2.128E-02  2.027E-02  1.938E-02  1.858E-02
2s2_2p_2Po[1/2]      -2s_2p2_4Pe[3/2]           6.355E-02  7.739E-02  8.462E-02  8.827E-02  9.006E-02  9.082E-02  9.073E-02  8.961E-02  8.539E-02  8.090E-02  7.676E-02  7.310E-02  6.988E-02  6.705E-02  6.235E-02  5.862E-02  5.559E-02  5.308E-02  5.096E-02  4.913E-02  4.615E-02  4.380E-02  4.186E-02  4.023E-02  3.882E-02  3.701E-02  3.547E-02  3.371E-02  3.185E-02  3.026E-02  2.886E-02  2.762E-02
2s2_2p_2Po[1/2]      -2s_2p2_4Pe[5/2]           4.100E-02  5.804E-02  6.770E-02  7.278E-02  7.552E-02  7.695E-02  7.773E-02  7.714E-02  7.354E-02  6.922E-02  6.509E-02  6.137E-02  5.808E-02  5.518E-02  5.036E-02  4.653E-02  4.344E-02  4.090E-02  3.876E-02  3.694E-02  3.399E-02  3.170E-02  2.986E-02  2.833E-02  2.703E-02  2.541E-02  2.407E-02  2.258E-02  2.106E-02  1.980E-02  1.873E-02  1.779E-02
2s2_2p_2Po[1/2]      -2s_2p2_2De[5/2]           3.084E-01  2.575E-01  2.424E-01  2.340E-01  2.271E-01  2.207E-01  2.088E-01  1.979E-01  1.748E-01  1.567E-01  1.425E-01  1.312E-01  1.219E-01  1.142E-01  1.022E-01  9.318E-02  8.622E-02  8.065E-02  7.609E-02  7.228E-02  6.627E-02  6.171E-02  5.811E-02  5.517E-02  5.272E-02  4.967E-02  4.717E-02  4.441E-02  4.159E-02  3.925E-02  3.725E-02  3.550E-02
2s2_2p_2Po[1/2]      -2s_2p2_2De[3/2]           9.716E-01  9.273E-01  9.179E-01  9.102E-01  9.009E-01  8.909E-01  8.716E-01  8.554E-01  8.271E-01  8.101E-01  7.999E-01  7.943E-01  7.919E-01  7.918E-01  7.962E-01  8.042E-01  8.141E-01  8.249E-01  8.363E-01  8.477E-01  8.703E-01  8.922E-01  9.130E-01  9.328E-01  9.516E-01  9.780E-01  1.003E+00  1.033E+00  1.067E+00  1.098E+00  1.126E+00  1.151E+00
2s2_2p_2Po[1/2]      -2s_2p2_2Se[1/2]           3.166E-01  3.013E-01  2.941E-01  2.904E-01  2.886E-01  2.876E-01  2.869E-01  2.866E-01  2.864E-01  2.865E-01  2.872E-01  2.886E-01  2.904E-01  2.927E-01  2.979E-01  3.035E-01  3.094E-01  3.153E-01  3.212E-01  3.269E-01  3.380E-01  3.485E-01  3.585E-01  3.680E-01  3.770E-01  3.897E-01  4.016E-01  4.163E-01  4.331E-01  4.483E-01  4.621E-01  4.746E-01
2s2_2p_2Po[1/2]      -2s_2p2_2Pe[1/2]           8.438E-01  8.516E-01  8.568E-01  8.601E-01  8.620E-01  8.631E-01  8.636E-01  8.629E-01  8.601E-01  8.589E-01  8.600E-01  8.631E-01  8.677E-01  8.733E-01  8.860E-01  8.997E-01  9.136E-01  9.272E-01  9.403E-01  9.530E-01  9.769E-01  9.989E-01  1.019E+00  1.038E+00  1.056E+00  1.081E+00  1.104E+00  1.132E+00  1.164E+00  1.193E+00  1.218E+00  1.241E+00
2s2_2p_2Po[1/2]      -2s_2p2_2Pe[3/2]           4.316E-01  4.355E-01  4.384E-01  4.406E-01  4.422E-01  4.433E-01  4.445E-01  4.448E-01  4.443E-01  4.437E-01  4.439E-01  4.450E-01  4.467E-01  4.490E-01  4.543E-01  4.602E-01  4.663E-01  4.724E-01  4.784E-01  4.842E-01  4.953E-01  5.057E-01  5.155E-01  5.247E-01  5.334E-01  5.455E-01  5.569E-01  5.709E-01  5.867E-01  6.011E-01  6.141E-01  6.257E-01
2s2_2p_2Po[1/2]      -2p3_4So[3/2]              2.654E-03  2.146E-03  1.988E-03  1.928E-03  1.898E-03  1.880E-03  1.850E-03  1.818E-03  1.730E-03  1.643E-03  1.565E-03  1.498E-03  1.440E-03  1.390E-03  1.309E-03  1.246E-03  1.195E-03  1.154E-03  1.120E-03  1.092E-03  1.048E-03  1.017E-03  9.940E-04  9.757E-04  9.605E-04  9.410E-04  9.234E-04  9.010E-04  8.734E-04  8.459E-04  8.187E-04  7.921E-04
2s2_2p_2Po[1/2]      -2p3_2Do[5/2]              1.010E-02  1.037E-02  1.039E-02  1.033E-02  1.023E-02  1.012E-02  9.895E-03  9.708E-03  9.389E-03  9.201E-03  9.077E-03  8.988E-03  8.917E-03  8.860E-03  8.765E-03  8.688E-03  8.622E-03  8.564E-03  8.513E-03  8.466E-03  8.385E-03  8.314E-03  8.250E-03  8.190E-03  8.132E-03  8.050E-03  7.969E-03  7.866E-03  7.741E-03  7.622E-03  7.506E-03  7.396E-03
2s2_2p_2Po[1/2]      -2p3_2Do[3/2]              1.316E-02  1.336E-02  1.334E-02  1.324E-02  1.311E-02  1.296E-02  1.270E-02  1.250E-02  1.220E-02  1.206E-02  1.198E-02  1.193E-02  1.190E-02  1.187E-02  1.181E-02  1.177E-02  1.173E-02  1.168E-02  1.165E-02  1.161E-02  1.154E-02  1.147E-02  1.141E-02  1.134E-02  1.128E-02  1.119E-02  1.109E-02  1.097E-02  1.083E-02  1.068E-02  1.055E-02  1.041E-02
2s2_2p_2Po[1/2]      -2p3_2Po[1/2]              5.677E-03  5.731E-03  5.615E-03  5.595E-03  5.627E-03  5.678E-03  5.788E-03  5.884E-03  6.053E-03  6.158E-03  6.227E-03  6.276E-03  6.312E-03  6.340E-03  6.379E-03  6.405E-03  6.421E-03  6.431E-03  6.436E-03  6.437E-03  6.430E-03  6.414E-03  6.393E-03  6.368E-03  6.340E-03  6.297E-03  6.252E-03  6.192E-03  6.118E-03  6.044E-03  5.971E-03  5.899E-03
2s2_2p_2Po[1/2]      -2p3_2Po[3/2]              8.172E-03  8.258E-03  8.093E-03  8.065E-03  8.109E-03  8.179E-03  8.327E-03  8.453E-03  8.661E-03  8.770E-03  8.825E-03  8.849E-03  8.855E-03  8.850E-03  8.819E-03  8.774E-03  8.722E-03  8.667E-03  8.611E-03  8.554E-03  8.442E-03  8.332E-03  8.226E-03  8.124E-03  8.026E-03  7.886E-03  7.754E-03  7.591E-03  7.405E-03  7.236E-03  7.081E-03  6.938E-03
2s2_2p_2Po[3/2]      -2s_2p2_4Pe[1/2]           3.103E-02  4.275E-02  4.930E-02  5.272E-02  5.454E-02  5.545E-02  5.589E-02  5.540E-02  5.277E-02  4.971E-02  4.681E-02  4.420E-02  4.190E-02  3.987E-02  3.650E-02  3.383E-02  3.167E-02  2.989E-02  2.839E-02  2.712E-02  2.506E-02  2.345E-02  2.215E-02  2.107E-02  2.016E-02  1.901E-02  1.805E-02  1.699E-02  1.590E-02  1.499E-02  1.421E-02  1.353E-02
2s2_2p_2Po[3/2]      -2s_2p2_4Pe[3/2]           8.397E-02  1.092E-01  1.229E-01  1.298E-01  1.333E-01  1.350E-01  1.354E-01  1.339E-01  1.274E-01  1.203E-01  1.136E-01  1.077E-01  1.025E-01  9.787E-02  9.023E-02  8.418E-02  7.928E-02  7.522E-02  7.181E-02  6.889E-02  6.415E-02  6.043E-02  5.740E-02  5.487E-02  5.271E-02  4.997E-02  4.766E-02  4.506E-02  4.236E-02  4.007E-02  3.810E-02  3.636E-02
2s2_2p_2Po[3/2]      -2s_2p2_4Pe[5/2]           1.799E-01  2.209E-01  2.426E-01  2.536E-01  2.591E-01  2.615E-01  2.615E-01  2.583E-01  2.461E-01  2.330E-01  2.209E-01  2.102E-01  2.008E-01  1.925E-01  1.788E-01  1.679E-01  1.591E-01  1.518E-01  1.456E-01  1.403E-01  1.317E-01  1.248E-01  1.192E-01  1.145E-01  1.104E-01  1.052E-01  1.008E-01  9.574E-02  9.042E-02  8.587E-02  8.190E-02  7.836E-02
2s2_2p_2Po[3/2]      -2s_2p2_2De[5/2]           1.987E+00  1.866E+00  1.837E+00  1.817E+00  1.795E+00  1.772E+00  1.728E+00  1.690E+00  1.620E+00  1.573E+00  1.541E+00  1.520E+00  1.506E+00  1.497E+00  1.491E+00  1.494E+00  1.503E+00  1.514E+00  1.528E+00  1.542E+00  1.572E+00  1.603E+00  1.634E+00  1.663E+00  1.692E+00  1.733E+00  1.771E+00  1.819E+00  1.875E+00  1.924E+00  1.970E+00  2.011E+00
2s2_2p_2Po[3/2]      -2s_2p2_2De[3/2]           5.644E-01  4.945E-01  4.748E-01  4.635E-01  4.535E-01  4.441E-01  4.262E-01  4.101E-01  3.767E-01  3.515E-01  3.323E-01  3.174E-01  3.056E-01  2.962E-01  2.823E-01  2.728E-01  2.661E-01  2.613E-01  2.578E-01  2.551E-01  2.517E-01  2.499E-01  2.491E-01  2.488E-01  2.490E-01  2.497E-01  2.507E-01  2.523E-01  2.545E-01  2.568E-01  2.589E-01  2.609E-01
2s2_2p_2Po[3/2]      -2s_2p2_2Se[1/2]           6.332E-01  6.026E-01  5.881E-01  5.809E-01  5.771E-01  5.752E-01  5.737E-01  5.732E-01  5.726E-01  5.725E-01  5.733E-01  5.753E-01  5.781E-01  5.815E-01  5.896E-01  5.986E-01  6.078E-01  6.170E-01  6.260E-01  6.348E-01  6.515E-01  6.671E-01  6.817E-01  6.954E-01  7.082E-01  7.261E-01  7.427E-01  7.629E-01  7.858E-01  8.063E-01  8.247E-01  8.411E-01
2s2_2p_2Po[3/2]      -2s_2p2_2Pe[1/2]           4.315E-01  4.355E-01  4.384E-01  4.406E-01  4.422E-01  4.433E-01  4.445E-01  4.449E-01  4.446E-01  4.444E-01  4.452E-01  4.468E-01  4.492E-01  4.521E-01  4.588E-01  4.662E-01  4.737E-01  4.812E-01  4.887E-01  4.959E-01  5.098E-01  5.228E-01  5.351E-01  5.468E-01  5.578E-01  5.733E-01  5.878E-01  6.057E-01  6.262E-01  6.447E-01  6.615E-01  6.767E-01
2s2_2p_2Po[3/2]      -2s_2p2_2Pe[3/2]           2.119E+00  2.139E+00  2.152E+00  2.161E+00  2.166E+00  2.170E+00  2.172E+00  2.170E+00  2.164E+00  2.161E+00  2.164E+00  2.171E+00  2.182E+00  2.196E+00  2.228E+00  2.262E+00  2.297E+00  2.332E+00  2.366E+00  2.398E+00  2.460E+00  2.518E+00  2.572E+00  2.623E+00  2.671E+00  2.738E+00  2.800E+00  2.877E+00  2.964E+00  3.043E+00  3.114E+00  3.177E+00
2s2_2p_2Po[3/2]      -2p3_4So[3/2]              5.308E-03  4.292E-03  3.977E-03  3.855E-03  3.796E-03  3.760E-03  3.700E-03  3.637E-03  3.460E-03  3.285E-03  3.129E-03  2.995E-03  2.880E-03  2.781E-03  2.619E-03  2.492E-03  2.391E-03  2.308E-03  2.240E-03  2.184E-03  2.097E-03  2.034E-03  1.988E-03  1.951E-03  1.921E-03  1.882E-03  1.847E-03  1.802E-03  1.747E-03  1.692E-03  1.637E-03  1.584E-03
2s2_2p_2Po[3/2]      -2p3_2Do[5/2]              3.176E-02  3.233E-02  3.232E-02  3.210E-02  3.177E-02  3.142E-02  3.077E-02  3.025E-02  2.946E-02  2.905E-02  2.880E-02  2.864E-02  2.851E-02  2.840E-02  2.823E-02  2.808E-02  2.794E-02  2.781E-02  2.769E-02  2.758E-02  2.738E-02  2.719E-02  2.702E-02  2.685E-02  2.669E-02  2.644E-02  2.620E-02  2.589E-02  2.551E-02  2.515E-02  2.480E-02  2.446E-02
2s2_2p_2Po[3/2]      -2p3_2Do[3/2]              1.476E-02  1.512E-02  1.515E-02  1.506E-02  1.491E-02  1.474E-02  1.442E-02  1.416E-02  1.372E-02  1.347E-02  1.331E-02  1.319E-02  1.310E-02  1.303E-02  1.291E-02  1.282E-02  1.274E-02  1.266E-02  1.260E-02  1.254E-02  1.244E-02  1.235E-02  1.226E-02  1.218E-02  1.211E-02  1.199E-02  1.189E-02  1.174E-02  1.156E-02  1.140E-02  1.123E-02  1.107E-02
2s2_2p_2Po[3/2]      -2p3_2Po[1/2]              8.159E-03  8.240E-03  8.073E-03  8.045E-03  8.091E-03  8.164E-03  8.321E-03  8.458E-03  8.695E-03  8.834E-03  8.918E-03  8.970E-03  9.001E-03  9.019E-03  9.028E-03  9.016E-03  8.991E-03  8.958E-03  8.919E-03  8.877E-03  8.784E-03  8.686E-03  8.585E-03  8.484E-03  8.384E-03  8.239E-03  8.099E-03  7.923E-03  7.720E-03  7.534E-03  7.363E-03  7.205E-03
2s2_2p_2Po[3/2]      -2p3_2Po[3/2]              1.953E-02  1.972E-02  1.932E-02  1.925E-02  1.936E-02  1.953E-02  1.990E-02  2.022E-02  2.077E-02  2.108E-02  2.128E-02  2.140E-02  2.148E-02  2.153E-02  2.157E-02  2.158E-02  2.157E-02  2.154E-02  2.151E-02  2.147E-02  2.138E-02  2.128E-02  2.117E-02  2.106E-02  2.095E-02  2.077E-02  2.059E-02  2.034E-02  2.004E-02  1.974E-02  1.945E-02  1.916E-02
2s_2p2_4Pe[1/2]      -2s_2p2_4Pe[3/2]           3.176E-01  3.034E-01  3.024E-01  3.091E-01  3.202E-01  3.330E-01  3.573E-01  3.766E-01  4.058E-01  4.176E-01  4.200E-01  4.172E-01  4.113E-01  4.038E-01  3.868E-01  3.697E-01  3.536E-01  3.388E-01  3.253E-01  3.132E-01  2.921E-01  2.746E-01  2.599E-01  2.473E-01  2.364E-01  2.225E-01  2.108E-01  1.977E-01  1.842E-01  1.731E-01  1.636E-01  1.554E-01
2s_2p2_4Pe[1/2]      -2s_2p2_4Pe[5/2]           2.212E-01  2.078E-01  2.074E-01  2.142E-01  2.244E-01  2.353E-01  2.548E-01  2.693E-01  2.890E-01  2.955E-01  2.954E-01  2.918E-01  2.864E-01  2.801E-01  2.667E-01  2.538E-01  2.420E-01  2.315E-01  2.221E-01  2.137E-01  1.997E-01  1.883E-01  1.790E-01  1.712E-01  1.647E-01  1.565E-01  1.498E-01  1.426E-01  1.355E-01  1.298E-01  1.250E-01  1.211E-01
2s_2p2_4Pe[1/2]      -2s_2p2_2De[5/2]           6.805E-02  7.129E-02  7.204E-02  7.194E-02  7.165E-02  7.134E-02  7.074E-02  7.011E-02  6.831E-02  6.638E-02  6.448E-02  6.271E-02  6.108E-02  5.958E-02  5.695E-02  5.471E-02  5.279E-02  5.110E-02  4.961E-02  4.826E-02  4.594E-02  4.398E-02  4.229E-02  4.080E-02  3.947E-02  3.772E-02  3.619E-02  3.441E-02  3.250E-02  3.085E-02  2.939E-02  2.810E-02
2s_2p2_4Pe[1/2]      -2s_2p2_2De[3/2]           1.082E-01  1.170E-01  1.190E-01  1.185E-01  1.174E-01  1.163E-01  1.142E-01  1.123E-01  1.082E-01  1.046E-01  1.015E-01  9.861E-02  9.606E-02  9.374E-02  8.971E-02  8.631E-02  8.338E-02  8.081E-02  7.852E-02  7.647E-02  7.289E-02  6.987E-02  6.724E-02  6.493E-02  6.286E-02  6.011E-02  5.770E-02  5.488E-02  5.184E-02  4.920E-02  4.687E-02  4.479E-02
2s_2p2_4Pe[1/2]      -2s_2p2_2Se[1/2]           2.599E-02  2.526E-02  2.425E-02  2.350E-02  2.293E-02  2.249E-02  2.185E-02  2.138E-02  2.055E-02  1.993E-02  1.941E-02  1.895E-02  1.855E-02  1.818E-02  1.753E-02  1.696E-02  1.646E-02  1.602E-02  1.561E-02  1.524E-02  1.457E-02  1.400E-02  1.349E-02  1.303E-02  1.261E-02  1.206E-02  1.156E-02  1.098E-02  1.034E-02  9.778E-03  9.282E-03  8.838E-03
2s_2p2_4Pe[1/2]      -2s_2p2_2Pe[1/2]           1.520E-02  1.715E-02  1.912E-02  2.102E-02  2.261E-02  2.384E-02  2.541E-02  2.616E-02  2.615E-02  2.508E-02  2.375E-02  2.243E-02  2.120E-02  2.009E-02  1.821E-02  1.670E-02  1.546E-02  1.444E-02  1.359E-02  1.286E-02  1.168E-02  1.077E-02  1.004E-02  9.441E-03  8.937E-03  8.310E-03  7.794E-03  7.229E-03  6.659E-03  6.193E-03  5.801E-03  5.464E-03
2s_2p2_4Pe[1/2]      -2s_2p2_2Pe[3/2]           2.738E-02  2.963E-02  3.025E-02  3.085E-02  3.140E-02  3.184E-02  3.233E-02  3.241E-02  3.162E-02  3.028E-02  2.887E-02  2.754E-02  2.633E-02  2.525E-02  2.340E-02  2.191E-02  2.067E-02  1.963E-02  1.874E-02  1.797E-02  1.670E-02  1.569E-02  1.486E-02  1.415E-02  1.355E-02  1.279E-02  1.215E-02  1.144E-02  1.070E-02  1.007E-02  9.540E-03  9.073E-03
2s_2p2_4Pe[1/2]      -2p3_4So[3/2]              6.292E-01  6.251E-01  6.219E-01  6.189E-01  6.164E-01  6.144E-01  6.113E-01  6.093E-01  6.077E-01  6.095E-01  6.132E-01  6.179E-01  6.230E-01  6.284E-01  6.392E-01  6.498E-01  6.601E-01  6.700E-01  6.795E-01  6.887E-01  7.061E-01  7.222E-01  7.374E-01  7.516E-01  7.650E-01  7.838E-01  8.012E-01  8.227E-01  8.470E-01  8.689E-01  8.887E-01  9.063E-01
2s_2p2_4Pe[1/2]      -2p3_2Do[5/2]              5.280E-03  5.172E-03  5.095E-03  5.029E-03  4.964E-03  4.899E-03  4.775E-03  4.665E-03  4.451E-03  4.298E-03  4.183E-03  4.090E-03  4.012E-03  3.944E-03  3.830E-03  3.736E-03  3.653E-03  3.581E-03  3.515E-03  3.455E-03  3.349E-03  3.255E-03  3.172E-03  3.095E-03  3.025E-03  2.929E-03  2.840E-03  2.732E-03  2.610E-03  2.500E-03  2.400E-03  2.308E-03
2s_2p2_4Pe[1/2]      -2p3_2Do[3/2]              2.879E-02  2.873E-02  2.863E-02  2.851E-02  2.836E-02  2.819E-02  2.785E-02  2.754E-02  2.698E-02  2.659E-02  2.629E-02  2.604E-02  2.582E-02  2.563E-02  2.527E-02  2.495E-02  2.466E-02  2.439E-02  2.414E-02  2.392E-02  2.351E-02  2.314E-02  2.282E-02  2.251E-02  2.221E-02  2.177E-02  2.135E-02  2.079E-02  2.012E-02  1.946E-02  1.883E-02  1.823E-02
2s_2p2_4Pe[1/2]      -2p3_2Po[1/2]              6.336E-03  6.390E-03  6.252E-03  6.220E-03  6.246E-03  6.293E-03  6.394E-03  6.481E-03  6.620E-03  6.687E-03  6.717E-03  6.725E-03  6.721E-03  6.710E-03  6.673E-03  6.626E-03  6.574E-03  6.519E-03  6.464E-03  6.409E-03  6.300E-03  6.194E-03  6.092E-03  5.993E-03  5.896E-03  5.756E-03  5.620E-03  5.447E-03  5.242E-03  5.050E-03  4.870E-03  4.702E-03
2s_2p2_4Pe[1/2]      -2p3_2Po[3/2]              4.246E-03  4.281E-03  4.188E-03  4.166E-03  4.182E-03  4.213E-03  4.279E-03  4.336E-03  4.424E-03  4.465E-03  4.481E-03  4.484E-03  4.478E-03  4.467E-03  4.436E-03  4.399E-03  4.359E-03  4.318E-03  4.277E-03  4.237E-03  4.158E-03  4.083E-03  4.010E-03  3.940E-03  3.873E-03  3.776E-03  3.682E-03  3.564E-03  3.425E-03  3.295E-03  3.174E-03  3.061E-03
2s_2p2_4Pe[3/2]      -2s_2p2_4Pe[5/2]           6.262E-01  5.937E-01  5.921E-01  6.080E-01  6.331E-01  6.609E-01  7.120E-01  7.514E-01  8.082E-01  8.292E-01  8.317E-01  8.240E-01  8.107E-01  7.946E-01  7.592E-01  7.242E-01  6.916E-01  6.621E-01  6.356E-01  6.117E-01  5.709E-01  5.375E-01  5.096E-01  4.861E-01  4.658E-01  4.403E-01  4.191E-01  3.957E-01  3.720E-01  3.526E-01  3.364E-01  3.224E-01
2s_2p2_4Pe[3/2]      -2s_2p2_2De[5/2]           1.813E-01  1.926E-01  1.952E-01  1.947E-01  1.935E-01  1.922E-01  1.897E-01  1.874E-01  1.817E-01  1.762E-01  1.710E-01  1.663E-01  1.620E-01  1.580E-01  1.511E-01  1.453E-01  1.402E-01  1.358E-01  1.319E-01  1.284E-01  1.223E-01  1.171E-01  1.127E-01  1.088E-01  1.053E-01  1.006E-01  9.655E-02  9.181E-02  8.672E-02  8.231E-02  7.842E-02  7.496E-02
2s_2p2_4Pe[3/2]      -2s_2p2_2De[3/2]           1.711E-01  1.840E-01  1.868E-01  1.862E-01  1.847E-01  1.831E-01  1.801E-01  1.773E-01  1.712E-01  1.658E-01  1.608E-01  1.563E-01  1.523E-01  1.486E-01  1.422E-01  1.367E-01  1.320E-01  1.279E-01  1.243E-01  1.210E-01  1.154E-01  1.105E-01  1.064E-01  1.027E-01  9.940E-02  9.505E-02  9.122E-02  8.676E-02  8.195E-02  7.778E-02  7.411E-02  7.082E-02
2s_2p2_4Pe[3/2]      -2s_2p2_2Se[1/2]           5.198E-02  5.052E-02  4.851E-02  4.699E-02  4.586E-02  4.499E-02  4.370E-02  4.276E-02  4.110E-02  3.985E-02  3.882E-02  3.791E-02  3.709E-02  3.636E-02  3.506E-02  3.393E-02  3.293E-02  3.203E-02  3.122E-02  3.047E-02  2.914E-02  2.799E-02  2.697E-02  2.606E-02  2.523E-02  2.412E-02  2.313E-02  2.195E-02  2.067E-02  1.956E-02  1.856E-02  1.768E-02
2s_2p2_4Pe[3/2]      -2s_2p2_2Pe[1/2]           2.919E-02  3.243E-02  3.504E-02  3.757E-02  3.969E-02  4.135E-02  4.345E-02  4.439E-02  4.408E-02  4.227E-02  4.011E-02  3.799E-02  3.604E-02  3.427E-02  3.127E-02  2.885E-02  2.687E-02  2.523E-02  2.384E-02  2.266E-02  2.074E-02  1.925E-02  1.805E-02  1.705E-02  1.621E-02  1.516E-02  1.429E-02  1.333E-02  1.235E-02  1.155E-02  1.086E-02  1.027E-02
2s_2p2_4Pe[3/2]      -2s_2p2_2Pe[3/2]           5.598E-02  6.113E-02  6.369E-02  6.618E-02  6.833E-02  7.002E-02  7.208E-02  7.282E-02  7.155E-02  6.855E-02  6.523E-02  6.205E-02  5.913E-02  5.651E-02  5.205E-02  4.844E-02  4.547E-02  4.299E-02  4.088E-02  3.906E-02  3.606E-02  3.368E-02  3.174E-02  3.011E-02  2.871E-02  2.695E-02  2.547E-02  2.383E-02  2.214E-02  2.075E-02  1.956E-02  1.853E-02
2s_2p2_4Pe[3/2]      -2p3_4So[3/2]              1.259E+00  1.251E+00  1.245E+00  1.239E+00  1.234E+00  1.230E+00  1.224E+00  1.220E+00  1.217E+00  1.222E+00  1.229E+00  1.239E+00  1.250E+00  1.261E+00  1.283E+00  1.306E+00  1.327E+00  1.347E+00  1.367E+00  1.386E+00  1.422E+00  1.455E+00  1.486E+00  1.515E+00  1.542E+00  1.581E+00  1.616E+00  1.660E+00  1.709E+00  1.753E+00  1.793E+00  1.828E+00
2s_2p2_4Pe[3/2]      -2p3_2Do[5/2]              2.875E-02  2.855E-02  2.836E-02  2.817E-02  2.796E-02  2.774E-02  2.731E-02  2.692E-02  2.619E-02  2.568E-02  2.529E-02  2.497E-02  2.469E-02  2.445E-02  2.402E-02  2.364E-02  2.330E-02  2.299E-02  2.270E-02  2.242E-02  2.191E-02  2.145E-02  2.102E-02  2.062E-02  2.024E-02  1.970E-02  1.919E-02  1.856E-02  1.782E-02  1.715E-02  1.652E-02  1.594E-02
2s_2p2_4Pe[3/2]      -2p3_2Do[3/2]              3.938E-02  3.926E-02  3.910E-02  3.891E-02  3.868E-02  3.843E-02  3.794E-02  3.750E-02  3.667E-02  3.610E-02  3.566E-02  3.530E-02  3.499E-02  3.470E-02  3.419E-02  3.374E-02  3.331E-02  3.292E-02  3.255E-02  3.219E-02  3.153E-02  3.091E-02  3.034E-02  2.979E-02  2.927E-02  2.853E-02  2.783E-02  2.695E-02  2.592E-02  2.497E-02  2.408E-02  2.325E-02
2s_2p2_4Pe[3/2]      -2p3_2Po[1/2]              9.298E-03  9.379E-03  9.176E-03  9.130E-03  9.167E-03  9.236E-03  9.385E-03  9.511E-03  9.713E-03  9.810E-03  9.852E-03  9.863E-03  9.856E-03  9.838E-03  9.781E-03  9.709E-03  9.630E-03  9.548E-03  9.465E-03  9.382E-03  9.220E-03  9.062E-03  8.910E-03  8.762E-03  8.618E-03  8.409E-03  8.208E-03  7.952E-03  7.649E-03  7.365E-03  7.099E-03  6.850E-03
2s_2p2_4Pe[3/2]      -2p3_2Po[3/2]              1.186E-02  1.196E-02  1.170E-02  1.164E-02  1.169E-02  1.177E-02  1.196E-02  1.212E-02  1.237E-02  1.249E-02  1.254E-02  1.255E-02  1.254E-02  1.251E-02  1.244E-02  1.234E-02  1.223E-02  1.213E-02  1.202E-02  1.191E-02  1.170E-02  1.149E-02  1.130E-02  1.111E-02  1.093E-02  1.066E-02  1.041E-02  1.008E-02  9.697E-03  9.340E-03  9.005E-03  8.692E-03
2s_2p2_4Pe[5/2]      -2s_2p2_2De[5/2]           3.851E-01  4.141E-01  4.204E-01  4.189E-01  4.156E-01  4.119E-01  4.052E-01  3.990E-01  3.853E-01  3.730E-01  3.618E-01  3.517E-01  3.426E-01  3.343E-01  3.198E-01  3.076E-01  2.971E-01  2.879E-01  2.797E-01  2.723E-01  2.595E-01  2.487E-01  2.393E-01  2.310E-01  2.236E-01  2.139E-01  2.053E-01  1.952E-01  1.844E-01  1.750E-01  1.667E-01  1.593E-01
2s_2p2_4Pe[5/2]      -2s_2p2_2De[3/2]           1.436E-01  1.509E-01  1.526E-01  1.523E-01  1.517E-01  1.509E-01  1.495E-01  1.481E-01  1.441E-01  1.400E-01  1.360E-01  1.322E-01  1.288E-01  1.256E-01  1.201E-01  1.154E-01  1.113E-01  1.078E-01  1.047E-01  1.018E-01  9.695E-02  9.283E-02  8.926E-02  8.613E-02  8.333E-02  7.964E-02  7.641E-02  7.265E-02  6.862E-02  6.513E-02  6.206E-02  5.932E-02
2s_2p2_4Pe[5/2]      -2s_2p2_2Se[1/2]           7.797E-02  7.578E-02  7.276E-02  7.049E-02  6.879E-02  6.748E-02  6.555E-02  6.414E-02  6.165E-02  5.978E-02  5.822E-02  5.686E-02  5.564E-02  5.454E-02  5.258E-02  5.089E-02  4.939E-02  4.805E-02  4.682E-02  4.570E-02  4.371E-02  4.199E-02  4.046E-02  3.909E-02  3.785E-02  3.618E-02  3.469E-02  3.293E-02  3.101E-02  2.933E-02  2.785E-02  2.652E-02
2s_2p2_4Pe[5/2]      -2s_2p2_2Pe[1/2]           4.077E-02  4.398E-02  4.457E-02  4.515E-02  4.571E-02  4.617E-02  4.665E-02  4.663E-02  4.536E-02  4.343E-02  4.144E-02  3.958E-02  3.789E-02  3.638E-02  3.380E-02  3.171E-02  2.998E-02  2.852E-02  2.727E-02  2.618E-02  2.438E-02  2.293E-02  2.174E-02  2.074E-02  1.987E-02  1.878E-02  1.785E-02  1.682E-02  1.574E-02  1.484E-02  1.407E-02  1.339E-02
2s_2p2_4Pe[5/2]      -2s_2p2_2Pe[3/2]           8.698E-02  9.635E-02  1.035E-01  1.105E-01  1.163E-01  1.209E-01  1.267E-01  1.292E-01  1.281E-01  1.228E-01  1.166E-01  1.105E-01  1.049E-01  9.982E-02  9.120E-02  8.425E-02  7.857E-02  7.385E-02  6.987E-02  6.648E-02  6.097E-02  5.669E-02  5.325E-02  5.040E-02  4.799E-02  4.498E-02  4.248E-02  3.971E-02  3.688E-02  3.454E-02  3.254E-02  3.081E-02
2s_2p2_4Pe[5/2]      -2p3_4So[3/2]              1.890E+00  1.878E+00  1.868E+00  1.859E+00  1.852E+00  1.846E+00  1.837E+00  1.832E+00  1.828E+00  1.834E+00  1.847E+00  1.862E+00  1.878E+00  1.895E+00  1.930E+00  1.964E+00  1.996E+00  2.028E+00  2.058E+00  2.086E+00  2.141E+00  2.191E+00  2.238E+00  2.282E+00  2.323E+00  2.381E+00  2.434E+00  2.499E+00  2.573E+00  2.639E+00  2.698E+00  2.750E+00
2s_2p2_4Pe[5/2]      -2p3_2Do[5/2]              8.861E-02  8.833E-02  8.797E-02  8.754E-02  8.703E-02  8.648E-02  8.536E-02  8.437E-02  8.250E-02  8.122E-02  8.024E-02  7.943E-02  7.873E-02  7.809E-02  7.695E-02  7.592E-02  7.497E-02  7.409E-02  7.325E-02  7.246E-02  7.097E-02  6.959E-02  6.830E-02  6.708E-02  6.592E-02  6.426E-02  6.269E-02  6.072E-02  5.843E-02  5.630E-02  5.432E-02  5.247E-02
2s_2p2_4Pe[5/2]      -2p3_2Do[3/2]              1.359E-02  1.338E-02  1.322E-02  1.308E-02  1.293E-02  1.279E-02  1.251E-02  1.226E-02  1.178E-02  1.144E-02  1.119E-02  1.098E-02  1.080E-02  1.065E-02  1.039E-02  1.017E-02  9.974E-03  9.801E-03  9.643E-03  9.497E-03  9.236E-03  9.003E-03  8.793E-03  8.599E-03  8.419E-03  8.168E-03  7.937E-03  7.653E-03  7.329E-03  7.034E-03  6.763E-03  6.513E-03
2s_2p2_4Pe[5/2]      -2p3_2Po[1/2]              5.526E-03  5.573E-03  5.451E-03  5.422E-03  5.443E-03  5.482E-03  5.568E-03  5.641E-03  5.755E-03  5.807E-03  5.827E-03  5.829E-03  5.820E-03  5.805E-03  5.763E-03  5.713E-03  5.660E-03  5.606E-03  5.551E-03  5.498E-03  5.394E-03  5.294E-03  5.199E-03  5.107E-03  5.019E-03  4.891E-03  4.769E-03  4.615E-03  4.434E-03  4.265E-03  4.107E-03  3.960E-03
2s_2p2_4Pe[5/2]      -2p3_2Po[3/2]              2.622E-02  2.644E-02  2.587E-02  2.574E-02  2.584E-02  2.603E-02  2.645E-02  2.681E-02  2.737E-02  2.765E-02  2.776E-02  2.779E-02  2.777E-02  2.772E-02  2.756E-02  2.735E-02  2.713E-02  2.690E-02  2.667E-02  2.643E-02  2.597E-02  2.553E-02  2.510E-02  2.468E-02  2.427E-02  2.369E-02  2.312E-02  2.240E-02  2.154E-02  2.074E-02  2.000E-02  1.930E-02
2s_2p2_2De[5/2]      -2s_2p2_2De[3/2]           1.062E+00  1.450E+00  1.685E+00  1.753E+00  1.746E+00  1.710E+00  1.617E+00  1.528E+00  1.353E+00  1.226E+00  1.127E+00  1.046E+00  9.779E-01  9.193E-01  8.235E-01  7.484E-01  6.878E-01  6.379E-01  5.961E-01  5.606E-01  5.034E-01  4.593E-01  4.242E-01  3.956E-01  3.718E-01  3.427E-01  3.193E-01  2.944E-01  2.701E-01  2.511E-01  2.356E-01  2.228E-01
2s_2p2_2De[5/2]      -2s_2p2_2Se[1/2]           5.872E-01  7.260E-01  7.073E-01  6.592E-01  6.120E-01  5.716E-01  5.103E-01  4.675E-01  4.024E-01  3.644E-01  3.382E-01  3.184E-01  3.026E-01  2.896E-01  2.692E-01  2.539E-01  2.418E-01  2.322E-01  2.242E-01  2.175E-01  2.070E-01  1.991E-01  1.929E-01  1.879E-01  1.839E-01  1.791E-01  1.753E-01  1.714E-01  1.678E-01  1.651E-01  1.629E-01  1.612E-01
2s_2p2_2De[5/2]      -2s_2p2_2Pe[1/2]           1.179E-01  1.179E-01  1.255E-01  1.370E-01  1.492E-01  1.605E-01  1.787E-01  1.914E-01  2.065E-01  2.089E-01  2.058E-01  2.005E-01  1.944E-01  1.881E-01  1.763E-01  1.658E-01  1.568E-01  1.489E-01  1.421E-01  1.361E-01  1.261E-01  1.180E-01  1.113E-01  1.057E-01  1.008E-01  9.465E-02  8.949E-02  8.374E-02  7.783E-02  7.294E-02  6.878E-02  6.517E-02
2s_2p2_2De[5/2]      -2s_2p2_2Pe[3/2]           2.387E-01  2.438E-01  3.093E-01  4.018E-01  4.959E-01  5.808E-01  7.137E-01  8.028E-01  9.036E-01  9.173E-01  8.964E-01  8.624E-01  8.245E-01  7.867E-01  7.169E-01  6.571E-01  6.066E-01  5.637E-01  5.270E-01  4.954E-01  4.438E-01  4.035E-01  3.711E-01  3.444E-01  3.220E-01  2.944E-01  2.721E-01  2.481E-01  2.244E-01  2.057E-01  1.903E-01  1.775E-01
2s_2p2_2De[5/2]      -2p3_4So[3/2]              3.701E-02  4.571E-02  5.035E-02  5.246E-02  5.305E-02  5.275E-02  5.081E-02  4.819E-02  4.160E-02  3.618E-02  3.191E-02  2.852E-02  2.580E-02  2.356E-02  2.011E-02  1.759E-02  1.567E-02  1.415E-02  1.292E-02  1.190E-02  1.031E-02  9.132E-03  8.215E-03  7.481E-03  6.878E-03  6.151E-03  5.575E-03  4.968E-03  4.384E-03  3.932E-03  3.569E-03  3.271E-03
2s_2p2_2De[5/2]      -2p3_2Do[5/2]              2.715E+00  2.736E+00  2.731E+00  2.710E+00  2.683E+00  2.657E+00  2.615E+00  2.589E+00  2.572E+00  2.587E+00  2.613E+00  2.643E+00  2.673E+00  2.703E+00  2.760E+00  2.814E+00  2.864E+00  2.911E+00  2.956E+00  2.998E+00  3.078E+00  3.151E+00  3.218E+00  3.282E+00  3.342E+00  3.426E+00  3.503E+00  3.599E+00  3.707E+00  3.805E+00  3.892E+00  3.971E+00
2s_2p2_2De[5/2]      -2p3_2Do[3/2]              2.949E-01  3.039E-01  3.062E-01  3.058E-01  3.038E-01  3.012E-01  2.956E-01  2.906E-01  2.824E-01  2.782E-01  2.761E-01  2.752E-01  2.750E-01  2.753E-01  2.766E-01  2.785E-01  2.807E-01  2.830E-01  2.854E-01  2.879E-01  2.928E-01  2.976E-01  3.022E-01  3.066E-01  3.109E-01  3.169E-01  3.225E-01  3.294E-01  3.373E-01  3.444E-01  3.508E-01  3.565E-01
2s_2p2_2De[5/2]      -2p3_2Po[1/2]              1.306E-02  1.316E-02  1.287E-02  1.280E-02  1.285E-02  1.293E-02  1.313E-02  1.329E-02  1.354E-02  1.364E-02  1.367E-02  1.366E-02  1.362E-02  1.357E-02  1.344E-02  1.330E-02  1.316E-02  1.302E-02  1.289E-02  1.276E-02  1.252E-02  1.229E-02  1.209E-02  1.190E-02  1.171E-02  1.146E-02  1.121E-02  1.089E-02  1.051E-02  1.015E-02  9.814E-03  9.493E-03
2s_2p2_2De[5/2]      -2p3_2Po[3/2]              1.119E+00  1.132E+00  1.111E+00  1.110E+00  1.120E+00  1.133E+00  1.160E+00  1.185E+00  1.233E+00  1.267E+00  1.293E+00  1.315E+00  1.334E+00  1.351E+00  1.381E+00  1.408E+00  1.433E+00  1.456E+00  1.478E+00  1.499E+00  1.538E+00  1.575E+00  1.609E+00  1.640E+00  1.670E+00  1.712E+00  1.751E+00  1.799E+00  1.854E+00  1.903E+00  1.947E+00  1.986E+00
2s_2p2_2De[3/2]      -2s_2p2_2Se[1/2]           3.915E-01  4.840E-01  4.715E-01  4.395E-01  4.080E-01  3.811E-01  3.402E-01  3.117E-01  2.682E-01  2.429E-01  2.255E-01  2.123E-01  2.018E-01  1.932E-01  1.796E-01  1.694E-01  1.615E-01  1.550E-01  1.498E-01  1.454E-01  1.384E-01  1.332E-01  1.291E-01  1.259E-01  1.232E-01  1.200E-01  1.176E-01  1.150E-01  1.126E-01  1.108E-01  1.094E-01  1.082E-01
2s_2p2_2De[3/2]      -2s_2p2_2Pe[1/2]           8.021E-02  8.307E-02  1.160E-01  1.623E-01  2.091E-01  2.511E-01  3.167E-01  3.603E-01  4.094E-01  4.158E-01  4.055E-01  3.890E-01  3.708E-01  3.526E-01  3.192E-01  2.907E-01  2.667E-01  2.464E-01  2.291E-01  2.143E-01  1.901E-01  1.714E-01  1.564E-01  1.441E-01  1.339E-01  1.213E-01  1.112E-01  1.005E-01  8.998E-02  8.176E-02  7.510E-02  6.959E-02
2s_2p2_2De[3/2]      -2s_2p2_2Pe[3/2]           1.575E-01  1.581E-01  1.738E-01  1.969E-01  2.210E-01  2.431E-01  2.784E-01  3.026E-01  3.309E-01  3.352E-01  3.294E-01  3.197E-01  3.086E-01  2.974E-01  2.764E-01  2.581E-01  2.423E-01  2.288E-01  2.171E-01  2.069E-01  1.899E-01  1.764E-01  1.653E-01  1.560E-01  1.481E-01  1.382E-01  1.299E-01  1.208E-01  1.116E-01  1.041E-01  9.772E-02  9.228E-02
2s_2p2_2De[3/2]      -2p3_4So[3/2]              2.468E-02  3.048E-02  3.357E-02  3.497E-02  3.537E-02  3.517E-02  3.387E-02  3.212E-02  2.773E-02  2.412E-02  2.127E-02  1.902E-02  1.720E-02  1.571E-02  1.341E-02  1.173E-02  1.044E-02  9.431E-03  8.611E-03  7.933E-03  6.876E-03  6.088E-03  5.477E-03  4.987E-03  4.585E-03  4.101E-03  3.716E-03  3.312E-03  2.923E-03  2.621E-03  2.379E-03  2.180E-03
2s_2p2_2De[3/2]      -2p3_2Do[5/2]              2.931E-01  3.020E-01  3.042E-01  3.037E-01  3.017E-01  2.991E-01  2.933E-01  2.882E-01  2.795E-01  2.747E-01  2.720E-01  2.705E-01  2.698E-01  2.695E-01  2.698E-01  2.708E-01  2.722E-01  2.737E-01  2.754E-01  2.772E-01  2.808E-01  2.846E-01  2.882E-01  2.918E-01  2.953E-01  3.003E-01  3.050E-01  3.110E-01  3.179E-01  3.241E-01  3.298E-01  3.348E-01
2s_2p2_2De[3/2]      -2p3_2Do[3/2]              1.717E+00  1.729E+00  1.724E+00  1.711E+00  1.694E+00  1.677E+00  1.651E+00  1.635E+00  1.628E+00  1.640E+00  1.659E+00  1.680E+00  1.701E+00  1.722E+00  1.761E+00  1.797E+00  1.831E+00  1.862E+00  1.891E+00  1.919E+00  1.971E+00  2.018E+00  2.062E+00  2.102E+00  2.141E+00  2.194E+00  2.243E+00  2.303E+00  2.370E+00  2.431E+00  2.486E+00  2.534E+00
2s_2p2_2De[3/2]      -2p3_2Po[1/2]              6.160E-01  6.232E-01  6.120E-01  6.115E-01  6.167E-01  6.239E-01  6.392E-01  6.530E-01  6.796E-01  6.986E-01  7.135E-01  7.259E-01  7.367E-01  7.465E-01  7.639E-01  7.796E-01  7.941E-01  8.077E-01  8.207E-01  8.331E-01  8.564E-01  8.781E-01  8.985E-01  9.177E-01  9.358E-01  9.612E-01  9.848E-01  1.014E+00  1.047E+00  1.077E+00  1.104E+00  1.128E+00
2s_2p2_2De[3/2]      -2p3_2Po[3/2]              1.388E-01  1.404E-01  1.378E-01  1.376E-01  1.387E-01  1.403E-01  1.436E-01  1.466E-01  1.522E-01  1.561E-01  1.592E-01  1.617E-01  1.638E-01  1.658E-01  1.692E-01  1.723E-01  1.751E-01  1.778E-01  1.803E-01  1.828E-01  1.874E-01  1.917E-01  1.957E-01  1.996E-01  2.032E-01  2.084E-01  2.132E-01  2.192E-01  2.261E-01  2.324E-01  2.380E-01  2.431E-01
2s_2p2_2Se[1/2]      -2s_2p2_2Pe[1/2]           3.554E-02  3.328E-02  3.518E-02  4.133E-02  4.969E-02  5.858E-02  7.485E-02  8.771E-02  1.068E-01  1.142E-01  1.157E-01  1.143E-01  1.114E-01  1.079E-01  1.005E-01  9.345E-02  8.713E-02  8.157E-02  7.670E-02  7.241E-02  6.527E-02  5.959E-02  5.497E-02  5.114E-02  4.790E-02  4.389E-02  4.061E-02  3.706E-02  3.354E-02  3.072E-02  2.839E-02  2.644E-02
2s_2p2_2Se[1/2]      -2s_2p2_2Pe[3/2]           7.109E-02  6.656E-02  7.036E-02  8.265E-02  9.938E-02  1.172E-01  1.497E-01  1.754E-01  2.136E-01  2.284E-01  2.314E-01  2.285E-01  2.228E-01  2.158E-01  2.010E-01  1.869E-01  1.743E-01  1.631E-01  1.534E-01  1.448E-01  1.305E-01  1.192E-01  1.099E-01  1.023E-01  9.581E-02  8.778E-02  8.122E-02  7.412E-02  6.707E-02  6.143E-02  5.678E-02  5.287E-02
2s_2p2_2Se[1/2]      -2p3_4So[3/2]              1.000E-09  1.000E-09  1.000E-09  1.000E-09  1.000E-09  1.695E-09  6.845E-09  1.619E-08  5.343E-08  1.008E-07  1.510E-07  2.012E-07  2.501E-07  2.973E-07  3.866E-07  4.693E-07  5.465E-07  6.188E-07  6.869E-07  7.515E-07  8.713E-07  9.808E-07  1.082E-06  1.176E-06  1.264E-06  1.386E-06  1.499E-06  1.636E-06  1.791E-06  1.930E-06  2.055E-06  2.167E-06
2s_2p2_2Se[1/2]      -2p3_2Do[5/2]              2.867E-02  3.468E-02  3.635E-02  3.683E-02  3.660E-02  3.594E-02  3.397E-02  3.173E-02  2.664E-02  2.272E-02  1.977E-02  1.750E-02  1.571E-02  1.426E-02  1.208E-02  1.052E-02  9.341E-03  8.423E-03  7.688E-03  7.086E-03  6.156E-03  5.472E-03  4.947E-03  4.530E-03  4.191E-03  3.786E-03  3.468E-03  3.136E-03  2.821E-03  2.578E-03  2.384E-03  2.225E-03
2s_2p2_2Se[1/2]      -2p3_2Do[3/2]              1.912E-02  2.313E-02  2.424E-02  2.456E-02  2.443E-02  2.400E-02  2.274E-02  2.131E-02  1.808E-02  1.564E-02  1.385E-02  1.250E-02  1.147E-02  1.068E-02  9.542E-03  8.807E-03  8.322E-03  8.001E-03  7.793E-03  7.666E-03  7.572E-03  7.613E-03  7.734E-03  7.903E-03  8.102E-03  8.433E-03  8.782E-03  9.256E-03  9.839E-03  1.040E-02  1.092E-02  1.141E-02
2s_2p2_2Se[1/2]      -2p3_2Po[1/2]              2.864E-01  2.897E-01  2.844E-01  2.841E-01  2.864E-01  2.896E-01  2.965E-01  3.027E-01  3.145E-01  3.227E-01  3.290E-01  3.341E-01  3.384E-01  3.422E-01  3.486E-01  3.542E-01  3.592E-01  3.637E-01  3.679E-01  3.719E-01  3.792E-01  3.857E-01  3.917E-01  3.972E-01  4.023E-01  4.093E-01  4.157E-01  4.232E-01  4.316E-01  4.389E-01  4.453E-01  4.508E-01
2s_2p2_2Se[1/2]      -2p3_2Po[3/2]              5.728E-01  5.795E-01  5.690E-01  5.684E-01  5.731E-01  5.798E-01  5.938E-01  6.064E-01  6.306E-01  6.479E-01  6.612E-01  6.722E-01  6.818E-01  6.904E-01  7.056E-01  7.191E-01  7.316E-01  7.433E-01  7.544E-01  7.649E-01  7.849E-01  8.034E-01  8.207E-01  8.369E-01  8.522E-01  8.736E-01  8.934E-01  9.176E-01  9.450E-01  9.695E-01  9.916E-01  1.011E+00
2s_2p2_2Pe[1/2]      -2s_2p2_2Pe[3/2]           2.486E-01  2.505E-01  2.712E-01  3.011E-01  3.318E-01  3.597E-01  4.040E-01  4.341E-01  4.692E-01  4.743E-01  4.667E-01  4.539E-01  4.395E-01  4.248E-01  3.973E-01  3.733E-01  3.528E-01  3.351E-01  3.199E-01  3.067E-01  2.850E-01  2.678E-01  2.539E-01  2.423E-01  2.326E-01  2.204E-01  2.105E-01  1.996E-01  1.888E-01  1.800E-01  1.727E-01  1.664E-01
2s_2p2_2Pe[1/2]      -2p3_4So[3/2]              9.915E-02  1.048E-01  1.095E-01  1.122E-01  1.130E-01  1.128E-01  1.102E-01  1.064E-01  9.623E-02  8.730E-02  7.999E-02  7.404E-02  6.914E-02  6.504E-02  5.861E-02  5.379E-02  5.003E-02  4.700E-02  4.451E-02  4.242E-02  3.908E-02  3.652E-02  3.448E-02  3.279E-02  3.137E-02  2.959E-02  2.811E-02  2.646E-02  2.477E-02  2.336E-02  2.215E-02  2.109E-02
2s_2p2_2Pe[1/2]      -2p3_2Do[5/2]              6.179E-02  6.897E-02  7.060E-02  7.088E-02  7.024E-02  6.896E-02  6.541E-02  6.148E-02  5.257E-02  4.574E-02  4.058E-02  3.659E-02  3.343E-02  3.088E-02  2.701E-02  2.421E-02  2.209E-02  2.042E-02  1.907E-02  1.796E-02  1.623E-02  1.493E-02  1.391E-02  1.310E-02  1.242E-02  1.159E-02  1.091E-02  1.018E-02  9.457E-03  8.866E-03  8.370E-03  7.944E-03
2s_2p2_2Pe[1/2]      -2p3_2Do[3/2]              1.663E+00  1.673E+00  1.665E+00  1.648E+00  1.628E+00  1.610E+00  1.584E+00  1.572E+00  1.577E+00  1.603E+00  1.635E+00  1.667E+00  1.697E+00  1.727E+00  1.780E+00  1.828E+00  1.872E+00  1.913E+00  1.950E+00  1.986E+00  2.050E+00  2.108E+00  2.161E+00  2.209E+00  2.254E+00  2.316E+00  2.373E+00  2.442E+00  2.519E+00  2.589E+00  2.652E+00  2.708E+00
2s_2p2_2Pe[1/2]      -2p3_2Po[1/2]              7.896E-01  7.992E-01  7.853E-01  7.852E-01  7.923E-01  8.022E-01  8.229E-01  8.416E-01  8.784E-01  9.055E-01  9.271E-01  9.455E-01  9.617E-01  9.765E-01  1.003E+00  1.027E+00  1.049E+00  1.069E+00  1.089E+00  1.107E+00  1.141E+00  1.173E+00  1.203E+00  1.231E+00  1.258E+00  1.295E+00  1.329E+00  1.371E+00  1.419E+00  1.462E+00  1.501E+00  1.536E+00
2s_2p2_2Pe[1/2]      -2p3_2Po[3/2]              3.948E-01  3.994E-01  3.922E-01  3.918E-01  3.951E-01  3.996E-01  4.092E-01  4.179E-01  4.344E-01  4.460E-01  4.549E-01  4.622E-01  4.684E-01  4.738E-01  4.832E-01  4.913E-01  4.986E-01  5.052E-01  5.114E-01  5.171E-01  5.278E-01  5.374E-01  5.464E-01  5.546E-01  5.624E-01  5.732E-01  5.832E-01  5.954E-01  6.092E-01  6.216E-01  6.327E-01  6.424E-01
2s_2p2_2Pe[3/2]      -2p3_4So[3/2]              1.983E-01  2.096E-01  2.191E-01  2.243E-01  2.261E-01  2.256E-01  2.204E-01  2.129E-01  1.925E-01  1.746E-01  1.600E-01  1.481E-01  1.383E-01  1.301E-01  1.173E-01  1.076E-01  1.001E-01  9.409E-02  8.912E-02  8.494E-02  7.828E-02  7.317E-02  6.910E-02  6.574E-02  6.290E-02  5.934E-02  5.639E-02  5.312E-02  4.975E-02  4.694E-02  4.453E-02  4.243E-02
2s_2p2_2Pe[3/2]      -2p3_2Do[5/2]              2.984E+00  3.006E+00  2.992E+00  2.961E+00  2.924E+00  2.890E+00  2.839E+00  2.812E+00  2.807E+00  2.841E+00  2.885E+00  2.932E+00  2.978E+00  3.023E+00  3.105E+00  3.180E+00  3.249E+00  3.313E+00  3.374E+00  3.431E+00  3.537E+00  3.635E+00  3.725E+00  3.809E+00  3.888E+00  3.998E+00  4.100E+00  4.225E+00  4.366E+00  4.493E+00  4.607E+00  4.707E+00
2s_2p2_2Pe[3/2]      -2p3_2Do[3/2]              4.081E-01  4.187E-01  4.192E-01  4.162E-01  4.114E-01  4.062E-01  3.966E-01  3.892E-01  3.787E-01  3.749E-01  3.742E-01  3.750E-01  3.766E-01  3.786E-01  3.831E-01  3.880E-01  3.928E-01  3.976E-01  4.022E-01  4.067E-01  4.153E-01  4.233E-01  4.308E-01  4.378E-01  4.444E-01  4.536E-01  4.621E-01  4.725E-01  4.842E-01  4.947E-01  5.040E-01  5.123E-01
2s_2p2_2Pe[3/2]      -2p3_2Po[1/2]              3.972E-01  4.020E-01  3.950E-01  3.948E-01  3.983E-01  4.032E-01  4.134E-01  4.227E-01  4.406E-01  4.537E-01  4.641E-01  4.728E-01  4.804E-01  4.872E-01  4.994E-01  5.103E-01  5.202E-01  5.294E-01  5.381E-01  5.464E-01  5.618E-01  5.761E-01  5.893E-01  6.017E-01  6.134E-01  6.297E-01  6.448E-01  6.633E-01  6.841E-01  7.028E-01  7.196E-01  7.344E-01
2s_2p2_2Pe[3/2]      -2p3_2Po[3/2]              1.973E+00  1.997E+00  1.962E+00  1.961E+00  1.979E+00  2.003E+00  2.054E+00  2.100E+00  2.190E+00  2.256E+00  2.308E+00  2.352E+00  2.391E+00  2.426E+00  2.489E+00  2.545E+00  2.597E+00  2.646E+00  2.692E+00  2.736E+00  2.818E+00  2.894E+00  2.965E+00  3.032E+00  3.095E+00  3.184E+00  3.266E+00  3.367E+00  3.482E+00  3.585E+00  3.678E+00  3.761E+00
2p3_4So[3/2]         -2p3_2Do[5/2]              3.176E-01  3.164E-01  3.148E-01  3.128E-01  3.104E-01  3.080E-01  3.031E-01  2.988E-01  2.901E-01  2.836E-01  2.782E-01  2.734E-01  2.691E-01  2.650E-01  2.577E-01  2.512E-01  2.452E-01  2.398E-01  2.349E-01  2.303E-01  2.222E-01  2.152E-01  2.089E-01  2.034E-01  1.984E-01  1.916E-01  1.855E-01  1.781E-01  1.700E-01  1.627E-01  1.561E-01  1.500E-01
2p3_4So[3/2]         -2p3_2Do[3/2]              2.118E-01  2.110E-01  2.099E-01  2.085E-01  2.070E-01  2.053E-01  2.021E-01  1.992E-01  1.934E-01  1.891E-01  1.855E-01  1.823E-01  1.794E-01  1.767E-01  1.718E-01  1.674E-01  1.635E-01  1.599E-01  1.566E-01  1.535E-01  1.481E-01  1.434E-01  1.393E-01  1.356E-01  1.322E-01  1.277E-01  1.236E-01  1.188E-01  1.133E-01  1.085E-01  1.041E-01  1.000E-01
2p3_4So[3/2]         -2p3_2Po[1/2]              4.827E-02  4.861E-02  4.747E-02  4.712E-02  4.721E-02  4.746E-02  4.802E-02  4.847E-02  4.900E-02  4.900E-02  4.873E-02  4.831E-02  4.783E-02  4.731E-02  4.624E-02  4.518E-02  4.418E-02  4.323E-02  4.234E-02  4.151E-02  4.002E-02  3.871E-02  3.754E-02  3.650E-02  3.554E-02  3.423E-02  3.306E-02  3.163E-02  3.004E-02  2.860E-02  2.730E-02  2.612E-02
2p3_4So[3/2]         -2p3_2Po[3/2]              9.657E-02  9.725E-02  9.496E-02  9.427E-02  9.445E-02  9.495E-02  9.607E-02  9.696E-02  9.802E-02  9.801E-02  9.746E-02  9.663E-02  9.566E-02  9.462E-02  9.248E-02  9.037E-02  8.836E-02  8.646E-02  8.469E-02  8.303E-02  8.004E-02  7.742E-02  7.509E-02  7.299E-02  7.107E-02  6.847E-02  6.611E-02  6.326E-02  6.007E-02  5.721E-02  5.461E-02  5.223E-02
2p3_2Do[5/2]         -2p3_2Do[3/2]              4.304E-01  4.324E-01  4.317E-01  4.300E-01  4.274E-01  4.243E-01  4.177E-01  4.114E-01  3.982E-01  3.880E-01  3.796E-01  3.723E-01  3.658E-01  3.599E-01  3.492E-01  3.399E-01  3.315E-01  3.239E-01  3.171E-01  3.108E-01  2.997E-01  2.901E-01  2.818E-01  2.744E-01  2.677E-01  2.587E-01  2.506E-01  2.410E-01  2.303E-01  2.206E-01  2.118E-01  2.037E-01
2p3_2Do[5/2]         -2p3_2Po[1/2]              1.129E-01  1.138E-01  1.114E-01  1.108E-01  1.113E-01  1.121E-01  1.140E-01  1.155E-01  1.180E-01  1.192E-01  1.197E-01  1.199E-01  1.198E-01  1.195E-01  1.189E-01  1.182E-01  1.175E-01  1.168E-01  1.162E-01  1.156E-01  1.145E-01  1.136E-01  1.128E-01  1.122E-01  1.116E-01  1.107E-01  1.100E-01  1.091E-01  1.081E-01  1.072E-01  1.062E-01  1.053E-01
2p3_2Do[5/2]         -2p3_2Po[3/2]              2.829E-01  2.855E-01  2.796E-01  2.785E-01  2.799E-01  2.823E-01  2.874E-01  2.918E-01  2.993E-01  3.035E-01  3.059E-01  3.073E-01  3.081E-01  3.086E-01  3.088E-01  3.088E-01  3.085E-01  3.082E-01  3.079E-01  3.076E-01  3.072E-01  3.068E-01  3.065E-01  3.063E-01  3.061E-01  3.059E-01  3.058E-01  3.055E-01  3.052E-01  3.047E-01  3.041E-01  3.034E-01
2p3_2Do[3/2]         -2p3_2Po[1/2]              1.071E-01  1.081E-01  1.059E-01  1.055E-01  1.061E-01  1.071E-01  1.091E-01  1.109E-01  1.140E-01  1.158E-01  1.169E-01  1.177E-01  1.182E-01  1.186E-01  1.190E-01  1.193E-01  1.195E-01  1.197E-01  1.199E-01  1.200E-01  1.203E-01  1.206E-01  1.209E-01  1.213E-01  1.216E-01  1.220E-01  1.224E-01  1.229E-01  1.234E-01  1.239E-01  1.242E-01  1.244E-01
2p3_2Do[3/2]         -2p3_2Po[3/2]              1.568E-01  1.582E-01  1.548E-01  1.540E-01  1.547E-01  1.559E-01  1.585E-01  1.608E-01  1.644E-01  1.662E-01  1.670E-01  1.673E-01  1.672E-01  1.671E-01  1.664E-01  1.656E-01  1.648E-01  1.640E-01  1.632E-01  1.626E-01  1.613E-01  1.603E-01  1.594E-01  1.587E-01  1.580E-01  1.571E-01  1.563E-01  1.553E-01  1.541E-01  1.530E-01  1.520E-01  1.509E-01
2p3_2Po[1/2]         -2p3_2Po[3/2]              1.350E-01  1.360E-01  1.329E-01  1.320E-01  1.322E-01  1.330E-01  1.346E-01  1.360E-01  1.376E-01  1.378E-01  1.372E-01  1.362E-01  1.349E-01  1.336E-01  1.308E-01  1.281E-01  1.255E-01  1.231E-01  1.209E-01  1.188E-01  1.152E-01  1.121E-01  1.094E-01  1.071E-01  1.050E-01  1.021E-01  9.946E-02  9.626E-02  9.257E-02  8.916E-02  8.597E-02  8.299E-02
