********************************************************************************
                                                                                
                 Energy Levels and statistical weights for N2                   
                                                                                
                            g        E(cm^-1)    10^15 Hz     eV       Lam(A)   
********************************************************************************
                                                                                
17-Oct-2000                                      !Format date                   
23-Jan-2006                            !Date
442                                    !Number of energy levels
6                                      !Entry number of link to super level
  
2s2_2p2_3Pe[0]              1.0          0.0000     7.1576   4.188E+02     1     0      1
2s2_2p2_3Pe[1]              3.0         48.7000     7.1561   4.189E+02     1     0      2
2s2_2p2_3Pe[2]              5.0        130.8000     7.1536   4.191E+02     1     0      3
2s2_2p2_1De[2]              5.0      15316.2000     6.6984   4.476E+02     2     0      4
2s2_2p2_1Se[0]              1.0      32688.8000     6.1776   4.853E+02     3     0      5
2s_2p3_5So[2]               5.0      46784.6000     5.7550   5.209E+02     4     0      6
2s_2p3_3Do[3]               7.0      92237.2000     4.3924   6.825E+02     5     0      7
2s_2p3_3Do[2]               5.0      92250.3000     4.3920   6.826E+02     5     0      8
2s_2p3_3Do[1]               3.0      92251.8000     4.3919   6.826E+02     5     0      9
2s_2p3_3Po[1]               3.0     109216.6000     3.8833   7.720E+02     6     0     10
2s_2p3_3Po[2]               5.0     109217.6000     3.8833   7.720E+02     6     0     11
2s_2p3_3Po[0]               1.0     109223.5000     3.8831   7.720E+02     6     0     12
2s_2p3_1Do[2]               5.0     144187.9400     2.8349   1.058E+03     7     0     13
2s2_2p_3s_3Po[0]            1.0     148908.5900     2.6934   1.113E+03     8     0     14
2s2_2p_3s_3Po[1]            3.0     148940.1700     2.6924   1.113E+03     8     0     15
2s2_2p_3s_3Po[2]            5.0     149076.5200     2.6884   1.115E+03     8     0     16
2s2_2p_3s_1Po[1]            3.0     149187.8000     2.6850   1.117E+03     9     0     17
2s_2p3_3So[1]               3.0     155126.7300     2.5070   1.196E+03    10     0     18
2s2_2p_3p_1Pe[1]            3.0     164610.7600     2.2227   1.349E+03    11     0     19
2s2_2p_3p_3De[1]            3.0     166521.6900     2.1654   1.384E+03    12     0     20
2s2_2p_3p_3De[2]            5.0     166582.4500     2.1635   1.386E+03    12     0     21
2s2_2p_3p_3De[3]            7.0     166678.6400     2.1607   1.388E+03    12     0     22
2s_2p3_1Po[1]               3.0     166765.6600     2.1581   1.389E+03    13     0     23
2s2_2p_3p_3Se[1]            3.0     168892.2100     2.0943   1.431E+03    14     0     24
2s2_2p_3p_3Pe[0]            1.0     170572.6100     2.0439   1.467E+03    15     0     25
2s2_2p_3p_3Pe[1]            3.0     170607.8900     2.0429   1.468E+03    15     0     26
2s2_2p_3p_3Pe[2]            5.0     170666.2300     2.0411   1.469E+03    15     0     27
2s2_2p_3p_1De[2]            5.0     174212.0300     1.9348   1.549E+03    16     0     28
2s2_2p_3p_1Se[0]            1.0     178273.3800     1.8131   1.654E+03    17     0     29
2s2_2p_3d_3Fo[2]            5.0     186511.5800     1.5661   1.914E+03    18     0     30
2s2_2p_3d_3Fo[3]            7.0     186570.9800     1.5643   1.916E+03    18     0     31
2s2_2p_3d_3Fo[4]            9.0     186652.4900     1.5619   1.919E+03    18     0     32
2s2_2p_3d_1Do[2]            5.0     187091.3700     1.5487   1.936E+03    19     0     33
2s2_2p_3d_3Do[1]            3.0     187437.5600     1.5383   1.949E+03    20     0     34
2s2_2p_3d_3Do[2]            5.0     187461.5600     1.5376   1.950E+03    20     0     35
2s2_2p_3d_3Do[3]            7.0     187491.9000     1.5367   1.951E+03    20     0     36
2s2_2p_3d_3Po[2]            5.0     188857.3700     1.4958   2.004E+03    21     0     37
2s2_2p_3d_3Po[1]            3.0     188909.1700     1.4942   2.006E+03    21     0     38
2s2_2p_3d_3Po[0]            1.0     188937.2400     1.4934   2.007E+03    21     0     39
2s2_2p_3d_1Fo[3]            7.0     189335.1600     1.4814   2.024E+03    22     0     40
2s2_2p_3d_1Po[1]            3.0     190120.2400     1.4579   2.056E+03    23     0     41
2s2_2p_4s_3Po[0]            1.0     196540.2300     1.2654   2.369E+03    24     0     42
2s2_2p_4s_3Po[1]            3.0     196592.0700     1.2639   2.372E+03    24     0     43
2s2_2p_4s_3Po[2]            5.0     196711.5400     1.2603   2.379E+03    24     0     44
2s2_2p_4s_1Po[1]            3.0     197858.6900     1.2259   2.445E+03    25     0     45
2s2_2p_4p_1Pe[1]            3.0     202170.6300     1.0966   2.734E+03    26     0     46
2s2_2p_4p_3De[1]            3.0     202714.1200     1.0803   2.775E+03    27     0     47
2s2_2p_4p_3De[2]            5.0     202765.2600     1.0788   2.779E+03    27     0     48
2s2_2p_4p_3De[3]            7.0     202861.3600     1.0759   2.786E+03    27     0     49
2s2_2p_4p_3Pe[0]            1.0     203162.4800     1.0669   2.810E+03    28     0     50
2s2_2p_4p_3Pe[1]            3.0     203189.0300     1.0661   2.812E+03    28     0     51
2s2_2p_4p_3Pe[2]            5.0     203258.9800     1.0640   2.818E+03    28     0     52
2s2_2p_4p_3Se[1]            3.0     203537.6600     1.0557   2.840E+03    29     0     53
2s2_2p_4p_1De[2]            5.0     205350.1800     1.0013   2.994E+03    30     0     54
2s_2p2(4Pe)3s_5Pe[1]        3.0     205597.9700     0.9939   3.016E+03    31     0     55
2s_2p2(4Pe)3s_5Pe[2]        5.0     205654.2200     0.9922   3.021E+03    31     0     56
2s_2p2(4Pe)3s_5Pe[3]        7.0     205724.8100     0.9901   3.028E+03    31     0     57
2s2_2p_4p_1Se[0]            1.0     206910.2400     0.9545   3.141E+03    32     0     58
2s2_2p_4d_3Fo[2]            5.0     209673.6500     0.8717   3.439E+03    33     0     59
2s2_2p_4d_3Fo[3]            7.0     209737.9700     0.8698   3.447E+03    33     0     60
2s2_2p_4d_3Fo[4]            9.0     209823.9100     0.8672   3.457E+03    33     0     61
2s2_2p_4d_1Do[2]            5.0     209925.7600     0.8641   3.469E+03    34     0     62
2s2_2p_4d_3Do[1]            3.0     210239.8300     0.8547   3.507E+03    35     0     63
2s2_2p_4d_3Do[2]            5.0     210266.0400     0.8539   3.511E+03    35     0     64
2s2_2p_4d_3Do[3]            7.0     210301.6800     0.8529   3.515E+03    35     0     65
2s2_2p_4d_3Po[2]            5.0     210705.2600     0.8408   3.566E+03    36     0     66
2s2_2p_4d_3Po[1]            3.0     210751.4300     0.8394   3.572E+03    36     0     67
2s2_2p_4d_3Po[0]            1.0     210776.4500     0.8386   3.575E+03    36     0     68
2s2_2p_4f_1Fe[3]            7.0     211030.0700     0.8310   3.607E+03    37     0     69
2s2_2p_4f_3Fe[2]            5.0     211032.9300     0.8310   3.608E+03    38     0     70
2s2_2p_4f_3Fe[3]            7.0     211056.2600     0.8303   3.611E+03    38     0     71
2s2_2p_4f_3Fe[4]            9.0     211060.2400     0.8301   3.611E+03    38     0     72
2s2_2p_4d_1Fo[3]            7.0     211103.6300     0.8288   3.617E+03    39     0     73
2s2_2p_4f_3Ge[3]            7.0     211287.2300     0.8233   3.641E+03    40     0     74
2s2_2p_4f_3Ge[4]            9.0     211294.8500     0.8231   3.642E+03    40     0     75
2s2_2p_4d_1Po[1]            3.0     211336.1600     0.8219   3.648E+03    41     0     76
2s2_2p_4f_3Ge[5]           11.0     211389.9500     0.8202   3.655E+03    40     0     77
2s2_2p_4f_1Ge[4]            9.0     211402.0300     0.8199   3.657E+03    42     0     78
2s2_2p_4f_3De[3]            7.0     211410.4700     0.8196   3.658E+03    43     0     79
2s2_2p_4f_3De[2]            5.0     211415.1600     0.8195   3.658E+03    43     0     80
2s2_2p_4f_3De[1]            3.0     211486.5800     0.8174   3.668E+03    43     0     81
2s2_2p_4f_1De[2]            5.0     211490.3000     0.8172   3.668E+03    44     0     82
2s_2p2(4Pe)3s_3Pe[0]        1.0     211749.3500     0.8095   3.704E+03    45     0     83
2s_2p2(4Pe)3s_3Pe[1]        3.0     211779.4500     0.8086   3.708E+03    45     0     84
2s_2p2(4Pe)3s_3Pe[2]        5.0     211827.6700     0.8071   3.714E+03    45     0     85
2s2_2p_5s_3Po[0]            1.0     214211.9600     0.7356   4.075E+03    46     0     86
2s2_2p_5s_3Po[1]            3.0     214257.6900     0.7343   4.083E+03    46     0     87
2s2_2p_5s_3Po[2]            5.0     214384.1300     0.7305   4.104E+03    46     0     88
2s2_2p_5s_1Po[1]            3.0     214829.1800     0.7171   4.180E+03    47     0     89
2s2_2p_5p_1Pe               3.0     216865.8170     0.6561   4.569E+03    48     0     90
2s2_2p_5p_3De              15.0     217106.5050     0.6489   4.620E+03    49     0     91
2s2_2p_5p_3Se               3.0     217399.1250     0.6401   4.684E+03    50     0     92
2s2_2p_5p_3Pe               9.0     218143.1600     0.6178   4.853E+03    51     0     93
2s2_2p_5p_1De               5.0     218331.9160     0.6121   4.897E+03    52     0     94
2s2_2p_5p_1Se               1.0     219104.9130     0.5890   5.090E+03    53     0     95
2p4_3Pe[2]                  5.0     220290.0000     0.5534   5.417E+03    54     0     96
2p4_3Pe[1]                  3.0     220300.0000     0.5531   5.420E+03    54     0     97
2p4_3Pe[0]                  1.0     220310.0000     0.5528   5.423E+03    54     0     98
2s2_2p_5d_3Fo              21.0     220380.2600     0.5507   5.444E+03    55     0     99
2s2_2p_5d_1Do[2]            5.0     220495.3600     0.5473   5.478E+03    56     0    100
2s2_2p_5d_3Do[1]            3.0     220650.0000     0.5426   5.525E+03    57     0    101
2s2_2p_5d_3Do[2]            5.0     220674.0000     0.5419   5.532E+03    57     0    102
2s2_2p_5d_3Do[3]            7.0     220716.0000     0.5407   5.545E+03    57     0    103
2s2_2p_5d_3Po               9.0     220852.6470     0.5366   5.587E+03    58     0    104
2s2_2p_5f_1Fe[3]            7.0     221054.5000     0.5305   5.651E+03    59     0    105
2s2_2p_5f_3Fe[2]            5.0     221057.0100     0.5304   5.652E+03    60     0    106
2s2_2p_5f_3Fe[3]            7.0     221069.2200     0.5301   5.656E+03    60     0    107
2s2_2p_5f_3Fe[4]            9.0     221073.3500     0.5299   5.657E+03    60     0    108
2s2_2p_5d_1Fo[3]            7.0     221141.6100     0.5279   5.679E+03    61     0    109
2s2_2p_5g_3Go[3]            7.0     221163.7100     0.5272   5.686E+03    62     0    110
2s2_2p_5g_1Go[4]            9.0     221163.7100     0.5272   5.686E+03    63     0    111
2s2_2p_5g_3Go[4]            9.0     221167.3800     0.5271   5.687E+03    62     0    112
2s2_2p_5g_3Go[5]           11.0     221167.5700     0.5271   5.687E+03    62     0    113
2s2_2p_5f_3Ge[3]            7.0     221226.6500     0.5254   5.707E+03    64     0    114
2s2_2p_5f_3Ge[4]            9.0     221231.9200     0.5252   5.708E+03    64     0    115
2s2_2p_5d_1Po[1]            3.0     221246.1700     0.5248   5.713E+03    65     0    116
2s2_2p_5f_3De[3]            7.0     221292.3100     0.5234   5.728E+03    66     0    117
2s2_2p_5f_3De[2]            5.0     221296.2400     0.5233   5.729E+03    66     0    118
2s2_2p_5f_3Ge[5]           11.0     221301.1000     0.5231   5.731E+03    64     0    119
2s2_2p_5f_1Ge[4]            9.0     221311.1100     0.5228   5.734E+03    67     0    120
2s2_2p_5g_3Fo[4]            9.0     221322.7600     0.5225   5.738E+03    68     0    121
2s2_2p_5g_1Ho[5]           11.0     221322.8600     0.5225   5.738E+03    69     0    122
2s2_2p_5g_3Fo[3]            7.0     221342.8100     0.5219   5.745E+03    68     0    123
2s2_2p_5g_3Ho[4]            9.0     221343.0000     0.5219   5.745E+03    70     0    124
2s2_2p_5f_3De[1]            3.0     221351.6300     0.5216   5.747E+03    66     0    125
2s2_2p_5f_1De[2]            5.0     221354.4700     0.5215   5.748E+03    71     0    126
2s2_2p_5g_3Ho[5]           11.0     221363.9800     0.5212   5.752E+03    70     0    127
2s2_2p_5g_3Ho[6]           13.0     221364.0000     0.5212   5.752E+03    70     0    128
2s2_2p_5g_3Fo[2]            5.0     221380.3000     0.5207   5.757E+03    68     0    129
2s2_2p_5g_1Fo[3]            7.0     221380.3000     0.5207   5.757E+03    72     0    130
2s2_2p_6s_3Po[0]            1.0     222700.0000     0.4812   6.230E+03    73     0    131
2s2_2p_6s_3Po[1]            3.0     222744.1600     0.4799   6.248E+03    73     0    132
2s2_2p_6s_3Po[2]            5.0     222878.3900     0.4758   6.300E+03    73     0    133
2s_2p2(4Pe)3p_3So[1]        3.0     223069.0200     0.4701   6.377E+03    74     0    134
2s2_2p_6s_1Po[1]            3.0     223101.8200     0.4691   6.390E+03    75     0    135
2s_2p2(4Pe)3p_5Do[0]        1.0     223643.3000     0.4529   6.619E+03    76     0    136
2s_2p2(4Pe)3p_5Do[1]        3.0     223658.5500     0.4524   6.626E+03    76     0    137
2s_2p2(4Pe)3p_5Do[2]        5.0     223688.4500     0.4515   6.639E+03    76     0    138
2s_2p2(4Pe)3p_5Do[3]        7.0     223731.5900     0.4503   6.658E+03    76     0    139
2s_2p2(4Pe)3p_5Do[4]        9.0     223785.5100     0.4486   6.682E+03    76     0    140
2s2_2p_6p_1Pe               3.0     224148.3740     0.4378   6.848E+03    77     0    141
2s2_2p_6p_3De              15.0     224274.2110     0.4340   6.908E+03    78     0    142
2s2_2p_6p_3Se               3.0     224437.0000     0.4291   6.986E+03    79     0    143
2s2_2p_6p_3Pe               9.0     224881.4230     0.4158   7.210E+03    80     0    144
2s2_2p_6p_1De               5.0     224941.3460     0.4140   7.242E+03    81     0    145
2s2_2p_6p_1Se               1.0     225380.7760     0.4008   7.480E+03    82     0    146
2s_2p2(4Pe)3p_5Po[1]        3.0     225603.5000     0.3941   7.606E+03    83     0    147
2s_2p2(4Pe)3p_5Po[2]        5.0     225627.4700     0.3934   7.620E+03    83     0    148
2s_2p2(4Pe)3p_5Po[3]        7.0     225671.2200     0.3921   7.646E+03    83     0    149
2s2_2p_6d_3Fo              21.0     226080.8680     0.3798   7.893E+03    84     0    150
2s2_2p_6d_1Do               5.0     226145.7840     0.3779   7.934E+03    85     0    151
2s2_2p_6d_3Do              15.0     226180.7390     0.3768   7.956E+03    86     0    152
2s2_2p_6d_3Po               9.0     226330.5440     0.3723   8.052E+03    87     0    153
2s2_2p_6f_1Fe[3]            7.0     226482.6800     0.3678   8.151E+03    88     0    154
2s2_2p_6f_3Fe[2]            5.0     226484.6400     0.3677   8.153E+03    89     0    155
2s2_2p_6f_3Fe[3]            7.0     226488.7900     0.3676   8.155E+03    89     0    156
2s2_2p_6f_3Fe[4]            9.0     226492.0900     0.3675   8.158E+03    89     0    157
2s2_2p_6d_1Fo               7.0     226514.3060     0.3668   8.172E+03    90     0    158
2s2_2p_6g_1Go               9.0     226564.2410     0.3653   8.206E+03    91     0    159
2s2_2p_6g_3Go              27.0     226565.2400     0.3653   8.207E+03    92     0    160
2s2_2p_6h_3He              33.0     226573.2300     0.3651   8.212E+03    93     0    161
2s2_2p_6h_1Ie              13.0     226573.2300     0.3651   8.212E+03    94     0    162
2s2_2p_6h_1He              11.0     226573.2300     0.3651   8.212E+03    95     0    163
2s2_2p_6h_3Ie              39.0     226573.2300     0.3651   8.212E+03    96     0    164
2s2_2p_6g_1Ho              11.0     226573.2300     0.3651   8.212E+03    97     0    165
2s2_2p_6g_3Ho              33.0     226573.2300     0.3651   8.212E+03    98     0    166
2s2_2p_6h_3Ge              27.0     226574.2280     0.3650   8.213E+03    99     0    167
2s2_2p_6h_1Ge               9.0     226574.2280     0.3650   8.213E+03   100     0    168
2s2_2p_6g_3Fo              21.0     226575.2270     0.3650   8.213E+03   101     0    169
2s2_2p_6g_1Fo               7.0     226578.2230     0.3649   8.215E+03   102     0    170
2s2_2p_6d_1Po               3.0     226587.2110     0.3646   8.221E+03   103     0    171
2s2_2p_6f_3Ge[3]            7.0     226640.2200     0.3631   8.257E+03   104     0    172
2s2_2p_6f_3Ge[4]            9.0     226643.2500     0.3630   8.260E+03   104     0    173
2s2_2p_6f_3De[3]            7.0     226675.9900     0.3620   8.282E+03   105     0    174
2s2_2p_6f_3De[2]            5.0     226678.4000     0.3619   8.284E+03   105     0    175
2s2_2p_6f_3Ge[5]           11.0     226688.9000     0.3616   8.291E+03   104     0    176
2s2_2p_6f_1Ge[4]            9.0     226696.2000     0.3614   8.296E+03   106     0    177
2s2_2p_6f_3De[1]            3.0     226718.6000     0.3607   8.311E+03   105     0    178
2s2_2p_6f_1De[2]            5.0     226720.8000     0.3606   8.313E+03   107     0    179
2s2_2p_7s_3Po               9.0     227456.0850     0.3386   8.854E+03   108     0    180
2s2_2p_7s_1Po               3.0     227645.8390     0.3329   9.005E+03   109     0    181
2s2_2p_7p_1Pe               3.0     228313.9720     0.3129   9.582E+03   110     0    182
2s2_2p_7p_3De              15.0     228387.8770     0.3107   9.650E+03   111     0    183
2s2_2p_7p_3Se               3.0     228487.7470     0.3077   9.744E+03   112     0    184
2s_2p2(4Pe)3p_3Do[1]        3.0     228694.3000     0.3015   9.944E+03   113     0    185
2s2_2p_7p_3Pe               9.0     228715.4520     0.3008   9.965E+03   114     0    186
2s_2p2(4Pe)3p_3Do[2]        5.0     228731.8100     0.3004   9.981E+03   113     0    187
2s2_2p_7p_1De               5.0     228787.3590     0.2987   1.004E+04   115     0    188
2s_2p2(4Pe)3p_3Do[3]        7.0     228791.8300     0.2986   1.004E+04   113     0    189
2s2_2p_7p_1Se               1.0     229064.9990     0.2904   1.032E+04   116     0    190
2s2_2p_7d_3Fo              21.0     229491.4460     0.2776   1.080E+04   117     0    191
2s2_2p_7d_1Do               5.0     229530.3950     0.2764   1.085E+04   118     0    192
2s2_2p_7d_3Po               9.0     229599.3060     0.2743   1.093E+04   119     0    193
2s2_2p_7d_3Do              15.0     229736.1280     0.2702   1.109E+04   120     0    194
2s2_2p_7f_1Fe               7.0     229744.1180     0.2700   1.110E+04   121     0    195
2s2_2p_7f_3Fe              21.0     229747.1140     0.2699   1.111E+04   122     0    196
2s2_2p_7d_1Fo               7.0     229766.0900     0.2693   1.113E+04   123     0    197
2s2_2p_7f_3Ge              27.0     229786.0640     0.2687   1.116E+04   124     0    198
2s2_2p_7f_1Ge               9.0     229796.0510     0.2684   1.117E+04   125     0    199
2s2_2p_7g_3Go              27.0     229797.0490     0.2684   1.117E+04   126     0    200
2s2_2p_7g_1Go               9.0     229797.0490     0.2684   1.117E+04   127     0    201
2s2_2p_7f_1De               5.0     229801.0440     0.2683   1.117E+04   128     0    202
2s2_2p_7f_3De              15.0     229803.0420     0.2682   1.118E+04   129     0    203
2s2_2p_7i_3Ho              33.0     229804.0400     0.2682   1.118E+04   130     0    204
2s2_2p_7i_1Ho              11.0     229804.0400     0.2682   1.118E+04   131     0    205
2s2_2p_7g_3Ho              33.0     229804.0400     0.2682   1.118E+04   132     0    206
2s2_2p_7g_1Ho              11.0     229804.0400     0.2682   1.118E+04   133     0    207
2s2_2p_7i_3Io              39.0     229804.0400     0.2682   1.118E+04   134     0    208
2s2_2p_7h_1Ie              13.0     229804.0400     0.2682   1.118E+04   135     0    209
2s2_2p_7h_3He              33.0     229804.0400     0.2682   1.118E+04   136     0    210
2s2_2p_7h_1He              11.0     229804.0400     0.2682   1.118E+04   137     0    211
2s2_2p_7i_1Io              13.0     229804.0400     0.2682   1.118E+04   138     0    212
2s2_2p_7h_3Ie              39.0     229804.0400     0.2682   1.118E+04   139     0    213
2s2_2p_7h_1Ge               9.0     229805.0390     0.2682   1.118E+04   140     0    214
2s2_2p_7h_3Ge              27.0     229805.0390     0.2682   1.118E+04   141     0    215
2s2_2p_7g_3Fo              21.0     229806.0380     0.2681   1.118E+04   142     0    216
2s2_2p_7g_1Fo               7.0     229808.0350     0.2681   1.118E+04   143     0    217
2s2_2p_7d_1Po               3.0     229811.0310     0.2680   1.119E+04   144     0    218
2s_2p2(4Pe)3p_5So[2]        5.0     229838.9600     0.2672   1.122E+04   145     0    219
2p4_1De                     5.0     230038.7360     0.2612   1.148E+04   146     0    220
2s2_2p_8s_3Po               9.0     230317.3750     0.2528   1.186E+04   147     0    221
2s2_2p_8s_1Po               3.0     230486.1560     0.2478   1.210E+04   148     0    222
2s_2p2(4Pe)3p_3Po[0]        1.0     230750.0000     0.2398   1.250E+04   149     0    223
2s_2p2(4Pe)3p_3Po[1]        3.0     230780.0000     0.2389   1.255E+04   149     0    224
2s_2p2(4Pe)3p_3Po[2]        5.0     230831.7400     0.2374   1.263E+04   149     0    225
2s2_2p_8p_1Pe               3.0     230920.5930     0.2347   1.277E+04   150     0    226
2s2_2p_8p_3De              15.0     230966.5330     0.2334   1.285E+04   151     0    227
2s2_2p_8p_3Se               3.0     231033.4460     0.2314   1.296E+04   152     0    228
2s2_2p_8p_3Pe               9.0     231169.2700     0.2273   1.319E+04   153     0    229
2s2_2p_8p_1De               5.0     231233.1870     0.2254   1.330E+04   154     0    230
2s2_2p_8p_1Se               1.0     231410.9570     0.2200   1.362E+04   155     0    231
2s2_2p_8d_3Fo              21.0     231690.5940     0.2117   1.416E+04   156     0    232
2s2_2p_8d_1Do               5.0     231715.5620     0.2109   1.421E+04   157     0    233
2s2_2p_8d_3Do              15.0     231809.4400     0.2081   1.441E+04   158     0    234
2s2_2p_8f_1Fe               7.0     231859.3750     0.2066   1.451E+04   159     0    235
2s2_2p_8f_3Fe              21.0     231861.3730     0.2065   1.452E+04   160     0    236
2s2_2p_8d_1Fo               7.0     231874.3560     0.2061   1.454E+04   161     0    237
2s2_2p_8f_3Ge              27.0     231887.3390     0.2058   1.457E+04   162     0    238
2s2_2p_8f_1Ge               9.0     231895.3290     0.2055   1.459E+04   163     0    239
2s2_2p_8g_1Go               9.0     231895.3290     0.2055   1.459E+04   164     0    240
2s2_2p_8g_3Go              27.0     231895.3290     0.2055   1.459E+04   165     0    241
2s2_2p_8f_3De              15.0     231899.3240     0.2054   1.460E+04   166     0    242
2s2_2p_8h_1He              11.0     231900.3220     0.2054   1.460E+04   167     0    243
2s2_2p_8h_3He              33.0     231900.3220     0.2054   1.460E+04   168     0    244
2s2_2p_8i_3Ho              33.0     231901.3210     0.2053   1.460E+04   169     0    245
2s2_2p_8h_3Ge              27.0     231901.3210     0.2053   1.460E+04   170     0    246
2s2_2p_8g_1Ho              11.0     231901.3210     0.2053   1.460E+04   171     0    247
2s2_2p_8i_1Ho              11.0     231901.3210     0.2053   1.460E+04   172     0    248
2s2_2p_8g_3Ho              33.0     231901.3210     0.2053   1.460E+04   173     0    249
2s2_2p_8h_1Ie              13.0     231901.3210     0.2053   1.460E+04   174     0    250
2s2_2p_8i_3Io              39.0     231901.3210     0.2053   1.460E+04   175     0    251
2s2_2p_8i_1Io              13.0     231901.3210     0.2053   1.460E+04   176     0    252
2s2_2p_8h_3Ie              39.0     231901.3210     0.2053   1.460E+04   177     0    253
2s2_2p_8h_1Ge               9.0     231901.3210     0.2053   1.460E+04   178     0    254
2s2_2p_8g_3Fo              21.0     231902.3200     0.2053   1.460E+04   179     0    255
2s2_2p_8g_1Fo               7.0     231903.3180     0.2053   1.460E+04   180     0    256
2s2_2p_8f_1De               5.0     231904.3170     0.2052   1.461E+04   181     0    257
2s2_2p_8d_1Po               3.0     231905.3160     0.2052   1.461E+04   182     0    258
2s2_2p_8d_3Po               9.0     231934.2780     0.2043   1.467E+04   183     0    259
2s2_2p_9s_3Po               9.0     232359.7270     0.1916   1.565E+04   184     0    260
2s2_2p_9s_1Po               3.0     232361.7240     0.1915   1.565E+04   185     0    261
2s2_2p_9p_1Pe               3.0     232658.3390     0.1826   1.641E+04   186     0    262
2s2_2p_9p_3De              15.0     232689.2990     0.1817   1.650E+04   187     0    263
2s2_2p_9p_3Se               3.0     232736.2380     0.1803   1.663E+04   188     0    264
2s2_2p_9p_3Pe               9.0     232826.1220     0.1776   1.688E+04   189     0    265
2s2_2p_9p_1De               5.0     232872.0620     0.1762   1.701E+04   190     0    266
2s2_2p_9p_1Se               1.0     232996.9000     0.1725   1.738E+04   191     0    267
2s2_2p_9d_3Fo              21.0     233189.6500     0.1667   1.798E+04   192     0    268
2s2_2p_9d_1Do               5.0     233207.6270     0.1662   1.804E+04   193     0    269
2s2_2p_9d_3Do              15.0     233267.5490     0.1644   1.824E+04   194     0    270
2s2_2p_9d_3Po               9.0     233304.5020     0.1633   1.836E+04   195     0    271
2s2_2p_9f_1Fe               7.0     233308.4960     0.1631   1.838E+04   196     0    272
2s2_2p_9f_3Fe              21.0     233310.4940     0.1631   1.838E+04   197     0    273
2s2_2p_9d_1Fo               7.0     233319.4820     0.1628   1.841E+04   198     0    274
2s2_2p_9f_3Ge              27.0     233328.4700     0.1625   1.844E+04   199     0    275
2s2_2p_9g_3Go              27.0     233334.4630     0.1624   1.846E+04   200     0    276
2s2_2p_9g_1Go               9.0     233334.4630     0.1624   1.846E+04   201     0    277
2s2_2p_9f_1Ge               9.0     233334.4630     0.1624   1.846E+04   202     0    278
2s2_2p_9f_3De              15.0     233337.4590     0.1623   1.847E+04   203     0    279
2s2_2p_9g_3Ho              33.0     233338.4580     0.1622   1.848E+04   204     0    280
2s2_2p_9h_3Ge              27.0     233338.4580     0.1622   1.848E+04   205     0    281
2s2_2p_9i_1Ho              11.0     233338.4580     0.1622   1.848E+04   206     0    282
2s2_2p_9i_3Ho              33.0     233338.4580     0.1622   1.848E+04   207     0    283
2s2_2p_9g_1Ho              11.0     233338.4580     0.1622   1.848E+04   208     0    284
2s2_2p_9i_1Io              13.0     233338.4580     0.1622   1.848E+04   209     0    285
2s2_2p_9h_3Ie              39.0     233338.4580     0.1622   1.848E+04   210     0    286
2s2_2p_9i_3Io              39.0     233338.4580     0.1622   1.848E+04   211     0    287
2s2_2p_9h_1Ie              13.0     233338.4580     0.1622   1.848E+04   212     0    288
2s2_2p_9h_1He              11.0     233338.4580     0.1622   1.848E+04   213     0    289
2s2_2p_9h_3He              33.0     233338.4580     0.1622   1.848E+04   214     0    290
2s2_2p_9g_3Fo              21.0     233339.4560     0.1622   1.848E+04   215     0    291
2s2_2p_9h_1Ge               9.0     233339.4560     0.1622   1.848E+04   216     0    292
2s2_2p_9g_1Fo               7.0     233340.4550     0.1622   1.848E+04   217     0    293
2s2_2p_9d_1Po               3.0     233340.4550     0.1622   1.848E+04   218     0    294
2s2_2p_9f_1De               5.0     233340.4550     0.1622   1.848E+04   219     0    295
2s2_2p_10s_3Po              9.0     233635.0730     0.1534   1.955E+04   220     0    296
2s2_2p_10s_1Po              3.0     233664.0350     0.1525   1.966E+04   221     0    297
2s2_2p_10p_1Pe              3.0     233876.7600     0.1461   2.052E+04   222     0    298
2s2_2p_10p_3De             15.0     233897.7320     0.1455   2.061E+04   223     0    299
2s2_2p_10p_3Se              3.0     233931.6880     0.1445   2.075E+04   224     0    300
2s2_2p_10p_3Pe              9.0     233993.6080     0.1426   2.102E+04   225     0    301
2s2_2p_10p_1De              5.0     234028.5630     0.1416   2.118E+04   226     0    302
2s2_2p_10p_1Se              1.0     234119.4450     0.1388   2.159E+04   227     0    303
2s2_2p_10d_3Fo             21.0     234258.2650     0.1347   2.226E+04   228     0    304
2s2_2p_10d_1Do              5.0     234270.2490     0.1343   2.232E+04   229     0    305
2s2_2p_10d_3Do             15.0     234313.1940     0.1330   2.254E+04   230     0    306
2s2_2p_10d_3Po              9.0     234334.1660     0.1324   2.264E+04   231     0    307
2s2_2p_10f_1Fe              7.0     234345.1520     0.1321   2.270E+04   232     0    308
2s2_2p_10f_3Fe             21.0     234346.1510     0.1320   2.270E+04   233     0    309
2s2_2p_10d_1Fo              7.0     234353.1420     0.1318   2.274E+04   234     0    310
2s2_2p_10f_3Ge             27.0     234359.1340     0.1316   2.277E+04   235     0    311
2s2_2p_10f_1Ge              9.0     234363.1290     0.1315   2.279E+04   236     0    312
2s2_2p_10g_1Go              9.0     234364.1280     0.1315   2.280E+04   237     0    313
2s2_2p_10g_3Go             27.0     234364.1280     0.1315   2.280E+04   238     0    314
2s2_2p_10f_3De             15.0     234365.1260     0.1315   2.280E+04   239     0    315
2s2_2p_10h_1He             11.0     234366.1250     0.1314   2.281E+04   240     0    316
2s2_2p_10h_3He             33.0     234366.1250     0.1314   2.281E+04   241     0    317
2s2_2p_10g_1Ho             11.0     234367.1240     0.1314   2.281E+04   242     0    318
2s2_2p_10i_1Io             13.0     234367.1240     0.1314   2.281E+04   243     0    319
2s2_2p_10i_3Ho             33.0     234367.1240     0.1314   2.281E+04   244     0    320
2s2_2p_10i_3Io             39.0     234367.1240     0.1314   2.281E+04   245     0    321
2s2_2p_10h_1Ie             13.0     234367.1240     0.1314   2.281E+04   246     0    322
2s2_2p_10h_3Ie             39.0     234367.1240     0.1314   2.281E+04   247     0    323
2s_2p2(4Pe)3d_5Fe[1]        3.0     242969.1600    -0.1265  -2.370E+04   248     0    324
2s_2p2(4Pe)3d_5Fe[2]        5.0     242986.7600    -0.1270  -2.361E+04   248     0    325
2s_2p2(4Pe)3d_5Fe[3]        7.0     243012.7700    -0.1278  -2.346E+04   248     0    326
2s_2p2(4Pe)3d_5Fe[4]        9.0     243046.5600    -0.1288  -2.328E+04   248     0    327
2s_2p2(4Pe)3d_5Fe[5]       11.0     243086.9400    -0.1300  -2.306E+04   248     0    328
2s_2p2(4Pe)3d_5Pe[3]        7.0     244353.3100    -0.1680  -1.785E+04   249     0    329
2s_2p2(4Pe)3d_5Pe[2]        5.0     244391.8800    -0.1691  -1.773E+04   249     0    330
2s_2p2(4Pe)3d_5Pe[1]        3.0     244418.5200    -0.1699  -1.764E+04   249     0    331
2s_2p2(4Pe)3d_5De[0]        1.0     244935.7400    -0.1854  -1.617E+04   250     0    332
2s_2p2(4Pe)3d_5De[1]        3.0     244939.8900    -0.1856  -1.616E+04   250     0    333
2s_2p2(4Pe)3d_5De[2]        5.0     244947.7700    -0.1858  -1.614E+04   250     0    334
2s_2p2(4Pe)4s_5Pe          15.0     251865.4350    -0.3932  -7.625E+03   251     0    335
2s_2p2(4Pe)4p_3So           3.0     257570.0380    -0.5642  -5.314E+03   252     0    336
2s_2p2(4Pe)4p_5Do          25.0     257981.5040    -0.5765  -5.200E+03   253     0    337
2s_2p2(4Pe)4p_5Po          15.0     258519.8060    -0.5927  -5.058E+03   254     0    338
2s_2p2(4Pe)4p_5So           5.0     260208.6160    -0.6433  -4.660E+03   255     0    339
2s_2p2(4Pe)4d_5Fe          35.0     264606.9130    -0.7752  -3.868E+03   256     0    340
2s_2p2(4Pe)4d_5De          25.0     265250.0790    -0.7944  -3.774E+03   257     0    341
2s_2p2(4Pe)4d_5Pe          15.0     265432.8420    -0.7999  -3.748E+03   258     0    342
2s_2p2(4Pe)4f_5Do          25.0     266231.8060    -0.8239  -3.639E+03   259     0    343
2s_2p2(4Pe)4f_5Go          45.0     266294.7250    -0.8258  -3.631E+03   260     0    344
2s_2p2(4Pe)4f_5Fo          35.0     266479.4850    -0.8313  -3.606E+03   261     0    345
2s_2p2(4Pe)5s_5Pe          15.0     269400.6970    -0.9189  -3.263E+03   262     0    346
2s_2p2(4Pe)5p_3So           3.0     271961.3770    -0.9956  -3.011E+03   263     0    347
2s_2p2(4Pe)5p_5Do          25.0     272204.0630    -1.0029  -2.989E+03   264     0    348
2s_2p2(4Pe)5p_5Po          15.0     272445.7490    -1.0102  -2.968E+03   265     0    349
2s_2p2(4Pe)5p_5So           5.0     273246.7110    -1.0342  -2.899E+03   266     0    350
2s_2p2(4Pe)5d_5Fe          35.0     275296.0530    -1.0956  -2.736E+03   267     0    351
2s_2p2(4Pe)5d_5De          25.0     275601.6570    -1.1048  -2.714E+03   268     0    352
2s_2p2(4Pe)5d_5Pe          15.0     275746.4690    -1.1091  -2.703E+03   269     0    353
2s_2p2(4Pe)5f_5Do          25.0     276144.9530    -1.1211  -2.674E+03   270     0    354
2s_2p2(4Pe)5f_5Go          45.0     276184.9010    -1.1223  -2.671E+03   271     0    355
2s_2p2(4Pe)5g_5Fe          35.0     276235.8350    -1.1238  -2.668E+03   272     0    356
2s_2p2(4Pe)5g_5He          55.0     276237.8320    -1.1238  -2.668E+03   273     0    357
2s_2p2(4Pe)5g_5Ge          45.0     276247.8190    -1.1241  -2.667E+03   274     0    358
2s_2p2(4Pe)5f_5Fo          35.0     276303.7470    -1.1258  -2.663E+03   275     0    359
2s_2p2(4Pe)6s_5Pe          15.0     277832.7640    -1.1717  -2.559E+03   276     0    360
2s_2p2(4Pe)6p_3So           3.0     279199.9910    -1.2126  -2.472E+03   277     0    361
2s_2p2(4Pe)6p_5Do          25.0     279346.8010    -1.2170  -2.463E+03   278     0    362
2s_2p2(4Pe)6p_5Po          15.0     279477.6310    -1.2210  -2.455E+03   279     0    363
2s_2p2(4Pe)6p_5So           5.0     279916.0630    -1.2341  -2.429E+03   280     0    364
2s_2p2(4Pe)6d_5Fe          35.0     281043.6010    -1.2679  -2.364E+03   281     0    365
2s_2p2(4Pe)6d_5De          25.0     281213.3810    -1.2730  -2.355E+03   282     0    366
2s_2p2(4Pe)6d_5Pe          15.0     281309.2560    -1.2759  -2.350E+03   283     0    367
2s_2p2(4Pe)6f_5Do          25.0     281536.9610    -1.2827  -2.337E+03   284     0    368
2s_2p2(4Pe)6f_5Go          45.0     281561.9290    -1.2835  -2.336E+03   285     0    369
2s_2p2(4Pe)6g_5Fe          35.0     281593.8870    -1.2844  -2.334E+03   286     0    370
2s_2p2(4Pe)6g_5He          55.0     281595.8850    -1.2845  -2.334E+03   287     0    371
2s_2p2(4Pe)6h_5Go          45.0     281599.8790    -1.2846  -2.334E+03   288     0    372
2s_2p2(4Pe)6g_5Ge          45.0     281605.8720    -1.2848  -2.333E+03   289     0    373
2s_2p2(4Pe)6f_5Fo          35.0     281635.8330    -1.2857  -2.332E+03   290     0    374
2s_2p2(4Pe)7s_5Pe          15.0     282536.6650    -1.3127  -2.284E+03   291     0    375
2s_2p2(4Pe)7p_3So           3.0     283351.6080    -1.3371  -2.242E+03   292     0    376
2s_2p2(4Pe)7p_5Do          25.0     283445.4860    -1.3399  -2.237E+03   293     0    377
2s_2p2(4Pe)7p_5Po          15.0     283524.3840    -1.3423  -2.233E+03   294     0    378
2s_2p2(4Pe)7p_5So           5.0     283790.0400    -1.3503  -2.220E+03   295     0    379
2s_2p2(4Pe)7d_5Fe          35.0     284477.1490    -1.3709  -2.187E+03   296     0    380
2s_2p2(4Pe)7d_5De          25.0     284582.0130    -1.3740  -2.182E+03   297     0    381
2s_2p2(4Pe)7d_5Pe          15.0     284645.9300    -1.3759  -2.179E+03   298     0    382
2s_2p2(4Pe)7f_5Do          25.0     284788.7450    -1.3802  -2.172E+03   299     0    383
2s_2p2(4Pe)7f_5Go          45.0     284804.7240    -1.3807  -2.171E+03   300     0    384
2s_2p2(4Pe)7g_5Fe          35.0     284825.6970    -1.3813  -2.170E+03   301     0    385
2s_2p2(4Pe)7h_5Go          45.0     284830.6900    -1.3814  -2.170E+03   302     0    386
2s_2p2(4Pe)7i_5He          55.0     284830.6900    -1.3814  -2.170E+03   303     0    387
2s_2p2(4Pe)7g_5He          55.0     284830.6900    -1.3814  -2.170E+03   304     0    388
2s_2p2(4Pe)7g_5Ge          45.0     284834.6850    -1.3816  -2.170E+03   305     0    389
2s_2p2(4Pe)7f_5Fo          35.0     284852.6620    -1.3821  -2.169E+03   306     0    390
2s_2p2(4Pe)8s_5Pe          15.0     285427.9160    -1.3994  -2.142E+03   307     0    391
2s_2p2(4Pe)8p_3So           3.0     285952.2360    -1.4151  -2.119E+03   308     0    392
2s_2p2(4Pe)8p_5Do          25.0     286015.1540    -1.4170  -2.116E+03   309     0    393
2s_2p2(4Pe)8p_5Po          15.0     286066.0880    -1.4185  -2.113E+03   310     0    394
2s_2p2(4Pe)8p_5So           5.0     286239.8630    -1.4237  -2.106E+03   311     0    395
2s_2p2(4Pe)8d_5Fe          35.0     286689.2800    -1.4372  -2.086E+03   312     0    396
2s_2p2(4Pe)8d_5De          25.0     286758.1910    -1.4392  -2.083E+03   313     0    397
2s_2p2(4Pe)8d_5Pe          15.0     286803.1330    -1.4406  -2.081E+03   314     0    398
2s_2p2(4Pe)8f_5Do          25.0     286898.0100    -1.4434  -2.077E+03   315     0    399
2s_2p2(4Pe)8f_5Go          45.0     286908.9950    -1.4438  -2.076E+03   316     0    400
2s_2p2(4Pe)8g_5Fe          35.0     286922.9770    -1.4442  -2.076E+03   317     0    401
2s_2p2(4Pe)8h_5Go          45.0     286926.9720    -1.4443  -2.076E+03   318     0    402
2s_2p2(4Pe)8g_5He          55.0     286926.9720    -1.4443  -2.076E+03   319     0    403
2s_2p2(4Pe)8i_5He          55.0     286926.9720    -1.4443  -2.076E+03   320     0    404
2s_2p2(4Pe)8g_5Ge          45.0     286930.9670    -1.4444  -2.076E+03   321     0    405
2s_2p2(4Pe)8f_5Fo          35.0     286941.9530    -1.4447  -2.075E+03   322     0    406
2s_2p2(4Pe)9s_5Pe          15.0     287330.4490    -1.4564  -2.058E+03   323     0    407
2s_2p2(4Pe)9p_3So           3.0     287687.9850    -1.4671  -2.043E+03   324     0    408
2s_2p2(4Pe)9p_5Do          25.0     287731.9280    -1.4684  -2.042E+03   325     0    409
2s_2p2(4Pe)9p_5Po          15.0     287766.8830    -1.4695  -2.040E+03   326     0    410
2s_2p2(4Pe)9p_5So           5.0     287886.7280    -1.4731  -2.035E+03   327     0    411
2s_2p2(4Pe)9d_5Fe          35.0     288197.3250    -1.4824  -2.022E+03   328     0    412
2s_2p2(4Pe)9d_5De          25.0     288245.2630    -1.4838  -2.020E+03   329     0    413
2s_2p2(4Pe)9d_5Pe          15.0     288277.2210    -1.4848  -2.019E+03   330     0    414
2s_2p2(4Pe)9f_5Do          25.0     288344.1350    -1.4868  -2.016E+03   331     0    415
2s_2p2(4Pe)9f_5Go          45.0     288351.1250    -1.4870  -2.016E+03   332     0    416
2s_2p2(4Pe)9g_5Fe          35.0     288362.1110    -1.4873  -2.016E+03   333     0    417
2s_2p2(4Pe)9h_5Go          45.0     288365.1070    -1.4874  -2.016E+03   334     0    418
2s_2p2(4Pe)9i_5He          55.0     288365.1070    -1.4874  -2.016E+03   335     0    419
2s_2p2(4Pe)9g_5He          55.0     288365.1070    -1.4874  -2.016E+03   336     0    420
2s_2p2(4Pe)9g_5Ge          45.0     288367.1050    -1.4875  -2.015E+03   337     0    421
2s_2p2(4Pe)9f_5Fo          35.0     288375.0940    -1.4877  -2.015E+03   338     0    422
2s_2p2(4Pe)10s_5Pe         15.0     288649.7380    -1.4959  -2.004E+03   339     0    423
2s_2p2(4Pe)10p_3So          3.0     288904.4080    -1.5036  -1.994E+03   340     0    424
2s_2p2(4Pe)10p_5Do         25.0     288936.3670    -1.5045  -1.993E+03   341     0    425
2s_2p2(4Pe)10p_5Po         15.0     288961.3340    -1.5053  -1.992E+03   342     0    426
2s_2p2(4Pe)10p_5So          5.0     289047.2230    -1.5079  -1.988E+03   343     0    427
2s_2p2(4Pe)10d_5Fe         35.0     289270.9330    -1.5146  -1.979E+03   344     0    428
2s_2p2(4Pe)10d_5De         25.0     289305.8870    -1.5156  -1.978E+03   345     0    429
2s_2p2(4Pe)10d_5Pe         15.0     289328.8580    -1.5163  -1.977E+03   346     0    430
2s_2p2(4Pe)10f_5Do         25.0     289377.7940    -1.5178  -1.975E+03   347     0    431
2s_2p2(4Pe)10f_5Go         45.0     289382.7880    -1.5179  -1.975E+03   348     0    432
2s_2p2(4Pe)10g_5Fe         35.0     289390.7770    -1.5182  -1.975E+03   349     0    433
2s_2p2(4Pe)10i_5He         55.0     289392.7750    -1.5182  -1.975E+03   350     0    434
2s_2p2(2Pe)3p_1So           1.0     312189.2160    -2.2016  -1.362E+03   351     0    435
2s_2p2(2Pe)4p_1So           1.0     350215.9090    -3.3416  -8.971E+02   352     0    436
2s_2p2(2Pe)5p_1So           1.0     364899.8690    -3.7819  -7.927E+02   353     0    437
2s_2p2(2Pe)6p_1So           1.0     372223.3730    -4.0014  -7.492E+02   354     0    438
2s_2p2(2Pe)7p_1So           1.0     376408.9460    -4.1269  -7.264E+02   355     0    439
2s_2p2(2Pe)8p_1So           1.0     379025.5530    -4.2053  -7.129E+02   356     0    440
2s_2p2(2Pe)9p_1So           1.0     380770.2900    -4.2576  -7.041E+02   357     0    441
2s_2p2(2Pe)10p_1So          1.0     381992.7050    -4.2943  -6.981E+02   358     0    442
