********************************************************************************

Reference: Zhang H.L., Graziani M., Pradhan A.K. 1994, A&A 283, 319 (ADIP-III) (TIPBASE). 

********************************************************************************

105                             !Number of transitions.
32                              !Number of T values OMEGA tabulated at.
1.0                             !Scaling factor for OMEGA (non-FILE values).
0.1                             !Value for OMEGA if f=0.

Transition\T                        3.806E+00  4.107E+00  4.283E+00  4.408E+00  4.505E+00  4.584E+00  4.709E+00  4.806E+00  4.982E+00  5.107E+00  5.204E+00  5.283E+00  5.350E+00  5.408E+00  5.505E+00  5.584E+00  5.651E+00  5.709E+00  5.760E+00  5.806E+00  5.885E+00  5.952E+00  6.010E+00  6.061E+00  6.107E+00  6.168E+00  6.221E+00  6.283E+00  6.350E+00  6.408E+00  6.459E+00  6.505E+00

2s2_2p_2Po[1/2]-2s2_2p_2Po[3/2]     5.110E-01  4.277E-01  4.816E-01  5.881E-01  7.005E-01  8.001E-01  9.496E-01  1.046E+00  1.160E+00  1.190E+00  1.184E+00  1.161E+00  1.130E+00  1.094E+00  1.021E+00  9.518E-01  8.894E-01  8.340E-01  7.850E-01  7.416E-01  6.686E-01  6.100E-01  5.620E-01  5.222E-01  4.885E-01  4.468E-01  4.129E-01  3.765E-01  3.408E-01  3.126E-01  2.897E-01  2.706E-01
2s2_2p_2Po[1/2]-2s_2p2_4Pe[1/2]     5.563E-02  4.691E-02  4.456E-02  4.372E-02  4.334E-02  4.312E-02  4.271E-02  4.218E-02  4.044E-02  3.853E-02  3.672E-02  3.511E-02  3.368E-02  3.242E-02  3.033E-02  2.867E-02  2.731E-02  2.618E-02  2.522E-02  2.440E-02  2.304E-02  2.195E-02  2.105E-02  2.028E-02  1.961E-02  1.874E-02  1.800E-02  1.713E-02  1.621E-02  1.542E-02  1.471E-02  1.408E-02
2s2_2p_2Po[1/2]-2s_2p2_4Pe[3/2]     8.757E-02  7.422E-02  7.051E-02  6.916E-02  6.858E-02  6.824E-02  6.762E-02  6.680E-02  6.398E-02  6.080E-02  5.778E-02  5.506E-02  5.265E-02  5.052E-02  4.698E-02  4.417E-02  4.188E-02  3.997E-02  3.836E-02  3.698E-02  3.470E-02  3.290E-02  3.141E-02  3.015E-02  2.906E-02  2.766E-02  2.646E-02  2.510E-02  2.365E-02  2.241E-02  2.132E-02  2.035E-02
2s2_2p_2Po[1/2]-2s_2p2_4Pe[5/2]     7.223E-02  6.235E-02  5.923E-02  5.807E-02  5.761E-02  5.739E-02  5.696E-02  5.631E-02  5.376E-02  5.074E-02  4.781E-02  4.515E-02  4.278E-02  4.070E-02  3.722E-02  3.447E-02  3.224E-02  3.041E-02  2.887E-02  2.755E-02  2.542E-02  2.375E-02  2.240E-02  2.127E-02  2.032E-02  1.911E-02  1.810E-02  1.698E-02  1.582E-02  1.486E-02  1.404E-02  1.332E-02
2s2_2p_2Po[1/2]-2s_2p2_2De[3/2]     7.146E-01  7.229E-01  7.316E-01  7.358E-01  7.358E-01  7.335E-01  7.259E-01  7.179E-01  7.018E-01  6.918E-01  6.865E-01  6.846E-01  6.851E-01  6.874E-01  6.951E-01  7.051E-01  7.160E-01  7.273E-01  7.385E-01  7.496E-01  7.707E-01  7.906E-01  8.090E-01  8.262E-01  8.422E-01  8.642E-01  8.839E-01  9.067E-01  9.299E-01  9.475E-01  9.599E-01  9.676E-01
2s2_2p_2Po[1/2]-2s_2p2_2De[5/2]     1.209E-01  1.296E-01  1.404E-01  1.505E-01  1.578E-01  1.622E-01  1.646E-01  1.620E-01  1.485E-01  1.344E-01  1.223E-01  1.123E-01  1.040E-01  9.706E-02  8.620E-02  7.811E-02  7.185E-02  6.687E-02  6.280E-02  5.942E-02  5.410E-02  5.009E-02  4.695E-02  4.439E-02  4.226E-02  3.962E-02  3.746E-02  3.508E-02  3.267E-02  3.067E-02  2.896E-02  2.747E-02
2s2_2p_2Po[1/2]-2s_2p2_2Se[1/2]     2.296E-01  2.199E-01  2.289E-01  2.413E-01  2.531E-01  2.634E-01  2.793E-01  2.906E-01  3.077E-01  3.177E-01  3.250E-01  3.311E-01  3.365E-01  3.413E-01  3.500E-01  3.577E-01  3.647E-01  3.711E-01  3.771E-01  3.827E-01  3.931E-01  4.027E-01  4.115E-01  4.199E-01  4.277E-01  4.385E-01  4.484E-01  4.599E-01  4.717E-01  4.807E-01  4.871E-01  4.912E-01
2s2_2p_2Po[1/2]-2s_2p2_2Pe[1/2]     6.418E-01  6.422E-01  6.414E-01  6.403E-01  6.390E-01  6.375E-01  6.342E-01  6.309E-01  6.247E-01  6.226E-01  6.234E-01  6.262E-01  6.302E-01  6.348E-01  6.450E-01  6.556E-01  6.660E-01  6.762E-01  6.860E-01  6.956E-01  7.137E-01  7.307E-01  7.466E-01  7.616E-01  7.756E-01  7.951E-01  8.127E-01  8.333E-01  8.544E-01  8.705E-01  8.818E-01  8.890E-01
2s2_2p_2Po[1/2]-2s_2p2_2Pe[3/2]     3.643E-01  3.660E-01  3.668E-01  3.671E-01  3.670E-01  3.668E-01  3.658E-01  3.646E-01  3.616E-01  3.599E-01  3.597E-01  3.604E-01  3.617E-01  3.634E-01  3.674E-01  3.717E-01  3.762E-01  3.806E-01  3.850E-01  3.892E-01  3.975E-01  4.053E-01  4.129E-01  4.200E-01  4.269E-01  4.365E-01  4.453E-01  4.556E-01  4.663E-01  4.743E-01  4.800E-01  4.834E-01
2s2_2p_2Po[1/2]-2p3_4So[3/2]        1.130E-03  1.343E-03  1.426E-03  1.452E-03  1.455E-03  1.447E-03  1.417E-03  1.382E-03  1.293E-03  1.219E-03  1.159E-03  1.109E-03  1.068E-03  1.034E-03  9.780E-04  9.350E-04  9.001E-04  8.708E-04  8.455E-04  8.231E-04  7.847E-04  7.523E-04  7.240E-04  6.990E-04  6.764E-04  6.462E-04  6.195E-04  5.879E-04  5.536E-04  5.237E-04  4.972E-04  4.735E-04
2s2_2p_2Po[1/2]-2p3_2Do[5/2]        6.926E-03  7.136E-03  7.139E-03  7.068E-03  6.973E-03  6.879E-03  6.718E-03  6.597E-03  6.407E-03  6.300E-03  6.231E-03  6.180E-03  6.140E-03  6.107E-03  6.054E-03  6.012E-03  5.975E-03  5.943E-03  5.914E-03  5.888E-03  5.840E-03  5.795E-03  5.752E-03  5.710E-03  5.668E-03  5.607E-03  5.547E-03  5.467E-03  5.367E-03  5.267E-03  5.165E-03  5.062E-03
2s2_2p_2Po[1/2]-2p3_2Do[3/2]        9.022E-03  9.150E-03  9.111E-03  9.013E-03  8.906E-03  8.814E-03  8.683E-03  8.609E-03  8.549E-03  8.550E-03  8.565E-03  8.579E-03  8.591E-03  8.599E-03  8.608E-03  8.609E-03  8.607E-03  8.602E-03  8.596E-03  8.589E-03  8.573E-03  8.554E-03  8.532E-03  8.507E-03  8.478E-03  8.430E-03  8.376E-03  8.298E-03  8.188E-03  8.068E-03  7.939E-03  7.803E-03
2s2_2p_2Po[1/2]-2p3_2Po[1/2]        2.073E-03  3.348E-03  4.008E-03  4.370E-03  4.593E-03  4.743E-03  4.928E-03  5.037E-03  5.172E-03  5.231E-03  5.261E-03  5.276E-03  5.283E-03  5.286E-03  5.283E-03  5.277E-03  5.269E-03  5.261E-03  5.253E-03  5.247E-03  5.236E-03  5.225E-03  5.215E-03  5.203E-03  5.190E-03  5.167E-03  5.140E-03  5.097E-03  5.035E-03  4.964E-03  4.886E-03  4.802E-03
2s2_2p_2Po[1/2]-2p3_2Po[3/2]        2.168E-03  3.497E-03  4.183E-03  4.557E-03  4.787E-03  4.939E-03  5.126E-03  5.232E-03  5.358E-03  5.408E-03  5.428E-03  5.434E-03  5.431E-03  5.424E-03  5.400E-03  5.370E-03  5.337E-03  5.303E-03  5.269E-03  5.234E-03  5.167E-03  5.101E-03  5.038E-03  4.977E-03  4.918E-03  4.834E-03  4.754E-03  4.653E-03  4.533E-03  4.419E-03  4.309E-03  4.202E-03
2s2_2p_2Po[3/2]-2s_2p2_4Pe[1/2]     5.210E-02  4.483E-02  4.259E-02  4.176E-02  4.142E-02  4.124E-02  4.090E-02  4.039E-02  3.848E-02  3.627E-02  3.414E-02  3.223E-02  3.053E-02  2.904E-02  2.656E-02  2.461E-02  2.304E-02  2.175E-02  2.066E-02  1.973E-02  1.824E-02  1.707E-02  1.612E-02  1.534E-02  1.467E-02  1.382E-02  1.312E-02  1.233E-02  1.152E-02  1.084E-02  1.027E-02  9.758E-03
2s2_2p_2Po[3/2]-2s_2p2_4Pe[3/2]     1.279E-01  1.093E-01  1.038E-01  1.018E-01  1.010E-01  1.005E-01  9.963E-02  9.840E-02  9.399E-02  8.894E-02  8.410E-02  7.972E-02  7.586E-02  7.246E-02  6.680E-02  6.231E-02  5.868E-02  5.568E-02  5.315E-02  5.099E-02  4.747E-02  4.470E-02  4.244E-02  4.054E-02  3.892E-02  3.685E-02  3.511E-02  3.314E-02  3.109E-02  2.936E-02  2.785E-02  2.653E-02
2s2_2p_2Po[3/2]-2s_2p2_4Pe[5/2]     2.509E-01  2.129E-01  2.022E-01  1.983E-01  1.967E-01  1.957E-01  1.940E-01  1.916E-01  1.834E-01  1.742E-01  1.654E-01  1.575E-01  1.505E-01  1.443E-01  1.340E-01  1.258E-01  1.191E-01  1.136E-01  1.089E-01  1.049E-01  9.831E-02  9.309E-02  8.881E-02  8.520E-02  8.207E-02  7.806E-02  7.465E-02  7.077E-02  6.667E-02  6.316E-02  6.009E-02  5.736E-02
2s2_2p_2Po[3/2]-2s_2p2_2De[3/2]     3.333E-01  3.364E-01  3.463E-01  3.558E-01  3.617E-01  3.641E-01  3.611E-01  3.528E-01  3.265E-01  3.027E-01  2.835E-01  2.684E-01  2.564E-01  2.467E-01  2.324E-01  2.226E-01  2.156E-01  2.104E-01  2.066E-01  2.037E-01  1.999E-01  1.976E-01  1.964E-01  1.958E-01  1.956E-01  1.957E-01  1.960E-01  1.967E-01  1.973E-01  1.976E-01  1.974E-01  1.967E-01
2s2_2p_2Po[3/2]-2s_2p2_2De[5/2]     1.401E+00  1.419E+00  1.442E+00  1.458E+00  1.463E+00  1.461E+00  1.446E+00  1.425E+00  1.375E+00  1.337E+00  1.311E+00  1.294E+00  1.284E+00  1.278E+00  1.276E+00  1.282E+00  1.291E+00  1.304E+00  1.317E+00  1.331E+00  1.359E+00  1.387E+00  1.414E+00  1.440E+00  1.464E+00  1.498E+00  1.529E+00  1.565E+00  1.602E+00  1.630E+00  1.650E+00  1.662E+00
2s2_2p_2Po[3/2]-2s_2p2_2Se[1/2]     4.583E-01  4.169E-01  4.011E-01  3.943E-01  3.911E-01  3.895E-01  3.881E-01  3.873E-01  3.861E-01  3.859E-01  3.868E-01  3.885E-01  3.909E-01  3.936E-01  3.996E-01  4.059E-01  4.122E-01  4.184E-01  4.246E-01  4.306E-01  4.422E-01  4.534E-01  4.641E-01  4.744E-01  4.841E-01  4.980E-01  5.107E-01  5.259E-01  5.418E-01  5.543E-01  5.636E-01  5.699E-01
2s2_2p_2Po[3/2]-2s_2p2_2Pe[1/2]     4.937E-01  4.953E-01  4.958E-01  4.959E-01  4.957E-01  4.952E-01  4.937E-01  4.919E-01  4.880E-01  4.861E-01  4.862E-01  4.876E-01  4.899E-01  4.927E-01  4.990E-01  5.058E-01  5.126E-01  5.193E-01  5.259E-01  5.323E-01  5.447E-01  5.563E-01  5.672E-01  5.774E-01  5.870E-01  6.002E-01  6.121E-01  6.258E-01  6.395E-01  6.497E-01  6.565E-01  6.603E-01
2s2_2p_2Po[3/2]-2s_2p2_2Pe[3/2]     1.918E+00  1.921E+00  1.919E+00  1.917E+00  1.914E+00  1.910E+00  1.901E+00  1.892E+00  1.873E+00  1.866E+00  1.867E+00  1.874E+00  1.884E+00  1.896E+00  1.923E+00  1.952E+00  1.981E+00  2.009E+00  2.036E+00  2.063E+00  2.114E+00  2.162E+00  2.208E+00  2.250E+00  2.290E+00  2.346E+00  2.396E+00  2.454E+00  2.513E+00  2.557E+00  2.588E+00  2.607E+00
2s2_2p_2Po[3/2]-2p3_4So[3/2]        2.241E-03  2.665E-03  2.831E-03  2.883E-03  2.889E-03  2.873E-03  2.813E-03  2.740E-03  2.560E-03  2.409E-03  2.286E-03  2.184E-03  2.101E-03  2.030E-03  1.917E-03  1.829E-03  1.759E-03  1.699E-03  1.648E-03  1.602E-03  1.523E-03  1.456E-03  1.397E-03  1.344E-03  1.296E-03  1.233E-03  1.176E-03  1.110E-03  1.039E-03  9.784E-04  9.252E-04  8.780E-04
2s2_2p_2Po[3/2]-2p3_2Do[5/2]        2.173E-02  2.213E-02  2.205E-02  2.180E-02  2.151E-02  2.123E-02  2.079E-02  2.048E-02  2.005E-02  1.984E-02  1.973E-02  1.964E-02  1.958E-02  1.953E-02  1.944E-02  1.936E-02  1.929E-02  1.922E-02  1.916E-02  1.910E-02  1.898E-02  1.886E-02  1.875E-02  1.863E-02  1.851E-02  1.834E-02  1.817E-02  1.793E-02  1.764E-02  1.734E-02  1.703E-02  1.671E-02
2s2_2p_2Po[3/2]-2p3_2Do[3/2]        1.010E-02  1.037E-02  1.036E-02  1.025E-02  1.010E-02  9.940E-03  9.669E-03  9.457E-03  9.110E-03  8.905E-03  8.770E-03  8.671E-03  8.595E-03  8.533E-03  8.437E-03  8.363E-03  8.303E-03  8.252E-03  8.208E-03  8.168E-03  8.097E-03  8.032E-03  7.972E-03  7.914E-03  7.857E-03  7.774E-03  7.693E-03  7.585E-03  7.451E-03  7.315E-03  7.177E-03  7.037E-03
2s2_2p_2Po[3/2]-2p3_2Po[1/2]        2.442E-03  3.940E-03  4.713E-03  5.135E-03  5.393E-03  5.566E-03  5.776E-03  5.897E-03  6.041E-03  6.098E-03  6.122E-03  6.129E-03  6.127E-03  6.119E-03  6.094E-03  6.062E-03  6.027E-03  5.990E-03  5.953E-03  5.915E-03  5.842E-03  5.771E-03  5.702E-03  5.635E-03  5.571E-03  5.478E-03  5.391E-03  5.279E-03  5.147E-03  5.020E-03  4.897E-03  4.777E-03
2s2_2p_2Po[3/2]-2p3_2Po[3/2]        6.813E-03  1.100E-02  1.317E-02  1.435E-02  1.508E-02  1.557E-02  1.617E-02  1.652E-02  1.695E-02  1.713E-02  1.721E-02  1.725E-02  1.726E-02  1.726E-02  1.724E-02  1.720E-02  1.715E-02  1.710E-02  1.705E-02  1.700E-02  1.691E-02  1.681E-02  1.671E-02  1.661E-02  1.651E-02  1.636E-02  1.620E-02  1.598E-02  1.570E-02  1.541E-02  1.511E-02  1.481E-02
2s_2p2_4Pe[1/2]-2s_2p2_4Pe[3/2]     3.192E-01  3.752E-01  4.401E-01  4.796E-01  4.993E-01  5.073E-01  5.070E-01  4.984E-01  4.711E-01  4.454E-01  4.225E-01  4.020E-01  3.836E-01  3.672E-01  3.389E-01  3.157E-01  2.964E-01  2.800E-01  2.660E-01  2.538E-01  2.338E-01  2.179E-01  2.050E-01  1.943E-01  1.851E-01  1.736E-01  1.640E-01  1.535E-01  1.427E-01  1.338E-01  1.262E-01  1.196E-01
2s_2p2_4Pe[1/2]-2s_2p2_4Pe[5/2]     2.708E-01  3.067E-01  3.481E-01  3.693E-01  3.768E-01  3.770E-01  3.692E-01  3.586E-01  3.343E-01  3.145E-01  2.975E-01  2.826E-01  2.694E-01  2.575E-01  2.373E-01  2.208E-01  2.071E-01  1.956E-01  1.859E-01  1.775E-01  1.639E-01  1.533E-01  1.449E-01  1.380E-01  1.322E-01  1.252E-01  1.195E-01  1.133E-01  1.072E-01  1.023E-01  9.819E-02  9.458E-02
2s_2p2_4Pe[1/2]-2s_2p2_2De[3/2]     8.514E-02  8.524E-02  8.488E-02  8.472E-02  8.455E-02  8.432E-02  8.364E-02  8.277E-02  8.033E-02  7.792E-02  7.570E-02  7.367E-02  7.184E-02  7.017E-02  6.725E-02  6.476E-02  6.260E-02  6.069E-02  5.897E-02  5.743E-02  5.471E-02  5.237E-02  5.033E-02  4.852E-02  4.688E-02  4.470E-02  4.279E-02  4.054E-02  3.812E-02  3.603E-02  3.420E-02  3.256E-02
2s_2p2_4Pe[1/2]-2s_2p2_2De[5/2]     5.637E-02  5.507E-02  5.447E-02  5.432E-02  5.426E-02  5.417E-02  5.382E-02  5.329E-02  5.162E-02  4.988E-02  4.825E-02  4.676E-02  4.542E-02  4.421E-02  4.211E-02  4.036E-02  3.886E-02  3.756E-02  3.641E-02  3.540E-02  3.366E-02  3.221E-02  3.099E-02  2.992E-02  2.898E-02  2.773E-02  2.665E-02  2.538E-02  2.400E-02  2.280E-02  2.173E-02  2.077E-02
2s_2p2_4Pe[1/2]-2s_2p2_2Se[1/2]     1.525E-02  1.545E-02  1.564E-02  1.579E-02  1.590E-02  1.596E-02  1.602E-02  1.599E-02  1.580E-02  1.552E-02  1.523E-02  1.494E-02  1.466E-02  1.440E-02  1.392E-02  1.349E-02  1.310E-02  1.275E-02  1.242E-02  1.213E-02  1.160E-02  1.114E-02  1.074E-02  1.037E-02  1.004E-02  9.601E-03  9.205E-03  8.735E-03  8.221E-03  7.769E-03  7.368E-03  7.008E-03
2s_2p2_4Pe[1/2]-2s_2p2_2Pe[1/2]     1.810E-02  2.606E-02  2.804E-02  2.830E-02  2.802E-02  2.756E-02  2.645E-02  2.531E-02  2.267E-02  2.045E-02  1.862E-02  1.711E-02  1.585E-02  1.479E-02  1.310E-02  1.182E-02  1.082E-02  1.001E-02  9.341E-03  8.784E-03  7.900E-03  7.229E-03  6.698E-03  6.266E-03  5.905E-03  5.459E-03  5.096E-03  4.702E-03  4.307E-03  3.987E-03  3.720E-03  3.492E-03
2s_2p2_4Pe[1/2]-2s_2p2_2Pe[3/2]     1.835E-02  2.618E-02  2.940E-02  3.058E-02  3.091E-02  3.086E-02  3.025E-02  2.939E-02  2.709E-02  2.503E-02  2.330E-02  2.183E-02  2.060E-02  1.954E-02  1.783E-02  1.650E-02  1.544E-02  1.456E-02  1.383E-02  1.320E-02  1.218E-02  1.139E-02  1.076E-02  1.023E-02  9.776E-03  9.210E-03  8.737E-03  8.210E-03  7.665E-03  7.207E-03  6.813E-03  6.467E-03
2s_2p2_4Pe[1/2]-2p3_4So[3/2]        5.310E-01  5.307E-01  5.289E-01  5.265E-01  5.244E-01  5.225E-01  5.197E-01  5.181E-01  5.174E-01  5.191E-01  5.220E-01  5.252E-01  5.287E-01  5.322E-01  5.392E-01  5.462E-01  5.531E-01  5.598E-01  5.665E-01  5.731E-01  5.860E-01  5.985E-01  6.105E-01  6.220E-01  6.330E-01  6.485E-01  6.626E-01  6.793E-01  6.964E-01  7.094E-01  7.185E-01  7.241E-01
2s_2p2_4Pe[1/2]-2p3_2Do[5/2]        3.641E-03  3.697E-03  3.681E-03  3.641E-03  3.592E-03  3.541E-03  3.446E-03  3.365E-03  3.213E-03  3.105E-03  3.021E-03  2.953E-03  2.895E-03  2.844E-03  2.756E-03  2.684E-03  2.621E-03  2.566E-03  2.517E-03  2.474E-03  2.398E-03  2.333E-03  2.276E-03  2.225E-03  2.178E-03  2.113E-03  2.053E-03  1.979E-03  1.893E-03  1.814E-03  1.741E-03  1.673E-03
2s_2p2_4Pe[1/2]-2p3_2Do[3/2]        2.221E-02  2.225E-02  2.218E-02  2.206E-02  2.193E-02  2.181E-02  2.160E-02  2.145E-02  2.117E-02  2.095E-02  2.075E-02  2.057E-02  2.039E-02  2.023E-02  1.991E-02  1.962E-02  1.935E-02  1.911E-02  1.888E-02  1.867E-02  1.829E-02  1.794E-02  1.763E-02  1.734E-02  1.705E-02  1.665E-02  1.626E-02  1.576E-02  1.517E-02  1.460E-02  1.407E-02  1.356E-02
2s_2p2_4Pe[1/2]-2p3_2Po[1/2]        2.059E-03  3.321E-03  3.972E-03  4.326E-03  4.542E-03  4.685E-03  4.858E-03  4.952E-03  5.052E-03  5.074E-03  5.066E-03  5.045E-03  5.017E-03  4.986E-03  4.922E-03  4.859E-03  4.799E-03  4.743E-03  4.692E-03  4.644E-03  4.558E-03  4.481E-03  4.410E-03  4.342E-03  4.277E-03  4.182E-03  4.089E-03  3.968E-03  3.822E-03  3.681E-03  3.548E-03  3.421E-03
2s_2p2_4Pe[1/2]-2p3_2Po[3/2]        1.207E-03  1.947E-03  2.328E-03  2.535E-03  2.661E-03  2.745E-03  2.845E-03  2.900E-03  2.956E-03  2.966E-03  2.959E-03  2.945E-03  2.927E-03  2.907E-03  2.865E-03  2.825E-03  2.787E-03  2.751E-03  2.719E-03  2.689E-03  2.634E-03  2.586E-03  2.542E-03  2.500E-03  2.460E-03  2.402E-03  2.346E-03  2.273E-03  2.186E-03  2.102E-03  2.023E-03  1.948E-03
2s_2p2_4Pe[3/2]-2s_2p2_4Pe[5/2]     6.913E-01  7.977E-01  9.208E-01  9.907E-01  1.021E+00  1.030E+00  1.020E+00  9.972E-01  9.365E-01  8.832E-01  8.366E-01  7.954E-01  7.585E-01  7.255E-01  6.691E-01  6.228E-01  5.843E-01  5.520E-01  5.244E-01  5.006E-01  4.619E-01  4.316E-01  4.072E-01  3.871E-01  3.702E-01  3.492E-01  3.320E-01  3.132E-01  2.941E-01  2.784E-01  2.651E-01  2.534E-01
2s_2p2_4Pe[3/2]-2s_2p2_2De[3/2]     1.356E-01  1.351E-01  1.344E-01  1.342E-01  1.341E-01  1.338E-01  1.328E-01  1.315E-01  1.275E-01  1.235E-01  1.198E-01  1.164E-01  1.134E-01  1.106E-01  1.058E-01  1.017E-01  9.822E-02  9.512E-02  9.236E-02  8.987E-02  8.552E-02  8.179E-02  7.855E-02  7.567E-02  7.308E-02  6.964E-02  6.662E-02  6.310E-02  5.931E-02  5.604E-02  5.317E-02  5.062E-02
2s_2p2_4Pe[3/2]-2s_2p2_2De[5/2]     1.491E-01  1.471E-01  1.460E-01  1.457E-01  1.455E-01  1.453E-01  1.444E-01  1.430E-01  1.387E-01  1.342E-01  1.301E-01  1.262E-01  1.228E-01  1.197E-01  1.143E-01  1.098E-01  1.059E-01  1.024E-01  9.938E-02  9.663E-02  9.185E-02  8.777E-02  8.423E-02  8.109E-02  7.828E-02  7.455E-02  7.127E-02  6.746E-02  6.338E-02  5.987E-02  5.678E-02  5.405E-02
2s_2p2_4Pe[3/2]-2s_2p2_2Se[1/2]     3.085E-02  3.110E-02  3.130E-02  3.142E-02  3.148E-02  3.149E-02  3.140E-02  3.123E-02  3.065E-02  3.001E-02  2.938E-02  2.878E-02  2.822E-02  2.770E-02  2.675E-02  2.591E-02  2.515E-02  2.447E-02  2.386E-02  2.330E-02  2.232E-02  2.148E-02  2.074E-02  2.008E-02  1.949E-02  1.869E-02  1.797E-02  1.711E-02  1.616E-02  1.532E-02  1.456E-02  1.387E-02
2s_2p2_4Pe[3/2]-2s_2p2_2Pe[1/2]     3.000E-02  4.265E-02  4.626E-02  4.702E-02  4.681E-02  4.622E-02  4.463E-02  4.291E-02  3.880E-02  3.531E-02  3.241E-02  3.001E-02  2.800E-02  2.629E-02  2.356E-02  2.147E-02  1.983E-02  1.850E-02  1.740E-02  1.647E-02  1.501E-02  1.389E-02  1.300E-02  1.228E-02  1.168E-02  1.093E-02  1.031E-02  9.630E-03  8.934E-03  8.357E-03  7.866E-03  7.438E-03
2s_2p2_4Pe[3/2]-2s_2p2_2Pe[3/2]     4.556E-02  6.437E-02  7.102E-02  7.309E-02  7.338E-02  7.290E-02  7.102E-02  6.871E-02  6.290E-02  5.783E-02  5.358E-02  5.002E-02  4.703E-02  4.447E-02  4.035E-02  3.717E-02  3.464E-02  3.257E-02  3.084E-02  2.937E-02  2.701E-02  2.519E-02  2.373E-02  2.252E-02  2.150E-02  2.022E-02  1.915E-02  1.797E-02  1.675E-02  1.572E-02  1.485E-02  1.408E-02
2s_2p2_4Pe[3/2]-2p3_4So[3/2]        1.064E+00  1.063E+00  1.059E+00  1.055E+00  1.051E+00  1.047E+00  1.042E+00  1.038E+00  1.038E+00  1.041E+00  1.048E+00  1.054E+00  1.062E+00  1.069E+00  1.084E+00  1.098E+00  1.112E+00  1.126E+00  1.140E+00  1.154E+00  1.180E+00  1.206E+00  1.230E+00  1.254E+00  1.276E+00  1.308E+00  1.336E+00  1.370E+00  1.405E+00  1.431E+00  1.450E+00  1.461E+00
2s_2p2_4Pe[3/2]-2p3_2Do[5/2]        2.160E-02  2.171E-02  2.162E-02  2.147E-02  2.129E-02  2.111E-02  2.079E-02  2.052E-02  2.001E-02  1.964E-02  1.934E-02  1.908E-02  1.885E-02  1.863E-02  1.825E-02  1.792E-02  1.763E-02  1.736E-02  1.712E-02  1.690E-02  1.650E-02  1.616E-02  1.585E-02  1.556E-02  1.529E-02  1.490E-02  1.454E-02  1.407E-02  1.352E-02  1.301E-02  1.252E-02  1.206E-02
2s_2p2_4Pe[3/2]-2p3_2Do[3/2]        3.060E-02  3.067E-02  3.056E-02  3.038E-02  3.018E-02  2.998E-02  2.965E-02  2.938E-02  2.888E-02  2.852E-02  2.820E-02  2.791E-02  2.764E-02  2.739E-02  2.693E-02  2.651E-02  2.614E-02  2.579E-02  2.547E-02  2.518E-02  2.465E-02  2.419E-02  2.376E-02  2.336E-02  2.298E-02  2.244E-02  2.192E-02  2.125E-02  2.046E-02  1.970E-02  1.898E-02  1.831E-02
2s_2p2_4Pe[3/2]-2p3_2Po[1/2]        3.210E-03  5.178E-03  6.191E-03  6.743E-03  7.080E-03  7.303E-03  7.571E-03  7.718E-03  7.872E-03  7.905E-03  7.891E-03  7.857E-03  7.812E-03  7.763E-03  7.659E-03  7.558E-03  7.462E-03  7.372E-03  7.290E-03  7.213E-03  7.075E-03  6.952E-03  6.838E-03  6.730E-03  6.626E-03  6.475E-03  6.327E-03  6.136E-03  5.905E-03  5.684E-03  5.473E-03  5.273E-03
2s_2p2_4Pe[3/2]-2p3_2Po[3/2]        3.779E-03  6.095E-03  7.287E-03  7.936E-03  8.332E-03  8.594E-03  8.908E-03  9.081E-03  9.261E-03  9.298E-03  9.282E-03  9.241E-03  9.189E-03  9.132E-03  9.011E-03  8.893E-03  8.781E-03  8.678E-03  8.582E-03  8.493E-03  8.334E-03  8.191E-03  8.060E-03  7.936E-03  7.817E-03  7.643E-03  7.474E-03  7.255E-03  6.990E-03  6.736E-03  6.494E-03  6.263E-03
2s_2p2_4Pe[5/2]-2s_2p2_2De[3/2]     1.210E-01  1.185E-01  1.175E-01  1.173E-01  1.174E-01  1.173E-01  1.168E-01  1.157E-01  1.122E-01  1.084E-01  1.048E-01  1.016E-01  9.862E-02  9.598E-02  9.140E-02  8.758E-02  8.431E-02  8.148E-02  7.899E-02  7.678E-02  7.299E-02  6.986E-02  6.719E-02  6.486E-02  6.281E-02  6.010E-02  5.774E-02  5.498E-02  5.199E-02  4.938E-02  4.705E-02  4.496E-02
2s_2p2_4Pe[5/2]-2s_2p2_2De[5/2]     3.099E-01  3.087E-01  3.071E-01  3.067E-01  3.063E-01  3.057E-01  3.036E-01  3.005E-01  2.915E-01  2.824E-01  2.738E-01  2.661E-01  2.591E-01  2.528E-01  2.418E-01  2.324E-01  2.244E-01  2.173E-01  2.109E-01  2.052E-01  1.953E-01  1.868E-01  1.794E-01  1.728E-01  1.669E-01  1.590E-01  1.521E-01  1.441E-01  1.354E-01  1.280E-01  1.214E-01  1.156E-01
2s_2p2_4Pe[5/2]-2s_2p2_2Se[1/2]     4.697E-02  4.709E-02  4.701E-02  4.685E-02  4.664E-02  4.641E-02  4.592E-02  4.543E-02  4.422E-02  4.310E-02  4.208E-02  4.114E-02  4.027E-02  3.948E-02  3.806E-02  3.681E-02  3.571E-02  3.472E-02  3.383E-02  3.302E-02  3.161E-02  3.040E-02  2.934E-02  2.840E-02  2.755E-02  2.641E-02  2.538E-02  2.416E-02  2.281E-02  2.161E-02  2.054E-02  1.957E-02
2s_2p2_4Pe[5/2]-2s_2p2_2Pe[1/2]     3.054E-02  4.106E-02  4.560E-02  4.734E-02  4.789E-02  4.786E-02  4.706E-02  4.588E-02  4.268E-02  3.979E-02  3.733E-02  3.525E-02  3.349E-02  3.197E-02  2.950E-02  2.756E-02  2.599E-02  2.469E-02  2.359E-02  2.264E-02  2.108E-02  1.985E-02  1.885E-02  1.801E-02  1.728E-02  1.636E-02  1.558E-02  1.470E-02  1.378E-02  1.300E-02  1.232E-02  1.171E-02
2s_2p2_4Pe[5/2]-2s_2p2_2Pe[3/2]     8.874E-02  1.253E-01  1.361E-01  1.386E-01  1.382E-01  1.366E-01  1.322E-01  1.273E-01  1.155E-01  1.054E-01  9.705E-02  9.007E-02  8.421E-02  7.923E-02  7.125E-02  6.514E-02  6.031E-02  5.639E-02  5.314E-02  5.041E-02  4.606E-02  4.273E-02  4.010E-02  3.793E-02  3.612E-02  3.386E-02  3.199E-02  2.993E-02  2.781E-02  2.605E-02  2.455E-02  2.323E-02
2s_2p2_4Pe[5/2]-2p3_4So[3/2]        1.596E+00  1.596E+00  1.590E+00  1.584E+00  1.577E+00  1.572E+00  1.564E+00  1.560E+00  1.559E+00  1.565E+00  1.575E+00  1.586E+00  1.597E+00  1.609E+00  1.631E+00  1.653E+00  1.675E+00  1.696E+00  1.717E+00  1.738E+00  1.778E+00  1.817E+00  1.854E+00  1.889E+00  1.923E+00  1.971E+00  2.014E+00  2.065E+00  2.117E+00  2.156E+00  2.183E+00  2.200E+00
2s_2p2_4Pe[5/2]-2p3_2Do[5/2]        6.979E-02  6.995E-02  6.970E-02  6.927E-02  6.878E-02  6.830E-02  6.745E-02  6.676E-02  6.550E-02  6.455E-02  6.376E-02  6.306E-02  6.241E-02  6.182E-02  6.073E-02  5.977E-02  5.889E-02  5.810E-02  5.738E-02  5.672E-02  5.553E-02  5.448E-02  5.353E-02  5.263E-02  5.179E-02  5.057E-02  4.941E-02  4.793E-02  4.616E-02  4.448E-02  4.289E-02  4.138E-02
2s_2p2_4Pe[5/2]-2p3_2Do[3/2]        8.988E-03  9.101E-03  9.057E-03  8.952E-03  8.818E-03  8.674E-03  8.395E-03  8.147E-03  7.666E-03  7.323E-03  7.064E-03  6.857E-03  6.685E-03  6.538E-03  6.297E-03  6.102E-03  5.940E-03  5.800E-03  5.679E-03  5.571E-03  5.388E-03  5.234E-03  5.101E-03  4.982E-03  4.874E-03  4.725E-03  4.589E-03  4.422E-03  4.230E-03  4.054E-03  3.891E-03  3.740E-03
2s_2p2_4Pe[5/2]-2p3_2Po[1/2]        1.975E-03  3.184E-03  3.807E-03  4.146E-03  4.353E-03  4.490E-03  4.654E-03  4.744E-03  4.836E-03  4.854E-03  4.844E-03  4.821E-03  4.792E-03  4.759E-03  4.692E-03  4.625E-03  4.562E-03  4.504E-03  4.450E-03  4.400E-03  4.310E-03  4.231E-03  4.157E-03  4.088E-03  4.022E-03  3.926E-03  3.833E-03  3.714E-03  3.571E-03  3.434E-03  3.304E-03  3.182E-03
2s_2p2_4Pe[5/2]-2p3_2Po[3/2]        9.493E-03  1.531E-02  1.831E-02  1.994E-02  2.094E-02  2.159E-02  2.239E-02  2.282E-02  2.328E-02  2.338E-02  2.334E-02  2.324E-02  2.311E-02  2.296E-02  2.266E-02  2.236E-02  2.207E-02  2.181E-02  2.157E-02  2.134E-02  2.093E-02  2.057E-02  2.023E-02  1.991E-02  1.960E-02  1.915E-02  1.872E-02  1.815E-02  1.747E-02  1.682E-02  1.620E-02  1.561E-02
2s_2p2_2De[3/2]-2s_2p2_2De[5/2]     2.845E-01  3.667E-01  4.866E-01  6.267E-01  7.543E-01  8.575E-01  9.939E-01  1.063E+00  1.096E+00  1.054E+00  9.954E-01  9.350E-01  8.786E-01  8.274E-01  7.402E-01  6.702E-01  6.133E-01  5.663E-01  5.270E-01  4.937E-01  4.402E-01  3.992E-01  3.668E-01  3.404E-01  3.185E-01  2.919E-01  2.706E-01  2.479E-01  2.259E-01  2.086E-01  1.946E-01  1.828E-01
2s_2p2_2De[3/2]-2s_2p2_2Se[1/2]     6.965E-02  7.107E-02  7.785E-02  8.574E-02  9.283E-02  9.872E-02  1.074E-01  1.130E-01  1.194E-01  1.205E-01  1.195E-01  1.177E-01  1.156E-01  1.134E-01  1.095E-01  1.061E-01  1.033E-01  1.010E-01  9.904E-02  9.742E-02  9.489E-02  9.306E-02  9.170E-02  9.067E-02  8.989E-02  8.902E-02  8.840E-02  8.779E-02  8.717E-02  8.657E-02  8.589E-02  8.512E-02
2s_2p2_2De[3/2]-2s_2p2_2Pe[1/2]     8.403E-02  2.207E-01  3.221E-01  3.831E-01  4.204E-01  4.438E-01  4.674E-01  4.741E-01  4.595E-01  4.300E-01  3.988E-01  3.697E-01  3.436E-01  3.206E-01  2.825E-01  2.526E-01  2.286E-01  2.091E-01  1.928E-01  1.792E-01  1.575E-01  1.409E-01  1.280E-01  1.175E-01  1.088E-01  9.827E-02  8.989E-02  8.100E-02  7.242E-02  6.571E-02  6.030E-02  5.582E-02
2s_2p2_2De[3/2]-2s_2p2_2Pe[3/2]     1.366E-01  2.172E-01  2.772E-01  3.136E-01  3.359E-01  3.501E-01  3.649E-01  3.696E-01  3.616E-01  3.436E-01  3.239E-01  3.051E-01  2.880E-01  2.727E-01  2.469E-01  2.263E-01  2.095E-01  1.956E-01  1.840E-01  1.740E-01  1.577E-01  1.451E-01  1.348E-01  1.264E-01  1.193E-01  1.104E-01  1.031E-01  9.507E-02  8.707E-02  8.058E-02  7.518E-02  7.058E-02
2s_2p2_2De[3/2]-2p3_4So[3/2]        5.239E-02  4.174E-02  3.804E-02  3.546E-02  3.328E-02  3.136E-02  2.806E-02  2.536E-02  2.039E-02  1.706E-02  1.468E-02  1.291E-02  1.153E-02  1.043E-02  8.787E-03  7.615E-03  6.735E-03  6.050E-03  5.501E-03  5.051E-03  4.355E-03  3.842E-03  3.446E-03  3.132E-03  2.875E-03  2.566E-03  2.323E-03  2.067E-03  1.822E-03  1.633E-03  1.482E-03  1.357E-03
2s_2p2_2De[3/2]-2p3_2Do[5/2]        2.617E-01  2.685E-01  2.683E-01  2.655E-01  2.622E-01  2.591E-01  2.541E-01  2.507E-01  2.466E-01  2.454E-01  2.452E-01  2.455E-01  2.461E-01  2.469E-01  2.485E-01  2.504E-01  2.522E-01  2.542E-01  2.561E-01  2.580E-01  2.618E-01  2.655E-01  2.691E-01  2.725E-01  2.757E-01  2.802E-01  2.842E-01  2.888E-01  2.932E-01  2.962E-01  2.979E-01  2.983E-01
2s_2p2_2De[3/2]-2p3_2Do[3/2]        1.441E+00  1.445E+00  1.434E+00  1.414E+00  1.394E+00  1.378E+00  1.357E+00  1.348E+00  1.351E+00  1.366E+00  1.384E+00  1.403E+00  1.420E+00  1.437E+00  1.469E+00  1.497E+00  1.524E+00  1.549E+00  1.573E+00  1.595E+00  1.637E+00  1.675E+00  1.711E+00  1.744E+00  1.774E+00  1.816E+00  1.854E+00  1.897E+00  1.941E+00  1.972E+00  1.994E+00  2.006E+00
2s_2p2_2De[3/2]-2p3_2Po[1/2]        2.394E-01  3.882E-01  4.660E-01  5.095E-01  5.371E-01  5.562E-01  5.812E-01  5.972E-01  6.212E-01  6.358E-01  6.466E-01  6.555E-01  6.633E-01  6.704E-01  6.834E-01  6.955E-01  7.069E-01  7.180E-01  7.287E-01  7.391E-01  7.590E-01  7.778E-01  7.955E-01  8.121E-01  8.277E-01  8.491E-01  8.682E-01  8.902E-01  9.122E-01  9.284E-01  9.393E-01  9.456E-01
2s_2p2_2De[3/2]-2p3_2Po[3/2]        5.960E-02  9.658E-02  1.159E-01  1.266E-01  1.334E-01  1.381E-01  1.442E-01  1.480E-01  1.535E-01  1.567E-01  1.590E-01  1.608E-01  1.623E-01  1.637E-01  1.661E-01  1.682E-01  1.702E-01  1.722E-01  1.740E-01  1.758E-01  1.794E-01  1.827E-01  1.860E-01  1.891E-01  1.921E-01  1.963E-01  2.002E-01  2.047E-01  2.093E-01  2.127E-01  2.150E-01  2.163E-01
2s_2p2_2De[5/2]-2s_2p2_2Se[1/2]     1.045E-01  1.073E-01  1.192E-01  1.332E-01  1.460E-01  1.567E-01  1.727E-01  1.832E-01  1.955E-01  1.979E-01  1.962E-01  1.929E-01  1.890E-01  1.851E-01  1.777E-01  1.714E-01  1.661E-01  1.617E-01  1.580E-01  1.549E-01  1.501E-01  1.465E-01  1.438E-01  1.418E-01  1.402E-01  1.383E-01  1.370E-01  1.356E-01  1.343E-01  1.331E-01  1.318E-01  1.304E-01
2s_2p2_2De[5/2]-2s_2p2_2Pe[1/2]     9.608E-02  1.356E-01  1.654E-01  1.836E-01  1.948E-01  2.020E-01  2.097E-01  2.123E-01  2.088E-01  1.998E-01  1.897E-01  1.800E-01  1.711E-01  1.630E-01  1.493E-01  1.382E-01  1.292E-01  1.216E-01  1.151E-01  1.096E-01  1.005E-01  9.338E-02  8.755E-02  8.268E-02  7.852E-02  7.329E-02  6.894E-02  6.414E-02  5.925E-02  5.523E-02  5.184E-02  4.892E-02
2s_2p2_2De[5/2]-2s_2p2_2Pe[3/2]     2.263E-01  5.060E-01  7.132E-01  8.380E-01  9.143E-01  9.623E-01  1.011E+00  1.025E+00  9.956E-01  9.349E-01  8.702E-01  8.097E-01  7.554E-01  7.074E-01  6.274E-01  5.644E-01  5.138E-01  4.724E-01  4.379E-01  4.087E-01  3.621E-01  3.264E-01  2.981E-01  2.751E-01  2.559E-01  2.325E-01  2.136E-01  1.935E-01  1.739E-01  1.584E-01  1.459E-01  1.354E-01
2s_2p2_2De[5/2]-2p3_4So[3/2]        7.921E-02  6.314E-02  5.756E-02  5.367E-02  5.040E-02  4.750E-02  4.254E-02  3.846E-02  3.097E-02  2.592E-02  2.231E-02  1.961E-02  1.752E-02  1.585E-02  1.335E-02  1.156E-02  1.022E-02  9.180E-03  8.344E-03  7.657E-03  6.597E-03  5.815E-03  5.212E-03  4.732E-03  4.341E-03  3.871E-03  3.500E-03  3.112E-03  2.740E-03  2.453E-03  2.223E-03  2.035E-03
2s_2p2_2De[5/2]-2p3_2Do[5/2]        2.309E+00  2.319E+00  2.301E+00  2.270E+00  2.240E+00  2.216E+00  2.186E+00  2.175E+00  2.185E+00  2.214E+00  2.245E+00  2.276E+00  2.305E+00  2.333E+00  2.384E+00  2.431E+00  2.473E+00  2.513E+00  2.551E+00  2.587E+00  2.654E+00  2.715E+00  2.771E+00  2.824E+00  2.873E+00  2.941E+00  3.001E+00  3.071E+00  3.141E+00  3.193E+00  3.227E+00  3.246E+00
2s_2p2_2De[5/2]-2p3_2Do[3/2]        2.377E-01  2.447E-01  2.451E-01  2.435E-01  2.417E-01  2.403E-01  2.389E-01  2.391E-01  2.422E-01  2.462E-01  2.501E-01  2.536E-01  2.568E-01  2.597E-01  2.648E-01  2.693E-01  2.734E-01  2.772E-01  2.807E-01  2.840E-01  2.901E-01  2.957E-01  3.007E-01  3.054E-01  3.098E-01  3.156E-01  3.207E-01  3.264E-01  3.319E-01  3.356E-01  3.377E-01  3.383E-01
2s_2p2_2De[5/2]-2p3_2Po[1/2]        4.392E-03  7.073E-03  8.448E-03  9.191E-03  9.640E-03  9.935E-03  1.029E-02  1.048E-02  1.070E-02  1.078E-02  1.080E-02  1.079E-02  1.077E-02  1.073E-02  1.063E-02  1.052E-02  1.041E-02  1.030E-02  1.020E-02  1.010E-02  9.920E-03  9.753E-03  9.599E-03  9.454E-03  9.314E-03  9.113E-03  8.918E-03  8.664E-03  8.357E-03  8.060E-03  7.776E-03  7.504E-03
2s_2p2_2De[5/2]-2p3_2Po[3/2]        4.046E-01  6.565E-01  7.883E-01  8.621E-01  9.090E-01  9.415E-01  9.841E-01  1.011E+00  1.050E+00  1.072E+00  1.088E+00  1.100E+00  1.110E+00  1.120E+00  1.136E+00  1.151E+00  1.166E+00  1.180E+00  1.194E+00  1.208E+00  1.235E+00  1.262E+00  1.287E+00  1.312E+00  1.335E+00  1.368E+00  1.399E+00  1.435E+00  1.472E+00  1.500E+00  1.519E+00  1.531E+00
2s_2p2_2Se[1/2]-2s_2p2_2Pe[1/2]     2.703E-02  4.795E-02  7.292E-02  9.108E-02  1.031E-01  1.111E-01  1.201E-01  1.240E-01  1.242E-01  1.192E-01  1.127E-01  1.062E-01  1.001E-01  9.447E-02  8.487E-02  7.708E-02  7.069E-02  6.539E-02  6.092E-02  5.711E-02  5.095E-02  4.618E-02  4.237E-02  3.926E-02  3.665E-02  3.344E-02  3.084E-02  2.804E-02  2.528E-02  2.308E-02  2.128E-02  1.977E-02
2s_2p2_2Se[1/2]-2s_2p2_2Pe[3/2]     4.588E-02  9.599E-02  1.608E-01  2.090E-01  2.415E-01  2.633E-01  2.883E-01  2.997E-01  3.023E-01  2.904E-01  2.745E-01  2.581E-01  2.427E-01  2.285E-01  2.042E-01  1.845E-01  1.683E-01  1.549E-01  1.437E-01  1.341E-01  1.186E-01  1.067E-01  9.727E-02  8.956E-02  8.314E-02  7.527E-02  6.895E-02  6.220E-02  5.562E-02  5.044E-02  4.623E-02  4.274E-02
2s_2p2_2Se[1/2]-2p3_4So[3/2]        1.865E-03  1.856E-03  1.844E-03  1.809E-03  1.762E-03  1.711E-03  1.611E-03  1.518E-03  1.331E-03  1.194E-03  1.092E-03  1.013E-03  9.498E-04  8.981E-04  8.182E-04  7.590E-04  7.129E-04  6.759E-04  6.453E-04  6.196E-04  5.785E-04  5.467E-04  5.212E-04  4.999E-04  4.817E-04  4.586E-04  4.391E-04  4.170E-04  3.935E-04  3.734E-04  3.557E-04  3.398E-04
2s_2p2_2Se[1/2]-2p3_2Do[5/2]        1.637E-02  2.239E-02  2.390E-02  2.397E-02  2.339E-02  2.254E-02  2.061E-02  1.878E-02  1.515E-02  1.266E-02  1.088E-02  9.567E-03  8.555E-03  7.753E-03  6.564E-03  5.725E-03  5.101E-03  4.619E-03  4.234E-03  3.921E-03  3.438E-03  3.084E-03  2.812E-03  2.596E-03  2.419E-03  2.208E-03  2.040E-03  1.864E-03  1.694E-03  1.561E-03  1.453E-03  1.363E-03
2s_2p2_2Se[1/2]-2p3_2Do[3/2]        3.117E-02  3.463E-02  3.539E-02  3.539E-02  3.517E-02  3.493E-02  3.459E-02  3.446E-02  3.459E-02  3.495E-02  3.536E-02  3.574E-02  3.610E-02  3.642E-02  3.699E-02  3.748E-02  3.791E-02  3.829E-02  3.864E-02  3.896E-02  3.953E-02  4.003E-02  4.048E-02  4.089E-02  4.126E-02  4.175E-02  4.217E-02  4.263E-02  4.303E-02  4.326E-02  4.331E-02  4.323E-02
2s_2p2_2Se[1/2]-2p3_2Po[1/2]        6.756E-02  1.095E-01  1.314E-01  1.436E-01  1.514E-01  1.567E-01  1.637E-01  1.681E-01  1.745E-01  1.783E-01  1.811E-01  1.833E-01  1.852E-01  1.869E-01  1.900E-01  1.928E-01  1.955E-01  1.980E-01  2.005E-01  2.029E-01  2.076E-01  2.121E-01  2.165E-01  2.206E-01  2.246E-01  2.301E-01  2.352E-01  2.411E-01  2.471E-01  2.516E-01  2.547E-01  2.565E-01
2s_2p2_2Se[1/2]-2p3_2Po[3/2]        2.490E-01  4.039E-01  4.849E-01  5.302E-01  5.589E-01  5.788E-01  6.050E-01  6.217E-01  6.469E-01  6.623E-01  6.738E-01  6.833E-01  6.917E-01  6.993E-01  7.134E-01  7.264E-01  7.388E-01  7.507E-01  7.623E-01  7.734E-01  7.945E-01  8.140E-01  8.318E-01  8.481E-01  8.630E-01  8.827E-01  8.997E-01  9.183E-01  9.358E-01  9.475E-01  9.542E-01  9.565E-01
2s_2p2_2Pe[1/2]-2s_2p2_2Pe[3/2]     2.164E-01  3.196E-01  3.927E-01  4.365E-01  4.628E-01  4.790E-01  4.947E-01  4.986E-01  4.861E-01  4.625E-01  4.374E-01  4.137E-01  3.923E-01  3.732E-01  3.410E-01  3.153E-01  2.945E-01  2.773E-01  2.629E-01  2.507E-01  2.310E-01  2.159E-01  2.038E-01  1.939E-01  1.857E-01  1.756E-01  1.673E-01  1.583E-01  1.493E-01  1.419E-01  1.356E-01  1.301E-01
2s_2p2_2Pe[1/2]-2p3_4So[3/2]        1.038E-01  1.033E-01  1.026E-01  1.004E-01  9.756E-02  9.445E-02  8.826E-02  8.261E-02  7.129E-02  6.313E-02  5.708E-02  5.242E-02  4.872E-02  4.571E-02  4.109E-02  3.769E-02  3.507E-02  3.297E-02  3.125E-02  2.981E-02  2.751E-02  2.574E-02  2.432E-02  2.314E-02  2.214E-02  2.087E-02  1.981E-02  1.864E-02  1.742E-02  1.640E-02  1.552E-02  1.475E-02
2s_2p2_2Pe[1/2]-2p3_2Do[5/2]        3.770E-02  4.751E-02  4.981E-02  4.983E-02  4.883E-02  4.736E-02  4.401E-02  4.076E-02  3.418E-02  2.957E-02  2.624E-02  2.376E-02  2.184E-02  2.031E-02  1.801E-02  1.638E-02  1.515E-02  1.419E-02  1.341E-02  1.277E-02  1.177E-02  1.102E-02  1.042E-02  9.940E-03  9.533E-03  9.022E-03  8.595E-03  8.116E-03  7.613E-03  7.186E-03  6.813E-03  6.482E-03
2s_2p2_2Pe[1/2]-2p3_2Do[3/2]        1.400E+00  1.403E+00  1.390E+00  1.371E+00  1.353E+00  1.341E+00  1.332E+00  1.335E+00  1.368E+00  1.408E+00  1.447E+00  1.482E+00  1.514E+00  1.543E+00  1.595E+00  1.640E+00  1.680E+00  1.717E+00  1.750E+00  1.782E+00  1.839E+00  1.890E+00  1.937E+00  1.980E+00  2.019E+00  2.073E+00  2.121E+00  2.176E+00  2.231E+00  2.272E+00  2.299E+00  2.315E+00
2s_2p2_2Pe[1/2]-2p3_2Po[1/2]        3.317E-01  5.379E-01  6.456E-01  7.058E-01  7.439E-01  7.703E-01  8.048E-01  8.269E-01  8.597E-01  8.795E-01  8.941E-01  9.061E-01  9.166E-01  9.261E-01  9.434E-01  9.594E-01  9.746E-01  9.892E-01  1.003E+00  1.018E+00  1.044E+00  1.070E+00  1.095E+00  1.119E+00  1.141E+00  1.172E+00  1.201E+00  1.234E+00  1.268E+00  1.293E+00  1.311E+00  1.322E+00
2s_2p2_2Pe[1/2]-2p3_2Po[3/2]        8.328E-02  1.351E-01  1.621E-01  1.773E-01  1.869E-01  1.936E-01  2.023E-01  2.079E-01  2.163E-01  2.215E-01  2.253E-01  2.285E-01  2.313E-01  2.338E-01  2.385E-01  2.429E-01  2.471E-01  2.511E-01  2.551E-01  2.589E-01  2.665E-01  2.738E-01  2.809E-01  2.877E-01  2.942E-01  3.034E-01  3.119E-01  3.219E-01  3.324E-01  3.405E-01  3.464E-01  3.504E-01
2s_2p2_2Pe[3/2]-2p3_4So[3/2]        2.110E-01  2.098E-01  2.085E-01  2.041E-01  1.982E-01  1.919E-01  1.793E-01  1.679E-01  1.449E-01  1.283E-01  1.160E-01  1.065E-01  9.904E-02  9.293E-02  8.356E-02  7.667E-02  7.136E-02  6.713E-02  6.365E-02  6.074E-02  5.610E-02  5.252E-02  4.965E-02  4.727E-02  4.525E-02  4.271E-02  4.059E-02  3.822E-02  3.577E-02  3.372E-02  3.195E-02  3.040E-02
2s_2p2_2Pe[3/2]-2p3_2Do[5/2]        2.497E+00  2.510E+00  2.487E+00  2.450E+00  2.416E+00  2.390E+00  2.361E+00  2.355E+00  2.388E+00  2.439E+00  2.492E+00  2.542E+00  2.588E+00  2.631E+00  2.709E+00  2.778E+00  2.840E+00  2.898E+00  2.951E+00  3.001E+00  3.093E+00  3.176E+00  3.252E+00  3.323E+00  3.388E+00  3.478E+00  3.558E+00  3.650E+00  3.743E+00  3.812E+00  3.859E+00  3.888E+00
2s_2p2_2Pe[3/2]-2p3_2Do[3/2]        3.600E-01  3.728E-01  3.722E-01  3.666E-01  3.593E-01  3.519E-01  3.391E-01  3.292E-01  3.140E-01  3.064E-01  3.025E-01  3.007E-01  3.000E-01  3.001E-01  3.015E-01  3.039E-01  3.066E-01  3.096E-01  3.127E-01  3.158E-01  3.219E-01  3.277E-01  3.334E-01  3.387E-01  3.437E-01  3.506E-01  3.568E-01  3.640E-01  3.711E-01  3.762E-01  3.794E-01  3.809E-01
2s_2p2_2Pe[3/2]-2p3_2Po[1/2]        1.416E-01  2.306E-01  2.772E-01  3.034E-01  3.201E-01  3.318E-01  3.474E-01  3.576E-01  3.736E-01  3.841E-01  3.922E-01  3.991E-01  4.052E-01  4.107E-01  4.206E-01  4.295E-01  4.378E-01  4.454E-01  4.527E-01  4.597E-01  4.727E-01  4.847E-01  4.958E-01  5.062E-01  5.159E-01  5.291E-01  5.408E-01  5.543E-01  5.677E-01  5.776E-01  5.841E-01  5.878E-01
2s_2p2_2Pe[3/2]-2p3_2Po[3/2]        7.777E-01  1.266E+00  1.522E+00  1.666E+00  1.757E+00  1.821E+00  1.907E+00  1.962E+00  2.049E+00  2.105E+00  2.149E+00  2.185E+00  2.217E+00  2.247E+00  2.300E+00  2.347E+00  2.391E+00  2.432E+00  2.471E+00  2.508E+00  2.577E+00  2.641E+00  2.700E+00  2.755E+00  2.807E+00  2.878E+00  2.942E+00  3.016E+00  3.089E+00  3.144E+00  3.180E+00  3.201E+00
2p3_4So[3/2]   -2p3_2Do[5/2]        2.391E-01  2.384E-01  2.369E-01  2.351E-01  2.331E-01  2.312E-01  2.279E-01  2.251E-01  2.197E-01  2.154E-01  2.116E-01  2.080E-01  2.047E-01  2.016E-01  1.958E-01  1.907E-01  1.859E-01  1.816E-01  1.775E-01  1.738E-01  1.669E-01  1.609E-01  1.554E-01  1.504E-01  1.458E-01  1.396E-01  1.340E-01  1.274E-01  1.201E-01  1.138E-01  1.082E-01  1.032E-01
2p3_4So[3/2]   -2p3_2Do[3/2]        1.595E-01  1.590E-01  1.580E-01  1.567E-01  1.554E-01  1.542E-01  1.520E-01  1.502E-01  1.466E-01  1.437E-01  1.412E-01  1.388E-01  1.366E-01  1.346E-01  1.307E-01  1.273E-01  1.241E-01  1.212E-01  1.185E-01  1.160E-01  1.115E-01  1.074E-01  1.037E-01  1.004E-01  9.736E-02  9.321E-02  8.950E-02  8.509E-02  8.027E-02  7.605E-02  7.232E-02  6.897E-02
2p3_4So[3/2]   -2p3_2Po[1/2]        1.637E-02  2.633E-02  3.141E-02  3.414E-02  3.577E-02  3.681E-02  3.801E-02  3.858E-02  3.896E-02  3.876E-02  3.835E-02  3.787E-02  3.736E-02  3.684E-02  3.585E-02  3.491E-02  3.403E-02  3.323E-02  3.249E-02  3.180E-02  3.057E-02  2.950E-02  2.855E-02  2.770E-02  2.692E-02  2.586E-02  2.490E-02  2.374E-02  2.245E-02  2.129E-02  2.025E-02  1.930E-02
2p3_4So[3/2]   -2p3_2Po[3/2]        3.258E-02  5.240E-02  6.253E-02  6.796E-02  7.120E-02  7.328E-02  7.565E-02  7.681E-02  7.756E-02  7.715E-02  7.635E-02  7.539E-02  7.438E-02  7.336E-02  7.137E-02  6.951E-02  6.777E-02  6.617E-02  6.470E-02  6.333E-02  6.089E-02  5.876E-02  5.688E-02  5.517E-02  5.362E-02  5.150E-02  4.959E-02  4.728E-02  4.471E-02  4.241E-02  4.034E-02  3.846E-02
2p3_2Do[5/2]   -2p3_2Do[3/2]        3.263E-01  3.282E-01  3.271E-01  3.247E-01  3.219E-01  3.191E-01  3.139E-01  3.094E-01  3.006E-01  2.936E-01  2.876E-01  2.822E-01  2.773E-01  2.728E-01  2.645E-01  2.572E-01  2.506E-01  2.446E-01  2.391E-01  2.340E-01  2.249E-01  2.169E-01  2.097E-01  2.032E-01  1.973E-01  1.894E-01  1.823E-01  1.738E-01  1.646E-01  1.564E-01  1.491E-01  1.426E-01
2p3_2Do[5/2]   -2p3_2Po[1/2]        3.858E-02  6.230E-02  7.455E-02  8.125E-02  8.538E-02  8.814E-02  9.151E-02  9.343E-02  9.560E-02  9.627E-02  9.638E-02  9.622E-02  9.593E-02  9.559E-02  9.483E-02  9.409E-02  9.339E-02  9.275E-02  9.217E-02  9.164E-02  9.071E-02  8.992E-02  8.924E-02  8.863E-02  8.809E-02  8.734E-02  8.666E-02  8.579E-02  8.470E-02  8.356E-02  8.236E-02  8.109E-02
2p3_2Do[5/2]   -2p3_2Po[3/2]        9.749E-02  1.576E-01  1.888E-01  2.060E-01  2.167E-01  2.239E-01  2.329E-01  2.383E-01  2.449E-01  2.476E-01  2.488E-01  2.493E-01  2.494E-01  2.494E-01  2.490E-01  2.485E-01  2.480E-01  2.476E-01  2.473E-01  2.470E-01  2.466E-01  2.464E-01  2.464E-01  2.464E-01  2.464E-01  2.465E-01  2.465E-01  2.463E-01  2.456E-01  2.444E-01  2.426E-01  2.403E-01
2p3_2Do[3/2]   -2p3_2Po[1/2]        3.696E-02  5.980E-02  7.166E-02  7.822E-02  8.232E-02  8.510E-02  8.862E-02  9.072E-02  9.344E-02  9.467E-02  9.532E-02  9.568E-02  9.590E-02  9.603E-02  9.617E-02  9.624E-02  9.629E-02  9.634E-02  9.639E-02  9.645E-02  9.659E-02  9.675E-02  9.693E-02  9.711E-02  9.730E-02  9.756E-02  9.778E-02  9.798E-02  9.803E-02  9.784E-02  9.739E-02  9.672E-02
2p3_2Do[3/2]   -2p3_2Po[3/2]        5.352E-02  8.644E-02  1.035E-01  1.128E-01  1.185E-01  1.224E-01  1.271E-01  1.298E-01  1.329E-01  1.339E-01  1.342E-01  1.340E-01  1.337E-01  1.333E-01  1.324E-01  1.315E-01  1.307E-01  1.299E-01  1.292E-01  1.286E-01  1.275E-01  1.266E-01  1.259E-01  1.253E-01  1.247E-01  1.239E-01  1.232E-01  1.223E-01  1.210E-01  1.197E-01  1.182E-01  1.165E-01
2p3_2Po[1/2]   -2p3_2Po[3/2]        4.493E-02  7.233E-02  8.637E-02  9.393E-02  9.849E-02  1.015E-01  1.049E-01  1.066E-01  1.080E-01  1.077E-01  1.069E-01  1.058E-01  1.045E-01  1.033E-01  1.008E-01  9.840E-02  9.617E-02  9.409E-02  9.215E-02  9.033E-02  8.703E-02  8.409E-02  8.145E-02  7.905E-02  7.685E-02  7.386E-02  7.118E-02  6.798E-02  6.445E-02  6.133E-02  5.853E-02  5.601E-02
