!
! Free-free cross-section for Hminus.
!      Units are 10^{-26} cm^4 dyn^{-1}
!
! Reference: \cite{BB87_Hmin}
!

11        [NTHETA]
22        [NLAM]

              0.5     0.6     0.8     1.0     1.2     1.4    1.6    1.8     2.0     2.8    3.6
151890       75.1    90.0   118.0   144.0   168.0   191    212    234     253      325   388
113918       43.3    50.6    66.4    80.8    94.5   107    120    131     142      183   219
 91134       27.0    32.4    42.6    51.9    60.7    68.9   76.8   84.2    91.4    117   140
 45567       6.79    8.16    10.7    13.1    15.3    17.4   19.4   21.2    23.0    29.5  35.0
 30378       3.04    3.65    4.80    5.86    6.86     7.79   8.67   9.50   10.3    13.2   15.6
 22784       1.73    2.08    2.74    3.37    3.90     4.50   5.01   5.50    5.95    7.59   9.06
 18227       1.11    1.34    1.77    2.17    2.53     2.87   3.20   3.51    3.80    4.92   5.97
 15189       0.781   0.941   1.24    1.52    1.78     2.02   2.26   2.48    2.69    3.52   4.31
 13019       0.579   0.699   0.924   1.13    1.33     1.51   1.69   1.86    2.02    2.67   3.31
 11392       0.448   0.539   0.711   0.871   1.02     1.16   1.29   1.43    1.57    2.09   2.60
 10126       0.358   0.432   0.572   0.702   0.825    0.943  1.06   1.17    1.28    1.73   2.17
  9113       0.293   0.354   0.468   0.576   0.677    0.777  0.874  0.969   1.06    1.45   1.83
  7595       0.208   0.250   0.332   0.409   0.484    0.557  0.630  0.702   0.774   1.06   1.36
  6510       0.154   0.188   0.249   0.309   0.367    0.424  0.482  0.539   0.597   0.830  1.07
  5696       0.121   0.146   0.195   0.241   0.288    0.334  0.381  0.428   0.475   0.667  0.861
  5063       0.0965  0.117   0.157   0.195   0.234    0.272  0.311  0.351   0.390   0.549  0.711
  4557       0.0791  0.0959  0.129   0.161   0.194    0.227  0.260  0.293   0.327   0.463  0.602
  3645       0.0520  0.0633  0.0859  0.108   0.131    0.154  0.178  0.201   0.225   0.321  0.418
  3038       0.0364  0.0447  0.0616  0.0789  0.0966   0.114  0.132  0.150   0.169   0.243  0.318
  2604       0.0277  0.0342  0.0476  0.0615  0.0760   0.908  0.105  0.121   0.136   0.188  0.262
  2278       0.0228  0.0280  0.0388  0.0499  0.0614   0.0732 0.0851 0.0972  0.110   0.160  0.211
  1823       0.0178  0.0222  0.0308  0.0402  0.0498   0.0596 0.0695 0.0795  0.0896  0.131  0.172
