********************************************************************************
                                               
                Super level assignments for Nk VI
                E%LS option with E%=2%

********************************************************************************

11-Jun-2001                            !Date
1000                                   !Number of energy levels
6                                      !Entry number of link to super level
  
3d5_6Se[5/2]                6.0          0.0000    26.0819   1.149E+02     1     0      1
3d5_4Ge[11/2]              12.0      41920.9000    24.8252   1.208E+02     2     0      2
3d5_4Ge[5/2]                6.0      42003.6000    24.8227   1.208E+02     2     0      3
3d5_4Ge[9/2]               10.0      42023.2000    24.8221   1.208E+02     2     0      4
3d5_4Ge[7/2]                8.0      42035.1000    24.8218   1.208E+02     2     0      5
3d5_4Pe[5/2]                6.0      45884.2000    24.7064   1.213E+02     3     0      6
3d5_4Pe[3/2]                4.0      46104.4000    24.6998   1.214E+02     3     0      7
3d5_4Pe[1/2]                2.0      46324.8000    24.6932   1.214E+02     3     0      8
3d5_4De[7/2]                8.0      50331.0000    24.5731   1.220E+02     4     0      9
3d5_4De[1/2]                2.0      50643.5000    24.5637   1.220E+02     4     0     10
3d5_4De[5/2]                6.0      50777.6000    24.5597   1.221E+02     4     0     11
3d5_4De[3/2]                4.0      50780.5000    24.5596   1.221E+02     4     0     12
3d5_2Ie[11/2]              12.0      61196.0000    24.2473   1.236E+02     5     0     13
3d5_2Ie[13/2]              14.0      61279.5000    24.2448   1.237E+02     5     0     14
3d5_2D3e[5/2]               6.0      64152.4000    24.1587   1.241E+02     6     0     15
3d5_2D3e[3/2]               4.0      65173.5000    24.1281   1.243E+02     6     0     16
3d5_2F1e[7/2]               8.0      67085.1000    24.0708   1.245E+02     7     0     17
3d5_4Fe[5/2]                6.0      68444.9000    24.0300   1.248E+02     8     0     18
3d5_4Fe[9/2]               10.0      68551.2000    24.0268   1.248E+02     8     0     19
3d5_4Fe[7/2]                8.0      68801.7000    24.0193   1.248E+02     8     0     20
3d5_4Fe[3/2]                4.0      69173.5000    24.0082   1.249E+02     8     0     21
3d5_2F1e[5/2]               6.0      69447.0000    24.0000   1.249E+02     7     0     22
3d5_2He[9/2]               10.0      72908.8000    23.8962   1.255E+02     9     0     23
3d5_2He[11/2]              12.0      73756.6000    23.8708   1.256E+02     9     0     24
3d5_2G2e[7/2]               8.0      74627.7000    23.8447   1.257E+02    10     0     25
3d5_2G2e[9/2]              10.0      75441.7000    23.8203   1.259E+02    10     0     26
3d5_2F2e[5/2]               6.0      79391.4000    23.7018   1.265E+02    11     0     27
3d5_2F2e[7/2]               8.0      79608.3000    23.6953   1.265E+02    11     0     28
3d5_2Se[1/2]                2.0      86532.1000    23.4878   1.276E+02    12     0     29
3d5_2D2e[3/2]               4.0      96461.2000    23.1901   1.293E+02    13     0     30
3d5_2D2e[5/2]               6.0      96566.5000    23.1870   1.293E+02    13     0     31
3d5_2G1e[9/2]              10.0     107848.3000    22.8487   1.312E+02    14     0     32
3d5_2G1e[7/2]               8.0     107887.0000    22.8476   1.312E+02    14     0     33
3d5_2Pe[3/2]                4.0     129951.6000    22.1861   1.351E+02    15     0     34
3d5_2Pe[1/2]                2.0     130025.9000    22.1839   1.351E+02    15     0     35
3d5_2D1e[5/2]               6.0     140922.2000    21.8572   1.372E+02    16     0     36
3d5_2D1e[3/2]               4.0     141006.8000    21.8547   1.372E+02    16     0     37
3d4(5D)4s_6De[1/2]          2.0     295882.7000    17.2116   1.742E+02    17     0     38
3d4(5D)4s_6De[3/2]          4.0     296198.1000    17.2021   1.743E+02    17     0     39
3d4(5D)4s_6De[5/2]          6.0     296696.7000    17.1872   1.744E+02    17     0     40
3d4(5D)4s_6De[7/2]          8.0     297350.5000    17.1676   1.746E+02    17     0     41
3d4(5D)4s_6De[9/2]         10.0     298130.5000    17.1442   1.749E+02    17     0     42
3d4(5D)4s_4De[1/2]          2.0     307843.9000    16.8530   1.779E+02    18     0     43
3d4(5D)4s_4De[3/2]          4.0     308323.8000    16.8386   1.780E+02    18     0     44
3d4(5D)4s_4De[5/2]          6.0     309054.9000    16.8167   1.783E+02    18     0     45
3d4(5D)4s_4De[7/2]          8.0     309977.1000    16.7891   1.786E+02    18     0     46
3d4(3P2)4s_4Pe[1/2]         2.0     328437.2000    16.2356   1.847E+02    19     0     47
3d4(3H)4s_4He[7/2]          8.0     329486.2000    16.2042   1.850E+02    19     0     48
3d4(3H)4s_4He[9/2]         10.0     329754.2000    16.1962   1.851E+02    19     0     49
3d4(3P2)4s_4Pe[3/2]         4.0     330001.6000    16.1887   1.852E+02    19     0     50
3d4(3H)4s_4He[11/2]        12.0     330141.0000    16.1846   1.852E+02    19     0     51
3d4(3H)4s_4He[13/2]        14.0     330580.5000    16.1714   1.854E+02    19     0     52
3d4(3F2)4s_4Fe[3/2]         4.0     332031.8000    16.1279   1.859E+02    19     0     53
3d4(3F2)4s_4Fe[5/2]         6.0     332051.6000    16.1273   1.859E+02    19     0     54
3d4(3F2)4s_4Fe[7/2]         8.0     332175.4000    16.1236   1.859E+02    19     0     55
3d4(3F2)4s_4Fe[9/2]        10.0     332343.6000    16.1185   1.860E+02    19     0     56
3d4(3P2)4s_4Pe[5/2]         6.0     332344.8000    16.1185   1.860E+02    19     0     57
3d4(3G)4s_4Ge[5/2]          6.0     335384.5000    16.0274   1.871E+02    20     0     58
3d4(3G)4s_4Ge[7/2]          8.0     335976.0000    16.0096   1.873E+02    20     0     59
3d4(3G)4s_4Ge[9/2]         10.0     336344.9000    15.9986   1.874E+02    20     0     60
3d4(3P2)4s_2Pe[1/2]         2.0     336404.8000    15.9968   1.874E+02    21     0     61
3d4(3G)4s_4Ge[11/2]        12.0     336430.4000    15.9960   1.874E+02    20     0     62
3d4(3H)4s_2He[9/2]         10.0     337007.7000    15.9787   1.876E+02    21     0     63
3d4(3H)4s_2He[11/2]        12.0     337993.9000    15.9491   1.880E+02    21     0     64
3d4(3P2)4s_2Pe[3/2]         4.0     339260.1000    15.9112   1.884E+02    21     0     65
3d4(3F2)4s_2Fe[7/2]         8.0     339335.8000    15.9089   1.884E+02    21     0     66
3d4(3F2)4s_2Fe[5/2]         6.0     339482.4000    15.9045   1.885E+02    21     0     67
3d4(3G)4s_2Ge[7/2]          8.0     343052.0000    15.7975   1.898E+02    22     0     68
3d4(3G)4s_2Ge[9/2]         10.0     343842.6000    15.7738   1.901E+02    22     0     69
3d4(3D)4s_4De[7/2]          8.0     343999.6000    15.7691   1.901E+02    23     0     70
3d4(3D)4s_4De[5/2]          6.0     344203.5000    15.7630   1.902E+02    23     0     71
3d4(3D)4s_4De[3/2]          4.0     344447.4000    15.7557   1.903E+02    23     0     72
3d4(3D)4s_4De[1/2]          2.0     345447.8910    15.7257   1.906E+02    23     0     73
3d4(1G2)4s_2Ge[9/2]        10.0     347278.5000    15.6708   1.913E+02    22     0     74
3d4(1G2)4s_2Ge[7/2]         8.0     347445.2000    15.6658   1.914E+02    22     0     75
3d4(1I)4s_2Ie[13/2]        14.0     347892.4000    15.6524   1.915E+02    22     0     76
3d4(1I)4s_2Ie[11/2]        12.0     347963.9000    15.6502   1.916E+02    22     0     77
3d4(3D)4s_2De[5/2]          6.0     351033.0000    15.5582   1.927E+02    24     0     78
3d4(1S2)4s_2Se[1/2]         2.0     351096.2000    15.5563   1.927E+02    24     0     79
3d4(3D)4s_2De[3/2]          4.0     351304.0000    15.5501   1.928E+02    24     0     80
3d4(1D2)4s_2De[5/2]         6.0     358716.6000    15.3279   1.956E+02    25     0     81
3d4(1D2)4s_2De[3/2]         4.0     358827.9000    15.3246   1.956E+02    25     0     82
3d4(1F)4s_2Fe[5/2]          6.0     366289.8000    15.1009   1.985E+02    26     0     83
3d4(1F)4s_2Fe[7/2]          8.0     366299.8000    15.1006   1.985E+02    26     0     84
3d4(3P1)4s_4Pe[5/2]         6.0     374843.9000    14.8444   2.020E+02    27     0     85
3d4(3F1)4s_4Fe[9/2]        10.0     375673.0000    14.8196   2.023E+02    27     0     86
3d4(3F1)4s_4Fe[3/2]         4.0     375870.8000    14.8136   2.024E+02    27     0     87
3d4(3F1)4s_4Fe[7/2]         8.0     375927.1000    14.8119   2.024E+02    27     0     88
3d4(3F1)4s_4Fe[5/2]         6.0     375949.8000    14.8113   2.024E+02    27     0     89
3d4(3P1)4s_4Pe[3/2]         4.0     376343.7000    14.7994   2.026E+02    27     0     90
3d4(3P)4s_4Pe[1/2]          2.0     376847.2570    14.7843   2.028E+02    27     0     91
3d4(5D)4p_6Fo[1/2]          2.0     380756.7000    14.6671   2.044E+02    28     0     92
3d4(5D)4p_6Fo[3/2]          4.0     381163.8000    14.6549   2.046E+02    28     0     93
3d4(5D)4p_6Fo[5/2]          6.0     381832.8000    14.6349   2.048E+02    28     0     94
3d4(3P)4s_2Pe[3/2]          4.0     382048.8700    14.6284   2.049E+02    29     0     95
3d4(3F1)4s_2Fe[7/2]         8.0     382677.1000    14.6096   2.052E+02    29     0     96
3d4(5D)4p_6Fo[7/2]          8.0     382758.9000    14.6071   2.052E+02    28     0     97
3d4(3F1)4s_2Fe[5/2]         6.0     382889.1000    14.6032   2.053E+02    29     0     98
3d4(5D)4p_6Po[3/2]          4.0     383557.8000    14.5832   2.056E+02    28     0     99
3d4(3P)4s_2Pe[1/2]          2.0     383577.7050    14.5826   2.056E+02    29     0    100
3d4(5D)4p_6Po[5/2]          6.0     383739.8000    14.5777   2.057E+02    28     0    101
3d4(5D)4p_6Fo[9/2]         10.0     383960.2000    14.5711   2.057E+02    28     0    102
3d4(5D)4p_6Po[7/2]          8.0     384096.5000    14.5670   2.058E+02    28     0    103
3d4(5D)4p_4Po[1/2]          2.0     384747.4000    14.5475   2.061E+02    30     0    104
3d4(5D)4p_6Fo[11/2]        12.0     385520.9000    14.5243   2.064E+02    28     0    105
3d4(5D)4p_4Po[3/2]          4.0     386157.3000    14.5052   2.067E+02    30     0    106
3d4(5D)4p_6Do[5/2]          6.0     387849.9000    14.4545   2.074E+02    31     0    107
3d4(5D)4p_6Do[1/2]          2.0     388918.6000    14.4225   2.079E+02    31     0    108
3d4(5D)4p_6Do[3/2]          4.0     389214.0000    14.4136   2.080E+02    31     0    109
3d4(5D)4p_6Do[7/2]          8.0     389243.4000    14.4127   2.080E+02    31     0    110
3d4(1G1)4s_2Ge[9/2]        10.0     389299.6000    14.4110   2.080E+02    29     0    111
3d4(1G1)4s_2Ge[7/2]         8.0     389362.5000    14.4091   2.081E+02    29     0    112
3d4(5D)4p_4Po[5/2]          6.0     389760.4000    14.3972   2.082E+02    30     0    113
3d4(5D)4p_6Do[9/2]         10.0     389883.2000    14.3935   2.083E+02    31     0    114
3d4(5D)4p_4Fo[3/2]          4.0     392808.1000    14.3059   2.096E+02    32     0    115
3d4(5D)4p_4Fo[5/2]          6.0     393072.0000    14.2979   2.097E+02    32     0    116
3d4(5D)4p_4Fo[7/2]          8.0     393468.2000    14.2861   2.098E+02    32     0    117
3d4(5D)4p_4Fo[9/2]         10.0     394061.0000    14.2683   2.101E+02    32     0    118
3d4(5D)4p_4Do[1/2]          2.0     400962.1000    14.0614   2.132E+02    33     0    119
3d4(5D)4p_4Do[3/2]          4.0     401280.9000    14.0518   2.133E+02    33     0    120
3d4(5D)4p_4Do[5/2]          6.0     401720.9000    14.0387   2.135E+02    33     0    121
3d4(5D)4p_4Do[7/2]          8.0     402171.3000    14.0252   2.138E+02    33     0    122
3d4(3H)4p_4Ho[7/2]          8.0     411669.4000    13.7404   2.182E+02    34     0    123
3d4(3H)4p_4Ho[9/2]         10.0     412095.6000    13.7276   2.184E+02    34     0    124
3d4(3P2)4p_4Do[1/2]         2.0     412248.2000    13.7231   2.185E+02    35     0    125
3d4(3H)4p_4Ho[11/2]        12.0     412751.1000    13.7080   2.187E+02    34     0    126
3d4(3P2)4p_4Do[3/2]         4.0     413553.1000    13.6839   2.191E+02    35     0    127
3d4(3H)4p_4Ho[13/2]        14.0     413631.6000    13.6816   2.191E+02    34     0    128
3d4(3P2)4p_4Do[5/2]         6.0     415144.5000    13.6362   2.199E+02    35     0    129
3d4(3F2)4p_4Go[5/2]         6.0     415382.0000    13.6291   2.200E+02    36     0    130
3d4(3F2)4p_4Go[7/2]         8.0     415640.8000    13.6213   2.201E+02    36     0    131
3d4(3H)4p_4Io[9/2]         10.0     415754.3000    13.6179   2.201E+02    34     0    132
3d4(3H)4p_4Ibo[9/2]        10.0     416422.3000    13.5979   2.205E+02    34     0    133
3d4(3P2)4p_4Po[1/2]         2.0     416459.0000    13.5968   2.205E+02    35     0    134
3d4(3F2)4p_4Do[7/2]         8.0     416493.0000    13.5958   2.205E+02    36     0    135
3d4(3H)4p_4Io[11/2]        12.0     417164.1000    13.5757   2.208E+02    34     0    136
3d4(1D)4s_2De[5/2]          6.0     417216.8120    13.5741   2.209E+02    37     0    137
3d4(1D)4s_2De[3/2]          4.0     417219.2120    13.5740   2.209E+02    37     0    138
3d4(3H)4p_4Go[11/2]        12.0     417538.4000    13.5645   2.210E+02    34     0    139
3d4(3H)4p_2Go[7/2]          8.0     417717.7000    13.5591   2.211E+02    38     0    140
3d4(3H)4p_2Go[9/2]         10.0     418368.8000    13.5396   2.214E+02    38     0    141
3d4(3P2)4p_4Po[3/2]         4.0     418491.4000    13.5359   2.215E+02    35     0    142
3d4(3H)4p_4Io[13/2]        14.0     418553.6000    13.5340   2.215E+02    34     0    143
3d4(3F2)4p_4Fo[3/2]         4.0     418713.4000    13.5292   2.216E+02    36     0    144
3d4(3H)4p_4Go[5/2]          6.0     419390.5000    13.5089   2.219E+02    34     0    145
3d4(3H)4p_4Io[15/2]        16.0     419533.5000    13.5046   2.220E+02    34     0    146
3d4(3F2)4p_4Fo[5/2]         6.0     419844.7000    13.4953   2.221E+02    36     0    147
3d4(3H)4p_4Go[7/2]          8.0     419863.3000    13.4948   2.222E+02    34     0    148
3d4(3P2)4p_4Pbo[1/2]        2.0     419961.5000    13.4918   2.222E+02    35     0    149
3d4(3F2)4p_4Go[9/2]        10.0     420080.0000    13.4883   2.223E+02    36     0    150
3d4(3P2)4p_4Po[5/2]         6.0     420308.9000    13.4814   2.224E+02    35     0    151
3d4(3F2)4p_4Fo[7/2]         8.0     420553.2000    13.4741   2.225E+02    36     0    152
3d4(3F2)4p_4Go[11/2]       12.0     420623.4000    13.4720   2.225E+02    36     0    153
3d4(3P2)4p_2Po[3/2]         4.0     420722.0000    13.4690   2.226E+02    38     0    154
3d4(3F2)4p_4Fo[9/2]        10.0     420835.3000    13.4656   2.226E+02    36     0    155
3d4(3F2)4p_2Do[5/2]         6.0     421324.3000    13.4510   2.229E+02    38     0    156
3d4(3F2)4p_4Fbo[3/2]        4.0     421607.2000    13.4425   2.230E+02    36     0    157
3d4(3F2)4p_2Dbo[5/2]        6.0     421894.0000    13.4339   2.232E+02    38     0    158
3d4(3P2)4p_4Do[7/2]         8.0     422306.6000    13.4215   2.234E+02    35     0    159
3d4(3F2)4p_4Do[1/2]         2.0     422369.4000    13.4196   2.234E+02    36     0    160
3d4(3F2)4p_4Do[3/2]         4.0     422437.2000    13.4176   2.234E+02    36     0    161
3d4(3H)4p_2Io[11/2]        12.0     422642.4000    13.4114   2.235E+02    38     0    162
3d4(3H)4p_2Io[13/2]        14.0     422711.8000    13.4094   2.236E+02    38     0    163
3d4(3G)4p_2Fo[5/2]          6.0     422897.8000    13.4038   2.237E+02    38     0    164
3d4(3H)4p_2Ho[9/2]         10.0     423065.5000    13.3988   2.237E+02    38     0    165
3d4(3G)4p_4Ho[7/2]          8.0     423341.4000    13.3905   2.239E+02    39     0    166
3d4(3G)4p_4Fo[7/2]          8.0     423645.8000    13.3814   2.240E+02    39     0    167
3d4(3P2)4p_2Po[1/2]         2.0     423646.8000    13.3813   2.240E+02    38     0    168
3d4(3G)4p_4Fo[3/2]          4.0     423710.5000    13.3794   2.241E+02    39     0    169
3d4(3G)4p_4Fo[9/2]         10.0     423763.3000    13.3778   2.241E+02    39     0    170
3d4(3G)4p_4Fo[5/2]          6.0     424217.9000    13.3642   2.243E+02    39     0    171
3d4(3G)4p_4Fbo[3/2]         4.0     424235.1000    13.3637   2.243E+02    39     0    172
3d4(3F2)4p_4Dbo[7/2]        8.0     424346.1000    13.3604   2.244E+02    39     0    173
3d4(3G)4p_4Ho[11/2]        12.0     424363.7000    13.3598   2.244E+02    39     0    174
3d4(3G)4p_4Ho[9/2]         10.0     424537.0000    13.3546   2.245E+02    39     0    175
3d4(3G)4p_4Hbo[11/2]       12.0     425567.6000    13.3237   2.250E+02    39     0    176
3d4(3P2)4p_2Do[3/2]         4.0     425703.1000    13.3197   2.251E+02    40     0    177
3d4(3G)4p_4Ho[13/2]        14.0     426451.9000    13.2972   2.255E+02    39     0    178
3d4(3F2)4p_2Fo[5/2]         6.0     427096.5000    13.2779   2.258E+02    40     0    179
3d4(3P2)4p_2Do[5/2]         6.0     427342.2000    13.2705   2.259E+02    40     0    180
3d4(3F2)4p_2Go[7/2]         8.0     427575.0000    13.2636   2.260E+02    40     0    181
3d4(3G)4p_2Ho[11/2]        12.0     427702.7000    13.2597   2.261E+02    40     0    182
3d4(3G)4p_4Go[9/2]         10.0     427995.6000    13.2510   2.262E+02    39     0    183
3d4(3G)4p_2Ho[9/2]         10.0     428051.5000    13.2493   2.263E+02    40     0    184
3d4(3F2)4p_2Fo[7/2]         8.0     428221.4000    13.2442   2.264E+02    40     0    185
3d4(3G)4p_4Go[5/2]          6.0     428496.5000    13.2359   2.265E+02    39     0    186
3d4(3G)4p_4Go[7/2]          8.0     428866.5000    13.2248   2.267E+02    39     0    187
3d4(3G)4p_4Gbo[9/2]        10.0     429486.3000    13.2063   2.270E+02    39     0    188
3d4(3G)4p_4Go[11/2]        12.0     430033.3000    13.1899   2.273E+02    39     0    189
3d4(3D)4p_4Do[1/2]          2.0     430898.8000    13.1639   2.277E+02    41     0    190
3d4(3D)4p_4Do[3/2]          4.0     430971.9000    13.1617   2.278E+02    41     0    191
3d4(3D)4p_4Po[5/2]          6.0     431019.9000    13.1603   2.278E+02    41     0    192
3d4(3D)4p_4Do[7/2]          8.0     431912.6000    13.1335   2.283E+02    41     0    193
3d4(3D)4p_4Do[5/2]          6.0     432295.7000    13.1220   2.285E+02    41     0    194
3d4(1I)4p_2Io[13/2]        14.0     432616.6000    13.1124   2.286E+02    40     0    195
3d4(1G2)4p_2Fo[7/2]         8.0     432800.1000    13.1069   2.287E+02    42     0    196
3d4(1I)4p_2Io[11/2]        12.0     432932.0000    13.1030   2.288E+02    40     0    197
3d4(3G)4p_2Go[9/2]         10.0     433371.2000    13.0898   2.290E+02    40     0    198
3d4(3D)4p_4Po[3/2]          4.0     433462.5000    13.0871   2.291E+02    41     0    199
3d4(3G)4p_2Go[7/2]          8.0     433517.3000    13.0854   2.291E+02    40     0    200
3d4(1S2)4p_2Po[1/2]         2.0     433936.9000    13.0728   2.293E+02    42     0    201
3d4(1G2)4p_2Ho[9/2]        10.0     434167.3000    13.0659   2.294E+02    42     0    202
3d4(3D)4p_4Fo[3/2]          4.0     434200.9000    13.0649   2.295E+02    41     0    203
3d4(3D)4p_4Po[1/2]          2.0     434281.6000    13.0625   2.295E+02    41     0    204
3d4(3D)4p_4Fo[5/2]          6.0     434625.7000    13.0522   2.297E+02    41     0    205
3d4(3D)4p_2Po[3/2]          4.0     434995.8000    13.0411   2.299E+02    42     0    206
3d4(1G2)4p_2Fo[5/2]         6.0     434997.0000    13.0411   2.299E+02    42     0    207
3d4(1G2)4p_2Ho[11/2]       12.0     435011.5000    13.0406   2.299E+02    42     0    208
3d4(3D)4p_4Fo[7/2]          8.0     435116.2000    13.0375   2.299E+02    41     0    209
3d4(1I)4p_2Ko[13/2]        14.0     435165.4000    13.0360   2.300E+02    42     0    210
3d4(3D)4p_4Fo[9/2]         10.0     435459.4000    13.0272   2.301E+02    41     0    211
3d4(1I)4p_2Ko[15/2]        16.0     436550.3000    12.9945   2.307E+02    42     0    212
3d4(1G2)4p_2Go[7/2]         8.0     437919.7000    12.9534   2.314E+02    42     0    213
3d4(1G2)4p_2Go[9/2]        10.0     438639.4000    12.9319   2.318E+02    42     0    214
3d4(1I)4p_2Ho[11/2]        12.0     440038.7000    12.8899   2.326E+02    42     0    215
3d4(1S2)4p_2Po[3/2]         4.0     440168.6000    12.8860   2.326E+02    42     0    216
3d4(3D)4p_2Po[1/2]          2.0     440689.3000    12.8704   2.329E+02    42     0    217
3d4(1I)4p_2Ho[9/2]         10.0     440917.9000    12.8636   2.331E+02    42     0    218
3d4(3D)4p_2Fo[7/2]          8.0     441216.1000    12.8546   2.332E+02    43     0    219
3d4(3D)4p_2Do[5/2]          6.0     441401.2000    12.8491   2.333E+02    43     0    220
3d4(3D)4p_2Fo[5/2]          6.0     441785.7000    12.8375   2.335E+02    43     0    221
3d4(3D)4p_2Do[3/2]          4.0     442620.7000    12.8125   2.340E+02    43     0    222
3d4(1D2)4p_2Do[3/2]         4.0     444252.2000    12.7636   2.349E+02    43     0    223
3d4(1D2)4p_2Do[5/2]         6.0     444784.2000    12.7476   2.352E+02    43     0    224
3d4(1D2)4p_2Fo[5/2]         6.0     446061.2000    12.7094   2.359E+02    43     0    225
3d4(1D2)4p_2Fo[7/2]         8.0     446863.8000    12.6853   2.363E+02    43     0    226
3d4(1S)4s_2Se[1/2]          2.0     450408.6490    12.5790   2.383E+02    44     0    227
3d4(1F)4p_2Fo[5/2]          6.0     451041.3000    12.5601   2.387E+02    45     0    228
3d4(1D2)4p_2Po[3/2]         4.0     451622.9000    12.5426   2.390E+02    45     0    229
3d4(1D2)4p_2Po[1/2]         2.0     451642.0000    12.5421   2.390E+02    45     0    230
3d4(1F)4p_2Fo[7/2]          8.0     451859.4000    12.5355   2.392E+02    45     0    231
3d4(1F)4p_2Go[7/2]          8.0     453983.0000    12.4719   2.404E+02    45     0    232
3d4(1F)4p_2Go[9/2]         10.0     455890.5000    12.4147   2.415E+02    45     0    233
3d4(1F)4p_2Do[5/2]          6.0     456815.6000    12.3870   2.420E+02    45     0    234
3d4(1F)4p_2Do[3/2]          4.0     458772.2000    12.3283   2.432E+02    45     0    235
3d4(3F1)4p_4Fo[5/2]         6.0     460364.6000    12.2806   2.441E+02    46     0    236
3d4(3F1)4p_4Fo[7/2]         8.0     460535.9000    12.2754   2.442E+02    46     0    237
3d4(3F1)4p_4Fo[3/2]         4.0     460604.0000    12.2734   2.443E+02    46     0    238
3d4(3F1)4p_4Fo[9/2]        10.0     461118.3000    12.2580   2.446E+02    46     0    239
3d4(3P1)4p_4Po[3/2]         4.0     461437.8000    12.2484   2.448E+02    46     0    240
3d4(3P1)4p_4Do[5/2]         6.0     461622.6000    12.2428   2.449E+02    46     0    241
3d4(3P)4p_4Do[1/2]          2.0     461844.2230    12.2362   2.450E+02    46     0    242
3d4(3P1)4p_4Do[7/2]         8.0     462443.1000    12.2182   2.454E+02    46     0    243
3d4(3P1)4p_4Pbo[3/2]        4.0     462884.1000    12.2050   2.456E+02    46     0    244
3d4(3P1)4p_4Po[1/2]         2.0     462903.6000    12.2044   2.456E+02    46     0    245
3d4(3P1)4p_4Po[5/2]         6.0     463301.5000    12.1925   2.459E+02    46     0    246
3d4(3F1)4p_4Go[5/2]         6.0     464027.8000    12.1707   2.463E+02    46     0    247
3d4(3F1)4p_4Go[7/2]         8.0     464807.8000    12.1474   2.468E+02    46     0    248
3d4(1F)4p_2Dbo[5/2]         6.0     465552.7000    12.1250   2.473E+02    47     0    249
3d4(1F)4p_2Dbo[3/2]         4.0     466034.2000    12.1106   2.475E+02    47     0    250
3d4(3F1)4p_4Go[9/2]        10.0     466065.2000    12.1097   2.476E+02    46     0    251
3d4(3F1)4p_2Fo[7/2]         8.0     466133.7000    12.1076   2.476E+02    47     0    252
3d4(3F1)4p_2Fo[5/2]         6.0     466649.1000    12.0922   2.479E+02    47     0    253
3d4(3F1)4p_4Go[11/2]       12.0     466754.3000    12.0890   2.480E+02    46     0    254
3d4(3P1)4p_4So[3/2]         4.0     471106.8000    11.9585   2.507E+02    48     0    255
3d4(3F1)4p_4Do[7/2]         8.0     472497.3000    11.9168   2.516E+02    48     0    256
3d4(3F1)4p_2Go[9/2]        10.0     472579.5000    11.9144   2.516E+02    47     0    257
3d4(3P1)4p_2Po[3/2]         4.0     472833.0000    11.9068   2.518E+02    47     0    258
3d4(3F1)4p_4Do[5/2]         6.0     473292.4000    11.8930   2.521E+02    48     0    259
3d4(3F1)4p_2Go[7/2]         8.0     473531.9000    11.8858   2.522E+02    47     0    260
3d4(3F1)4p_4Do[3/2]         4.0     473656.4000    11.8821   2.523E+02    48     0    261
3d4(3F1)4p_4Do[1/2]         2.0     473727.6000    11.8799   2.524E+02    48     0    262
3d4(3P1)4p_2Po[1/2]         2.0     473869.5000    11.8757   2.524E+02    47     0    263
3d4(1G1)4p_2Ho[9/2]        10.0     476332.1000    11.8019   2.540E+02    49     0    264
3d4(1G1)4p_2Go[7/2]         8.0     476935.6000    11.7838   2.544E+02    49     0    265
3d4(3P2)4p_2So[1/2]         2.0     477177.1000    11.7765   2.546E+02    49     0    266
3d4(1G1)4p_2Go[9/2]        10.0     479046.3000    11.7205   2.558E+02    49     0    267
3d4(1G1)4p_2Ho[11/2]       12.0     479481.8000    11.7074   2.561E+02    49     0    268
3d4(1G1)4p_2Fo[7/2]         8.0     480189.3000    11.6862   2.565E+02    49     0    269
3d4(1G1)4p_2Fo[5/2]         6.0     480724.2000    11.6702   2.569E+02    49     0    270
3d4(3F1)4p_2Do[5/2]         6.0     483043.4000    11.6007   2.584E+02    49     0    271
3d4(3F1)4p_2Do[3/2]         4.0     483480.9000    11.5876   2.587E+02    49     0    272
3d4(1D1)4p_2Po[3/2]         4.0     498773.0000    11.1291   2.694E+02    50     0    273
3d4(1D1)4p_2Po[1/2]         2.0     500275.2000    11.0841   2.705E+02    50     0    274
3d4(1D1)4p_2Fo[5/2]         6.0     505150.5000    10.9379   2.741E+02    50     0    275
3d4(1D1)4p_2Fo[7/2]         8.0     507300.4000    10.8735   2.757E+02    50     0    276
3d4(5D)4d_4Se[3/2]          4.0     509114.7640    10.8191   2.771E+02    51     0    277
3d4(5D)4d_6Ge[3/2]          4.0     510697.5890    10.7716   2.783E+02    52     0    278
3d4(5D)4d_6Ge[5/2]          6.0     511005.8930    10.7624   2.786E+02    52     0    279
3d4(1D1)4p_2Do[3/2]         4.0     511217.4000    10.7560   2.787E+02    53     0    280
3d4(5D)4d_6Pe[3/2]          4.0     511420.3440    10.7499   2.789E+02    52     0    281
3d4(5D)4d_6Ge[7/2]          8.0     511431.6380    10.7496   2.789E+02    52     0    282
3d4(5D)4d_6Pe[5/2]          6.0     511507.1800    10.7473   2.789E+02    52     0    283
3d4(5D)4d_6Pe[7/2]          8.0     511933.3730    10.7346   2.793E+02    52     0    284
3d4(5D)4d_6Ge[9/2]         10.0     511968.8350    10.7335   2.793E+02    52     0    285
3d4(1D1)4p_2Do[5/2]         6.0     512113.2000    10.7292   2.794E+02    53     0    286
3d4(5D)4d_6Ge[11/2]        12.0     512609.6490    10.7143   2.798E+02    52     0    287
3d4(5D)4d_6Ge[13/2]        14.0     513345.4860    10.6922   2.804E+02    52     0    288
3d4(5D)4d_6De[1/2]          2.0     515290.6850    10.6339   2.819E+02    52     0    289
3d4(5D)4d_6De[3/2]          4.0     515359.2730    10.6319   2.820E+02    52     0    290
3d4(5D)4d_6De[5/2]          6.0     515585.2850    10.6251   2.822E+02    52     0    291
3d4(5D)4d_6Fe[1/2]          2.0     515741.4040    10.6204   2.823E+02    52     0    292
3d4(5D)4d_6De[7/2]          8.0     515966.9260    10.6136   2.825E+02    52     0    293
3d4(5D)4d_6Fe[3/2]          4.0     516091.5310    10.6099   2.826E+02    52     0    294
3d4(5D)4d_6De[9/2]         10.0     516496.9340    10.5978   2.829E+02    52     0    295
3d4(5D)4d_6Fe[5/2]          6.0     516524.8400    10.5969   2.829E+02    52     0    296
3d4(5D)4d_6Fe[7/2]          8.0     516990.4370    10.5830   2.833E+02    52     0    297
3d4(5D)4d_6Fe[9/2]         10.0     517430.2450    10.5698   2.836E+02    52     0    298
3d4(5D)4d_6Fe[11/2]        12.0     517708.0380    10.5614   2.839E+02    52     0    299
3d4(5D)4d_4Ge[5/2]          6.0     520183.9410    10.4872   2.859E+02    54     0    300
3d4(5D)4d_4Ge[7/2]          8.0     520692.9210    10.4720   2.863E+02    54     0    301
3d4(5D)4d_4Ge[9/2]         10.0     521338.5290    10.4526   2.868E+02    54     0    302
3d4(5D)4d_4Pe[1/2]          2.0     521548.4020    10.4463   2.870E+02    54     0    303
3d4(5D)4d_4Pe[3/2]          4.0     521551.7480    10.4462   2.870E+02    54     0    304
3d4(5D)4d_4Pe[5/2]          6.0     521766.7380    10.4398   2.872E+02    54     0    305
3d4(5D)4d_4Ge[11/2]        12.0     522115.5200    10.4293   2.875E+02    54     0    306
3d4(5D)4d_4De[1/2]          2.0     522577.3770    10.4155   2.878E+02    54     0    307
3d4(5D)4d_4De[3/2]          4.0     522951.4160    10.4043   2.881E+02    54     0    308
3d4(5D)4d_4De[5/2]          6.0     523336.2870    10.3927   2.885E+02    54     0    309
3d4(5D)4d_4De[7/2]          8.0     523601.0010    10.3848   2.887E+02    54     0    310
3d4(5D)4d_4Fe[3/2]          4.0     526026.7970    10.3121   2.907E+02    54     0    311
3d4(5D)4d_4Fe[5/2]          6.0     526453.5070    10.2993   2.911E+02    54     0    312
3d4(5D)4d_4Fe[7/2]          8.0     526952.6210    10.2843   2.915E+02    54     0    313
3d4(5D)4d_4Fe[9/2]         10.0     527467.0470    10.2689   2.919E+02    54     0    314
3d4(1S1)4p_2Po[1/2]         2.0     540394.1000     9.8813   3.034E+02    55     0    315
3d4(3H)4d_4Ie[9/2]         10.0     541556.9400     9.8465   3.045E+02    56     0    316
3d4(3P)4d_4Fe[3/2]          4.0     542037.7660     9.8321   3.049E+02    56     0    317
3d4(3H)4d_4Ie[11/2]        12.0     542060.0240     9.8314   3.049E+02    56     0    318
3d4(3P)4d_4Fe[5/2]          6.0     542673.9850     9.8130   3.055E+02    56     0    319
3d4(3H)4d_4Ie[13/2]        14.0     542688.1320     9.8126   3.055E+02    56     0    320
3d4(3H)4d_2Ge[7/2]          8.0     542906.0850     9.8060   3.057E+02    57     0    321
3d4(1S1)4p_2Po[3/2]         4.0     543115.6000     9.7997   3.059E+02    55     0    322
3d4(3H)4d_2Ge[9/2]         10.0     543244.5440     9.7959   3.060E+02    57     0    323
3d4(3P)4d_4De[1/2]          2.0     543287.8940     9.7946   3.061E+02    58     0    324
3d4(3H)4d_4Ie[15/2]        16.0     543447.3870     9.7898   3.062E+02    56     0    325
3d4(3P)4d_4Fe[7/2]          8.0     543550.6160     9.7867   3.063E+02    56     0    326
3d4(3P)4d_4Fbe[3/2]         4.0     543745.1750     9.7809   3.065E+02    59     0    327
3d4(3H)4d_4He[9/2]         10.0     544113.6760     9.7698   3.069E+02    56     0    328
3d4(5D)4d_6Se[5/2]          6.0     544200.2220     9.7672   3.069E+02    60     0    329
3d4(3H)4d_4He[7/2]          8.0     544237.9830     9.7661   3.070E+02    56     0    330
3d4(3H)4d_4He[11/2]        12.0     544400.7500     9.7612   3.071E+02    56     0    331
3d4(3P)4d_4De[3/2]          4.0     544527.7430     9.7574   3.072E+02    58     0    332
3d4(3P)4d_4De[5/2]          6.0     544730.9930     9.7513   3.074E+02    58     0    333
3d4(3H)4d_4He[13/2]        14.0     544761.3800     9.7504   3.075E+02    56     0    334
3d4(3H)4d_4Ke[11/2]        12.0     545080.2640     9.7408   3.078E+02    56     0    335
3d4(3F)4d_2Pe[1/2]          2.0     545175.9910     9.7380   3.079E+02    61     0    336
3d4(3P)4d_4Fe[9/2]         10.0     545177.4520     9.7379   3.079E+02    56     0    337
3d4(3F)4d_4De[7/2]          8.0     545584.7550     9.7257   3.082E+02    62     0    338
3d4(3H)4d_4Ke[13/2]        14.0     545604.2230     9.7251   3.083E+02    56     0    339
3d4(3F)4d_4He[7/2]          8.0     545768.0560     9.7202   3.084E+02    56     0    340
3d4(3H)4d_4Ke[15/2]        16.0     546168.6230     9.7082   3.088E+02    56     0    341
3d4(3F)4d_4He[9/2]         10.0     546280.7010     9.7049   3.089E+02    56     0    342
3d4(3H)4d_4Fe[5/2]          6.0     546492.9290     9.6985   3.091E+02    56     0    343
3d4(3H)4d_4Fe[3/2]          4.0     546613.0940     9.6949   3.092E+02    56     0    344
3d4(3H)4d_4Ke[17/2]        18.0     546708.7930     9.6920   3.093E+02    56     0    345
3d4(3F)4d_4He[11/2]        12.0     546775.0550     9.6900   3.094E+02    56     0    346
3d4(3H)4d_4Fe[7/2]          8.0     546916.4500     9.6858   3.095E+02    56     0    347
3d4(3P)4d_4Pe[5/2]          6.0     547096.7530     9.6804   3.097E+02    56     0    348
3d4(3F)4d_4He[13/2]        14.0     547213.9780     9.6769   3.098E+02    56     0    349
3d4(3F)4d_4Ge[5/2]          6.0     547661.0730     9.6635   3.102E+02    56     0    350
3d4(3P)4d_4Pe[3/2]          4.0     547669.4570     9.6632   3.102E+02    56     0    351
3d4(3F)4d_4Ge[9/2]         10.0     547862.5100     9.6574   3.104E+02    56     0    352
3d4(3F)4d_4Ge[7/2]          8.0     547978.3110     9.6540   3.105E+02    56     0    353
3d4(3P)4d_4Pe[1/2]          2.0     548070.9910     9.6512   3.106E+02    56     0    354
3d4(3H)4d_2Fe[5/2]          6.0     548139.0990     9.6491   3.107E+02    57     0    355
3d4(3F)4d_4Gbe[9/2]        10.0     548426.7320     9.6405   3.110E+02    63     0    356
3d4(3F)4d_4Ge[11/2]        12.0     548436.3230     9.6402   3.110E+02    56     0    357
3d4(3P)4d_2De[3/2]          4.0     548647.4490     9.6339   3.112E+02    64     0    358
3d4(3G)4d_4Ge[5/2]          6.0     548865.6580     9.6274   3.114E+02    56     0    359
3d4(3H)4d_2Ke[13/2]        14.0     548921.7290     9.6257   3.115E+02    57     0    360
3d4(3H)4d_2He[9/2]         10.0     548932.5090     9.6254   3.115E+02    57     0    361
3d4(3H)4d_2He[11/2]        12.0     549319.8840     9.6137   3.118E+02    57     0    362
3d4(3G)4d_4Ge[7/2]          8.0     549426.5540     9.6106   3.119E+02    56     0    363
3d4(3H)4d_2Fbe[5/2]         6.0     549490.0150     9.6086   3.120E+02    57     0    364
3d4(3H)4d_2Ie[11/2]        12.0     549586.6770     9.6057   3.121E+02    57     0    365
3d4(3H)4d_2Ke[15/2]        16.0     549593.6250     9.6055   3.121E+02    57     0    366
3d4(3F)4d_4Fe[3/2]          4.0     549726.7280     9.6016   3.122E+02    56     0    367
3d4(3G)4d_4De[7/2]          8.0     549779.2620     9.6000   3.123E+02    56     0    368
3d4(3G)4d_4De[1/2]          2.0     549846.7890     9.5980   3.124E+02    56     0    369
3d4(3F)4d_4Fe[9/2]         10.0     550116.7450     9.5899   3.126E+02    56     0    370
3d4(3F)4d_4Fe[5/2]          6.0     550205.8560     9.5872   3.127E+02    56     0    371
3d4(3G)4d_4De[3/2]          4.0     550259.8560     9.5856   3.128E+02    56     0    372
3d4(3G)4d_4De[5/2]          6.0     550420.5160     9.5808   3.129E+02    56     0    373
3d4(3H)4d_2Fe[7/2]          8.0     550585.6170     9.5758   3.131E+02    57     0    374
3d4(3H)4d_2Ie[13/2]        14.0     550672.7650     9.5732   3.132E+02    57     0    375
3d4(3F)4d_4Fe[7/2]          8.0     550864.0580     9.5675   3.133E+02    56     0    376
3d4(3G)4d_4Ge[9/2]         10.0     551276.3940     9.5551   3.138E+02    56     0    377
3d4(3F)4d_2Fe[5/2]          6.0     551519.9840     9.5478   3.140E+02    57     0    378
3d4(3G)4d_4Ge[11/2]        12.0     551523.2260     9.5477   3.140E+02    56     0    379
3d4(3G)4d_4Ie[9/2]         10.0     551575.1160     9.5461   3.140E+02    58     0    380
3d4(3P)4d_2Pe[3/2]          4.0     551933.1130     9.5354   3.144E+02    57     0    381
3d4(3G)4d_4He[7/2]          8.0     551959.6750     9.5346   3.144E+02    58     0    382
3d4(3G)4d_4Ie[11/2]        12.0     552074.4830     9.5312   3.145E+02    58     0    383
3d4(3F)4d_2Fe[7/2]          8.0     552159.6410     9.5286   3.146E+02    57     0    384
3d4(3G)4d_4Ie[13/2]        14.0     552612.5250     9.5150   3.151E+02    58     0    385
3d4(3G)4d_4He[9/2]         10.0     552927.1740     9.5056   3.154E+02    58     0    386
3d4(3F)4d_2He[9/2]         10.0     553052.9150     9.5018   3.155E+02    65     0    387
3d4(3F)4d_2Ge[7/2]          8.0     553277.0590     9.4951   3.157E+02    57     0    388
3d4(3G)4d_2De[5/2]          6.0     553395.8510     9.4916   3.159E+02    61     0    389
3d4(3G)4d_4Ie[15/2]        16.0     553409.0290     9.4912   3.159E+02    58     0    390
3d4(3G)4d_4He[11/2]        12.0     553436.1850     9.4903   3.159E+02    58     0    391
3d4(3F)4d_2Ge[9/2]         10.0     553467.4090     9.4894   3.159E+02    57     0    392
3d4(3P)4d_2Pe[1/2]          2.0     553648.0880     9.4840   3.161E+02    57     0    393
3d4(3H)4d_2Hbe[11/2]       12.0     553713.0420     9.4820   3.162E+02    57     0    394
3d4(3G)4d_4He[13/2]        14.0     553804.2310     9.4793   3.163E+02    58     0    395
3d4(3G)4d_2De[3/2]          4.0     553855.7580     9.4778   3.163E+02    61     0    396
3d4(3G)4d_2Fe[5/2]          6.0     554296.3830     9.4646   3.168E+02    61     0    397
3d4(3F)4d_2De[3/2]          4.0     554658.5550     9.4537   3.171E+02    66     0    398
3d4(3G)4d_2Fbe[5/2]         6.0     554971.9640     9.4443   3.174E+02    61     0    399
3d4(3G)4d_2Ie[11/2]        12.0     555532.8660     9.4275   3.180E+02    61     0    400
3d4(3G)4d_2Fe[7/2]          8.0     555622.2200     9.4248   3.181E+02    61     0    401
3d4(3D)4d_4Fe[5/2]          6.0     556013.8740     9.4131   3.185E+02    63     0    402
3d4(3G)4d_2Fbe[7/2]         8.0     556160.9200     9.4087   3.186E+02    61     0    403
3d4(3G)4d_2Ie[13/2]        14.0     556303.8530     9.4044   3.188E+02    61     0    404
3d4(3G)4d_2He[9/2]         10.0     556536.0350     9.3974   3.190E+02    64     0    405
3d4(3D)4d_4Fe[3/2]          4.0     556577.8820     9.3962   3.191E+02    63     0    406
3d4(3G)4d_2He[11/2]        12.0     556927.8320     9.3857   3.194E+02    64     0    407
3d4(3D)4d_4Fbe[5/2]         6.0     557004.7890     9.3834   3.195E+02    67     0    408
3d4(3D)4d_4Fe[9/2]         10.0     557059.6800     9.3817   3.195E+02    63     0    409
3d4(3D)4d_4Fe[7/2]          8.0     557260.7520     9.3757   3.198E+02    63     0    410
3d4(3D)4d_4De[1/2]          2.0     557553.9130     9.3669   3.201E+02    63     0    411
3d4(3D)4d_4De[3/2]          4.0     557796.6540     9.3596   3.203E+02    63     0    412
3d4(3D)4d_4De[5/2]          6.0     558138.3240     9.3494   3.207E+02    63     0    413
3d4(3D)4d_4De[7/2]          8.0     558586.3750     9.3359   3.211E+02    63     0    414
3d4(3D)4d_4Se[3/2]          4.0     560018.1340     9.2930   3.226E+02    67     0    415
3d4(3D)4d_4Pe[5/2]          6.0     560098.9460     9.2906   3.227E+02    68     0    416
3d4(3D)4d_2Ge[7/2]          8.0     560163.1110     9.2887   3.228E+02    65     0    417
3d4(1G)4d_2Ge[9/2]         10.0     560290.9710     9.2848   3.229E+02    65     0    418
3d4(1I)4d_2Ke[13/2]        14.0     560756.8390     9.2709   3.234E+02    65     0    419
3d4(3D)4d_4Pe[1/2]          2.0     560837.7790     9.2685   3.235E+02    68     0    420
3d4(1I)4d_2Ke[15/2]        16.0     560951.4750     9.2650   3.236E+02    65     0    421
3d4(3D)4d_4Sbe[3/2]         4.0     561372.2250     9.2524   3.240E+02    67     0    422
3d4(3D)4d_4Ge[11/2]        12.0     561576.7040     9.2463   3.242E+02    67     0    423
3d4(3D)4d_4Ge[5/2]          6.0     561612.6660     9.2452   3.243E+02    67     0    424
3d4(3D)4d_4Ge[9/2]         10.0     561654.7170     9.2440   3.243E+02    67     0    425
3d4(3D)4d_4Ge[7/2]          8.0     561706.7010     9.2424   3.244E+02    67     0    426
3d4(1G)4d_2Ie[11/2]        12.0     562237.6490     9.2265   3.249E+02    65     0    427
3d4(1G)4d_2Ie[13/2]        14.0     562464.3050     9.2197   3.252E+02    65     0    428
3d4(1G)4d_2He[11/2]        12.0     562826.4520     9.2088   3.255E+02    65     0    429
3d4(1G)4d_2He[9/2]         10.0     562840.0550     9.2084   3.256E+02    65     0    430
3d4(1I)4d_2Le[15/2]        16.0     562940.6980     9.2054   3.257E+02    65     0    431
3d4(1I)4d_2Le[17/2]        18.0     563273.0250     9.1954   3.260E+02    65     0    432
3d4(1G)4d_2Ge[7/2]          8.0     563550.0410     9.1871   3.263E+02    65     0    433
3d4(3D)4d_2Ge[9/2]         10.0     563693.9540     9.1828   3.265E+02    65     0    434
3d4(3D)4d_2Fe[5/2]          6.0     564181.0630     9.1682   3.270E+02    65     0    435
3d4(3D)4d_2Fe[7/2]          8.0     564319.4840     9.1641   3.271E+02    65     0    436
3d4(3D)4d_2Pe[3/2]          4.0     564600.1800     9.1557   3.274E+02    66     0    437
3d4(3D)4d_2Pe[1/2]          2.0     565209.5310     9.1374   3.281E+02    66     0    438
3d4(1S)4d_2De[5/2]          6.0     565481.7410     9.1292   3.284E+02    66     0    439
3d4(3D)4d_2Pbe[3/2]         4.0     565827.1820     9.1189   3.288E+02    66     0    440
3d4(1I)4d_2Ge[7/2]          8.0     567447.0990     9.0703   3.305E+02    69     0    441
3d4(1D)4d_2Ge[9/2]         10.0     567697.0710     9.0628   3.308E+02    70     0    442
3d4(3D)4d_4Fbe[3/2]         4.0     567990.2150     9.0540   3.311E+02    67     0    443
3d4(3D)4d_2De[5/2]          6.0     568167.8240     9.0487   3.313E+02    69     0    444
3d4(3D)4d_2Se[1/2]          2.0     568173.8550     9.0485   3.313E+02    69     0    445
3d4(3G)4d_4Fe[5/2]          6.0     568417.8530     9.0412   3.316E+02    68     0    446
3d4(3D)4d_2De[3/2]          4.0     568520.0940     9.0381   3.317E+02    69     0    447
3d4(3G)4d_4Fe[7/2]          8.0     568820.9600     9.0291   3.320E+02    68     0    448
3d4(3G)4d_4Fe[9/2]         10.0     569570.6430     9.0066   3.329E+02    68     0    449
3d4(1D)4d_2Fe[5/2]          6.0     573140.1990     8.8996   3.369E+02    69     0    450
3d4(1D)4d_2Pe[1/2]          2.0     573208.4300     8.8976   3.369E+02    69     0    451
3d4(5D)5s_6De[1/2]          2.0     573274.6820     8.8956   3.370E+02    71     0    452
3d4(5D)5s_6De[3/2]          4.0     573584.4470     8.8863   3.374E+02    71     0    453
3d4(1D)4d_2Fe[7/2]          8.0     573603.9880     8.8857   3.374E+02    69     0    454
3d4(1D)4d_2Pe[3/2]          4.0     573650.5480     8.8843   3.374E+02    69     0    455
3d4(1I)4d_2Ge[9/2]         10.0     573668.5670     8.8838   3.375E+02    69     0    456
3d4(3D)4d_2Gbe[7/2]         8.0     573767.9240     8.8808   3.376E+02    69     0    457
3d4(3H)4d_4Ge[5/2]          6.0     574087.4370     8.8712   3.379E+02    72     0    458
3d4(5D)5s_6De[5/2]          6.0     574124.8720     8.8701   3.380E+02    71     0    459
3d4(3H)4d_4Ge[11/2]        12.0     574128.7630     8.8700   3.380E+02    72     0    460
3d4(3H)4d_4Ge[7/2]          8.0     574216.3890     8.8674   3.381E+02    72     0    461
3d4(3H)4d_4Ge[9/2]         10.0     574261.2660     8.8660   3.381E+02    72     0    462
3d4(1F)4d_2De[3/2]          4.0     574563.9910     8.8569   3.385E+02    69     0    463
3d4(1F)4d_2De[5/2]          6.0     574665.3390     8.8539   3.386E+02    69     0    464
3d4(5D)5s_6De[7/2]          8.0     574841.9890     8.8486   3.388E+02    71     0    465
3d4(5D)5s_4De[1/2]          2.0     575507.3030     8.8287   3.396E+02    72     0    466
3d4(5D)5s_4De[3/2]          4.0     575630.0090     8.8250   3.397E+02    72     0    467
3d4(3D)4d_4Dbe[5/2]         6.0     575630.6980     8.8250   3.397E+02    72     0    468
3d4(5D)5s_6De[9/2]         10.0     575714.7440     8.8225   3.398E+02    71     0    469
3d4(3D)4d_4Pbe[1/2]         2.0     576156.0670     8.8092   3.403E+02    72     0    470
3d4(3D)4d_4Dbe[7/2]         8.0     576258.9690     8.8061   3.404E+02    72     0    471
3d4(3D)4d_4Pe[3/2]          4.0     576508.0340     8.7987   3.407E+02    68     0    472
3d4(3D)4d_4Pbe[5/2]         6.0     576914.7250     8.7865   3.412E+02    72     0    473
3d4(1F)4d_2Ge[7/2]          8.0     577582.0770     8.7665   3.420E+02    69     0    474
3d4(1D)4d_2Gbe[9/2]        10.0     577767.6770     8.7609   3.422E+02    69     0    475
3d4(5D)5s_4Dbe[1/2]         2.0     578192.1170     8.7482   3.427E+02    72     0    476
3d4(5D)5s_4Dbe[3/2]         4.0     578500.4170     8.7389   3.431E+02    72     0    477
3d4(5D)5s_4De[5/2]          6.0     578977.7850     8.7246   3.436E+02    72     0    478
3d4(1F)4d_2He[9/2]         10.0     579021.2860     8.7233   3.437E+02    70     0    479
3d4(1F)4d_2He[11/2]        12.0     579080.8120     8.7215   3.437E+02    70     0    480
3d4(5D)5s_4De[7/2]          8.0     579684.8310     8.7034   3.445E+02    72     0    481
3d4(3F)4d_2Fbe[7/2]         8.0     585002.5560     8.5440   3.509E+02    73     0    482
3d4(3P)4d_2De[5/2]          6.0     585433.7650     8.5311   3.514E+02    64     0    483
3d4(3P)4d_2Dbe[3/2]         4.0     586025.6090     8.5133   3.521E+02    73     0    484
3d4(3F)4d_2Fbe[5/2]         6.0     586437.2920     8.5010   3.527E+02    73     0    485
3d4(1I)4d_2Ie[11/2]        12.0     586640.6020     8.4949   3.529E+02    73     0    486
3d4(1F)4d_2Hbe[9/2]        10.0     586946.4370     8.4857   3.533E+02    73     0    487
3d4(1F)4d_2Pe[3/2]          4.0     587004.8700     8.4840   3.534E+02    73     0    488
3d4(1I)4d_2Ie[13/2]        14.0     587383.5410     8.4726   3.538E+02    73     0    489
3d4(1F)4d_2Pe[1/2]          2.0     587445.6130     8.4708   3.539E+02    73     0    490
3d4(3F)4d_2Gbe[7/2]         8.0     588210.6680     8.4478   3.549E+02    73     0    491
3d4(1F)4d_2Hbe[11/2]       12.0     588439.6070     8.4410   3.552E+02    73     0    492
3d4(3F)4d_2Gbe[9/2]        10.0     589014.6970     8.4237   3.559E+02    73     0    493
3d4(3F)4d_4Gbe[5/2]         6.0     589541.0740     8.4079   3.566E+02    63     0    494
3d4(3F)4d_4Gbe[7/2]         8.0     589948.3990     8.3957   3.571E+02    63     0    495
3d4(3F)4d_4Gbe[11/2]       12.0     590189.3510     8.3885   3.574E+02    63     0    496
3d4(3F)4d_4Gce[9/2]        10.0     590421.4280     8.3816   3.577E+02    74     0    497
3d4(3F)4d_4Gce[7/2]         8.0     591100.7120     8.3612   3.586E+02    74     0    498
3d4(3F)4d_4Gce[5/2]         6.0     591363.7800     8.3533   3.589E+02    74     0    499
3d4(3P)4d_4Pbe[1/2]         2.0     591696.2580     8.3433   3.593E+02    74     0    500
3d4(3P)4d_4Pbe[3/2]         4.0     591814.5710     8.3398   3.595E+02    74     0    501
3d4(3P)4d_4Pbe[5/2]         6.0     592086.5870     8.3316   3.598E+02    74     0    502
3d4(3P)4d_4De[7/2]          8.0     592710.6620     8.3129   3.606E+02    58     0    503
3d4(3F)4d_4De[5/2]          6.0     593103.0480     8.3012   3.611E+02    62     0    504
3d4(3F)4d_4De[1/2]          2.0     593117.1320     8.3007   3.612E+02    62     0    505
3d4(3F)4d_4De[3/2]          4.0     593124.5130     8.3005   3.612E+02    62     0    506
3d4(3F)4d_4Hbe[13/2]       14.0     593185.4750     8.2987   3.613E+02    74     0    507
3d4(3F)4d_4Dbe[7/2]         8.0     593211.8320     8.2979   3.613E+02    74     0    508
3d4(3F)4d_4Hbe[7/2]         8.0     593223.6850     8.2975   3.613E+02    74     0    509
3d4(3F)4d_4Hbe[9/2]        10.0     593343.5970     8.2940   3.615E+02    74     0    510
3d4(3F)4d_4Hbe[11/2]       12.0     593389.9480     8.2926   3.615E+02    74     0    511
3d4(3F)4d_4Dbe[5/2]         6.0     593478.1070     8.2899   3.616E+02    74     0    512
3d4(3P)4d_4Dbe[3/2]         4.0     593553.4490     8.2877   3.617E+02    74     0    513
3d4(3P)4d_4Dbe[1/2]         2.0     593583.3080     8.2868   3.618E+02    74     0    514
3d4(1F)4d_2Dbe[3/2]         4.0     594289.0130     8.2656   3.627E+02    73     0    515
3d4(3P)4d_4Fbe[9/2]        10.0     594375.1520     8.2630   3.628E+02    59     0    516
3d4(3P)4d_2Dbe[5/2]         6.0     594593.7250     8.2565   3.631E+02    73     0    517
3d4(3P)4d_4Fbe[7/2]         8.0     595215.2620     8.2378   3.639E+02    59     0    518
3d4(3P)4d_4Fbe[5/2]         6.0     595793.7490     8.2205   3.647E+02    59     0    519
3d4(3P)4d_4Fce[3/2]         4.0     596104.6290     8.2112   3.651E+02    74     0    520
3d4(1F)4d_2Fe[5/2]          6.0     597141.2250     8.1801   3.665E+02    75     0    521
3d4(1F)4d_2Fe[7/2]          8.0     597208.9170     8.1781   3.666E+02    75     0    522
3d4(3F)4d_2Pbe[1/2]         2.0     597963.1920     8.1555   3.676E+02    75     0    523
3d4(3F)4d_2Pe[3/2]          4.0     598234.0280     8.1473   3.680E+02    61     0    524
3d4(3F)4d_2He[11/2]        12.0     598550.0060     8.1379   3.684E+02    65     0    525
3d4(3F)4d_2Hbe[9/2]        10.0     599355.1630     8.1137   3.695E+02    75     0    526
3d4(1G)4d_2De[5/2]          6.0     599468.1250     8.1103   3.696E+02    75     0    527
3d4(3D)4d_2Sbe[1/2]         2.0     600213.8920     8.0880   3.707E+02    75     0    528
3d4(1G)4d_2De[3/2]          4.0     600263.5410     8.0865   3.707E+02    75     0    529
3d4(3P)4d_2Fe[7/2]          8.0     601266.2440     8.0564   3.721E+02    75     0    530
3d4(3F)4d_4Pe[1/2]          2.0     601346.6940     8.0540   3.722E+02    74     0    531
3d4(3F)4d_4Pe[3/2]          4.0     601617.4970     8.0459   3.726E+02    74     0    532
3d4(3F)4d_4Pe[5/2]          6.0     601998.4010     8.0345   3.731E+02    74     0    533
3d4(3P)4d_2Fe[5/2]          6.0     602509.5220     8.0192   3.738E+02    75     0    534
3d4(3F)4d_2Gce[9/2]        10.0     602948.3740     8.0060   3.745E+02    75     0    535
3d4(3F)4d_2Gce[7/2]         8.0     603653.8080     7.9849   3.755E+02    75     0    536
3d4(3P)5s_4Pe[1/2]          2.0     603813.9930     7.9801   3.757E+02    76     0    537
3d4(1G)4d_2Ibe[11/2]       12.0     604597.2940     7.9566   3.768E+02    75     0    538
3d4(1G)4d_2Ibe[13/2]       14.0     604825.6590     7.9497   3.771E+02    75     0    539
3d4(3H)5s_4He[7/2]          8.0     605078.7930     7.9421   3.775E+02    76     0    540
3d4(3P)5s_4Pe[3/2]          4.0     605286.9390     7.9359   3.778E+02    76     0    541
3d4(3F)4d_4Fbe[5/2]         6.0     605330.7700     7.9346   3.778E+02    76     0    542
3d4(3F)4d_4Fbe[7/2]         8.0     605352.8680     7.9339   3.779E+02    76     0    543
3d4(3H)5s_4He[9/2]         10.0     605361.6350     7.9337   3.779E+02    76     0    544
3d4(3F)4d_4Fbe[3/2]         4.0     605399.3900     7.9325   3.779E+02    76     0    545
3d4(3F)4d_4Fbe[9/2]        10.0     605490.2810     7.9298   3.781E+02    76     0    546
3d4(3H)5s_4He[11/2]        12.0     605880.1210     7.9181   3.786E+02    76     0    547
3d4(3F)4d_2Dbe[3/2]         4.0     606393.1380     7.9027   3.794E+02    75     0    548
3d4(3H)5s_4He[13/2]        14.0     606428.2800     7.9017   3.794E+02    76     0    549
3d4(3P)5s_2Pe[1/2]          2.0     606477.4760     7.9002   3.795E+02    75     0    550
3d4(5D)5p_6Fo[1/2]          2.0     607067.4370     7.8825   3.803E+02    77     0    551
3d4(3F)4d_2De[5/2]          6.0     607232.4810     7.8776   3.806E+02    66     0    552
3d4(5D)5p_6Fo[3/2]          4.0     607385.1440     7.8730   3.808E+02    77     0    553
3d4(3H)5s_2He[9/2]         10.0     607471.0450     7.8704   3.809E+02    75     0    554
3d4(3P)5s_4Pe[5/2]          6.0     607792.6560     7.8608   3.814E+02    76     0    555
3d4(5D)5p_6Fo[5/2]          6.0     607903.6930     7.8574   3.815E+02    77     0    556
3d4(3F)5s_4Fe[3/2]          4.0     607917.8000     7.8570   3.816E+02    76     0    557
3d4(3F)5s_4Fe[5/2]          6.0     607954.6860     7.8559   3.816E+02    76     0    558
3d4(3F)5s_4Fe[7/2]          8.0     608071.0420     7.8524   3.818E+02    76     0    559
3d4(5D)5p_6Po[3/2]          4.0     608280.3230     7.8462   3.821E+02    77     0    560
3d4(3H)5s_2He[11/2]        12.0     608367.8120     7.8435   3.822E+02    75     0    561
3d4(3F)5s_4Fe[9/2]         10.0     608389.9800     7.8429   3.822E+02    76     0    562
3d4(5D)5p_4Po[1/2]          2.0     608517.9590     7.8390   3.824E+02    78     0    563
3d4(5D)5p_6Fo[7/2]          8.0     608603.9400     7.8365   3.826E+02    77     0    564
3d4(5D)5p_6Po[5/2]          6.0     608835.5540     7.8295   3.829E+02    77     0    565
3d4(3P)5s_2Pe[3/2]          4.0     609052.9840     7.8230   3.832E+02    75     0    566
3d4(5D)5p_6Do[3/2]          4.0     609333.3380     7.8146   3.836E+02    77     0    567
3d4(5D)5p_6Fo[9/2]         10.0     609466.7790     7.8106   3.838E+02    77     0    568
3d4(3F)5s_2Fe[5/2]          6.0     609571.4570     7.8075   3.840E+02    79     0    569
3d4(5D)5p_6Po[7/2]          8.0     609643.7360     7.8053   3.841E+02    77     0    570
3d4(1G)4d_2Fe[7/2]          8.0     609798.9140     7.8006   3.843E+02    79     0    571
3d4(1D)4d_2Pbe[1/2]         2.0     609864.7820     7.7987   3.844E+02    79     0    572
3d4(3F)5s_2Fbe[5/2]         6.0     609884.4110     7.7981   3.844E+02    80     0    573
3d4(1G)4d_2Hbe[9/2]        10.0     610110.5750     7.7913   3.848E+02    79     0    574
3d4(5D)5p_6Do[5/2]          6.0     610230.3950     7.7877   3.850E+02    77     0    575
3d4(3F)5s_2Fe[7/2]          8.0     610250.8460     7.7871   3.850E+02    79     0    576
3d4(1G)4d_2Hbe[11/2]       12.0     610309.6900     7.7853   3.851E+02    79     0    577
3d4(5D)5p_6Do[1/2]          2.0     610332.2960     7.7846   3.851E+02    77     0    578
3d4(5D)5p_6Fo[11/2]        12.0     610478.5780     7.7803   3.853E+02    77     0    579
3d4(5D)4f_6Ho[5/2]          6.0     610706.1890     7.7734   3.857E+02    77     0    580
3d4(5D)5p_4Po[3/2]          4.0     610718.9940     7.7730   3.857E+02    78     0    581
3d4(5D)4f_6Ho[7/2]          8.0     610983.7970     7.7651   3.861E+02    77     0    582
3d4(5D)5p_6Do[7/2]          8.0     611005.4140     7.7645   3.861E+02    77     0    583
3d4(1D)4d_2Pbe[3/2]         4.0     611145.7390     7.7603   3.863E+02    79     0    584
3d4(5D)5p_4Po[5/2]          6.0     611302.7420     7.7555   3.866E+02    78     0    585
3d4(5D)4f_6Ho[9/2]         10.0     611348.0500     7.7542   3.866E+02    77     0    586
3d4(5D)5p_4Fo[3/2]          4.0     611478.1990     7.7503   3.868E+02    78     0    587
3d4(5D)5p_6Do[9/2]         10.0     611681.9160     7.7442   3.871E+02    77     0    588
3d4(5D)4f_6Ho[11/2]        12.0     611802.5650     7.7406   3.873E+02    77     0    589
3d4(5D)5p_4Fo[5/2]          6.0     611895.1560     7.7378   3.874E+02    78     0    590
3d4(3G)5s_4Ge[5/2]          6.0     611943.6740     7.7363   3.875E+02    76     0    591
3d4(3G)5s_4Ge[7/2]          8.0     612134.0280     7.7306   3.878E+02    76     0    592
3d4(5D)4f_6Do[5/2]          6.0     612206.6490     7.7285   3.879E+02    77     0    593
3d4(5D)4f_6Do[7/2]          8.0     612314.4740     7.7252   3.881E+02    77     0    594
3d4(5D)4f_6Ho[13/2]        14.0     612347.2840     7.7242   3.881E+02    77     0    595
3d4(5D)4f_6Do[3/2]          4.0     612430.1640     7.7217   3.882E+02    77     0    596
3d4(5D)5p_4Fo[7/2]          8.0     612514.0790     7.7192   3.884E+02    78     0    597
3d4(3G)5s_4Ge[9/2]         10.0     612584.4810     7.7171   3.885E+02    76     0    598
3d4(5D)4f_6Do[9/2]         10.0     612604.6620     7.7165   3.885E+02    77     0    599
3d4(5D)4f_6Dbo[5/2]         6.0     612630.9160     7.7157   3.885E+02    77     0    600
3d4(5D)4f_6Do[1/2]          2.0     612667.2950     7.7146   3.886E+02    77     0    601
3d4(5D)4f_6Ho[15/2]        16.0     612978.5300     7.7053   3.891E+02    77     0    602
3d4(3G)5s_4Ge[11/2]        12.0     613029.0430     7.7038   3.891E+02    76     0    603
3d4(5D)4f_4Po[3/2]          4.0     613153.0540     7.7001   3.893E+02    78     0    604
3d4(5D)5p_4Fo[9/2]         10.0     613359.0830     7.6939   3.896E+02    78     0    605
3d4(5D)4f_4Po[1/2]          2.0     613630.1880     7.6858   3.901E+02    78     0    606
3d4(5D)4f_6Go[3/2]          4.0     613638.5430     7.6855   3.901E+02    77     0    607
3d4(5D)4f_6Go[5/2]          6.0     613710.9070     7.6834   3.902E+02    77     0    608
3d4(5D)4f_6Go[7/2]          8.0     613856.6080     7.6790   3.904E+02    77     0    609
3d4(5D)4f_6Fo[1/2]          2.0     613940.5270     7.6765   3.905E+02    77     0    610
3d4(5D)4f_6Go[9/2]         10.0     614118.7000     7.6711   3.908E+02    77     0    611
3d4(3G)5s_2Ge[7/2]          8.0     614197.2610     7.6688   3.909E+02    79     0    612
3d4(5D)5p_4Do[1/2]          2.0     614249.6590     7.6672   3.910E+02    78     0    613
3d4(5D)4f_6Fo[3/2]          4.0     614326.0070     7.6649   3.911E+02    77     0    614
3d4(5D)4f_6Fo[11/2]        12.0     614351.4430     7.6642   3.912E+02    77     0    615
3d4(5D)4f_4Ho[7/2]          8.0     614558.4130     7.6579   3.915E+02    78     0    616
3d4(5D)4f_6Fo[5/2]          6.0     614677.3130     7.6544   3.917E+02    77     0    617
3d4(5D)5p_4Do[3/2]          4.0     614699.0420     7.6537   3.917E+02    78     0    618
3d4(3G)5s_2Ge[9/2]         10.0     614931.5280     7.6468   3.921E+02    79     0    619
3d4(5D)4f_6Fo[7/2]          8.0     614970.0370     7.6456   3.921E+02    77     0    620
3d4(5D)4f_4Ho[9/2]         10.0     615127.9720     7.6409   3.924E+02    78     0    621
3d4(5D)5p_4Do[5/2]          6.0     615314.8970     7.6353   3.926E+02    78     0    622
3d4(5D)4f_6Gbo[9/2]        10.0     615342.3580     7.6344   3.927E+02    77     0    623
3d4(5D)4f_6Po[7/2]          8.0     615390.7120     7.6330   3.928E+02    77     0    624
3d4(5D)4f_6Go[13/2]        14.0     615472.0340     7.6306   3.929E+02    77     0    625
3d4(5D)4f_6Go[11/2]        12.0     615479.8470     7.6303   3.929E+02    77     0    626
3d4(5D)4f_4Ho[11/2]        12.0     615882.9660     7.6182   3.935E+02    78     0    627
3d4(5D)5p_4Do[7/2]          8.0     615933.1490     7.6167   3.936E+02    78     0    628
3d4(5D)4f_6Po[5/2]          6.0     615983.7490     7.6152   3.937E+02    77     0    629
3d4(5D)4f_6Po[3/2]          4.0     616374.4770     7.6035   3.943E+02    77     0    630
3d4(5D)4f_4Do[5/2]          6.0     616595.0330     7.5969   3.946E+02    78     0    631
3d4(5D)4f_4Do[7/2]          8.0     616668.4110     7.5947   3.947E+02    78     0    632
3d4(5D)4f_4Ho[13/2]        14.0     616704.6370     7.5936   3.948E+02    78     0    633
3d4(5D)4f_4Do[3/2]          4.0     616762.6220     7.5919   3.949E+02    78     0    634
3d4(5D)4f_4Do[1/2]          2.0     617129.3810     7.5809   3.955E+02    78     0    635
3d4(5D)4f_4Fo[3/2]          4.0     617707.3290     7.5635   3.964E+02    78     0    636
3d4(5D)4f_4Go[5/2]          6.0     617709.3160     7.5635   3.964E+02    78     0    637
3d4(5D)4f_4Dbo[7/2]         8.0     617852.4040     7.5592   3.966E+02    78     0    638
3d4(5D)4f_4Fo[9/2]         10.0     617892.1470     7.5580   3.967E+02    78     0    639
3d4(5D)4f_4Gbo[5/2]         6.0     618424.9230     7.5420   3.975E+02    78     0    640
3d4(5D)4f_4Go[7/2]          8.0     618887.6700     7.5282   3.982E+02    78     0    641
3d4(5D)4f_4Go[9/2]         10.0     619266.5560     7.5168   3.988E+02    78     0    642
3d4(1G)4d_2Gbe[7/2]         8.0     619313.0830     7.5154   3.989E+02    79     0    643
3d4(1G)4d_2Gbe[9/2]        10.0     619390.4300     7.5131   3.990E+02    79     0    644
3d4(5D)4f_4Go[11/2]        12.0     619565.2080     7.5078   3.993E+02    78     0    645
3d4(3D)5s_4De[7/2]          8.0     620668.4740     7.4748   4.011E+02    81     0    646
3d4(3D)5s_4De[5/2]          6.0     620821.3800     7.4702   4.013E+02    81     0    647
3d4(3D)5s_4De[3/2]          4.0     621019.0810     7.4643   4.016E+02    81     0    648
3d4(3D)5s_4De[1/2]          2.0     621194.0690     7.4590   4.019E+02    81     0    649
3d4(1I)5s_2Ie[13/2]        14.0     622072.7950     7.4327   4.033E+02    80     0    650
3d4(1I)5s_2Ie[11/2]        12.0     622078.6640     7.4325   4.034E+02    80     0    651
3d4(1G)5s_2Ge[9/2]         10.0     622328.6990     7.4250   4.038E+02    80     0    652
3d4(1G)5s_2Ge[7/2]          8.0     622330.7750     7.4249   4.038E+02    80     0    653
3d4(3D)5s_2De[5/2]          6.0     622404.0840     7.4227   4.039E+02    82     0    654
3d4(3D)5s_2De[3/2]          4.0     622806.2100     7.4107   4.045E+02    82     0    655
3d4(1G)4d_2Dbe[5/2]         6.0     626620.8800     7.2963   4.109E+02    82     0    656
3d4(1G)4d_2Dbe[3/2]         4.0     627029.4220     7.2841   4.116E+02    82     0    657
3d4(1S)5s_2Se[1/2]          2.0     627079.6120     7.2826   4.117E+02    82     0    658
3d4(1D)4d_2Se[1/2]          2.0     631019.6320     7.1645   4.184E+02    82     0    659
3d4(1D)5s_2De[5/2]          6.0     631521.4630     7.1494   4.193E+02    82     0    660
3d4(1D)5s_2De[3/2]          4.0     631612.9010     7.1467   4.195E+02    82     0    661
3d4(1D)4d_2Ge[7/2]          8.0     636145.6930     7.0108   4.276E+02    70     0    662
3d4(1D)4d_2Gce[9/2]        10.0     636236.5270     7.0081   4.278E+02    83     0    663
3d4(1D)4d_2Fbe[5/2]         6.0     636328.1870     7.0053   4.280E+02    83     0    664
3d4(1D)4d_2Fbe[7/2]         8.0     636566.7920     6.9982   4.284E+02    83     0    665
3d4(3P)5p_4Do[1/2]          2.0     637296.4180     6.9763   4.297E+02    84     0    666
3d4(3P)5p_4Do[3/2]          4.0     638466.0810     6.9412   4.319E+02    84     0    667
3d4(3H)5p_4Ho[7/2]          8.0     638671.1060     6.9351   4.323E+02    84     0    668
3d4(3H)5p_4Ho[9/2]         10.0     638892.8300     6.9284   4.327E+02    84     0    669
3d4(3P)5p_4Po[1/2]          2.0     639340.1060     6.9150   4.335E+02    84     0    670
3d4(3H)5p_4Ho[11/2]        12.0     639439.8340     6.9120   4.337E+02    84     0    671
3d4(3H)5p_4Io[9/2]         10.0     639697.2220     6.9043   4.342E+02    84     0    672
3d4(3P)5p_4Po[3/2]          4.0     639970.1660     6.8961   4.347E+02    84     0    673
3d4(3P)5p_4Do[5/2]          6.0     640017.3550     6.8947   4.348E+02    84     0    674
3d4(3H)5p_4Ho[13/2]        14.0     640125.6860     6.8915   4.350E+02    84     0    675
3d4(1F)5s_2Fe[5/2]          6.0     640486.1090     6.8807   4.357E+02    83     0    676
3d4(3H)5p_4Io[11/2]        12.0     640489.9350     6.8805   4.357E+02    84     0    677
3d4(1F)5s_2Fe[7/2]          8.0     640503.7420     6.8801   4.357E+02    83     0    678
3d4(3H)5p_2Go[7/2]          8.0     640792.6930     6.8715   4.363E+02    85     0    679
3d4(3H)5p_4Go[9/2]         10.0     640999.4620     6.8653   4.367E+02    84     0    680
3d4(3P)5p_2Po[1/2]          2.0     641157.2820     6.8605   4.370E+02    85     0    681
3d4(3H)5p_4Io[13/2]        14.0     641174.9960     6.8600   4.370E+02    84     0    682
3d4(3H)5p_4Go[5/2]          6.0     641277.3430     6.8569   4.372E+02    84     0    683
3d4(3P)4f_4Go[5/2]          6.0     641411.8450     6.8529   4.375E+02    84     0    684
3d4(3H)5p_4Go[11/2]        12.0     641737.0430     6.8432   4.381E+02    84     0    685
3d4(3H)5p_4Io[15/2]        16.0     641751.7070     6.8427   4.381E+02    84     0    686
3d4(3F)5p_4Do[7/2]          8.0     641798.0080     6.8413   4.382E+02    84     0    687
3d4(3H)5p_4Gbo[5/2]         6.0     641857.7630     6.8395   4.383E+02    84     0    688
3d4(3H)5p_4Go[7/2]          8.0     641881.0810     6.8388   4.384E+02    84     0    689
3d4(3P)5p_2Do[3/2]          4.0     641894.8070     6.8384   4.384E+02    85     0    690
3d4(3H)4f_4Ko[11/2]        12.0     642003.7580     6.8352   4.386E+02    84     0    691
3d4(3H)5p_2Gbo[7/2]         8.0     642005.2810     6.8351   4.386E+02    85     0    692
3d4(3H)5p_2Io[11/2]        12.0     642009.4750     6.8350   4.386E+02    85     0    693
3d4(3P)5p_4Po[5/2]          6.0     642200.7150     6.8293   4.390E+02    84     0    694
3d4(3F)5p_4Go[7/2]          8.0     642218.8570     6.8287   4.390E+02    84     0    695
3d4(3H)5p_4Gbo[9/2]        10.0     642270.6220     6.8272   4.391E+02    84     0    696
3d4(3F)5p_4Fo[3/2]          4.0     642424.1700     6.8226   4.394E+02    84     0    697
3d4(3H)4f_4Ko[13/2]        14.0     642435.8590     6.8222   4.394E+02    84     0    698
3d4(3F)5p_4Go[9/2]         10.0     642617.2540     6.8168   4.398E+02    84     0    699
3d4(3H)4f_4Io[9/2]         10.0     642634.6600     6.8162   4.398E+02    84     0    700
3d4(3P)5p_4So[3/2]          4.0     642680.6190     6.8149   4.399E+02    84     0    701
3d4(3H)5p_2Io[13/2]        14.0     642727.1350     6.8135   4.400E+02    85     0    702
3d4(3F)5p_4Fo[5/2]          6.0     642875.3590     6.8090   4.403E+02    84     0    703
3d4(3H)4f_4Ko[15/2]        16.0     642963.5500     6.8064   4.405E+02    84     0    704
3d4(3H)4f_4Io[11/2]        12.0     643022.4850     6.8046   4.406E+02    84     0    705
3d4(3H)5p_2Ho[9/2]         10.0     643039.7810     6.8041   4.406E+02    85     0    706
3d4(3P)4f_4Go[9/2]         10.0     643177.1990     6.8000   4.409E+02    84     0    707
3d4(3F)5p_4Go[11/2]        12.0     643304.6200     6.7962   4.411E+02    84     0    708
3d4(3F)5p_4Fo[7/2]          8.0     643307.3720     6.7961   4.411E+02    84     0    709
3d4(3P)4f_4Fo[3/2]          4.0     643421.6760     6.7926   4.413E+02    84     0    710
3d4(3H)4f_4Io[13/2]        14.0     643486.8190     6.7907   4.415E+02    84     0    711
3d4(3H)4f_4Ko[17/2]        18.0     643571.9180     6.7881   4.416E+02    84     0    712
3d4(3F)5p_4Do[1/2]          2.0     643611.0260     6.7870   4.417E+02    84     0    713
3d4(3F)5p_4Do[5/2]          6.0     643617.6870     6.7868   4.417E+02    84     0    714
3d4(3F)5p_4Do[3/2]          4.0     643640.5400     6.7861   4.418E+02    84     0    715
3d4(3F)5p_4Fo[9/2]         10.0     643647.8820     6.7859   4.418E+02    84     0    716
3d4(3P)4f_2Do[5/2]          6.0     643660.9670     6.7855   4.418E+02    85     0    717
3d4(3H)4f_4Ho[7/2]          8.0     643721.6260     6.7837   4.419E+02    84     0    718
3d4(3H)4f_4Lo[13/2]        14.0     643775.4020     6.7820   4.420E+02    84     0    719
3d4(3H)5p_2Ho[11/2]        12.0     643858.0920     6.7796   4.422E+02    85     0    720
3d4(3H)4f_4Io[15/2]        16.0     643930.8490     6.7774   4.423E+02    84     0    721
3d4(3F)5p_4Dbo[7/2]         8.0     643947.6170     6.7769   4.424E+02    84     0    722
3d4(3P)4f_4Fo[5/2]          6.0     644012.0930     6.7749   4.425E+02    84     0    723
3d4(3H)4f_4Lo[15/2]        16.0     644082.1910     6.7728   4.426E+02    84     0    724
3d4(3H)4f_4Hbo[7/2]         8.0     644129.5850     6.7714   4.427E+02    84     0    725
3d4(3P)5p_2Pbo[1/2]         2.0     644146.4730     6.7709   4.428E+02    85     0    726
3d4(3F)5p_2Do[3/2]          4.0     644225.9700     6.7685   4.429E+02    85     0    727
3d4(3H)4f_4Ho[9/2]         10.0     644330.7200     6.7654   4.431E+02    84     0    728
3d4(3H)4f_2Go[9/2]         10.0     644486.5800     6.7607   4.434E+02    85     0    729
3d4(3H)4f_2Go[7/2]          8.0     644491.5770     6.7606   4.434E+02    85     0    730
3d4(3H)4f_4Lo[17/2]        18.0     644582.3140     6.7579   4.436E+02    84     0    731
3d4(3F)5p_2Do[5/2]          6.0     644585.8590     6.7577   4.436E+02    85     0    732
3d4(3P)5p_2Po[3/2]          4.0     644617.6440     6.7568   4.437E+02    85     0    733
3d4(3P)5p_2Do[5/2]          6.0     644754.2110     6.7527   4.440E+02    85     0    734
3d4(3H)4f_4Ho[11/2]        12.0     644788.4920     6.7517   4.440E+02    84     0    735
3d4(1D)4d_2De[3/2]          4.0     644869.2360     6.7493   4.442E+02    83     0    736
3d4(3H)4f_2Lo[15/2]        16.0     645026.4780     6.7445   4.445E+02    85     0    737
3d4(3H)4f_4Lo[19/2]        20.0     645117.3970     6.7418   4.447E+02    84     0    738
3d4(3F)5p_2Go[7/2]          8.0     645186.1840     6.7397   4.448E+02    85     0    739
3d4(3F)5p_2Fo[5/2]          6.0     645188.8980     6.7397   4.448E+02    85     0    740
3d4(3F)5p_2Fo[7/2]          8.0     645276.2250     6.7370   4.450E+02    85     0    741
3d4(3P)4f_4Go[11/2]        12.0     645276.4320     6.7370   4.450E+02    84     0    742
3d4(3F)4f_4Io[9/2]         10.0     645323.8690     6.7356   4.451E+02    84     0    743
3d4(3H)4f_4Ho[13/2]        14.0     645331.5440     6.7354   4.451E+02    84     0    744
3d4(3H)4f_4Do[7/2]          8.0     645363.9050     6.7344   4.452E+02    84     0    745
3d4(3H)4f_4Do[5/2]          6.0     645393.2330     6.7335   4.452E+02    84     0    746
3d4(3P)4f_4Fo[9/2]         10.0     645439.1790     6.7322   4.453E+02    84     0    747
3d4(1D)4d_2De[5/2]          6.0     645484.4680     6.7308   4.454E+02    83     0    748
3d4(3H)4f_4Go[5/2]          6.0     645517.6980     6.7298   4.455E+02    84     0    749
3d4(3H)4f_4Do[3/2]          4.0     645521.5640     6.7297   4.455E+02    84     0    750
3d4(3F)4f_4Io[11/2]        12.0     645530.2700     6.7294   4.455E+02    84     0    751
3d4(3F)4f_4Ibo[11/2]       12.0     645567.5620     6.7283   4.456E+02    84     0    752
3d4(3H)4f_2Ho[9/2]         10.0     645652.6340     6.7258   4.457E+02    85     0    753
3d4(3H)4f_4Do[1/2]          2.0     645655.9510     6.7257   4.457E+02    84     0    754
3d4(3H)4f_4Go[7/2]          8.0     645717.5240     6.7238   4.459E+02    84     0    755
3d4(3F)5p_2Go[9/2]         10.0     645737.6060     6.7232   4.459E+02    85     0    756
3d4(3F)4f_4Io[13/2]        14.0     645794.5110     6.7215   4.460E+02    84     0    757
3d4(3H)4f_2Io[11/2]        12.0     645829.3880     6.7205   4.461E+02    85     0    758
3d4(3H)4f_2Lo[17/2]        18.0     645885.5450     6.7188   4.462E+02    85     0    759
3d4(3H)4f_4Gbo[7/2]         8.0     645960.9930     6.7165   4.464E+02    84     0    760
3d4(1D)4d_2Pce[3/2]         4.0     646002.3660     6.7153   4.464E+02    83     0    761
3d4(3H)4f_2Ko[13/2]        14.0     646112.3610     6.7120   4.467E+02    85     0    762
3d4(1D)4d_2Pce[1/2]         2.0     646138.3140     6.7112   4.467E+02    83     0    763
3d4(3F)4f_4Io[15/2]        16.0     646140.9580     6.7111   4.467E+02    84     0    764
3d4(3H)4f_4Go[9/2]         10.0     646168.3460     6.7103   4.468E+02    84     0    765
3d4(3F)4f_4Ho[7/2]          8.0     646197.0540     6.7094   4.468E+02    84     0    766
3d4(3H)4f_2Fo[5/2]          6.0     646258.0350     6.7076   4.469E+02    85     0    767
3d4(3G)5p_4Ho[7/2]          8.0     646377.0420     6.7040   4.472E+02    84     0    768
3d4(3P)4f_4Do[7/2]          8.0     646395.4550     6.7035   4.472E+02    84     0    769
3d4(3F)4f_4Fo[5/2]          6.0     646495.9080     6.7005   4.474E+02    84     0    770
3d4(3H)4f_2Io[13/2]        14.0     646515.7090     6.6999   4.475E+02    85     0    771
3d4(3P)4f_2Do[3/2]          4.0     646534.1180     6.6993   4.475E+02    85     0    772
3d4(3F)4f_4Ho[9/2]         10.0     646580.0460     6.6980   4.476E+02    84     0    773
3d4(3H)4f_4Fo[3/2]          4.0     646594.8870     6.6975   4.476E+02    84     0    774
3d4(3F)4f_2So[1/2]          2.0     646669.2680     6.6953   4.478E+02    85     0    775
3d4(3G)5p_4Fo[5/2]          6.0     646691.5570     6.6946   4.478E+02    84     0    776
3d4(3H)4f_4Go[11/2]        12.0     646699.0850     6.6944   4.478E+02    84     0    777
3d4(3H)4f_2Fo[7/2]          8.0     646725.2570     6.6936   4.479E+02    85     0    778
3d4(3G)5p_4Ho[9/2]         10.0     646856.6120     6.6897   4.481E+02    84     0    779
3d4(3G)5p_4Fo[7/2]          8.0     646938.0490     6.6872   4.483E+02    84     0    780
3d4(3H)4f_4Fo[9/2]         10.0     646995.7570     6.6855   4.484E+02    84     0    781
3d4(3F)4f_4Go[5/2]          6.0     647005.3350     6.6852   4.484E+02    84     0    782
3d4(3F)4f_4Ho[11/2]        12.0     647010.9640     6.6850   4.485E+02    84     0    783
3d4(3F)4f_4Do[3/2]          4.0     647039.7060     6.6842   4.485E+02    84     0    784
3d4(3H)4f_2Ko[15/2]        16.0     647081.2120     6.6829   4.486E+02    85     0    785
3d4(3H)4f_4Fo[5/2]          6.0     647143.6410     6.6811   4.487E+02    84     0    786
3d4(3F)4f_4Do[1/2]          2.0     647256.0330     6.6777   4.489E+02    84     0    787
3d4(3F)4f_4Go[7/2]          8.0     647315.7220     6.6759   4.491E+02    84     0    788
3d4(3P)4f_2Fo[5/2]          6.0     647339.4200     6.6752   4.491E+02    85     0    789
3d4(3F)4f_4Ho[13/2]        14.0     647402.4110     6.6733   4.492E+02    84     0    790
3d4(3F)4f_4Go[9/2]         10.0     647444.0550     6.6721   4.493E+02    84     0    791
3d4(3F)4f_4Do[5/2]          6.0     647512.3040     6.6700   4.495E+02    84     0    792
3d4(3H)4f_4Fo[7/2]          8.0     647523.6460     6.6697   4.495E+02    84     0    793
3d4(3G)5p_4Ho[11/2]        12.0     647524.6380     6.6696   4.495E+02    84     0    794
3d4(3G)5p_4Fo[3/2]          4.0     647538.9760     6.6692   4.495E+02    84     0    795
3d4(3F)4f_2Po[3/2]          4.0     647630.6260     6.6665   4.497E+02    85     0    796
3d4(3G)5p_4Fbo[3/2]         4.0     647711.8470     6.6640   4.499E+02    84     0    797
3d4(3F)4f_4Do[7/2]          8.0     647729.3470     6.6635   4.499E+02    84     0    798
3d4(3G)5p_4Go[9/2]         10.0     647771.1670     6.6623   4.500E+02    84     0    799
3d4(3F)4f_4Fo[7/2]          8.0     647795.1820     6.6615   4.500E+02    84     0    800
3d4(3F)4f_4Go[11/2]        12.0     647850.1320     6.6599   4.501E+02    84     0    801
3d4(3H)4f_2Do[3/2]          4.0     647854.1090     6.6598   4.502E+02    85     0    802
3d4(3F)4f_4Fo[9/2]         10.0     647924.7980     6.6576   4.503E+02    84     0    803
3d4(3F)4f_4Fbo[7/2]         8.0     647974.9910     6.6561   4.504E+02    84     0    804
3d4(3G)5p_4Go[5/2]          6.0     648046.9550     6.6540   4.505E+02    84     0    805
3d4(3P)4f_4Do[5/2]          6.0     648094.7150     6.6526   4.506E+02    84     0    806
3d4(3F)4f_2Po[1/2]          2.0     648219.1020     6.6488   4.509E+02    85     0    807
3d4(3G)5p_4Ho[13/2]        14.0     648255.8440     6.6477   4.510E+02    84     0    808
3d4(3P)4f_4Do[3/2]          4.0     648298.5810     6.6464   4.511E+02    84     0    809
3d4(3G)5p_2Ho[9/2]         10.0     648336.0770     6.6453   4.511E+02    85     0    810
3d4(3G)5p_4Fbo[7/2]         8.0     648358.7450     6.6446   4.512E+02    84     0    811
3d4(3F)4f_4Po[5/2]          6.0     648418.0390     6.6429   4.513E+02    84     0    812
3d4(3G)5p_4Go[11/2]        12.0     648438.4940     6.6422   4.513E+02    84     0    813
3d4(3P)4f_4Do[1/2]          2.0     648457.0710     6.6417   4.514E+02    84     0    814
3d4(3F)4f_4Po[3/2]          4.0     648470.2120     6.6413   4.514E+02    84     0    815
3d4(3F)4f_2Go[9/2]         10.0     648561.1180     6.6386   4.516E+02    85     0    816
3d4(3G)5p_2Fo[5/2]          6.0     648572.7640     6.6382   4.516E+02    85     0    817
3d4(3F)4f_2Io[11/2]        12.0     648690.8970     6.6347   4.519E+02    85     0    818
3d4(3F)4f_4Po[1/2]          2.0     648699.0850     6.6344   4.519E+02    84     0    819
3d4(3H)4f_2Do[5/2]          6.0     648778.4020     6.6321   4.520E+02    85     0    820
3d4(3G)5p_2Hbo[9/2]        10.0     649003.9270     6.6253   4.525E+02    85     0    821
3d4(3F)4f_2Go[7/2]          8.0     649029.1580     6.6245   4.525E+02    85     0    822
3d4(3G)5p_2Hco[9/2]        10.0     649232.8210     6.6184   4.530E+02    85     0    823
3d4(3F)4f_2Do[3/2]          4.0     649278.8670     6.6171   4.531E+02    85     0    824
3d4(3H)4f_2Ho[11/2]        12.0     649344.0120     6.6151   4.532E+02    85     0    825
3d4(3F)4f_2Do[5/2]          6.0     649461.5150     6.6116   4.534E+02    85     0    826
3d4(3G)5p_2Fo[7/2]          8.0     649531.1480     6.6095   4.536E+02    85     0    827
3d4(3H)4f_2Ibo[13/2]       14.0     649592.8950     6.6076   4.537E+02    85     0    828
3d4(3F)4f_2Fo[5/2]          6.0     649598.1840     6.6075   4.537E+02    85     0    829
3d4(3F)4f_4So[3/2]          4.0     649679.3470     6.6050   4.539E+02    84     0    830
3d4(3F)4f_2Gbo[9/2]        10.0     649741.2360     6.6032   4.540E+02    85     0    831
3d4(3G)5p_2Ho[11/2]        12.0     649762.3060     6.6026   4.541E+02    85     0    832
3d4(3G)5p_2Go[7/2]          8.0     650129.3520     6.5916   4.548E+02    85     0    833
3d4(3G)4f_4Ko[11/2]        12.0     650187.8510     6.5898   4.549E+02    86     0    834
3d4(3P)5s_4Pbe[5/2]         6.0     650189.7550     6.5897   4.549E+02    87     0    835
3d4(3F)4f_2Fo[7/2]          8.0     650248.1640     6.5880   4.551E+02    85     0    836
3d4(3G)4f_4Ko[13/2]        14.0     650324.7020     6.5857   4.552E+02    86     0    837
3d4(3G)4f_4Io[9/2]         10.0     650579.6600     6.5781   4.557E+02    86     0    838
3d4(3G)4f_4Ko[15/2]        16.0     650664.7380     6.5755   4.559E+02    86     0    839
3d4(3G)4f_4Io[11/2]        12.0     650778.9010     6.5721   4.562E+02    86     0    840
3d4(3G)5p_2Go[9/2]         10.0     650788.3800     6.5718   4.562E+02    85     0    841
3d4(3G)4f_4Io[13/2]        14.0     651181.1250     6.5600   4.570E+02    86     0    842
3d4(3G)4f_4Ko[17/2]        18.0     651183.5040     6.5600   4.570E+02    86     0    843
3d4(3F)5s_4Fbe[9/2]        10.0     651221.1450     6.5588   4.571E+02    87     0    844
3d4(3P)5s_4Pbe[3/2]         4.0     651385.4850     6.5539   4.574E+02    87     0    845
3d4(3F)5s_4Fbe[3/2]         4.0     651444.0200     6.5521   4.575E+02    87     0    846
3d4(3F)5s_4Fbe[7/2]         8.0     651459.3330     6.5517   4.576E+02    87     0    847
3d4(3F)5s_4Fbe[5/2]         6.0     651500.5180     6.5504   4.577E+02    87     0    848
3d4(3G)4f_4Go[7/2]          8.0     651596.4090     6.5476   4.579E+02    86     0    849
3d4(3G)4f_4Go[9/2]         10.0     651603.9790     6.5473   4.579E+02    86     0    850
3d4(3G)4f_4Go[5/2]          6.0     651619.0400     6.5469   4.579E+02    86     0    851
3d4(3G)4f_4Io[15/2]        16.0     651662.8140     6.5456   4.580E+02    86     0    852
3d4(3G)4f_4Po[1/2]          2.0     651671.8070     6.5453   4.580E+02    86     0    853
3d4(3G)4f_4Go[11/2]        12.0     651882.7020     6.5390   4.585E+02    86     0    854
3d4(3G)4f_2Do[3/2]          4.0     651968.9500     6.5364   4.587E+02    85     0    855
3d4(3G)4f_2Ko[13/2]        14.0     652007.1780     6.5353   4.587E+02    85     0    856
3d4(3G)4f_4Ho[7/2]          8.0     652100.7450     6.5325   4.589E+02    86     0    857
3d4(3G)4f_4Ho[13/2]        14.0     652250.2560     6.5280   4.592E+02    86     0    858
3d4(3G)4f_2Po[1/2]          2.0     652307.7970     6.5262   4.594E+02    85     0    859
3d4(3G)4f_4Ho[9/2]         10.0     652352.2220     6.5249   4.595E+02    86     0    860
3d4(3G)4f_4Po[3/2]          4.0     652460.1820     6.5217   4.597E+02    86     0    861
3d4(3G)4f_2Do[5/2]          6.0     652511.7880     6.5201   4.598E+02    85     0    862
3d4(3G)4f_4Gbo[11/2]       12.0     652519.9290     6.5199   4.598E+02    86     0    863
3d4(3G)4f_2Dbo[3/2]         4.0     652559.8410     6.5187   4.599E+02    85     0    864
3d4(3P)5s_4Pbe[1/2]         2.0     652615.9830     6.5170   4.600E+02    87     0    865
3d4(3G)4f_4Fo[5/2]          6.0     652624.0240     6.5168   4.600E+02    86     0    866
3d4(3G)4f_4Do[1/2]          2.0     652679.1470     6.5151   4.601E+02    86     0    867
3d4(3G)4f_2Io[11/2]        12.0     652851.9920     6.5099   4.605E+02    85     0    868
3d4(3G)4f_2Ko[15/2]        16.0     652998.2420     6.5055   4.608E+02    85     0    869
3d4(3G)4f_4Do[3/2]          4.0     653053.4080     6.5039   4.609E+02    86     0    870
3d4(3P)5s_2Pbe[3/2]         4.0     653055.5370     6.5038   4.609E+02    88     0    871
3d4(3G)4f_4Fo[7/2]          8.0     653177.8370     6.5002   4.612E+02    86     0    872
3d4(3G)4f_4Dbo[3/2]         4.0     653182.7990     6.5000   4.612E+02    86     0    873
3d4(3G)4f_2Fo[5/2]          6.0     653199.7910     6.4995   4.613E+02    89     0    874
3d4(3G)4f_2Io[13/2]        14.0     653209.4790     6.4992   4.613E+02    85     0    875
3d4(3F)5s_2Fbe[7/2]         8.0     653296.2380     6.4966   4.615E+02    80     0    876
3d4(3G)4f_4Po[5/2]          6.0     653447.1400     6.4921   4.618E+02    86     0    877
3d4(3F)5s_2Fce[5/2]         6.0     653485.0010     6.4910   4.619E+02    88     0    878
3d4(3G)4f_2Ho[9/2]         10.0     653796.6330     6.4816   4.625E+02    89     0    879
3d4(3G)4f_4Do[5/2]          6.0     653821.9670     6.4809   4.626E+02    86     0    880
3d3(4F)4s2_4Fe[3/2]         4.0     653879.7370     6.4791   4.627E+02    87     0    881
3d4(3G)4f_2Fo[7/2]          8.0     653939.2220     6.4773   4.628E+02    89     0    882
3d4(3G)4f_4Fo[9/2]         10.0     653944.2580     6.4772   4.628E+02    86     0    883
3d4(3G)4f_4Do[7/2]          8.0     654483.4060     6.4610   4.640E+02    86     0    884
3d4(3G)4f_2Go[7/2]          8.0     654627.5160     6.4567   4.643E+02    89     0    885
3d4(3P)5s_2Pbe[1/2]         2.0     654643.8700     6.4562   4.643E+02    88     0    886
3d4(3G)4f_2Ho[11/2]        12.0     654680.1420     6.4551   4.644E+02    89     0    887
3d3(4F)4s2_4Fe[5/2]         6.0     654834.4660     6.4505   4.648E+02    87     0    888
3d4(3D)5p_4Do[5/2]          6.0     655183.6210     6.4400   4.655E+02    86     0    889
3d4(3D)5p_4Do[3/2]          4.0     655305.8280     6.4364   4.658E+02    86     0    890
3d4(3D)5p_4Do[7/2]          8.0     655395.5060     6.4337   4.660E+02    86     0    891
3d4(3G)4f_2Go[9/2]         10.0     655398.9550     6.4336   4.660E+02    89     0    892
3d4(3D)5p_4Do[1/2]          2.0     655586.2620     6.4280   4.664E+02    86     0    893
3d4(3D)5p_4Po[5/2]          6.0     655740.9970     6.4233   4.667E+02    86     0    894
3d4(1I)5p_2Io[13/2]        14.0     655860.1460     6.4198   4.670E+02    89     0    895
3d4(3D)5p_4Fo[3/2]          4.0     655968.6930     6.4165   4.672E+02    86     0    896
3d4(1I)5p_2Io[11/2]        12.0     655974.5110     6.4163   4.672E+02    89     0    897
3d3(4F)4s2_4Fe[7/2]         8.0     656091.0820     6.4128   4.675E+02    87     0    898
3d4(3D)5p_4Fo[9/2]         10.0     656370.7660     6.4044   4.681E+02    86     0    899
3d4(3D)5p_4Dbo[7/2]         8.0     656379.1810     6.4042   4.681E+02    86     0    900
3d4(1G)5p_2Ho[9/2]         10.0     656379.9060     6.4042   4.681E+02    89     0    901
3d4(3D)5p_4Dbo[5/2]         6.0     656412.6930     6.4032   4.682E+02    86     0    902
3d4(1G)5p_2Fo[7/2]          8.0     656538.6380     6.3994   4.685E+02    89     0    903
3d4(3D)5p_4Po[3/2]          4.0     656737.7140     6.3934   4.689E+02    86     0    904
3d4(1I)5p_2Ko[13/2]        14.0     656939.7980     6.3874   4.694E+02    89     0    905
3d4(1G)5p_2Ho[11/2]        12.0     656978.5280     6.3862   4.694E+02    89     0    906
3d4(3D)5p_4Po[1/2]          2.0     657083.4500     6.3831   4.697E+02    86     0    907
3d4(1G)5p_2Fo[5/2]          6.0     657429.1850     6.3727   4.704E+02    89     0    908
3d4(1I)5p_2Ko[15/2]        16.0     657444.0280     6.3723   4.705E+02    89     0    909
3d3(4F)4s2_4Fe[9/2]        10.0     657587.1500     6.3680   4.708E+02    87     0    910
3d4(3D)5p_2Po[3/2]          4.0     657833.2310     6.3606   4.713E+02    89     0    911
3d4(1G)5p_2Go[7/2]          8.0     657926.1670     6.3578   4.715E+02    89     0    912
3d4(3D)5p_2Po[1/2]          2.0     658071.4150     6.3535   4.719E+02    89     0    913
3d4(1G)5p_2Go[9/2]         10.0     658335.7940     6.3455   4.724E+02    89     0    914
3d4(3D)5p_2Do[5/2]          6.0     658533.5320     6.3396   4.729E+02    89     0    915
3d4(1I)5p_2Ho[11/2]        12.0     658682.6390     6.3351   4.732E+02    89     0    916
3d4(3D)5p_2Do[3/2]          4.0     658702.6360     6.3345   4.733E+02    89     0    917
3d4(3D)5p_2Fo[7/2]          8.0     658704.6640     6.3345   4.733E+02    89     0    918
3d4(3D)5p_2Fo[5/2]          6.0     658983.1630     6.3261   4.739E+02    89     0    919
3d4(1I)5p_2Ho[9/2]         10.0     659043.6240     6.3243   4.740E+02    89     0    920
3d4(3D)4f_4Go[9/2]         10.0     659436.0340     6.3125   4.749E+02    86     0    921
3d4(3D)4f_4Go[11/2]        12.0     659448.2030     6.3122   4.749E+02    86     0    922
3d4(3D)4f_4Go[7/2]          8.0     659453.8020     6.3120   4.750E+02    86     0    923
3d4(3D)4f_4Go[5/2]          6.0     659507.4730     6.3104   4.751E+02    86     0    924
3d4(1I)4f_2Lo[15/2]        16.0     659586.4800     6.3080   4.753E+02    89     0    925
3d4(1I)4f_2Lo[17/2]        18.0     659620.2120     6.3070   4.753E+02    89     0    926
3d4(3D)4f_4Ho[13/2]        14.0     659721.0600     6.3040   4.756E+02    86     0    927
3d4(3D)4f_4Ho[11/2]        12.0     659856.4380     6.2999   4.759E+02    86     0    928
3d4(3D)4f_4Po[1/2]          2.0     659925.7630     6.2979   4.760E+02    86     0    929
3d4(3D)4f_4Po[3/2]          4.0     659956.6210     6.2969   4.761E+02    86     0    930
3d4(3D)4f_4Ho[9/2]         10.0     659982.3560     6.2962   4.762E+02    86     0    931
3d4(3D)4f_4Po[5/2]          6.0     660040.7880     6.2944   4.763E+02    86     0    932
3d4(3D)4f_4Ho[7/2]          8.0     660065.9830     6.2937   4.763E+02    86     0    933
3d4(1G)4f_2Ko[13/2]        14.0     660133.9920     6.2916   4.765E+02    89     0    934
3d4(3D)4f_4Fo[9/2]         10.0     660147.2280     6.2912   4.765E+02    86     0    935
3d4(1G)4f_2Ko[15/2]        16.0     660161.7220     6.2908   4.766E+02    89     0    936
3d4(5D)5d_6Ge[3/2]          4.0     660290.8710     6.2869   4.769E+02    90     0    937
3d4(3D)4f_4Fo[7/2]          8.0     660294.3600     6.2868   4.769E+02    86     0    938
3d4(5D)5d_4Se[3/2]          4.0     660316.1110     6.2862   4.769E+02    87     0    939
3d4(3D)4f_4Fo[5/2]          6.0     660417.8170     6.2831   4.771E+02    86     0    940
3d4(3D)4f_4Fo[3/2]          4.0     660506.0590     6.2805   4.773E+02    86     0    941
3d4(3D)4f_2Go[7/2]          8.0     660531.3360     6.2797   4.774E+02    89     0    942
3d4(5D)5d_6Ge[5/2]          6.0     660558.2860     6.2789   4.775E+02    90     0    943
3d4(3D)4f_2Go[9/2]         10.0     660625.1300     6.2769   4.776E+02    89     0    944
3d4(1I)4f_2Mo[17/2]        18.0     660807.9200     6.2714   4.780E+02    89     0    945
3d4(1G)4f_2Io[13/2]        14.0     660808.8970     6.2714   4.780E+02    89     0    946
3d4(1I)4f_2Mo[19/2]        20.0     660817.6420     6.2711   4.781E+02    89     0    947
3d4(3D)4f_4Do[7/2]          8.0     660833.1270     6.2707   4.781E+02    86     0    948
3d4(1I)4f_2Ho[9/2]         10.0     660843.8510     6.2703   4.781E+02    89     0    949
3d4(1I)4f_2Ho[11/2]        12.0     660922.1020     6.2680   4.783E+02    89     0    950
3d4(5D)5d_6Ge[7/2]          8.0     660936.3760     6.2676   4.783E+02    90     0    951
3d4(3D)4f_4Do[1/2]          2.0     660959.2870     6.2669   4.784E+02    86     0    952
3d4(3D)4f_4Do[3/2]          4.0     661005.8470     6.2655   4.785E+02    86     0    953
3d4(3D)4f_4Do[5/2]          6.0     661016.7500     6.2652   4.785E+02    86     0    954
3d4(3D)4f_2Fo[5/2]          6.0     661082.3980     6.2632   4.787E+02    89     0    955
3d4(3D)4f_2Fo[7/2]          8.0     661088.8930     6.2630   4.787E+02    89     0    956
3d4(5D)5d_6Pe[5/2]          6.0     661096.0730     6.2628   4.787E+02    90     0    957
3d4(1I)4f_2Io[11/2]        12.0     661105.6450     6.2625   4.787E+02    89     0    958
3d4(5D)5d_6Pe[3/2]          4.0     661211.0260     6.2593   4.790E+02    90     0    959
3d4(1G)4f_2Po[1/2]          2.0     661418.1510     6.2531   4.794E+02    89     0    960
3d4(5D)5d_6Ge[9/2]         10.0     661433.3810     6.2527   4.795E+02    90     0    961
3d4(5D)5d_6Pe[7/2]          8.0     661520.0270     6.2501   4.797E+02    90     0    962
3d4(1I)4f_2Ko[15/2]        16.0     661523.0310     6.2500   4.797E+02    89     0    963
3d4(3D)4f_2Do[3/2]          4.0     661559.0270     6.2489   4.798E+02    89     0    964
3d4(1I)4f_2Ko[13/2]        14.0     661691.9250     6.2449   4.801E+02    89     0    965
3d4(1S)5p_2Po[1/2]          2.0     661829.2940     6.2408   4.804E+02    89     0    966
3d4(3D)4f_2Ho[9/2]         10.0     661861.0920     6.2398   4.804E+02    89     0    967
3d4(3D)4f_2Ho[11/2]        12.0     661887.2590     6.2391   4.805E+02    89     0    968
3d4(3D)4f_2Do[5/2]          6.0     661966.3310     6.2367   4.807E+02    89     0    969
3d4(1G)4f_2Po[3/2]          4.0     662036.7030     6.2346   4.809E+02    89     0    970
3d4(5D)5d_6Ge[11/2]        12.0     662044.7360     6.2343   4.809E+02    90     0    971
3d4(5D)5d_6Fe[1/2]          2.0     662165.5800     6.2307   4.812E+02    90     0    972
3d4(5D)5d_6Fe[3/2]          4.0     662251.7340     6.2281   4.814E+02    90     0    973
3d4(1G)4f_2Io[11/2]        12.0     662385.9440     6.2241   4.817E+02    89     0    974
3d4(5D)5d_6Fe[5/2]          6.0     662493.9780     6.2209   4.819E+02    90     0    975
3d4(3D)4f_2Dbo[5/2]         6.0     662497.7540     6.2208   4.819E+02    89     0    976
3d4(3D)4f_2Dbo[3/2]         4.0     662573.2560     6.2185   4.821E+02    89     0    977
3d4(5D)5d_6De[1/2]          2.0     662584.1310     6.2182   4.821E+02    90     0    978
3d4(1I)4f_2Io[13/2]        14.0     662635.2290     6.2166   4.822E+02    89     0    979
3d4(1I)4f_2Go[7/2]          8.0     662643.2230     6.2164   4.823E+02    89     0    980
3d4(1S)5p_2Po[3/2]          4.0     662656.4980     6.2160   4.823E+02    89     0    981
3d4(1I)4f_2Go[9/2]         10.0     662676.2310     6.2154   4.823E+02    89     0    982
3d4(5D)5d_6Ge[13/2]        14.0     662763.3190     6.2128   4.825E+02    90     0    983
3d4(5D)5d_6Fe[7/2]          8.0     662858.0110     6.2100   4.828E+02    90     0    984
3d4(1G)5s_2Gbe[9/2]        10.0     662882.2930     6.2092   4.828E+02    88     0    985
3d4(1G)5s_2Gbe[7/2]         8.0     662890.0210     6.2090   4.828E+02    88     0    986
3d4(3D)4f_2Po[1/2]          2.0     662892.8830     6.2089   4.828E+02    89     0    987
3d4(5D)5d_6De[3/2]          4.0     663001.2860     6.2057   4.831E+02    90     0    988
3d4(5D)5d_6De[9/2]         10.0     663248.6280     6.1983   4.837E+02    90     0    989
3d4(1I)4f_2Hbo[11/2]       12.0     663310.2870     6.1964   4.838E+02    89     0    990
3d4(1I)4f_2Hbo[9/2]        10.0     663327.7910     6.1959   4.839E+02    89     0    991
3d4(1I)4f_2Fo[7/2]          8.0     663438.7160     6.1926   4.841E+02    89     0    992
3d4(5D)5d_6De[5/2]          6.0     663462.3440     6.1918   4.842E+02    90     0    993
3d4(1I)4f_2Fo[5/2]          6.0     663619.5820     6.1871   4.845E+02    89     0    994
3d4(3D)4f_2Po[3/2]          4.0     663825.7540     6.1809   4.850E+02    89     0    995
3d4(5D)5d_6De[7/2]          8.0     663907.9800     6.1785   4.852E+02    90     0    996
3d4(1I)4f_2Fbo[7/2]         8.0     664076.6910     6.1734   4.856E+02    89     0    997
3d4(1I)4f_2Fbo[5/2]         6.0     664186.2650     6.1701   4.859E+02    89     0    998
3d4(5D)5d_6Dbe[9/2]        10.0     664235.5570     6.1687   4.860E+02    90     0    999
3d4(3D)4f_2Gbo[9/2]        10.0     664240.1670     6.1685   4.860E+02    89     0   1000
