********************************************************************************
                                                                                
          Super level assignments for Ba2                  
                                                                                
                    g        E(cm^-1)    10^15 Hz     eV       Lam(A)       ID  
********************************************************************************
                                                                                
17-Oct-2000                            !Format date                   
12-Oct-2009                            !Date
100                                    !Number of energy levels
6                                      !Entry number of link to super level
  
6s_2Se[1/2]         2.0          0.0000     2.4189   1.239E+03     1     0      1
5d_2De[3/2]         4.0       4873.8520     2.2728   1.319E+03     2     0      2
5d_2De[5/2]         6.0       5674.8070     2.2488   1.333E+03     2     0      3
6p_2Po[1/2]         2.0      20261.5610     1.8115   1.655E+03     3     0      4
6p_2Po[3/2]         4.0      21952.4040     1.7608   1.703E+03     3     0      5
7s_2Se[1/2]         2.0      42355.1750     1.1491   2.609E+03     4     0      6
6d_2De[3/2]         4.0      45949.4720     1.0414   2.879E+03     5     0      7
6d_2De[5/2]         6.0      46154.8470     1.0352   2.896E+03     5     0      8
4f_2Fo[5/2]         6.0      48258.6170     0.9722   3.084E+03     6     0      9
4f_2Fo[7/2]         8.0      48483.3320     0.9654   3.105E+03     6     0     10
7p_2Po[1/2]         2.0      49389.8220     0.9382   3.195E+03     7     0     11
7p_2Po[3/2]         4.0      50011.3400     0.9196   3.260E+03     7     0     12
5f_2Fo[5/2]         6.0      57390.9220     0.6984   4.293E+03     8     0     13
5f_2Fo[7/2]         8.0      57631.7390     0.6912   4.338E+03     8     0     14
8s_2Se[1/2]         2.0      58025.2110     0.6794   4.413E+03     9     0     15
7d_2De[3/2]         4.0      59800.2540     0.6261   4.788E+03    10     0     16
7d_2De[5/2]         6.0      59894.9280     0.6233   4.810E+03    10     0     17
8p_2Po[1/2]         2.0      61339.5000     0.5800   5.169E+03    11     0     18
8p_2Po[3/2]         4.0      61642.0000     0.5709   5.251E+03    11     0     19
5g_2Ge[7/2]         8.0      63026.7250     0.5294   5.663E+03    12     0     20
5g_2Ge[9/2]        10.0      63026.7250     0.5294   5.663E+03    12     0     21
6f_2Fo[5/2]         6.0      64596.3300     0.4824   6.215E+03    13     0     22
6f_2Fo[7/2]         8.0      64697.0800     0.4793   6.254E+03    13     0     23
9s_2Se[1/2]         2.0      65683.6460     0.4498   6.666E+03    14     0     24
8d_2De[3/2]         4.0      66673.6510     0.4201   7.136E+03    15     0     25
8d_2De[5/2]         6.0      66725.5910     0.4185   7.163E+03    15     0     26
9p_2Po[1/2]         2.0      67511.2000     0.3950   7.590E+03    16     0     27
9p_2Po[3/2]         4.0      67681.4000     0.3899   7.689E+03    16     0     28
6g_2Ge[9/2]        10.0      68426.0950     0.3676   8.157E+03    17     0     29
6g_2Ge[7/2]         8.0      68426.0950     0.3676   8.157E+03    17     0     30
6z_2Z              22.0      68493.2637     0.3655   8.201E+03    18     0     31
7f_2Fo[5/2]         6.0      69211.7500     0.3440   8.715E+03    19     0     32
7f_2Fo[7/2]         8.0      69260.4600     0.3425   8.752E+03    19     0     33
10s_2Se[1/2]        2.0      70014.5840     0.3199   9.371E+03    20     0     34
9d_2De[3/2]         4.0      70620.2470     0.3018   9.934E+03    21     0     35
9d_2De[5/2]         6.0      70651.9050     0.3008   9.966E+03    21     0     36
10p_2Po[1/2]        2.0      71129.8000     0.2865   1.046E+04    22     0     37
10p_2Po[3/2]        4.0      71235.2000     0.2833   1.058E+04    22     0     38
7g_2Ge[7/2]         8.0      71682.6230     0.2699   1.111E+04    23     0     39
7g_2Ge[9/2]        10.0      71682.6230     0.2699   1.111E+04    23     0     40
7z_2Z              48.0      71728.1376     0.2686   1.116E+04    24     0     41
8f_2Fo[5/2]         6.0      72142.7700     0.2561   1.170E+04    25     0     42
8f_2Fo[7/2]         8.0      72170.1900     0.2553   1.174E+04    25     0     43
11s_2Se[1/2]        2.0      72705.2800     0.2393   1.253E+04    26     0     44
10d_2De[3/2]        4.0      73101.5800     0.2274   1.318E+04    27     0     45
10d_2De[5/2]        6.0      73122.3500     0.2268   1.322E+04    27     0     46
11p_2Po[1/2]        2.0      73436.0000     0.2174   1.379E+04    28     0     47
11p_2Po[3/2]        4.0      73506.7000     0.2152   1.393E+04    28     0     48
8g_2Ge[7/2]         8.0      73795.8700     0.2066   1.451E+04    29     0     49
8g_2Ge[9/2]        10.0      73795.8700     0.2066   1.451E+04    29     0     50
8z_2Z              78.0      73827.6952     0.2056   1.458E+04    30     0     51
9f_2Fo[5/2]         6.0      74091.0500     0.1977   1.516E+04    31     0     52
9f_2Fo[7/2]         8.0      74108.9200     0.1972   1.520E+04    31     0     53
12s_2Se[1/2]        2.0      74491.6300     0.1857   1.614E+04    32     0     54
11d_2De[3/2]        4.0      74765.5000     0.1775   1.689E+04    33     0     55
11d_2De[5/2]        6.0      74779.7800     0.1771   1.693E+04    33     0     56
12p_2Po[1/2]        2.0      74997.4000     0.1705   1.758E+04    34     0     57
12p_2Po[3/2]        4.0      75046.9000     0.1691   1.773E+04    34     0     58
9g_2Ge[7/2]         8.0      75244.1300     0.1632   1.838E+04    35     0     59
9g_2Ge[9/2]        10.0      75244.1300     0.1632   1.838E+04    35     0     60
9z_2Z             112.0      75267.1450     0.1625   1.845E+04    36     0     61
10f_2Fo[5/2]        6.0      75447.5000     0.1571   1.909E+04    37     0     62
10f_2Fo[7/2]        8.0      75459.0000     0.1567   1.913E+04    37     0     63
13s_2Se             2.0      75798.7710     0.1465   2.046E+04    38     0     64
12d_2De[3/2]        4.0      75938.9700     0.1423   2.106E+04    39     0     65
12d_2De[5/2]        6.0      75945.9700     0.1421   2.110E+04    39     0     66
13p_2Po             6.0      76148.4220     0.1360   2.204E+04    40     0     67
10g_2Ge[7/2]        8.0      76279.6800     0.1321   2.269E+04    41     0     68
10g_2Ge[9/2]       10.0      76279.6800     0.1321   2.269E+04    41     0     69
10z_2Z            150.0      76296.7749     0.1316   2.278E+04    42     0     70
11f_2Fo[5/2]        6.0      76425.6000     0.1277   2.347E+04    43     0     71
11f_2Fo[7/2]        8.0      76433.7000     0.1275   2.352E+04    43     0     72
11g_2Ge            18.0      77047.3458     0.1091   2.748E+04    44     0     73
11z_2Z            192.0      77058.5847     0.1088   2.757E+04    45     0     74
12f_2Fo[5/2]        6.0      77154.3000     0.1059   2.831E+04    46     0     75
12f_2Fo[7/2]        8.0      77160.6000     0.1057   2.836E+04    46     0     76
13d_2De            10.0      77438.7291     0.0974   3.079E+04    47     0     77
12g_2Ge            18.0      77629.3483     0.0916   3.271E+04    48     0     78
12z_2Z            238.0      77638.0034     0.0914   3.281E+04    49     0     79
13f_2Fo[5/2]        6.0      77710.0000     0.0892   3.360E+04    50     0     80
13f_2Fo[7/2]        8.0      77715.0000     0.0891   3.366E+04    50     0     81
13g_2Ge            18.0      78082.1211     0.0781   3.840E+04    51     0     82
13z_2Z            288.0      78088.9275     0.0779   3.850E+04    52     0     83
3s_14w2W          392.0      78446.7219     0.0671   4.465E+04    53     0     84
3s_15w2W          450.0      78735.3722     0.0585   5.126E+04    54     0     85
3s_16w2W          512.0      78971.6113     0.0514   5.832E+04    55     0     86
3s_17w2W          578.0      79167.4005     0.0455   6.584E+04    56     0     87
3s_18w2W          648.0      79331.4737     0.0406   7.381E+04    57     0     88
3s_19w2W          722.0      79470.3289     0.0365   8.224E+04    58     0     89
3s_20w2W          800.0      79588.8812     0.0329   9.113E+04    59     0     90
3s_21w2W          882.0      79690.9042     0.0298   1.005E+05    60     0     91
3s_22w2W          968.0      79779.3337     0.0272   1.103E+05    61     0     92
3s_23w2W         1058.0      79856.4816     0.0249   1.205E+05    62     0     93
3s_24w2W         1152.0      79924.1884     0.0228   1.312E+05    63     0     94
3s_25w2W         1250.0      79983.9340     0.0211   1.424E+05    64     0     95
3s_26w2W         1352.0      80036.9194     0.0195   1.540E+05    65     0     96
3s_27w2W         1458.0      80084.1272     0.0181   1.661E+05    66     0     97
3s_28w2W         1568.0      80126.3680     0.0168   1.786E+05    67     0     98
3s_29w2W         1682.0      80164.3148     0.0156   1.916E+05    68     0     99
3s_30w2W         1800.0      80198.5305     0.0146   2.050E+05    69     0    100
