Level / Temperature (10^4 K)        0.50       1.00       2.00       5.00      10.00
3s21Se                         1.073E-14  5.859E-15  3.136E-15  1.744E-15  1.860E-15
3s3p3Po                        3.010E-13  1.917E-13  1.128E-13  4.871E-14  2.517E-14
3s3p1Po                        3.383E-13  2.467E-13  1.451E-13  5.539E-14  2.479E-14
3s4s3Se                        1.003E-14  3.027E-14  3.208E-14  1.626E-14  7.873E-15
3s4s1Se                        7.082E-15  1.932E-14  2.143E-14  1.129E-14  5.367E-15
3s3d1De                        5.317E-14  4.517E-14  4.353E-14  2.774E-14  1.521E-14
3s3d3De                        8.013E-14  1.336E-13  1.713E-13  1.059E-13  5.345E-14
3s4p3Po                        5.897E-14  7.247E-14  8.493E-14  5.097E-14  2.515E-14
3s4p1Po                        2.201E-14  2.433E-14  2.882E-14  1.899E-14  9.751E-15
3s5s3Se                        1.005E-15  1.121E-14  2.607E-14  2.065E-14  1.084E-14
3s5s1Se                        5.223E-16  4.743E-15  1.061E-14  8.364E-15  4.354E-15
3s4d1De                        2.349E-14  3.023E-14  4.041E-14  2.841E-14  1.504E-14
3s5p3Po                        2.498E-14  3.000E-14  4.864E-14  3.788E-14  2.005E-14
3s4d3De                        4.176E-14  5.661E-14  1.013E-13  8.158E-14  4.369E-14
3s4f3Fo                        2.222E-14  3.850E-14  8.416E-14  7.194E-14  3.895E-14
3s4f1Fo                        7.585E-15  1.220E-14  2.602E-14  2.218E-14  1.202E-14
3s5p1Po                        6.294E-15  9.311E-15  1.620E-14  1.340E-14  7.282E-15
3s6s3Se                        6.485E-16  9.269E-15  2.806E-14  2.584E-14  1.412E-14
3s6s1Se                        1.699E-16  2.404E-15  7.018E-15  6.454E-15  3.524E-15
3s5d1De                        8.969E-15  1.548E-14  2.776E-14  2.277E-14  1.239E-14
3s5d3De                        2.485E-14  3.633E-14  8.002E-14  7.310E-14  4.045E-14
3s6p3Po                        1.398E-14  1.828E-14  3.729E-14  3.341E-14  1.836E-14
3s5f3Fo                        1.962E-14  3.104E-14  7.691E-14  7.251E-14  4.025E-14
3s5f1Fo                        6.541E-15  1.017E-14  2.511E-14  2.374E-14  1.322E-14
3s6p1Po                        2.768E-15  5.489E-15  1.259E-14  1.178E-14  6.584E-15
3s5g3Ge                        1.520E-14  4.944E-13  1.682E-12  1.656E-12  9.208E-13
3s5g1Ge                        1.291E-15  4.134E-14  1.419E-13  1.399E-13  7.787E-14
3p23Pe                         3.688E-15  2.390E-14  5.556E-14  6.106E-14  4.230E-14
3s7s3Se                        3.905E-16  7.117E-15  2.531E-14  2.552E-14  1.434E-14
3s6d1De                        3.799E-15  9.670E-15  2.316E-14  2.159E-14  1.206E-14
3s7s1Se                        9.597E-17  1.860E-15  6.404E-15  6.443E-15  3.618E-15
3s6d3De                        1.487E-14  2.605E-14  6.883E-14  6.807E-14  3.842E-14
3s7p3Po                        8.442E-15  1.406E-14  3.643E-14  3.585E-14  2.017E-14
3s6f3Fo                        1.417E-14  2.571E-14  7.333E-14  7.396E-14  4.183E-14
3s6f1Fo                        4.669E-15  7.548E-15  2.066E-14  2.074E-14  1.174E-14
3s7p1Po                        1.493E-15  3.977E-15  1.111E-14  1.119E-14  6.353E-15
3s6g3Ge                        1.767E-16  6.206E-16  1.970E-15  2.032E-15  1.175E-15
3s6g1Ge                        6.321E-17  4.384E-16  1.547E-15  1.610E-15  9.176E-16
3s8s3Se                        2.380E-16  4.435E-15  1.690E-14  1.787E-14  1.020E-14
3s7d1De                        1.984E-15  8.504E-15  2.577E-14  2.604E-14  1.480E-14
3s8s1Se                        7.018E-17  1.734E-15  6.492E-15  6.846E-15  3.901E-15
3s7d3De                        9.579E-15  2.039E-14  6.116E-14  6.355E-14  3.633E-14
3s8p3Po                        5.487E-15  1.063E-14  3.076E-14  3.174E-14  1.809E-14
3s7f3Fo                        1.019E-14  2.195E-14  6.898E-14  7.253E-14  4.150E-14
3s7f1Fo                        3.326E-15  6.334E-15  1.921E-14  2.011E-14  1.151E-14
3s8p1Po                        1.042E-15  8.939E-15  3.306E-14  3.550E-14  2.038E-14
3s7g3Ge                        1.951E-16  1.159E-15  4.210E-15  4.507E-15  2.601E-15
3s7g1Ge                        5.729E-17  1.023E-16  3.061E-16  3.341E-16  2.003E-16
3s9s3Se                        1.981E-16  4.774E-15  1.904E-14  2.073E-14  1.193E-14
3s8d1De                        1.187E-15  7.219E-15  2.453E-14  2.583E-14  1.481E-14
3s9s1Se                        5.357E-17  1.530E-15  6.038E-15  6.554E-15  3.770E-15
3s8d3De                        6.587E-15  1.798E-14  5.994E-14  6.437E-14  3.710E-14
3s9p3Po                        3.790E-15  8.848E-15  2.826E-14  3.014E-14  1.733E-14
3s8f3Fo                        7.503E-15  1.987E-14  6.799E-14  7.356E-14  4.242E-14
3s8f1Fo                        2.433E-15  5.840E-15  1.952E-14  2.104E-14  1.213E-14
3s9p1Po                        6.179E-16  3.139E-15  1.114E-14  1.207E-14  6.975E-15
3s8g3Ge                        1.986E-16  1.728E-15  6.764E-15  7.460E-15  4.338E-15
3s8g1Ge                        5.444E-17  6.523E-17  1.734E-16  1.940E-16  1.192E-16
3s10s3Se                       1.046E-16  1.695E-15  6.919E-15  7.681E-15  4.458E-15
3s9d1De                        8.678E-16  1.026E-14  3.956E-14  4.335E-14  2.509E-14
3s10s1Se                       4.015E-17  1.237E-15  5.062E-15  5.611E-15  3.252E-15
3s9d3De                        4.674E-15  1.234E-14  4.245E-14  5.051E-14  3.186E-14
3s10p3Po                       2.648E-15  7.776E-15  2.658E-14  3.356E-14  2.245E-14
3s9f3Fo                        5.657E-15  1.783E-14  7.034E-14  1.187E-13  9.413E-14
3s9f1Fo                        1.811E-15  4.737E-15  1.856E-14  3.476E-14  2.899E-14
3s10p1Po                       4.304E-16  2.392E-15  1.056E-14  2.425E-14  2.186E-14
3s9g3Ge                        2.028E-16  2.667E-15  1.093E-14  1.224E-14  7.125E-15
3s9g1Ge                        5.008E-17  5.270E-17  1.358E-16  1.608E-16  1.035E-16
3s11s3Se                       8.260E-17  1.484E-15  6.204E-15  6.973E-15  4.060E-15
3s10d1De                       5.278E-16  3.878E-15  1.430E-14  1.567E-14  9.093E-15
3s11s1Se                       3.361E-17  1.147E-15  4.819E-15  5.417E-15  3.151E-15
3s10d3De                       3.488E-15  1.152E-14  4.189E-14  4.657E-14  2.710E-14
3s11p3Po                       2.005E-15  7.270E-15  2.575E-14  2.787E-14  1.607E-14
3s10f3Fo                       3.336E-15  1.687E-15  7.750E-16  2.444E-16  9.504E-17
3s10f1Fo                       1.111E-15  5.615E-16  2.580E-16  8.135E-17  3.163E-17
3s11p1Po                       6.146E-16  3.823E-16  2.253E-16  1.001E-16  4.815E-17
3s10g1Ge                       1.013E-15  4.659E-16  1.964E-16  5.673E-17  2.113E-17
3s10g3Ge                       3.038E-15  1.397E-15  5.889E-16  1.701E-16  6.336E-17
3s6z1Z                         1.592E-15  7.086E-16  2.903E-16  8.170E-17  3.007E-17
3s6z3Z                         4.776E-15  2.126E-15  8.709E-16  2.451E-16  9.020E-17
3s7z1Z                         1.211E-15  5.127E-16  2.024E-16  5.530E-17  2.011E-17
3s7z3Z                         3.634E-15  1.538E-15  6.072E-16  1.659E-16  6.033E-17
3s8z1Z                         1.481E-15  6.205E-16  2.434E-16  6.617E-17  2.402E-17
3s8z3Z                         4.443E-15  1.862E-15  7.301E-16  1.985E-16  7.205E-17
3s9z1Z                         1.571E-15  6.524E-16  2.544E-16  6.888E-17  2.496E-17
3s9z3Z                         4.712E-15  1.957E-15  7.633E-16  2.066E-16  7.488E-17
3s10z1Z                        1.555E-15  6.411E-16  2.488E-16  6.710E-17  2.428E-17
3s10z3Z                        4.666E-15  1.923E-15  7.463E-16  2.013E-16  7.285E-17
3s11d1De                       8.514E-16  4.817E-16  2.502E-16  9.172E-17  3.885E-17
3s11d3De                       2.314E-15  1.297E-15  6.671E-16  2.413E-16  1.013E-16
3s11f1Fo                       8.565E-16  4.315E-16  1.977E-16  6.219E-17  2.414E-17
3s11f3Fo                       2.603E-15  1.313E-15  6.025E-16  1.897E-16  7.370E-17
3s11g1Ge                       8.124E-16  3.732E-16  1.571E-16  4.536E-17  1.688E-17
3s11g3Ge                       2.437E-15  1.119E-15  4.713E-16  1.361E-16  5.065E-17
3s11z1Z                        1.485E-15  6.077E-16  2.348E-16  6.313E-17  2.282E-17
3s11z3Z                        4.454E-15  1.823E-15  7.043E-16  1.894E-16  6.846E-17
3s12w1W                        3.826E-15  1.853E-15  8.553E-16  2.868E-16  1.175E-16
3s12w3W                        1.148E-14  5.559E-15  2.566E-15  8.603E-16  3.524E-16
3s13w1W                        3.251E-15  1.555E-15  7.105E-16  2.344E-16  9.468E-17
3s13w3W                        9.752E-15  4.666E-15  2.131E-15  7.031E-16  2.840E-16
3s14w1W                        2.788E-15  1.320E-15  5.970E-16  1.938E-16  7.734E-17
3s14w3W                        8.364E-15  3.959E-15  1.791E-15  5.815E-16  2.320E-16
3s15w1W                        2.411E-15  1.130E-15  5.066E-16  1.620E-16  6.392E-17
3s15w3W                        7.234E-15  3.391E-15  1.520E-15  4.861E-16  1.918E-16
3s16w1W                        2.101E-15  9.761E-16  4.337E-16  1.367E-16  5.340E-17
3s16w3W                        6.303E-15  2.928E-15  1.301E-15  4.101E-16  1.602E-16
3s17w1W                        2.413E-15  1.113E-15  4.909E-16  1.527E-16  5.916E-17
3s17w3W                        7.239E-15  3.340E-15  1.473E-15  4.582E-16  1.775E-16
3s18w1W                        1.626E-15  7.439E-16  3.250E-16  9.973E-17  3.831E-17
3s18w3W                        4.879E-15  2.232E-15  9.751E-16  2.992E-16  1.149E-16
3s19w1W                        1.443E-15  6.555E-16  2.841E-16  8.610E-17  3.285E-17
3s19w3W                        4.330E-15  1.967E-15  8.522E-16  2.583E-16  9.854E-17
3s20w1W                        1.287E-15  5.808E-16  2.497E-16  7.481E-17  2.836E-17
3s20w3W                        3.862E-15  1.742E-15  7.490E-16  2.244E-16  8.509E-17
3s21w1W                        1.153E-15  5.171E-16  2.205E-16  6.538E-17  2.465E-17
3s21w3W                        3.460E-15  1.551E-15  6.616E-16  1.961E-16  7.396E-17
3s22w1W                        1.038E-15  4.624E-16  1.957E-16  5.745E-17  2.156E-17
3s22w3W                        3.114E-15  1.387E-15  5.871E-16  1.723E-16  6.467E-17
3s23w1W                        9.377E-16  4.153E-16  1.744E-16  5.073E-17  1.895E-17
3s23w3W                        2.813E-15  1.246E-15  5.232E-16  1.522E-16  5.685E-17
3s24w1W                        8.502E-16  3.743E-16  1.561E-16  4.501E-17  1.675E-17
3s24w3W                        2.551E-15  1.123E-15  4.682E-16  1.350E-16  5.024E-17
3s25w1W                        7.735E-16  3.385E-16  1.401E-16  4.011E-17  1.487E-17
3s25w3W                        2.321E-15  1.016E-15  4.204E-16  1.203E-16  4.461E-17
3s26w1W                        7.059E-16  3.071E-16  1.263E-16  3.588E-17  1.326E-17
3s26w3W                        2.118E-15  9.214E-16  3.789E-16  1.076E-16  3.978E-17
3s27w1W                        6.461E-16  2.795E-16  1.142E-16  3.222E-17  1.187E-17
3s27w3W                        1.938E-15  8.385E-16  3.425E-16  9.667E-17  3.562E-17
3s28w1W                        5.929E-16  2.550E-16  1.035E-16  2.904E-17  1.067E-17
3s28w3W                        1.779E-15  7.651E-16  3.106E-16  8.712E-17  3.202E-17
3s29w1W                        5.455E-16  2.333E-16  9.416E-17  2.626E-17  9.627E-18
3s29w3W                        1.637E-15  7.000E-16  2.825E-16  7.878E-17  2.888E-17
3s30w1W                        5.030E-16  2.140E-16  8.586E-17  2.382E-17  8.713E-18
3s30w3W                        1.509E-15  6.420E-16  2.576E-16  7.146E-17  2.614E-17
Total Recom. Rate=             1.403E-12  2.067E-12  4.307E-12  3.999E-12  2.275E-12
