********************************************************************************
                                                                                
                 Super level assignments for KI                   
                 LS coupling
                                                                                
                         g        E(cm^-1)    10^15 Hz     eV       Lam(A)      
********************************************************************************
                                                                                
17-Oct-2000                            !Format date                   
04-Mar-2012                            !Date
113                                    !Number of energy levels
6                                      !Entry number of link to super level
  
3p6_4s_2Se[1/2]          2.0          0.0000     1.0496   2.856E+03     1     0      1
3p6_4p_2Po[1/2]          2.0      12985.1860     0.6603   4.540E+03     2     0      2
3p6_4p_2Po[3/2]          4.0      13042.8960     0.6586   4.552E+03     2     0      3
3p6_5s_2Se[1/2]          2.0      21026.5510     0.4192   7.151E+03     3     0      4
3p6_3d_2De[5/2]          6.0      21534.6800     0.4040   7.421E+03     4     0      5
3p6_3d_2De[3/2]          4.0      21536.9880     0.4039   7.422E+03     4     0      6
3p6_5p_2Po[1/2]          2.0      24701.3820     0.3090   9.701E+03     5     0      7
3p6_5p_2Po[3/2]          4.0      24720.1390     0.3085   9.718E+03     5     0      8
3p6_4d_2De[5/2]          6.0      27397.0770     0.2282   1.314E+04     6     0      9
3p6_4d_2De[3/2]          4.0      27398.1470     0.2282   1.314E+04     6     0     10
3p6_6s_2Se[1/2]          2.0      27450.7100     0.2266   1.323E+04     7     0     11
3p6_4f_2Fo[5/2]          6.0      28127.8500     0.2063   1.453E+04     8     0     12
3p6_4f_2Fo[7/2]          8.0      28127.8501     0.2063   1.453E+04     8     0     13
3p6_6p_2Po[1/2]          2.0      28999.2700     0.1802   1.664E+04     9     0     14
3p6_6p_2Po[3/2]          4.0      29007.7100     0.1799   1.666E+04     9     0     15
3p6_5d_2De[5/2]          6.0      30185.2440     0.1446   2.073E+04    10     0     16
3p6_5d_2De[3/2]          4.0      30185.7480     0.1446   2.073E+04    10     0     17
3p6_7s_2Se[1/2]          2.0      30274.2490     0.1420   2.112E+04    11     0     18
3p6_5f_2Fo[5/2]          6.0      30606.7300     0.1320   2.271E+04    12     0     19
3p6_5f_2Fo[7/2]          8.0      30606.7301     0.1320   2.271E+04    12     0     20
3p6_5g_2Ge[7/2]          8.0      30617.3100     0.1317   2.277E+04    13     0     21
3p6_5g_2Ge[9/2]         10.0      30617.3101     0.1317   2.277E+04    13     0     22
3p6_7p_2Po[1/2]          2.0      31069.9000     0.1181   2.538E+04    14     0     23
3p6_7p_2Po[3/2]          4.0      31074.4000     0.1180   2.541E+04    14     0     24
3p6_6d_2De[5/2]          6.0      31695.9010     0.0993   3.018E+04    15     0     25
3p6_6d_2De[3/2]          4.0      31696.1660     0.0993   3.018E+04    15     0     26
3p6_8s_2Se[1/2]          2.0      31765.3770     0.0973   3.082E+04    16     0     27
3p6_6f_2Fo[5/2]          6.0      31953.1700     0.0916   3.272E+04    17     0     28
3p6_6f_2Fo[7/2]          8.0      31953.1701     0.0916   3.272E+04    17     0     29
3p6_6g_2Ge[7/2]          8.0      31959.6200     0.0914   3.278E+04    18     0     30
3p6_6g_2Ge[9/2]         10.0      31959.6201     0.0914   3.278E+04    18     0     31
3p6_6h_2Ho[9/2]         10.0      31960.9400     0.0914   3.280E+04    19     0     32
3p6_6h_2Ho[11/2]        12.0      31960.9401     0.0914   3.280E+04    19     0     33
3p6_8p_2Po[1/2]          2.0      32227.4400     0.0834   3.594E+04    20     0     34
3p6_8p_2Po[3/2]          4.0      32230.1100     0.0833   3.598E+04    20     0     35
3p6_7d_2De[5/2]          6.0      32598.2880     0.0723   4.147E+04    21     0     36
3p6_7d_2De[3/2]          4.0      32598.4440     0.0723   4.147E+04    21     0     37
3p6_9s_2Se[1/2]          2.0      32648.3510     0.0708   4.235E+04    22     0     38
3p6_7f_2Fo[5/2]          6.0      32764.8000     0.0673   4.454E+04    23     0     39
3p6_7f_2Fo[7/2]          8.0      32764.8001     0.0673   4.454E+04    23     0     40
3p6_7g_2Ge[7/2]          8.0      32768.9700     0.0672   4.463E+04    24     0     41
3p6_7g_2Ge[9/2]         10.0      32768.9701     0.0672   4.463E+04    24     0     42
3p6_7h_2Ho[9/2]         10.0      32769.8300     0.0672   4.464E+04    25     0     43
3p6_7h_2Ho[11/2]        12.0      32769.8301     0.0672   4.464E+04    25     0     44
3p6_7i_2Ie[11/2]        12.0      32770.1000     0.0671   4.465E+04    26     0     45
3p6_7i_2Ie[13/2]        14.0      32770.1001     0.0671   4.465E+04    26     0     46
3p6_9p_2Po[1/2]          2.0      32940.2030     0.0620   4.832E+04    27     0     47
3p6_9p_2Po[3/2]          4.0      32941.9260     0.0620   4.836E+04    27     0     48
3p6_8d_2De[5/2]          6.0      33178.1340     0.0549   5.459E+04    28     0     49
3p6_8d_2De[3/2]          4.0      33178.2320     0.0549   5.460E+04    28     0     50
3p6_10s_2Se[1/2]         2.0      33214.2270     0.0538   5.569E+04    29     0     51
3p6_8f_2Fo[5/2]          6.0      33291.4000     0.0515   5.819E+04    30     0     52
3p6_8f_2Fo[7/2]          8.0      33291.4001     0.0515   5.819E+04    30     0     53
3p6_8g_2Ge[7/2]          8.0      33294.2400     0.0514   5.829E+04    31     0     54
3p6_8g_2Ge[9/2]         10.0      33294.2401     0.0514   5.829E+04    31     0     55
3p6_8h_2Ho[9/2]         10.0      33294.8400     0.0514   5.831E+04    32     0     56
3p6_8h_2Ho[11/2]        12.0      33294.8401     0.0514   5.831E+04    32     0     57
3p6_8i_2Ie[11/2]        12.0      33295.0300     0.0514   5.832E+04    33     0     58
3p6_8i_2Ie[13/2]        14.0      33295.0301     0.0514   5.832E+04    33     0     59
3p6_8k_2Ko[13/2]        14.0      33295.1000     0.0514   5.832E+04    34     0     60
3p6_8k_2Ko[15/2]        16.0      33295.1001     0.0514   5.832E+04    34     0     61
3p6_10p_2Po[1/2]         2.0      33410.2310     0.0480   6.252E+04    35     0     62
3p6_10p_2Po[3/2]         4.0      33411.3990     0.0479   6.256E+04    35     0     63
3p6_9d_2De[5/2]          6.0      33572.0590     0.0431   6.955E+04    36     0     64
3p6_9d_2De[3/2]          4.0      33572.1250     0.0431   6.956E+04    36     0     65
3p6_11s_2Se[1/2]         2.0      33598.5600     0.0423   7.086E+04    37     0     66
3p6_9f_2Fo[5/2]          6.0      33652.3200     0.0407   7.367E+04    38     0     67
3p6_9f_2Fo[7/2]          8.0      33652.3201     0.0407   7.367E+04    38     0     68
3p6_9g_2Ge[7/2]          8.0      33654.3600     0.0406   7.378E+04    39     0     69
3p6_9g_2Ge[9/2]         10.0      33654.3601     0.0406   7.378E+04    39     0     70
3p6_9h_2Ho[9/2]         10.0      33654.7800     0.0406   7.380E+04    40     0     71
3p6_9h_2Ho[11/2]        12.0      33654.7801     0.0406   7.380E+04    40     0     72
3p6_9i_2Ie[11/2]        12.0      33654.9200     0.0406   7.381E+04    41     0     73
3p6_9i_2Ie[13/2]        14.0      33654.9201     0.0406   7.381E+04    41     0     74
3p6_9k_2Ko[13/2]        14.0      33654.9700     0.0406   7.381E+04    42     0     75
3p6_9k_2Ko[15/2]        16.0      33654.9701     0.0406   7.381E+04    42     0     76
3p6_11p_2Po[1/2]         2.0      33736.4980     0.0382   7.854E+04    43     0     77
3p6_11p_2Po[3/2]         4.0      33737.3280     0.0381   7.859E+04    43     0     78
3p6_10d_2De[5/2]         6.0      33851.5960     0.0347   8.634E+04    44     0     79
3p6_10d_2De[3/2]         4.0      33851.6420     0.0347   8.634E+04    44     0     80
3p6_12s_2Se[1/2]         2.0      33871.4790     0.0341   8.785E+04    45     0     81
3p6_10f_2Fo[5/2]         6.0      33910.4200     0.0330   9.096E+04    46     0     82
3p6_10f_2Fo[7/2]         8.0      33910.4201     0.0330   9.096E+04    46     0     83
3p6_10h_2Ho[9/2]        10.0      33912.2400     0.0329   9.111E+04    47     0     84
3p6_10h_2Ho[11/2]       12.0      33912.2401     0.0329   9.111E+04    47     0     85
3p6_12p_2Po[1/2]         2.0      33972.2060     0.0311   9.638E+04    48     0     86
3p6_12p_2Po[3/2]         4.0      33972.8150     0.0311   9.643E+04    48     0     87
3p6_11d_2De[5/2]         6.0      34057.0050     0.0286   1.050E+05    49     0     88
3p6_11d_2De[3/2]         4.0      34057.0390     0.0286   1.050E+05    49     0     89
3p6_13s_2Se[1/2]         2.0      34072.2390     0.0281   1.067E+05    50     0     90
3p6_11f_2Fo[5/2]         6.0      34101.3600     0.0272   1.101E+05    51     0     91
3p6_11f_2Fo[7/2]         8.0      34101.3601     0.0272   1.101E+05    51     0     92
3p6_13p_2Po[1/2]         2.0      34148.0280     0.0258   1.160E+05    52     0     93
3p6_13p_2Po[3/2]         4.0      34148.4860     0.0258   1.161E+05    52     0     94
3p6_12d_2De[5/2]         6.0      34212.3140     0.0239   1.254E+05    53     0     95
3p6_12d_2De[3/2]         4.0      34212.3390     0.0239   1.254E+05    53     0     96
3p6_14s_2Se[1/2]         2.0      34224.2110     0.0236   1.273E+05    54     0     97
3p6_12f_2Fo[5/2]         6.0      34246.3700     0.0229   1.310E+05    55     0     98
3p6_12f_2Fo[7/2]         8.0      34246.3701     0.0229   1.310E+05    55     0     99
3p6_14p_2Po[1/2]         2.0      34282.6570     0.0218   1.375E+05    56     0    100
3p6_14p_2Po[3/2]         4.0      34283.0180     0.0218   1.376E+05    56     0    101
3p6_13d_2De[5/2]         6.0      34332.5630     0.0203   1.477E+05    57     0    102
3p6_13d_2De[3/2]         4.0      34332.5820     0.0203   1.477E+05    57     0    103
3p6_13f_2Fo[7/2]         8.0      34359.3600     0.0195   1.537E+05    58     0    104
3p6_13f_2Fo[5/2]         6.0      34359.3601     0.0195   1.537E+05    58     0    105
3p6_14d_2De[5/2]         6.0      34427.5510     0.0175   1.717E+05    59     0    106
3p6_14d_2De[3/2]         4.0      34427.5670     0.0175   1.717E+05    59     0    107
3p6_14f_2Fo[5/2]         6.0      34448.9800     0.0168   1.783E+05    60     0    108
3p6_14f_2Fo[7/2]         8.0      34448.9801     0.0168   1.783E+05    60     0    109
3p6_15d_2De[5/2]         6.0      34503.8840     0.0152   1.977E+05    61     0    110
3p6_15d_2De[3/2]         4.0      34503.8970     0.0152   1.977E+05    61     0    111
3p6_16d_2De[5/2]         6.0      34566.1420     0.0133   2.254E+05    62     0    112
3p6_16d_2De[3/2]         4.0      34566.1520     0.0133   2.254E+05    62     0    113
