     15      1.956E+08      0.000E+00     -100.0000
     16      2.736E+08      0.000E+00     -100.0000
     17      1.598E+08      0.000E+00     -100.0000
     18      3.042E-04      0.000E+00     -100.0000
     19      1.654E+08      0.000E+00     -100.0000
     20      2.090E+01      0.000E+00     -100.0000
     21      2.922E+08      0.000E+00     -100.0000
     22      2.324E+08      0.000E+00     -100.0000
     23      1.871E+08      0.000E+00     -100.0000
     24      2.625E+08      0.000E+00     -100.0000
     25      2.063E+08      0.000E+00     -100.0000
     26      2.832E+08      0.000E+00     -100.0000
     27      3.200E+08      0.000E+00     -100.0000
     28      2.581E+08      0.000E+00     -100.0000
     29      2.380E+08      0.000E+00     -100.0000
     30      3.140E+08      0.000E+00     -100.0000
     31      2.320E+08      0.000E+00     -100.0000
     32      2.042E+08      0.000E+00     -100.0000
     33      2.353E+08      0.000E+00     -100.0000
     34      2.170E+08      0.000E+00     -100.0000
     35      4.062E+08      0.000E+00     -100.0000
     36      1.405E+08      0.000E+00     -100.0000
     37      2.603E+08      0.000E+00     -100.0000
     38      2.548E+08      0.000E+00     -100.0000
     39      1.270E+08      0.000E+00     -100.0000
     40      3.200E+08      0.000E+00     -100.0000
     41      2.902E+08      0.000E+00     -100.0000
     42      2.687E+08      0.000E+00     -100.0000
     43      3.851E+08      0.000E+00     -100.0000
     44      4.456E+08      0.000E+00     -100.0000
     45      4.173E+08      0.000E+00     -100.0000
     46      4.697E+08      0.000E+00     -100.0000
     47      4.127E+08      0.000E+00     -100.0000
     48      3.952E+08      0.000E+00     -100.0000
     49      3.895E+08      0.000E+00     -100.0000
     50      4.306E+08      0.000E+00     -100.0000
     51      4.063E+08      0.000E+00     -100.0000
     52      4.092E+08      0.000E+00     -100.0000
     53      4.259E+08      0.000E+00     -100.0000
     54      8.322E+08      0.000E+00     -100.0000
     55      5.366E+08      0.000E+00     -100.0000
     56      2.947E+08      0.000E+00     -100.0000
     57      3.910E+07      0.000E+00     -100.0000
     58      5.374E+07      0.000E+00     -100.0000
     59      6.179E+07      0.000E+00     -100.0000
     60      3.005E+08      0.000E+00     -100.0000
     61      5.795E+07      0.000E+00     -100.0000
     62      4.298E+08      0.000E+00     -100.0000
     63      2.738E+08      0.000E+00     -100.0000
     64      7.097E+08      0.000E+00     -100.0000
     65      1.152E+09      0.000E+00     -100.0000
     66      4.423E+08      0.000E+00     -100.0000
     67      4.032E+08      0.000E+00     -100.0000
     68      5.718E+08      0.000E+00     -100.0000
     69      4.357E+08      0.000E+00     -100.0000
     70      3.969E+08      0.000E+00     -100.0000
     71      4.544E+08      0.000E+00     -100.0000
     72      4.346E+08      0.000E+00     -100.0000
     73      2.973E+08      0.000E+00     -100.0000
     74      4.021E+08      0.000E+00     -100.0000
     75      4.068E+08      0.000E+00     -100.0000
     76      4.048E+08      0.000E+00     -100.0000
     77      3.896E+08      0.000E+00     -100.0000
     78      4.057E+08      0.000E+00     -100.0000
     79      5.496E+07      0.000E+00     -100.0000
     80      3.930E+08      0.000E+00     -100.0000
     81      4.537E+08      0.000E+00     -100.0000
     82      8.589E+07      0.000E+00     -100.0000
     83      8.515E+07      0.000E+00     -100.0000
     84      4.024E+07      0.000E+00     -100.0000
     85      3.131E+07      0.000E+00     -100.0000
     86      3.191E+08      0.000E+00     -100.0000
     87      2.792E+08      0.000E+00     -100.0000
     88      1.982E+08      0.000E+00     -100.0000
     89      3.526E+08      0.000E+00     -100.0000
     90      3.241E+08      0.000E+00     -100.0000
     91      1.880E+08      0.000E+00     -100.0000
     92      3.490E+08      0.000E+00     -100.0000
     93      1.308E+08      0.000E+00     -100.0000
     94      2.915E+08      0.000E+00     -100.0000
     95      3.833E+08      0.000E+00     -100.0000
     96      2.376E+08      0.000E+00     -100.0000
     97      3.357E+08      0.000E+00     -100.0000
     98      2.270E+08      0.000E+00     -100.0000
     99      3.342E+08      0.000E+00     -100.0000
    100      3.544E+08      0.000E+00     -100.0000
    101      3.311E+08      0.000E+00     -100.0000
    102      8.513E+07      0.000E+00     -100.0000
    103      1.702E+08      0.000E+00     -100.0000
    104      8.282E+07      0.000E+00     -100.0000
    105      3.255E+08      0.000E+00     -100.0000
    106      1.736E+08      0.000E+00     -100.0000
    107      1.872E+08      0.000E+00     -100.0000
    108      1.522E+08      0.000E+00     -100.0000
    109      1.493E+08      0.000E+00     -100.0000
    110      1.370E+08      0.000E+00     -100.0000
    111      5.697E+07      0.000E+00     -100.0000
    112      1.754E+08      0.000E+00     -100.0000
    113      1.646E+08      0.000E+00     -100.0000
    114      4.663E+07      0.000E+00     -100.0000
    115      1.615E+08      0.000E+00     -100.0000
    116      1.869E+08      0.000E+00     -100.0000
    117      2.225E+08      0.000E+00     -100.0000
    118      2.234E+08      0.000E+00     -100.0000
    119      6.870E+07      0.000E+00     -100.0000
    120      2.484E+08      0.000E+00     -100.0000
    121      2.020E+07      0.000E+00     -100.0000
    122      2.698E+07      0.000E+00     -100.0000
    123      2.903E+07      0.000E+00     -100.0000
    124      4.133E+07      0.000E+00     -100.0000
    125      2.836E+07      0.000E+00     -100.0000
    126      4.774E+07      0.000E+00     -100.0000
    127      3.060E+08      0.000E+00     -100.0000
    128      3.001E+08      0.000E+00     -100.0000
    129      2.828E+08      0.000E+00     -100.0000
    130      4.215E+08      0.000E+00     -100.0000
    131      2.177E+08      0.000E+00     -100.0000
    132      3.261E+08      0.000E+00     -100.0000
    133      3.127E+08      0.000E+00     -100.0000
    134      1.914E+08      0.000E+00     -100.0000
    135      1.701E+08      0.000E+00     -100.0000
    136      6.427E+07      0.000E+00     -100.0000
    137      1.327E+08      0.000E+00     -100.0000
    138      6.336E+07      0.000E+00     -100.0000
    139      2.097E+08      0.000E+00     -100.0000
    140      6.553E+07      0.000E+00     -100.0000
    141      2.097E+08      0.000E+00     -100.0000
    142      6.577E+07      0.000E+00     -100.0000
    143      6.621E+07      0.000E+00     -100.0000
    144      2.594E+08      0.000E+00     -100.0000
    145      2.954E+08      0.000E+00     -100.0000
    146      8.865E+07      0.000E+00     -100.0000
    147      6.461E+07      0.000E+00     -100.0000
    148      1.937E+08      0.000E+00     -100.0000
    149      6.526E+07      0.000E+00     -100.0000
    150      6.566E+07      0.000E+00     -100.0000
    151      6.603E+07      0.000E+00     -100.0000
    152      1.046E+08      0.000E+00     -100.0000
    153      2.514E+08      0.000E+00     -100.0000
    154      6.543E+07      0.000E+00     -100.0000
    155      1.516E+08      0.000E+00     -100.0000
    156      6.452E+07      0.000E+00     -100.0000
    157      6.562E+07      0.000E+00     -100.0000
    158      6.526E+07      0.000E+00     -100.0000
    159      6.728E+07      0.000E+00     -100.0000
    160      2.299E+08      0.000E+00     -100.0000
    161      6.638E+07      0.000E+00     -100.0000
    162      6.727E+07      0.000E+00     -100.0000
    163      3.366E+08      0.000E+00     -100.0000
    164      2.067E+08      0.000E+00     -100.0000
    165      2.770E+08      0.000E+00     -100.0000
    166      3.611E+08      0.000E+00     -100.0000
    167      2.021E+08      0.000E+00     -100.0000
    168      2.585E+08      0.000E+00     -100.0000
    169      7.136E+07      0.000E+00     -100.0000
    170      6.808E+07      0.000E+00     -100.0000
    171      6.856E+07      0.000E+00     -100.0000
    172      2.256E+08      0.000E+00     -100.0000
    173      2.245E+08      0.000E+00     -100.0000
    174      1.659E+08      0.000E+00     -100.0000
    175      2.636E+08      0.000E+00     -100.0000
    176      2.302E+08      0.000E+00     -100.0000
    177      4.914E+08      0.000E+00     -100.0000
    178      3.440E+08      0.000E+00     -100.0000
    179      1.443E+08      0.000E+00     -100.0000
    180      9.586E+07      0.000E+00     -100.0000
    181      1.647E+08      0.000E+00     -100.0000
    182      3.570E+08      0.000E+00     -100.0000
    183      9.341E+07      0.000E+00     -100.0000
    184      1.854E+08      0.000E+00     -100.0000
    185      5.884E+08      0.000E+00     -100.0000
    186      1.200E+08      0.000E+00     -100.0000
    187      1.314E+08      0.000E+00     -100.0000
    188      1.070E+08      0.000E+00     -100.0000
    189      2.431E+08      0.000E+00     -100.0000
    190      1.477E+08      0.000E+00     -100.0000
    191      8.306E+07      0.000E+00     -100.0000
    192      9.447E+07      0.000E+00     -100.0000
    193      1.359E+08      0.000E+00     -100.0000
    194      2.693E+08      0.000E+00     -100.0000
    195      1.928E+08      0.000E+00     -100.0000
    196      1.118E+08      0.000E+00     -100.0000
    197      2.036E+08      0.000E+00     -100.0000
    198      3.463E+08      0.000E+00     -100.0000
    199      2.447E+08      0.000E+00     -100.0000
    200      1.150E+08      0.000E+00     -100.0000
    201      3.601E+08      0.000E+00     -100.0000
    202      6.354E+08      0.000E+00     -100.0000
    203      7.860E+08      0.000E+00     -100.0000
    204      3.435E+08      0.000E+00     -100.0000
    205      5.934E+08      0.000E+00     -100.0000
    206      1.909E+08      0.000E+00     -100.0000
    207      1.193E+07      0.000E+00     -100.0000
    208      1.628E+07      0.000E+00     -100.0000
    209      2.099E+08      0.000E+00     -100.0000
    210      1.885E+07      0.000E+00     -100.0000
    211      1.767E+07      0.000E+00     -100.0000
    212      2.327E+07      0.000E+00     -100.0000
    213      1.552E+07      0.000E+00     -100.0000
    214      5.356E+08      0.000E+00     -100.0000
    215      2.305E+08      0.000E+00     -100.0000
    216      4.133E+08      0.000E+00     -100.0000
    217      3.086E+07      0.000E+00     -100.0000
    218      3.895E+08      0.000E+00     -100.0000
    219      2.402E+07      0.000E+00     -100.0000
    220      3.953E+08      0.000E+00     -100.0000
    221      3.673E+08      0.000E+00     -100.0000
    222      2.574E+07      0.000E+00     -100.0000
    223      2.569E+08      0.000E+00     -100.0000
    224      3.527E+08      0.000E+00     -100.0000
    225      1.332E+08      0.000E+00     -100.0000
    226      3.294E+08      0.000E+00     -100.0000
    227      1.637E+08      0.000E+00     -100.0000
    228      2.988E+08      0.000E+00     -100.0000
    229      3.848E+08      0.000E+00     -100.0000
    230      9.181E+08      0.000E+00     -100.0000
    231      2.750E+08      0.000E+00     -100.0000
    232      2.734E+08      0.000E+00     -100.0000
    233      5.947E+08      0.000E+00     -100.0000
    234      3.492E+08      0.000E+00     -100.0000
    235      9.268E+08      0.000E+00     -100.0000
    236      4.009E+07      0.000E+00     -100.0000
    237      1.726E+08      0.000E+00     -100.0000
    238      5.388E+07      0.000E+00     -100.0000
    239      4.650E+07      0.000E+00     -100.0000
    240      3.963E+07      0.000E+00     -100.0000
    241      3.856E+07      0.000E+00     -100.0000
    242      4.317E+07      0.000E+00     -100.0000
    243      4.081E+07      0.000E+00     -100.0000
    244      3.818E+07      0.000E+00     -100.0000
    245      3.813E+07      0.000E+00     -100.0000
    246      3.794E+07      0.000E+00     -100.0000
    247      3.767E+07      0.000E+00     -100.0000
    248      5.028E+07      0.000E+00     -100.0000
    249      3.720E+07      0.000E+00     -100.0000
    250      4.515E+07      0.000E+00     -100.0000
    251      5.324E+07      0.000E+00     -100.0000
    252      1.117E+08      0.000E+00     -100.0000
    253      2.989E+07      0.000E+00     -100.0000
    254      6.210E+07      0.000E+00     -100.0000
    255      1.635E+08      0.000E+00     -100.0000
    256      9.519E+07      0.000E+00     -100.0000
    257      4.048E+07      0.000E+00     -100.0000
    258      1.215E+08      0.000E+00     -100.0000
    259      1.235E+08      0.000E+00     -100.0000
    260      1.271E+08      0.000E+00     -100.0000
    261      1.195E+08      0.000E+00     -100.0000
    262      1.186E+08      0.000E+00     -100.0000
    263      1.372E+08      0.000E+00     -100.0000
    264      1.347E+08      0.000E+00     -100.0000
    265      3.056E+07      0.000E+00     -100.0000
    266      4.020E+07      0.000E+00     -100.0000
    267      1.178E+08      0.000E+00     -100.0000
    268      4.083E+07      0.000E+00     -100.0000
    269      4.268E+07      0.000E+00     -100.0000
    270      3.991E+07      0.000E+00     -100.0000
    271      9.011E+07      0.000E+00     -100.0000
    272      1.373E+08      0.000E+00     -100.0000
    273      1.423E+08      0.000E+00     -100.0000
    274      3.167E+07      0.000E+00     -100.0000
    275      3.172E+07      0.000E+00     -100.0000
    276      3.135E+07      0.000E+00     -100.0000
    277      1.504E+08      0.000E+00     -100.0000
    278      3.869E+07      0.000E+00     -100.0000
    279      3.166E+07      0.000E+00     -100.0000
    280      3.154E+07      0.000E+00     -100.0000
    281      3.168E+07      0.000E+00     -100.0000
    282      3.158E+07      0.000E+00     -100.0000
    283      6.251E+07      0.000E+00     -100.0000
    284      2.824E+07      0.000E+00     -100.0000
    285      3.175E+07      0.000E+00     -100.0000
    286      1.154E+08      0.000E+00     -100.0000
    287      1.325E+08      0.000E+00     -100.0000
    288      3.213E+07      0.000E+00     -100.0000
    289      1.635E+08      0.000E+00     -100.0000
    290      3.176E+07      0.000E+00     -100.0000
    291      3.199E+07      0.000E+00     -100.0000
    292      2.362E+08      0.000E+00     -100.0000
    293      6.104E+07      0.000E+00     -100.0000
    294      3.244E+07      0.000E+00     -100.0000
    295      3.411E+07      0.000E+00     -100.0000
    296      3.179E+07      0.000E+00     -100.0000
    297      3.188E+07      0.000E+00     -100.0000
    298      3.405E+07      0.000E+00     -100.0000
    299      2.948E+07      0.000E+00     -100.0000
    300      1.391E+08      0.000E+00     -100.0000
    301      4.037E+07      0.000E+00     -100.0000
    302      7.104E+07      0.000E+00     -100.0000
    303      4.263E+07      0.000E+00     -100.0000
    304      5.619E+07      0.000E+00     -100.0000
    305      5.865E+07      0.000E+00     -100.0000
    306      5.970E+07      0.000E+00     -100.0000
    307      5.362E+07      0.000E+00     -100.0000
    308      7.115E+07      0.000E+00     -100.0000
    309      4.434E+07      0.000E+00     -100.0000
    310      1.739E+08      0.000E+00     -100.0000
    311      7.783E+08      0.000E+00     -100.0000
    312      1.602E+08      0.000E+00     -100.0000
    313      2.451E+08      0.000E+00     -100.0000
    314      2.410E+08      0.000E+00     -100.0000
    315      2.207E+08      0.000E+00     -100.0000
    316      1.013E+07      0.000E+00     -100.0000
    317      1.401E+07      0.000E+00     -100.0000
    318      8.349E+08      0.000E+00     -100.0000
    319      3.164E+08      0.000E+00     -100.0000
    320      1.514E+07      0.000E+00     -100.0000
    321      1.537E+07      0.000E+00     -100.0000
    322      3.796E+08      0.000E+00     -100.0000
    323      1.168E+07      0.000E+00     -100.0000
    324      3.208E+08      0.000E+00     -100.0000
    325      2.174E+07      0.000E+00     -100.0000
    326      1.826E+08      0.000E+00     -100.0000
    327      5.098E+08      0.000E+00     -100.0000
    328      1.806E+08      0.000E+00     -100.0000
    329      1.573E+08      0.000E+00     -100.0000
    330      2.665E+08      0.000E+00     -100.0000
    331      1.182E+08      0.000E+00     -100.0000
    332      1.990E+08      0.000E+00     -100.0000
    333      1.381E+08      0.000E+00     -100.0000
    334      2.497E+07      0.000E+00     -100.0000
    335      7.625E+08      0.000E+00     -100.0000
    336      2.795E+07      0.000E+00     -100.0000
    337      2.980E+08      0.000E+00     -100.0000
    338      2.659E+07      0.000E+00     -100.0000
    339      7.997E+07      0.000E+00     -100.0000
    340      7.128E+07      0.000E+00     -100.0000
    341      3.331E+07      0.000E+00     -100.0000
    342      2.611E+07      0.000E+00     -100.0000
    343      8.380E+06      0.000E+00     -100.0000
    344      6.212E+07      0.000E+00     -100.0000
    345      8.631E+06      0.000E+00     -100.0000
    346      7.323E+07      0.000E+00     -100.0000
    347      7.246E+07      0.000E+00     -100.0000
    348      8.671E+06      0.000E+00     -100.0000
    349      8.691E+06      0.000E+00     -100.0000
    350      2.546E+07      0.000E+00     -100.0000
    351      9.238E+06      0.000E+00     -100.0000
    352      2.427E+07      0.000E+00     -100.0000
    353      8.629E+06      0.000E+00     -100.0000
    354      2.448E+07      0.000E+00     -100.0000
    355      2.929E+07      0.000E+00     -100.0000
    356      2.397E+07      0.000E+00     -100.0000
    357      8.668E+06      0.000E+00     -100.0000
    358      8.658E+06      0.000E+00     -100.0000
    359      8.683E+06      0.000E+00     -100.0000
    360      8.659E+06      0.000E+00     -100.0000
    361      2.797E+07      0.000E+00     -100.0000
    362      3.178E+07      0.000E+00     -100.0000
    363      8.689E+06      0.000E+00     -100.0000
    364      8.535E+06      0.000E+00     -100.0000
    365      2.542E+07      0.000E+00     -100.0000
    366      1.953E+07      0.000E+00     -100.0000
    367      8.707E+06      0.000E+00     -100.0000
    368      2.994E+07      0.000E+00     -100.0000
    369      8.855E+06      0.000E+00     -100.0000
    370      3.516E+07      0.000E+00     -100.0000
    371      7.344E+07      0.000E+00     -100.0000
    372      2.043E+07      0.000E+00     -100.0000
    373      6.787E+07      0.000E+00     -100.0000
    374      1.173E+08      0.000E+00     -100.0000
    375      8.819E+07      0.000E+00     -100.0000
    376      4.224E+07      0.000E+00     -100.0000
    377      2.535E+07      0.000E+00     -100.0000
    378      2.852E+07      0.000E+00     -100.0000
    379      2.843E+07      0.000E+00     -100.0000
    380      1.016E+08      0.000E+00     -100.0000
    381      8.236E+07      0.000E+00     -100.0000
    382      2.553E+07      0.000E+00     -100.0000
    383      3.972E+07      0.000E+00     -100.0000
    384      4.554E+07      0.000E+00     -100.0000
    385      1.030E+08      0.000E+00     -100.0000
    386      9.395E+07      0.000E+00     -100.0000
    387      8.707E+06      0.000E+00     -100.0000
    388      8.889E+06      0.000E+00     -100.0000
    389      8.994E+06      0.000E+00     -100.0000
    390      9.276E+07      0.000E+00     -100.0000
    391      9.073E+06      0.000E+00     -100.0000
    392      9.960E+07      0.000E+00     -100.0000
    393      1.036E+08      0.000E+00     -100.0000
    394      2.088E+07      0.000E+00     -100.0000
    395      2.073E+07      0.000E+00     -100.0000
    396      2.076E+07      0.000E+00     -100.0000
    397      2.087E+07      0.000E+00     -100.0000
    398      8.023E+07      0.000E+00     -100.0000
    399      1.047E+08      0.000E+00     -100.0000
    400      2.083E+07      0.000E+00     -100.0000
    401      8.761E+07      0.000E+00     -100.0000
    402      2.077E+07      0.000E+00     -100.0000
    403      2.083E+07      0.000E+00     -100.0000
    404      2.076E+07      0.000E+00     -100.0000
    405      8.933E+07      0.000E+00     -100.0000
    406      2.091E+07      0.000E+00     -100.0000
    407      5.814E+07      0.000E+00     -100.0000
    408      2.089E+07      0.000E+00     -100.0000
    409      2.084E+07      0.000E+00     -100.0000
    410      8.135E+07      0.000E+00     -100.0000
    411      2.092E+07      0.000E+00     -100.0000
    412      1.048E+08      0.000E+00     -100.0000
    413      2.128E+07      0.000E+00     -100.0000
    414      2.162E+07      0.000E+00     -100.0000
    415      2.103E+07      0.000E+00     -100.0000
    416      2.101E+07      0.000E+00     -100.0000
    417      2.250E+07      0.000E+00     -100.0000
    418      4.547E+07      0.000E+00     -100.0000
    419      2.528E+07      0.000E+00     -100.0000
    420      2.829E+07      0.000E+00     -100.0000
    421      3.937E+07      0.000E+00     -100.0000
    422      4.997E+07      0.000E+00     -100.0000
    423      3.916E+07      0.000E+00     -100.0000
    424      1.708E+08      0.000E+00     -100.0000
    425      6.186E+07      0.000E+00     -100.0000
    426      4.008E+07      0.000E+00     -100.0000
    427      4.831E+07      0.000E+00     -100.0000
    428      2.386E+07      0.000E+00     -100.0000
    429      8.278E+07      0.000E+00     -100.0000
    430      1.078E+08      0.000E+00     -100.0000
    431      1.141E+07      0.000E+00     -100.0000
    432      1.834E+07      0.000E+00     -100.0000
    433      1.284E+08      0.000E+00     -100.0000
    434      1.639E+07      0.000E+00     -100.0000
    435      2.763E+07      0.000E+00     -100.0000
