Level / Temperature (10^4 K)        0.50       1.00       2.00       5.00      10.00
3p6_4s2Se                      1.077E-14  7.425E-15  4.985E-15  2.763E-15  1.707E-15
3p6_3d2De                      8.004E-13  5.800E-13  4.212E-13  2.626E-13  1.617E-13
3p6_4p2Po                      1.426E-13  9.519E-14  6.058E-14  3.053E-14  1.717E-14
3p6_5s2Se                      8.283E-16  5.530E-16  3.545E-16  1.804E-16  9.788E-17
3p6_4d2De                      4.787E-14  3.190E-14  2.033E-14  1.020E-14  5.433E-15
3p6_5p2Po                      6.691E-14  4.445E-14  2.807E-14  1.360E-14  7.014E-15
3p6_4f2Fo                      6.981E-14  4.289E-14  2.440E-14  1.004E-14  4.596E-15
3p6_6s2Se                      2.309E-16  1.501E-16  9.232E-17  4.323E-17  2.122E-17
3p6_5d2De                      5.388E-15  3.485E-15  2.129E-15  9.822E-16  4.751E-16
3p6_6p2Po                      3.761E-14  2.469E-14  1.536E-14  7.301E-15  3.705E-15
3p6_5f2Fo                      6.141E-14  3.780E-14  2.148E-14  8.845E-15  4.048E-15
3p6_5g2Ge                      2.714E-14  1.533E-14  7.820E-15  2.761E-15  1.139E-15
3p6_7s2Se                      7.433E-17  4.662E-17  2.747E-17  1.172E-17  5.295E-18
3p6_6d2De                      3.497E-16  2.180E-16  1.275E-16  5.352E-17  2.390E-17
3p6_7p2Po                      2.338E-14  1.520E-14  9.346E-15  4.378E-15  2.199E-15
3p6_6f2Fo                      4.549E-14  2.798E-14  1.589E-14  6.544E-15  2.993E-15
3p6_6g2Ge                      3.097E-14  1.746E-14  8.908E-15  3.144E-15  1.296E-15
3p6_6h2Ho                      8.086E-14  4.969E-14  2.821E-14  1.160E-14  5.298E-15
3p6_8s2Se                      2.922E-17  1.778E-17  1.004E-17  3.928E-18  1.675E-18
3p6_7d2De                      5.461E-17  3.272E-17  1.811E-17  6.836E-18  2.854E-18
3p6_8p2Po                      1.563E-14  1.006E-14  6.124E-15  2.833E-15  1.412E-15
3p6_7f2Fo                      3.304E-14  2.028E-14  1.151E-14  4.735E-15  2.164E-15
3p6_7g2Ge                      2.726E-14  1.534E-14  7.818E-15  2.757E-15  1.136E-15
3p6_7h2Ho                      4.136E-14  2.458E-14  1.341E-14  5.214E-15  2.285E-15
3p6_9s2Se                      1.226E-17  7.256E-18  3.914E-18  1.421E-18  5.816E-19
3p6_8d2De                      9.927E-17  4.742E-17  2.096E-17  6.278E-18  2.365E-18
3p6_9p2Po                      1.100E-14  7.016E-15  4.232E-15  1.936E-15  9.585E-16
3p6_8f2Fo                      2.429E-14  1.488E-14  8.437E-15  3.464E-15  1.582E-15
3p6_8g2Ge                      2.232E-14  1.253E-14  6.384E-15  2.249E-15  9.262E-16
3p6_8h2Ho                      2.288E-14  1.318E-14  6.940E-15  2.569E-15  1.088E-15
3p6_10s2Se                     5.338E-18  3.067E-18  1.580E-18  5.399E-19  2.144E-19
3p6_9d2De                      1.582E-16  6.794E-17  2.711E-17  7.453E-18  2.714E-18
3p6_10p2Po                     8.056E-15  5.092E-15  3.046E-15  1.380E-15  6.793E-16
3p6_9f2Fo                      1.821E-14  1.114E-14  6.306E-15  2.585E-15  1.179E-15
3p6_9g2Ge                      1.795E-14  1.006E-14  5.118E-15  1.800E-15  7.409E-16
3p6_9h2Ho                      1.345E-14  7.520E-15  3.836E-15  1.361E-15  5.607E-16
3p6_11s2Se                     2.345E-18  1.306E-18  6.437E-19  2.095E-19  8.140E-20
3p6_10d2De                     1.958E-16  8.162E-17  3.169E-17  8.517E-18  3.075E-18
3p6_11p2Po                     6.076E-15  3.812E-15  2.263E-15  1.017E-15  4.985E-16
3p6_10f2Fo                     1.323E-14  7.918E-15  4.365E-15  1.722E-15  7.637E-16
3p6_10g2Ge                     1.274E-14  6.940E-15  3.423E-15  1.161E-15  4.678E-16
3p6_10h2Ho                     8.291E-15  4.512E-15  2.236E-15  7.639E-16  3.078E-16
3p6_7z2Z                       4.663E-15  2.263E-15  9.936E-16  2.969E-16  1.121E-16
3p6_8z2Z                       9.699E-15  4.650E-15  2.022E-15  5.991E-16  2.254E-16
3p6_9z2Z                       1.345E-14  6.375E-15  2.748E-15  8.079E-16  3.029E-16
3p6_10z2Z                      1.577E-14  7.394E-15  3.161E-15  9.229E-16  3.450E-16
3p6_11d2De                     8.792E-15  5.653E-15  3.441E-15  1.594E-15  8.052E-16
3p6_11f2Fo                     1.035E-14  6.227E-15  3.450E-15  1.367E-15  6.093E-16
3p6_11g2Ge                     1.151E-14  6.443E-15  3.271E-15  1.148E-15  4.722E-16
3p6_11h2Ho                     1.069E-14  5.556E-15  2.603E-15  8.315E-16  3.243E-16
3p6_11z2Z                      1.694E-14  7.865E-15  3.337E-15  9.684E-16  3.611E-16
3p6_12w2W                      5.486E-14  2.989E-14  1.530E-14  5.807E-15  2.643E-15
3p6_13w2W                      4.798E-14  2.575E-14  1.300E-14  4.858E-15  2.188E-15
3p6_14w2W                      4.225E-14  2.236E-14  1.115E-14  4.109E-15  1.832E-15
3p6_15w2W                      3.743E-14  1.956E-14  9.645E-15  3.509E-15  1.549E-15
3p6_16w2W                      3.333E-14  1.722E-14  8.404E-15  3.022E-15  1.322E-15
3p6_17w2W                      3.897E-14  1.994E-14  9.652E-15  3.439E-15  1.492E-15
3p6_18w2W                      2.682E-14  1.357E-14  6.505E-15  2.292E-15  9.845E-16
3p6_19w2W                      2.421E-14  1.214E-14  5.773E-15  2.015E-15  8.578E-16
3p6_20w2W                      2.194E-14  1.091E-14  5.149E-15  1.781E-15  7.517E-16
3p6_21w2W                      1.996E-14  9.842E-15  4.614E-15  1.582E-15  6.622E-16
3p6_22w2W                      1.821E-14  8.914E-15  4.152E-15  1.411E-15  5.861E-16
3p6_23w2W                      1.667E-14  8.101E-15  3.751E-15  1.264E-15  5.210E-16
3p6_24w2W                      1.530E-14  7.387E-15  3.401E-15  1.137E-15  4.651E-16
3p6_25w2W                      1.408E-14  6.757E-15  3.094E-15  1.026E-15  4.168E-16
3p6_26w2W                      1.299E-14  6.197E-15  2.824E-15  9.289E-16  3.748E-16
3p6_27w2W                      1.201E-14  5.700E-15  2.584E-15  8.435E-16  3.382E-16
3p6_28w2W                      1.113E-14  5.256E-15  2.372E-15  7.682E-16  3.061E-16
3p6_29w2W                      1.034E-14  4.857E-15  2.182E-15  7.014E-16  2.779E-16
3p6_30w2W                      9.623E-15  4.499E-15  2.012E-15  6.420E-16  2.530E-16
Total Recom. Rate=             2.318E-12  1.461E-12  9.055E-13  4.628E-13  2.571E-13
