Level / Temperature (10^4 K)        0.50       1.00       2.00       5.00      10.00
4s21Se                         9.680E-15  7.664E-15  5.021E-15  2.425E-15  1.414E-15
4s4p3Po                        1.435E-13  1.077E-13  7.766E-14  4.355E-14  2.481E-14
3d4s1De                        9.569E-14  7.541E-14  6.057E-14  4.343E-14  3.291E-14
4s4p1Po                        1.007E-13  6.853E-14  4.097E-14  1.872E-14  1.018E-14
3d4s3De                        2.687E-13  2.127E-13  1.742E-13  1.338E-13  1.097E-13
4s5s3Se                        3.712E-14  4.459E-14  3.044E-14  1.183E-14  4.944E-15
4s5s1Se                        9.771E-15  1.349E-14  1.006E-14  4.201E-15  1.796E-15
4s5p3Po                        4.664E-14  7.249E-14  6.616E-14  3.335E-14  1.630E-14
3d4p1Po                        1.346E-14  1.884E-14  1.892E-14  1.126E-14  6.422E-15
4s4d1De                        1.908E-14  3.436E-14  3.495E-14  2.017E-14  1.235E-14
4p23Pe                         3.687E-14  6.484E-14  7.950E-14  6.615E-14  4.358E-14
4s4d3De                        5.028E-14  1.040E-13  1.079E-13  5.988E-14  3.353E-14
3d4p3Fo                        6.544E-14  6.898E-14  1.005E-13  1.457E-13  1.548E-13
3d4p1Do                        5.825E-14  3.730E-14  3.254E-14  4.025E-14  4.432E-14
4s6s3Se                        3.631E-15  1.455E-14  1.784E-14  9.632E-15  4.422E-15
4s6s1Se                        1.562E-15  4.929E-15  6.089E-15  3.426E-15  1.633E-15
4p21De                         1.452E-14  2.926E-14  3.668E-14  3.179E-14  2.493E-14
4s4f1Fo                        1.243E-14  2.641E-14  3.078E-14  1.791E-14  9.868E-15
3d4p3Do                        3.871E-14  3.310E-14  4.977E-14  1.013E-13  1.382E-13
4s6p3Po                        1.242E-14  2.818E-14  3.516E-14  2.781E-14  2.165E-14
4s4f3Fo                        2.509E-14  8.317E-14  1.092E-13  6.286E-14  3.004E-14
4s5p1Po                        9.992E-15  1.433E-14  3.161E-14  3.276E-14  2.077E-14
4p21Se                         3.022E-15  5.904E-15  7.299E-15  6.417E-15  4.765E-15
4s5d3De                        1.591E-14  5.588E-14  7.792E-14  4.783E-14  2.465E-14
3d4p3Po                        3.700E-14  3.454E-14  5.424E-14  6.488E-14  6.378E-14
4s5d1De                        1.096E-14  2.476E-14  3.229E-14  2.173E-14  1.229E-14
3d4p1Fo                        1.827E-14  2.083E-14  3.493E-14  4.214E-14  4.331E-14
4s7s3Se                        1.463E-15  9.221E-15  1.431E-14  8.832E-15  4.221E-15
4s7s1Se                        6.024E-16  3.065E-15  4.650E-15  2.912E-15  1.420E-15
4s6p1Po                        4.430E-15  8.072E-15  2.148E-14  2.367E-14  1.538E-14
4s5f3Fo                        1.726E-14  6.008E-14  9.111E-14  5.695E-14  2.751E-14
4s5g1Ge                        5.211E-15  3.084E-14  4.922E-14  3.093E-14  1.482E-14
4s5g3Ge                        1.502E-14  8.950E-14  1.447E-13  9.117E-14  4.371E-14
4s5f1Fo                        2.868E-15  1.583E-14  2.728E-14  2.069E-14  1.376E-14
4s7p3Po                        9.354E-15  2.647E-14  3.941E-14  2.531E-14  1.278E-14
4s6d3De                        9.455E-15  3.940E-14  6.343E-14  4.155E-14  2.095E-14
4s6d1De                        3.814E-15  1.391E-14  2.232E-14  1.499E-14  7.694E-15
4s8s3Se                        8.863E-16  7.046E-15  1.223E-14  8.077E-15  3.941E-15
4s8s1Se                        3.635E-16  2.398E-15  4.118E-15  2.729E-15  1.339E-15
4s7p1Po                        2.287E-15  6.856E-15  1.337E-14  1.090E-14  6.723E-15
4s6f3Fo                        1.253E-14  5.128E-14  8.612E-14  5.683E-14  2.781E-14
4s6f1Fo                        3.276E-15  1.534E-14  2.670E-14  1.837E-14  9.555E-15
4s6g1Ge                        3.634E-15  2.173E-14  3.804E-14  2.527E-14  1.233E-14
4s6g3Ge                        1.088E-14  6.494E-14  1.136E-13  7.545E-14  3.682E-14
4s6h1Ho                        5.150E-15  3.056E-14  5.302E-14  3.501E-14  1.706E-14
4s6h3Ho                        1.542E-14  9.135E-14  1.584E-13  1.046E-13  5.093E-14
4s8p3Po                        5.874E-15  2.409E-14  4.085E-14  2.734E-14  1.353E-14
4s7d3De                        7.605E-15  3.400E-14  5.963E-14  4.066E-14  2.037E-14
4s7d1De                        2.686E-15  1.130E-14  2.026E-14  1.427E-14  7.304E-15
3d23Fe                         1.476E-14  5.625E-14  1.348E-13  2.014E-13  2.060E-13
4s9s3Se                        7.315E-16  6.835E-15  1.282E-14  8.816E-15  4.356E-15
4s8p1Po                        1.984E-15  5.876E-15  1.139E-14  9.179E-15  5.586E-15
4s9s1Se                        2.591E-16  2.024E-15  3.725E-15  2.564E-15  1.270E-15
4s7f3Fo                        9.406E-15  4.582E-14  8.214E-14  5.619E-14  2.778E-14
4s7f1Fo                        2.797E-15  1.427E-14  2.598E-14  1.807E-14  9.124E-15
4s7g1Ge                        2.887E-15  1.802E-14  3.297E-14  2.260E-14  1.115E-14
4s7g3Ge                        8.545E-15  5.301E-14  9.699E-14  6.648E-14  3.279E-14
4s7h3Ho                        2.443E-14  8.392E-14  9.593E-14  4.914E-14  2.198E-14
4s7h1Ho                        8.167E-15  2.809E-14  3.212E-14  1.646E-14  7.364E-15
4s8d1De                        2.417E-15  9.887E-15  1.872E-14  1.364E-14  7.015E-15
4s9p3Po                        3.963E-15  1.961E-14  3.531E-14  2.435E-14  1.211E-14
4s8d3De                        7.080E-15  3.072E-14  5.673E-14  4.001E-14  2.010E-14
4s9p1Po                        1.617E-15  5.404E-15  1.049E-14  8.181E-15  4.689E-15
4s10s3Se                       5.770E-16  5.842E-15  1.133E-14  7.982E-15  3.974E-15
4s10s1Se                       2.156E-16  1.911E-15  3.679E-15  2.592E-15  1.292E-15
4s8f3Fo                        7.241E-15  4.008E-14  7.502E-14  5.247E-14  2.611E-14
4s8f1Fo                        2.356E-15  1.384E-14  2.622E-14  1.851E-14  9.305E-15
4s9d1De                        2.448E-15  9.008E-15  1.299E-14  7.890E-15  3.811E-15
4s8g1Ge                        2.432E-15  1.638E-14  3.111E-14  2.182E-14  1.088E-14
4s8g3Ge                        7.218E-15  4.899E-14  9.322E-14  6.534E-14  3.247E-14
4s9d3De                        7.046E-15  2.678E-14  4.125E-14  2.591E-14  1.248E-14
4s8h3Ho                        3.112E-14  6.531E-14  5.669E-14  2.462E-14  1.042E-14
4s8h1Ho                        1.041E-14  2.186E-14  1.898E-14  8.246E-15  3.492E-15
4s10p3Po                       2.972E-15  1.743E-14  3.283E-14  2.312E-14  1.155E-14
4s10p1Po                       1.250E-15  5.162E-15  1.023E-14  7.806E-15  4.258E-15
3d21Ge                         3.736E-15  1.042E-14  1.960E-14  2.502E-14  2.505E-14
4s11s3Se                       4.829E-16  5.154E-15  1.027E-14  7.346E-15  3.675E-15
4s11s1Se                       1.811E-16  1.745E-15  3.460E-15  2.478E-15  1.241E-15
4s10d1De                       2.247E-15  8.631E-15  1.292E-14  8.019E-15  3.886E-15
4s10d3De                       6.806E-15  2.447E-14  3.860E-14  2.477E-14  1.201E-14
4s9f3Fo                        6.019E-15  3.844E-14  7.438E-14  5.286E-14  2.642E-14
4s9f1Fo                        1.954E-15  1.274E-14  2.480E-14  1.774E-14  8.919E-15
4s9g3Ge                        6.733E-15  5.167E-14  1.012E-13  7.208E-14  3.599E-14
4s9g1Ge                        2.182E-15  1.648E-14  3.227E-14  2.300E-14  1.151E-14
4s9h1Ho                        1.078E-14  1.572E-14  1.131E-14  4.387E-15  1.789E-15
4s9h3Ho                        3.220E-14  4.694E-14  3.377E-14  1.310E-14  5.340E-15
4s11p3Po                       2.228E-15  1.590E-14  3.103E-14  2.218E-14  1.112E-14
4s11p1Po                       9.438E-16  4.480E-15  8.996E-15  6.795E-15  3.618E-15
4s12s3Se                       4.324E-16  4.836E-15  9.832E-15  7.116E-15  3.573E-15
4s12s1Se                       1.624E-16  1.675E-15  3.393E-15  2.457E-15  1.235E-15
4s11d3De                       4.959E-15  1.478E-14  2.249E-14  1.435E-14  7.003E-15
4s11d1De                       1.583E-15  5.469E-15  8.201E-15  5.150E-15  2.514E-15
4s10f3Fo                       9.431E-15  4.456E-14  6.279E-14  3.665E-14  1.715E-14
4s10f1Fo                       3.091E-15  1.480E-14  2.099E-14  1.233E-14  5.811E-15
4s10g3Ge                       1.177E-14  6.034E-14  8.577E-14  5.016E-14  2.346E-14
4s10g1Ge                       3.768E-15  1.924E-14  2.739E-14  1.606E-14  7.530E-15
4s10h1Ho                       5.340E-15  2.696E-14  3.810E-14  2.224E-14  1.041E-14
4s10h3Ho                       1.663E-14  8.459E-14  1.196E-13  6.977E-14  3.259E-14
4s7z1Z                         1.242E-16  5.031E-17  1.925E-17  5.134E-18  1.849E-18
4s7z3Z                         3.726E-16  1.509E-16  5.776E-17  1.540E-17  5.548E-18
4s8z1Z                         2.528E-16  1.017E-16  3.874E-17  1.030E-17  3.705E-18
4s8z3Z                         7.583E-16  3.050E-16  1.162E-16  3.090E-17  1.112E-17
4s9z1Z                         3.435E-16  1.373E-16  5.212E-17  1.382E-17  4.967E-18
4s9z3Z                         1.030E-15  4.119E-16  1.564E-16  4.145E-17  1.490E-17
4s10z1Z                        3.951E-16  1.571E-16  5.941E-17  1.571E-17  5.643E-18
4s10z3Z                        1.185E-15  4.712E-16  1.782E-16  4.714E-17  1.693E-17
4s11f1Fo                       4.282E-16  2.158E-16  9.887E-17  3.110E-17  1.207E-17
4s11f3Fo                       1.285E-15  6.473E-16  2.966E-16  9.329E-17  3.621E-17
4s11g1Ge                       4.062E-16  1.866E-16  7.856E-17  2.268E-17  8.442E-18
4s11g3Ge                       1.219E-15  5.598E-16  2.357E-16  6.803E-17  2.533E-17
4s11h1Ho                       3.251E-16  1.388E-16  5.514E-17  1.513E-17  5.513E-18
4s11h3Ho                       9.753E-16  4.164E-16  1.654E-16  4.540E-17  1.654E-17
4s11z1Z                        4.171E-16  1.650E-16  6.222E-17  1.642E-17  5.893E-18
4s11z3Z                        1.251E-15  4.950E-16  1.867E-16  4.927E-17  1.768E-17
4s12p1Po                       1.910E-16  1.166E-16  6.724E-17  2.849E-17  1.302E-17
4s12p3Po                       5.729E-16  3.499E-16  2.017E-16  8.546E-17  3.905E-17
4s12d1De                       2.913E-16  1.623E-16  8.293E-17  2.971E-17  1.236E-17
4s12d3De                       8.740E-16  4.868E-16  2.488E-16  8.913E-17  3.708E-17
4s12f1Fo                       3.403E-16  1.711E-16  7.832E-17  2.460E-17  9.536E-18
4s12f3Fo                       1.021E-15  5.134E-16  2.350E-16  7.379E-17  2.861E-17
4s12g1Ge                       4.375E-16  2.200E-16  1.007E-16  3.162E-17  1.226E-17
4s12g3Ge                       9.900E-16  4.543E-16  1.911E-16  5.514E-17  2.052E-17
4s12h1Ho                       2.748E-16  1.173E-16  4.657E-17  1.278E-17  4.654E-18
4s12h3Ho                       8.244E-16  3.518E-16  1.397E-16  3.833E-17  1.396E-17
4s12z1Z                        4.194E-16  1.651E-16  6.210E-17  1.636E-17  5.867E-18
4s12z3Z                        1.258E-15  4.954E-16  1.863E-16  4.908E-17  1.760E-17
4s13w1W                        1.625E-15  7.777E-16  3.552E-16  1.172E-16  4.734E-17
4s13w3W                        4.876E-15  2.333E-15  1.066E-15  3.515E-16  1.420E-16
4s14w1W                        1.394E-15  6.598E-16  2.985E-16  9.692E-17  3.867E-17
4s14w3W                        4.182E-15  1.980E-15  8.955E-16  2.908E-16  1.160E-16
4s15w1W                        1.206E-15  5.651E-16  2.533E-16  8.101E-17  3.196E-17
4s15w3W                        3.617E-15  1.695E-15  7.600E-16  2.430E-16  9.589E-17
4s16w1W                        1.050E-15  4.881E-16  2.169E-16  6.835E-17  2.670E-17
4s16w3W                        3.151E-15  1.464E-15  6.506E-16  2.051E-16  8.010E-17
4s17w1W                        1.207E-15  5.567E-16  2.455E-16  7.637E-17  2.958E-17
4s17w3W                        3.620E-15  1.670E-15  7.364E-16  2.291E-16  8.874E-17
4s18w1W                        8.132E-16  3.720E-16  1.625E-16  4.986E-17  1.916E-17
4s18w3W                        2.439E-15  1.116E-15  4.875E-16  1.496E-16  5.747E-17
4s19w1W                        7.216E-16  3.278E-16  1.420E-16  4.305E-17  1.642E-17
4s19w3W                        2.165E-15  9.833E-16  4.261E-16  1.292E-16  4.927E-17
4s20w1W                        6.436E-16  2.904E-16  1.248E-16  3.740E-17  1.418E-17
4s20w3W                        1.931E-15  8.712E-16  3.745E-16  1.122E-16  4.255E-17
4s21w1W                        5.767E-16  2.585E-16  1.103E-16  3.269E-17  1.233E-17
4s21w3W                        1.730E-15  7.756E-16  3.308E-16  9.807E-17  3.698E-17
4s22w1W                        5.190E-16  2.312E-16  9.785E-17  2.873E-17  1.078E-17
4s22w3W                        1.557E-15  6.937E-16  2.935E-16  8.618E-17  3.233E-17
4s23w1W                        4.689E-16  2.076E-16  8.721E-17  2.537E-17  9.476E-18
4s23w3W                        1.407E-15  6.229E-16  2.616E-16  7.610E-17  2.843E-17
4s24w1W                        4.251E-16  1.871E-16  7.803E-17  2.251E-17  8.374E-18
4s24w3W                        1.275E-15  5.614E-16  2.341E-16  6.752E-17  2.512E-17
4s25w1W                        3.868E-16  1.693E-16  7.007E-17  2.005E-17  7.435E-18
4s25w3W                        1.160E-15  5.078E-16  2.102E-16  6.016E-17  2.230E-17
4s26w1W                        3.530E-16  1.536E-16  6.315E-17  1.794E-17  6.630E-18
4s26w3W                        1.059E-15  4.607E-16  1.894E-16  5.383E-17  1.989E-17
4s27w1W                        3.231E-16  1.397E-16  5.709E-17  1.611E-17  5.937E-18
4s27w3W                        9.692E-16  4.192E-16  1.713E-16  4.834E-17  1.781E-17
4s28w1W                        2.965E-16  1.275E-16  5.177E-17  1.452E-17  5.336E-18
4s28w3W                        8.894E-16  3.826E-16  1.553E-16  4.356E-17  1.601E-17
4s29w1W                        2.728E-16  1.167E-16  4.708E-17  1.313E-17  4.814E-18
4s29w3W                        8.183E-16  3.500E-16  1.412E-16  3.939E-17  1.444E-17
4s30w1W                        2.515E-16  1.070E-16  4.293E-17  1.191E-17  4.356E-18
4s30w3W                        7.546E-16  3.210E-16  1.288E-16  3.573E-17  1.307E-17
Total Recom. Rate=             1.665E-12  3.178E-12  4.346E-12  3.165E-12  2.032E-12
