****************************************************************************************************
                                                                                
               Super levels for KII                  
               E%LS=1.0      
                                                                                
                                      g        E(cm^-1)    10^15 Hz     eV      
****************************************************************************************************
                                                                                
17-Oct-2000                            !Format date                   
04-Mar-2012                            !Date
656                                    !Number of energy levels
6                                      !Entry number of link to super level
  
3s2_3p6_1Se[0]                        1.0          0.0000     7.6469   3.920E+02     1     0      1
3s2_3p5_4s_3Po[2]                     5.0     162502.7000     2.7752   1.080E+03     2     0      2
3s2_3p5_4s_3Po[1]                     3.0     163232.2000     2.7533   1.089E+03     2     0      3
3s2_3p5_3d_3Po[0]                     1.0     163432.1000     2.7473   1.091E+03     3     0      4
3s2_3p5_3d_3Po[1]                     3.0     164492.0000     2.7155   1.104E+03     3     0      5
3s2_3p5_3d_3Po[2]                     5.0     164927.9000     2.7025   1.109E+03     3     0      6
3s2_3p5_4s_3Po[0]                     1.0     165145.4000     2.6960   1.112E+03     2     0      7
3s2_3p5_4s_1Po[1]                     3.0     166457.3000     2.6566   1.128E+03     4     0      8
3s2_3p5_3d_3Fo[4]                     9.0     170049.2000     2.5489   1.176E+03     5     0      9
3s2_3p5_3d_3Fo[3]                     7.0     170831.1000     2.5255   1.187E+03     5     0     10
3s2_3p5_3d_3Fo[2]                     5.0     171522.6000     2.5048   1.197E+03     5     0     11
3s2_3p5_3d_1Do[2]                     5.0     179349.2000     2.2701   1.321E+03     6     0     12
3s2_3p5_3d_3Do[3]                     7.0     179395.8000     2.2687   1.321E+03     7     0     13
3s2_3p5_3d_3Do[2]                     5.0     180392.7000     2.2389   1.339E+03     7     0     14
3s2_3p5_3d_3Do[1]                     3.0     180448.9000     2.2372   1.340E+03     7     0     15
3s2_3p5_3d_1Fo[3]                     7.0     180618.7000     2.2321   1.343E+03     8     0     16
3s2_3p5_4p_3Se[1]                     3.0     183204.1000     2.1546   1.391E+03     9     0     17
3s2_3p5_4p_3De[3]                     7.0     186383.8000     2.0592   1.456E+03    10     0     18
3s2_3p5_4p_3De[2]                     5.0     186681.4000     2.0503   1.462E+03    10     0     19
3s2_3p5_4p_3De[1]                     3.0     187527.0000     2.0250   1.480E+03    10     0     20
3s2_3p5_4p_1De[2]                     5.0     188150.3000     2.0063   1.494E+03    11     0     21
3s2_3p5_4p_1Pe[1]                     3.0     189239.5000     1.9736   1.519E+03    12     0     22
3s2_3p5_4p_3Pe[2]                     5.0     189657.4000     1.9611   1.529E+03    13     0     23
3s2_3p5_4p_3Pe[0]                     1.0     189768.0000     1.9578   1.531E+03    13     0     24
3s2_3p5_4p_3Pe[1]                     3.0     190130.7000     1.9469   1.540E+03    13     0     25
3s2_3p5_4p_1Se[0]                     1.0     194772.2000     1.8078   1.658E+03    14     0     26
3s2_3p5_3d_1Po[1]                     3.0     201957.6000     1.5924   1.883E+03    15     0     27
3s2_3p5(2P<3/2>)5s_2{3/2}o[2]         5.0     212571.2000     1.2742   2.353E+03    16     0     28
3s2_3p5(2P<3/2>)5s_2{3/2}o[1]         3.0     212988.6000     1.2617   2.376E+03    16     0     29
3s2_3p5(2P<1/2>)5s_2{1/2}o[0]         1.0     214722.7000     1.2097   2.478E+03    17     0     30
3s2_3p5(2P<1/2>)5s_2{1/2}o[1]         3.0     215014.6000     1.2009   2.496E+03    17     0     31
3s2_3p5_4d_3Po[0]                     1.0     215211.8800     1.1950   2.509E+03    18     0     32
3s2_3p5_4d_3Po[1]                     3.0     215400.9000     1.1893   2.521E+03    18     0     33
3s2_3p5_4d_3Po[2]                     5.0     215851.5000     1.1758   2.550E+03    18     0     34
3s2_3p5_4d_3Fo[4]                     9.0     216110.0570     1.1681   2.567E+03    19     0     35
3s2_3p5_4d_3Fo[3]                     7.0     216551.7300     1.1548   2.596E+03    19     0     36
3s2_3p5_4d_3Fo[2]                     5.0     217061.9000     1.1395   2.631E+03    19     0     37
3s2_3p5_4d_3Do[3]                     7.0     217722.3000     1.1197   2.677E+03    20     0     38
3s2_3p5_4d_3Do[1]                     3.0     218838.3670     1.0863   2.760E+03    20     0     39
3s2_3p5_4d_b3Fo[2]                    5.0     218882.7000     1.0850   2.763E+03    21     0     40
3s2_3p5_4d_3Do[2]                     5.0     219192.1000     1.0757   2.787E+03    20     0     41
3s2_3p5_4d_1Fo[3]                     7.0     219313.9010     1.0720   2.797E+03    22     0     42
3s2_3p5_5p_3Se[1]                     3.0     219560.4560     1.0646   2.816E+03    23     0     43
3s2_3p5_5p_3De[3]                     7.0     220559.9830     1.0347   2.897E+03    24     0     44
3s2_3p5_5p_3De[2]                     5.0     220664.9320     1.0315   2.906E+03    24     0     45
3s2_3p5_5p_1Pe[1]                     3.0     221057.2410     1.0198   2.940E+03    25     0     46
3s2_3p5_5p_3Pe[2]                     5.0     221150.9970     1.0170   2.948E+03    26     0     47
3s2_3p5_5p_3Pe[0]                     1.0     222311.8890     0.9821   3.052E+03    26     0     48
3s2_3p5_5p_3De[1]                     3.0     222803.5030     0.9674   3.099E+03    24     0     49
3s2_3p5_5p_b3De[2]                    5.0     222981.3220     0.9621   3.116E+03    27     0     50
3s2_3p5_5p_3Pe[1]                     3.0     223012.2320     0.9612   3.119E+03    26     0     51
3s2_3p5_5p_1Se[0]                     1.0     225136.5660     0.8975   3.340E+03    28     0     52
3s2_3p5_4d_1Po[1]                     3.0     226734.0440     0.8496   3.529E+03    29     0     53
3s2_3p5(2P<3/2>)4f_2{3/2}e[1]         3.0     227100.9000     0.8386   3.575E+03    30     0     54
3s2_3p5(2P<3/2>)4f_2{3/2}e[2]         5.0     227123.2000     0.8379   3.578E+03    30     0     55
3s2_3p5(2P<3/2>)4f_2{9/2}e[5]        11.0     227226.0000     0.8348   3.591E+03    31     0     56
3s2_3p5(2P<3/2>)4f_2{9/2}e[4]         9.0     227230.6000     0.8347   3.592E+03    31     0     57
3s2_3p5(2P<3/2>)4f_2{5/2}e[3]         7.0     227343.9000     0.8313   3.606E+03    32     0     58
3s2_3p5(2P<3/2>)4f_2{5/2}e[2]         5.0     227367.2000     0.8306   3.609E+03    32     0     59
3s2_3p5(2P<3/2>)4f_2{7/2}e[3]         7.0     227484.8000     0.8271   3.625E+03    33     0     60
3s2_3p5(2P<3/2>)4f_2{7/2}e[4]         9.0     227487.5000     0.8270   3.625E+03    33     0     61
3s2_3p5(2P<1/2>)4f_2{7/2}e[3]         7.0     229492.5000     0.7669   3.909E+03    34     0     62
3s2_3p5(2P<1/2>)4f_2{7/2}e[4]         9.0     229495.9000     0.7668   3.910E+03    34     0     63
3s2_3p5(2P<1/2>)4f_2{5/2}e[3]         7.0     229507.0000     0.7664   3.911E+03    35     0     64
3s2_3p5(2P<1/2>)4f_2{5/2}e[2]         5.0     229524.9000     0.7659   3.914E+03    35     0     65
3s2_3p5_6s_3Po[2]                     5.0     230322.8870     0.7420   4.040E+03    36     0     66
3s2_3p5_6s_(3/2,3/2)o[1]              3.0     230500.0000     0.7367   4.070E+03    37     0     67
3s2_3p5_5d_3Po[0]                     1.0     231506.0650     0.7065   4.243E+03    38     0     68
3s2_3p5_5d_3Po[1]                     3.0     231700.0000     0.7007   4.278E+03    38     0     69
3s2_3p5_5d_3Fo[4]                     9.0     231879.0400     0.6953   4.312E+03    39     0     70
3s2_3p5_5d_3Po[2]                     5.0     231915.0530     0.6943   4.318E+03    38     0     71
3s2_3p5_5d_3Fo[3]                     7.0     232101.5130     0.6887   4.353E+03    39     0     72
3s2_3p5_5d_1Do[2]                     5.0     232335.7250     0.6816   4.398E+03    40     0     73
3s2_3p5_5d_3Do[3]                     7.0     232485.2050     0.6772   4.427E+03    41     0     74
3s2_3p5_6s_3Po[0]                     1.0     232491.6360     0.6770   4.428E+03    36     0     75
3s2_3p5_6s_(3/2,3/b2)o[1]             3.0     232600.0000     0.6737   4.450E+03    42     0     76
3s2_3p5_5d_3Do[1]                     3.0     233700.0000     0.6407   4.679E+03    41     0     77
3s2_3p5_6p_3Se[1]                     3.0     233819.6640     0.6372   4.705E+03    43     0     78
3s2_3p5_6p_3De[3]                     7.0     234196.7980     0.6258   4.790E+03    44     0     79
3s2_3p5_5d_3Fo[2]                     5.0     234210.1870     0.6254   4.793E+03    39     0     80
3s2_3p5_6p_3De[2]                     5.0     234246.8540     0.6243   4.802E+03    44     0     81
3s2_3p5_5d_3Do[2]                     5.0     234272.7530     0.6236   4.808E+03    41     0     82
3s2_3p5_5d_1Fo[3]                     7.0     234401.2530     0.6197   4.838E+03    45     0     83
3s2_3p5_6p_1Pe[1]                     3.0     234428.7660     0.6189   4.844E+03    46     0     84
3s2_3p5_6p_3Pe[2]                     5.0     234465.1680     0.6178   4.853E+03    47     0     85
3s2_3p5_6p_3Pe[0]                     1.0     235391.4630     0.5900   5.081E+03    47     0     86
3s2_3p5_6p_3De[1]                     3.0     236382.4710     0.5603   5.350E+03    44     0     87
3s2_3p5_6p_3Pe[1]                     3.0     236427.6810     0.5590   5.363E+03    47     0     88
3s2_3p5_6p_b3De[2]                    5.0     236468.5480     0.5577   5.375E+03    48     0     89
3s2_3p5_5d_1Po[1]                     3.0     237000.0000     0.5418   5.533E+03    49     0     90
3s2_3p5(2P<3/2>)5f_2{3/2}e[1]         3.0     237204.7000     0.5357   5.597E+03    50     0     91
3s2_3p5(2P<3/2>)5f_2{3/2}e[2]         5.0     237220.4000     0.5352   5.601E+03    50     0     92
3s2_3p5(2P<3/2>)5f_2{9/2}e[5]        11.0     237271.2000     0.5337   5.617E+03    51     0     93
3s2_3p5(2P<3/2>)5f_2{9/2}e[4]         9.0     237275.3000     0.5336   5.619E+03    51     0     94
3s2_3p5(2P<3/2>)5f_2{5/2}e[3]         7.0     237339.0000     0.5316   5.639E+03    52     0     95
3s2_3p5(2P<3/2>)5f_2{5/2}e[2]         5.0     237356.7000     0.5311   5.645E+03    52     0     96
3s2_3p5(2P<3/2>)5f_2{7/2}e[4]         9.0     237407.2000     0.5296   5.661E+03    53     0     97
3s2_3p5(2P<3/2>)5f_2{7/2}e[3]         7.0     237408.5000     0.5296   5.661E+03    53     0     98
3s2_3p5_6p_1Se[0]                     1.0     237417.5200     0.5293   5.664E+03    54     0     99
3s2_3p5_5g_3Fo[2]                     5.0     237479.2490     0.5274   5.684E+03    55     0    100
3s2_3p5_5g_3Fo[3]                     7.0     237479.4100     0.5274   5.684E+03    55     0    101
3s2_3p5_5g_3Ho[6]                    13.0     237503.8180     0.5267   5.692E+03    56     0    102
3s2_3p5_5g_1Ho[5]                    11.0     237503.8720     0.5267   5.692E+03    57     0    103
3s2_3p5_5g_3Fo[4]                     9.0     237535.4080     0.5258   5.702E+03    55     0    104
3s2_3p5_5g_3Go[3]                     7.0     237535.4950     0.5258   5.702E+03    58     0    105
3s2_3p5_5g_1Go[4]                     9.0     237557.2690     0.5251   5.709E+03    59     0    106
3s2_3p5_5g_3Go[5]                    11.0     237557.2810     0.5251   5.709E+03    58     0    107
3s2_3p5_7s_3Po[2]                     5.0     238842.3300     0.4866   6.161E+03    60     0    108
3s2_3p5_7s_(3/2,1/2)o[1]              3.0     239000.0000     0.4819   6.222E+03    61     0    109
3s2_3p5_6d_3Po[0]                     1.0     239389.1770     0.4702   6.376E+03    62     0    110
3s2_3p5(2P<3/2>)5f_b2{7/2}e[3]        7.0     239485.4000     0.4673   6.415E+03    63     0    111
3s2_3p5(2P<1/2>)5f_2{5/2}e[3]         7.0     239486.7000     0.4673   6.416E+03    64     0    112
3s2_3p5(2P<1/2>)5f_2{7/2}e[4]         9.0     239487.7000     0.4672   6.416E+03    65     0    113
3s2_3p5(2P<1/2>)5f_2{5/2}e[2]         5.0     239503.3000     0.4668   6.423E+03    64     0    114
3s2_3p5_6d_3Fo[4]                     9.0     239580.0100     0.4645   6.455E+03    66     0    115
3s2_3p5_6d_3Po[1]                     3.0     239600.0000     0.4639   6.463E+03    62     0    116
3s2_3p5_6d_3Po[2]                     5.0     239631.7290     0.4629   6.476E+03    62     0    117
3s2_3p5_5g_b3Go[3]                    7.0     239687.7990     0.4612   6.500E+03    67     0    118
3s2_3p5_5g_b3Fo[4]                    9.0     239690.1440     0.4612   6.501E+03    68     0    119
3s2_3p5_5g_3Ho[4]                     9.0     239692.8400     0.4611   6.502E+03    56     0    120
3s2_3p5_5g_3Ho[5]                    11.0     239692.8730     0.4611   6.502E+03    56     0    121
3s2_3p5_6d_3Fo[3]                     7.0     239706.3290     0.4607   6.508E+03    66     0    122
3s2_3p5_6d_1Do[2]                     5.0     239825.6930     0.4571   6.559E+03    69     0    123
3s2_3p5_6d_3Do[3]                     7.0     239889.0940     0.4552   6.586E+03    70     0    124
3s2_3p5_7p_3Se[1]                     3.0     240885.9670     0.4253   7.049E+03    71     0    125
3s2_3p5_7s_(1/2,1/2)o[1]              3.0     241000.0000     0.4219   7.106E+03    72     0    126
3s2_3p5_6d_3Do[1]                     3.0     241000.0001     0.4219   7.106E+03    70     0    127
3s2_3p5_7s_3Po[0]                     1.0     241010.4630     0.4216   7.111E+03    60     0    128
3s2_3p5_7p_3De[3]                     7.0     241060.5300     0.4201   7.137E+03    73     0    129
3s2_3p5_7p_3De[2]                     5.0     241088.1790     0.4192   7.151E+03    73     0    130
3s2_3p5_7p_1Pe[1]                     3.0     241186.1520     0.4163   7.201E+03    74     0    131
3s2_3p5_7p_3Pe[2]                     5.0     241204.6010     0.4158   7.211E+03    75     0    132
3s2_3p5_6d_3Fo[2]                     5.0     241817.8630     0.3974   7.544E+03    66     0    133
3s2_3p5_6d_3Do[2]                     5.0     241822.6880     0.3972   7.547E+03    70     0    134
3s2_3p5_6d_b3Fo[3]                    7.0     241913.8480     0.3945   7.599E+03    76     0    135
3s2_3p5_7p_3Pe[0]                     1.0     241956.5410     0.3932   7.624E+03    75     0    136
3s2_3p5(2P<3/2>)6f_2{3/2}e[1]         3.0     242692.6000     0.3711   8.077E+03    77     0    137
3s2_3p5(2P<3/2>)6f_2{3/2}e[2]         5.0     242700.3000     0.3709   8.082E+03    77     0    138
3s2_3p5(2P<3/2>)6f_2{9/2}e[5]        11.0     242728.7000     0.3701   8.101E+03    78     0    139
3s2_3p5(2P<3/2>)6f_2{9/2}e[4]         9.0     242732.2000     0.3700   8.103E+03    78     0    140
3s2_3p5(2P<3/2>)6f_2{5/2}e[3]         7.0     242771.2000     0.3688   8.129E+03    79     0    141
3s2_3p5(2P<3/2>)6f_2{5/2}e[2]         5.0     242774.8000     0.3687   8.131E+03    79     0    142
3s2_3p5(2P<3/2>)6f_2{7/2}e[3]         7.0     242810.6000     0.3676   8.155E+03    80     0    143
3s2_3p5(2P<3/2>)6f_2{7/2}e[4]         9.0     242811.1000     0.3676   8.155E+03    80     0    144
3s2_3p5_6g_3Fo[2]                     5.0     242865.9280     0.3660   8.192E+03    81     0    145
3s2_3p5_6g_3Fo[3]                     7.0     242866.0920     0.3659   8.192E+03    81     0    146
3s2_3p5_6g_3Ho[6]                    13.0     242880.5510     0.3655   8.202E+03    82     0    147
3s2_3p5_6g_1Ho[5]                    11.0     242880.6160     0.3655   8.202E+03    83     0    148
3s2_3p5_6g_3Fo[4]                     9.0     242899.1240     0.3650   8.214E+03    81     0    149
3s2_3p5_6g_3Go[3]                     7.0     242899.1990     0.3650   8.214E+03    84     0    150
3s2_3p5_6d_1Po[1]                     3.0     242900.0000     0.3649   8.215E+03    85     0    151
3s2_3p5_6h_3Ge[4]                     9.0     242903.5740     0.3648   8.217E+03    86     0    152
3s2_3p5_6h_3Ge[3]                     7.0     242903.5741     0.3648   8.217E+03    86     0    153
3s2_3p5_6h_1Ie[6]                    13.0     242908.2480     0.3647   8.221E+03    87     0    154
3s2_3p5_6h_3Ie[7]                    15.0     242908.2481     0.3647   8.221E+03    88     0    155
3s2_3p5_6g_1Go[4]                     9.0     242911.7680     0.3646   8.223E+03    89     0    156
3s2_3p5_6g_3Go[5]                    11.0     242911.7830     0.3646   8.223E+03    84     0    157
3s2_3p5_6h_3He[4]                     9.0     242920.4430     0.3643   8.229E+03    90     0    158
3s2_3p5_6h_3Ge[5]                    11.0     242920.4431     0.3643   8.229E+03    86     0    159
3s2_3p5_6h_1He[5]                    11.0     242925.2360     0.3642   8.232E+03    91     0    160
3s2_3p5_6h_3He[6]                    13.0     242925.2361     0.3642   8.232E+03    90     0    161
3s2_3p5_7d_3Po[0]                     1.0     243201.5940     0.3559   8.424E+03    92     0    162
3s2_3p5_7p_b1Pe[1]                    3.0     243230.9810     0.3550   8.445E+03    93     0    163
3s2_3p5_7p_3De[1]                     3.0     243243.7090     0.3546   8.454E+03    73     0    164
3s2_3p5_7p_b3De[2]                    5.0     243283.8430     0.3534   8.483E+03    94     0    165
3s2_3p5_7d_3Fo[4]                     9.0     243304.0870     0.3528   8.497E+03    95     0    166
3s2_3p5_7d_3Po[2]                     5.0     243355.2570     0.3513   8.534E+03    92     0    167
3s2_3p5_7d_3Fo[3]                     7.0     243381.5920     0.3505   8.553E+03    95     0    168
3s2_3p5_7d_1Do[2]                     5.0     243452.1520     0.3484   8.605E+03    96     0    169
3s2_3p5_7d_3Do[3]                     7.0     243483.4690     0.3474   8.629E+03    97     0    170
3s2_3p5_8s_3Po[2]                     5.0     243627.1260     0.3431   8.737E+03    98     0    171
3s2_3p5_7p_1Se[0]                     1.0     243696.3680     0.3411   8.790E+03    99     0    172
3s2_3p5_8s_(3/2,1/2)o[1]              3.0     243700.0000     0.3409   8.793E+03   100     0    173
3s2_3p5_7d_3Po[1]                     3.0     244100.0000     0.3290   9.113E+03    92     0    174
3s2_3p5_6f_3De[3]                     7.0     244907.4340     0.3048   9.837E+03   101     0    175
3s2_3p5_8p_3Se[1]                     3.0     244925.8730     0.3042   9.855E+03   102     0    176
3s2_3p5_6f_3Fe[2]                     5.0     244925.9330     0.3042   9.855E+03   103     0    177
3s2_3p5_6f_3Ge[3]                     7.0     244929.2880     0.3041   9.859E+03   104     0    178
3s2_3p5_6f_3Ge[4]                     9.0     244930.5780     0.3041   9.860E+03   104     0    179
3s2_3p5_7d_3Do[1]                     3.0     245000.0000     0.3020   9.928E+03    97     0    180
3s2_3p5_8p_3De[3]                     7.0     245016.3320     0.3015   9.944E+03   105     0    181
3s2_3p5_8p_3De[2]                     5.0     245034.0890     0.3010   9.961E+03   105     0    182
3s2_3p5_6g_b3Fo[4]                    9.0     245058.7290     0.3002   9.986E+03   106     0    183
3s2_3p5_6g_b3Go[3]                    7.0     245058.8560     0.3002   9.986E+03   107     0    184
3s2_3p5_6g_3Ho[4]                     9.0     245060.9340     0.3001   9.988E+03    82     0    185
3s2_3p5_6g_3Ho[5]                    11.0     245060.9740     0.3001   9.988E+03    82     0    186
3s2_3p5_6h_3Ie[5]                    11.0     245079.2450     0.2996   1.001E+04    88     0    187
3s2_3p5_6h_3Ie[6]                    13.0     245079.2451     0.2996   1.001E+04    88     0    188
3s2_3p5_6h_b3He[4]                    9.0     245079.3250     0.2996   1.001E+04   108     0    189
3s2_3p5_6h_b3Ge[5]                   11.0     245079.3251     0.2996   1.001E+04   109     0    190
3s2_3p5_8p_1Pe[1]                     3.0     245090.4760     0.2993   1.002E+04   110     0    191
3s2_3p5_8p_3Pe[2]                     5.0     245101.1180     0.2989   1.003E+04   111     0    192
3s2_3p5_7d_3Fo[2]                     5.0     245510.9820     0.2867   1.046E+04    95     0    193
3s2_3p5_7d_b3Po[2]                    5.0     245513.8400     0.2866   1.046E+04   112     0    194
3s2_3p5_7d_b3Fo[3]                    7.0     245566.3940     0.2850   1.052E+04   113     0    195
3s2_3p5_8p_3Pe[0]                     1.0     245749.3420     0.2795   1.073E+04   111     0    196
3s2_3p5_8s_3Po[0]                     1.0     245793.7700     0.2782   1.078E+04    98     0    197
3s2_3p5_8s_(1/2,1/2)o[1]              3.0     245800.0000     0.2780   1.078E+04   114     0    198
3s2_3p5_7f_3De[1]                     3.0     245989.5220     0.2723   1.101E+04   115     0    199
3s2_3p5_7f_3De[2]                     5.0     246003.3960     0.2719   1.103E+04   115     0    200
3s2_3p5_7f_3Ge[5]                    11.0     246035.7210     0.2709   1.107E+04   116     0    201
3s2_3p5_7f_1Ge[4]                     9.0     246039.6000     0.2708   1.107E+04   117     0    202
3s2_3p5_7f_3De[3]                     7.0     246053.6720     0.2704   1.109E+04   115     0    203
3s2_3p5_7f_3Fe[2]                     5.0     246066.5930     0.2700   1.110E+04   118     0    204
3s2_3p5_7f_1Fe[3]                     7.0     246085.2120     0.2694   1.113E+04   119     0    205
3s2_3p5_7f_3Fe[4]                     9.0     246086.0090     0.2694   1.113E+04   118     0    206
3s2_3p5_7g_3Fo[2]                     5.0     246115.9410     0.2685   1.116E+04   120     0    207
3s2_3p5_7g_3Fo[3]                     7.0     246116.1010     0.2685   1.116E+04   120     0    208
3s2_3p5_7g_3Ho[6]                    13.0     246125.2770     0.2682   1.118E+04   121     0    209
3s2_3p5_7g_1Ho[5]                    11.0     246125.3310     0.2682   1.118E+04   122     0    210
3s2_3p5_7g_3Fo[4]                     9.0     246137.3020     0.2679   1.119E+04   120     0    211
3s2_3p5_7g_3Go[3]                     7.0     246137.3770     0.2679   1.119E+04   123     0    212
3s2_3p5_7h_3Ge[4]                     9.0     246142.4620     0.2677   1.120E+04   124     0    213
3s2_3p5_7h_3Ge[3]                     7.0     246142.4621     0.2677   1.120E+04   124     0    214
3s2_3p5_7g_1Go[4]                     9.0     246145.1530     0.2676   1.120E+04   125     0    215
3s2_3p5_7g_3Go[5]                    11.0     246145.1640     0.2676   1.120E+04   123     0    216
3s2_3p5_7h_1Ie[6]                    13.0     246145.3920     0.2676   1.120E+04   126     0    217
3s2_3p5_7h_3Ie[7]                    15.0     246145.3921     0.2676   1.120E+04   127     0    218
3s2_3p5_7i_3Ho[4]                     9.0     246145.5020     0.2676   1.120E+04   128     0    219
3s2_3p5_7i_3Ho[5]                    11.0     246145.5021     0.2676   1.120E+04   128     0    220
3s2_3p5_7i_1Ko[7]                    15.0     246147.0030     0.2676   1.120E+04   129     0    221
3s2_3p5_7i_3Ko[8]                    17.0     246147.0031     0.2676   1.120E+04   130     0    222
3s2_3p5_7i_3Io[5]                    11.0     246151.9590     0.2674   1.121E+04   131     0    223
3s2_3p5_7i_3Ho[6]                    13.0     246151.9591     0.2674   1.121E+04   128     0    224
3s2_3p5_7h_3He[4]                     9.0     246153.1410     0.2674   1.121E+04   132     0    225
3s2_3p5_7h_3Ge[5]                    11.0     246153.1411     0.2674   1.121E+04   124     0    226
3s2_3p5_7i_3Io[7]                    15.0     246153.4880     0.2674   1.121E+04   131     0    227
3s2_3p5_7i_1Io[6]                    13.0     246153.4881     0.2674   1.121E+04   133     0    228
3s2_3p5_7h_1He[5]                    11.0     246156.1270     0.2673   1.121E+04   134     0    229
3s2_3p5_7h_3He[6]                    13.0     246156.1271     0.2673   1.121E+04   132     0    230
3s2_3p5_7d_1Po[1]                     3.0     246600.0000     0.2540   1.180E+04   135     0    231
3s2_3p5_9s_3Po[2]                     5.0     246745.0970     0.2497   1.201E+04   136     0    232
3s2_3p5_9s_(3/2,1/2)o[1]              3.0     246814.3880     0.2476   1.211E+04   137     0    233
3s2_3p5_8p_3Pe[1]                     3.0     247153.5210     0.2374   1.263E+04   111     0    234
3s2_3p5_8p_3De[1]                     3.0     247185.9970     0.2364   1.268E+04   105     0    235
3s2_3p5_8p_b3De[2]                    5.0     247212.2940     0.2357   1.272E+04   138     0    236
3s2_3p5_8p_b3Pe[0]                    1.0     247294.1950     0.2332   1.286E+04   139     0    237
3s2_3p5_9p_3Se[1]                     3.0     247478.4210     0.2277   1.317E+04   140     0    238
3s2_3p5_9p_3De[3]                     7.0     247503.2610     0.2269   1.321E+04   141     0    239
3s2_3p5_9p_1De[2]                     5.0     247516.1470     0.2265   1.323E+04   142     0    240
3s2_3p5_8d_3Po[0]                     1.0     247553.3640     0.2254   1.330E+04   143     0    241
3s2_3p5_9p_1Pe[1]                     3.0     247554.3780     0.2254   1.330E+04   144     0    242
3s2_3p5_9p_3Pe[2]                     5.0     247559.9060     0.2252   1.331E+04   145     0    243
3s2_3p5_8d_3Po[1]                     3.0     247600.0000     0.2240   1.338E+04   143     0    244
3s2_3p5_8d_3Fo[4]                     9.0     247629.0160     0.2232   1.343E+04   146     0    245
3s2_3p5_8d_3Po[2]                     5.0     247657.4720     0.2223   1.349E+04   143     0    246
3s2_3p5_8d_3Fo[3]                     7.0     247678.9280     0.2217   1.352E+04   146     0    247
3s2_3p5_8d_1Do[2]                     5.0     247724.2250     0.2203   1.361E+04   147     0    248
3s2_3p5_8d_3Do[3]                     7.0     247744.2850     0.2197   1.365E+04   148     0    249
3s2_3p5_8f_3De[1]                     3.0     248140.0560     0.2078   1.442E+04   149     0    250
3s2_3p5_8f_3De[2]                     5.0     248142.0540     0.2078   1.443E+04   149     0    251
3s2_3p5_8f_3De[3]                     7.0     248146.1660     0.2077   1.444E+04   149     0    252
3s2_3p5_8f_3Ge[5]                    11.0     248172.0260     0.2069   1.449E+04   150     0    253
3s2_3p5_8f_3Ge[4]                     9.0     248174.4040     0.2068   1.450E+04   150     0    254
3s2_3p5_8f_1De[2]                     5.0     248176.2350     0.2068   1.450E+04   151     0    255
3s2_3p5_7f_3Ge[3]                     7.0     248187.2600     0.2064   1.452E+04   116     0    256
3s2_3p5_8f_3Fe[4]                     9.0     248190.0570     0.2063   1.453E+04   152     0    257
3s2_3p5_9p_3Pe[0]                     1.0     248193.4080     0.2062   1.454E+04   145     0    258
3s2_3p5_8g_3Fo[2]                     5.0     248225.3380     0.2053   1.460E+04   153     0    259
3s2_3p5_8g_3Fo[3]                     7.0     248225.4580     0.2053   1.460E+04   153     0    260
3s2_3p5_8g_3Ho[6]                    13.0     248231.6550     0.2051   1.462E+04   154     0    261
3s2_3p5_8g_1Ho[5]                    11.0     248231.6990     0.2051   1.462E+04   155     0    262
3s2_3p5_7f_b3Ge[3]                    7.0     248234.1840     0.2050   1.462E+04   156     0    263
3s2_3p5_8f_b3Fe[4]                    9.0     248234.7530     0.2050   1.462E+04   157     0    264
3s2_3p5_8g_3Fo[4]                     9.0     248236.5330     0.2049   1.463E+04   153     0    265
3s2_3p5_8g_3Go[3]                     7.0     248236.6370     0.2049   1.463E+04   158     0    266
3s2_3p5_7f_b3De[3]                    7.0     248239.2370     0.2049   1.463E+04   159     0    267
3s2_3p5_7f_b3Fe[2]                    5.0     248241.1630     0.2048   1.464E+04   160     0    268
3s2_3p5_8g_1Go[4]                     9.0     248243.4700     0.2047   1.464E+04   161     0    269
3s2_3p5_8g_3Go[5]                    11.0     248243.4850     0.2047   1.464E+04   158     0    270
3s2_3p5_8h_3Ge[3]                     7.0     248245.0060     0.2047   1.465E+04   162     0    271
3s2_3p5_8h_3Ge[4]                     9.0     248245.0290     0.2047   1.465E+04   162     0    272
3s2_3p5_8i_3Ho[4]                     9.0     248246.5380     0.2046   1.465E+04   163     0    273
3s2_3p5_8i_3Ho[5]                    11.0     248246.5381     0.2046   1.465E+04   163     0    274
3s2_3p5_8h_1Ie[6]                    13.0     248246.7550     0.2046   1.465E+04   164     0    275
3s2_3p5_8h_3Ie[7]                    15.0     248246.7551     0.2046   1.465E+04   165     0    276
3s2_3p5_8i_1Ko[7]                    15.0     248247.5620     0.2046   1.465E+04   166     0    277
3s2_3p5_8i_3Ko[8]                    17.0     248247.5621     0.2046   1.465E+04   167     0    278
3s2_3p5_8k_3Ie[5]                    11.0     248248.9710     0.2046   1.465E+04   168     0    279
3s2_3p5_8k_3Ie[6]                    13.0     248248.9711     0.2046   1.465E+04   168     0    280
3s2_3p5_8k_1Le[8]                    17.0     248249.5580     0.2046   1.466E+04   169     0    281
3s2_3p5_8k_3Le[9]                    19.0     248249.5581     0.2046   1.466E+04   170     0    282
3s2_3p5_8i_3Ho[6]                    13.0     248250.7640     0.2045   1.466E+04   163     0    283
3s2_3p5_8i_3Io[5]                    11.0     248250.7641     0.2045   1.466E+04   171     0    284
3s2_3p5_8h_3He[4]                     9.0     248251.3380     0.2045   1.466E+04   172     0    285
3s2_3p5_8h_3Ge[5]                    11.0     248251.3381     0.2045   1.466E+04   162     0    286
3s2_3p5_8k_3Ke[6]                    13.0     248251.8140     0.2045   1.466E+04   173     0    287
3s2_3p5_8k_3Ie[7]                    15.0     248251.8141     0.2045   1.466E+04   168     0    288
3s2_3p5_8i_1Io[6]                    13.0     248251.8310     0.2045   1.466E+04   174     0    289
3s2_3p5_8i_3Io[7]                    15.0     248251.8311     0.2045   1.466E+04   171     0    290
3s2_3p5_8k_3Ke[8]                    17.0     248252.3880     0.2045   1.466E+04   173     0    291
3s2_3p5_8k_1Ke[7]                    15.0     248252.3881     0.2045   1.466E+04   175     0    292
3s2_3p5_8h_1He[5]                    11.0     248253.5860     0.2044   1.466E+04   176     0    293
3s2_3p5_8h_3He[6]                    13.0     248253.5861     0.2044   1.466E+04   172     0    294
3s2_3p5_7g_3Ho[4]                     9.0     248302.9920     0.2030   1.477E+04   121     0    295
3s2_3p5_7g_3Ho[5]                    11.0     248303.0190     0.2030   1.477E+04   121     0    296
3s2_3p5_7g_b3Fo[4]                    9.0     248303.0980     0.2030   1.477E+04   177     0    297
3s2_3p5_7g_b3Go[3]                    7.0     248303.1730     0.2029   1.477E+04   178     0    298
3s2_3p5_7h_3Ie[5]                    11.0     248314.3380     0.2026   1.480E+04   127     0    299
3s2_3p5_7h_3Ie[6]                    13.0     248314.3381     0.2026   1.480E+04   127     0    300
3s2_3p5_7h_b3He[4]                    9.0     248314.6080     0.2026   1.480E+04   179     0    301
3s2_3p5_7h_b3Ge[5]                   11.0     248314.6081     0.2026   1.480E+04   180     0    302
3s2_3p5_7i_3Ko[6]                    13.0     248318.6790     0.2025   1.481E+04   130     0    303
3s2_3p5_7i_3Ko[7]                    15.0     248318.6791     0.2025   1.481E+04   130     0    304
3s2_3p5_7i_b3Io[5]                   11.0     248318.7390     0.2025   1.481E+04   181     0    305
3s2_3p5_7i_b3Ho[6]                   13.0     248318.7391     0.2025   1.481E+04   182     0    306
3s2_3p5_9d_1Po[1]                     3.0     248436.3010     0.1990   1.507E+04   183     0    307
3s2_3p5_10s_3Po[2]                    5.0     248652.6610     0.1925   1.558E+04   184     0    308
3s2_3p5_10s_1Po[1]                    3.0     248677.2520     0.1917   1.564E+04   185     0    309
3s2_3p5_9d_3Po[0]                     1.0     248865.0570     0.1861   1.611E+04   186     0    310
3s2_3p5_9d_3Po[1]                     3.0     248891.8110     0.1853   1.618E+04   186     0    311
3s2_3p5_9d_3Fo[4]                     9.0     248913.6520     0.1846   1.624E+04   187     0    312
3s2_3p5_9s_3Po[0]                     1.0     248917.7960     0.1845   1.625E+04   136     0    313
3s2_3p5_9d_3Po[2]                     5.0     248923.8450     0.1843   1.626E+04   186     0    314
3s2_3p5_9s_(1/2,1/2)o[1]              3.0     248935.2520     0.1840   1.629E+04   188     0    315
3s2_3p5_9d_3Fo[3]                     7.0     248942.7800     0.1838   1.631E+04   187     0    316
3s2_3p5_9d_1Do[2]                     5.0     248974.1020     0.1828   1.640E+04   189     0    317
3s2_3p5_9d_3Do[3]                     7.0     248990.8400     0.1823   1.644E+04   190     0    318
3s2_3p5_10p_3Se[1]                    3.0     249125.4140     0.1783   1.681E+04   191     0    319
3s2_3p5_10p_3De[3]                    7.0     249172.2590     0.1769   1.695E+04   192     0    320
3s2_3p5_10p_3De[2]                    5.0     249178.7250     0.1767   1.697E+04   192     0    321
3s2_3p5_10p_1Pe[1]                    3.0     249204.8170     0.1759   1.704E+04   193     0    322
3s2_3p5_10p_3Pe[2]                    5.0     249210.2430     0.1758   1.706E+04   194     0    323
3s2_3p5_10p_1Se[0]                    1.0     249410.3770     0.1698   1.766E+04   195     0    324
3s2_3p5_8d_3Do[1]                     3.0     249500.0000     0.1671   1.794E+04   148     0    325
3s2_3p5_9f_3De[1]                     3.0     249610.0450     0.1638   1.831E+04   196     0    326
3s2_3p5_9f_3De[2]                     5.0     249616.8600     0.1636   1.833E+04   196     0    327
3s2_3p5_9f_3Ge[5]                    11.0     249634.3670     0.1630   1.839E+04   197     0    328
3s2_3p5_9f_1Ge[4]                     9.0     249636.4220     0.1630   1.839E+04   198     0    329
3s2_3p5_9f_3De[3]                     7.0     249640.6620     0.1629   1.841E+04   196     0    330
3s2_3p5_9f_3Fe[2]                     5.0     249648.6900     0.1626   1.844E+04   199     0    331
3s2_3p5_9f_1Fe[3]                     7.0     249657.9120     0.1623   1.847E+04   200     0    332
3s2_3p5_9f_3Fe[4]                     9.0     249658.4040     0.1623   1.847E+04   199     0    333
3s2_3p5_9g_3Fo[2]                     5.0     249671.2870     0.1619   1.851E+04   201     0    334
3s2_3p5_9g_3Fo[3]                     7.0     249671.3470     0.1619   1.851E+04   201     0    335
3s2_3p5_9p_3De[1]                     3.0     249675.7370     0.1618   1.853E+04   141     0    336
3s2_3p5_9g_3Ho[6]                    13.0     249675.7960     0.1618   1.853E+04   202     0    337
3s2_3p5_9g_1Ho[5]                    11.0     249675.8290     0.1618   1.853E+04   203     0    338
3s2_3p5_9g_3Fo[4]                     9.0     249681.2850     0.1616   1.855E+04   201     0    339
3s2_3p5_9g_3Go[3]                     7.0     249681.3280     0.1616   1.855E+04   204     0    340
3s2_3p5_9p_3Pe[1]                     3.0     249682.2760     0.1616   1.855E+04   145     0    341
3s2_3p5_9g_1Go[4]                     9.0     249685.1290     0.1615   1.856E+04   205     0    342
3s2_3p5_9g_3Go[5]                    11.0     249685.1370     0.1615   1.856E+04   204     0    343
3s2_3p5_9h_3Ge[4]                     9.0     249685.9050     0.1615   1.856E+04   206     0    344
3s2_3p5_9h_3Ge[3]                     7.0     249685.9060     0.1615   1.856E+04   206     0    345
3s2_3p5_9i_3Ho[4]                     9.0     249686.5770     0.1615   1.857E+04   207     0    346
3s2_3p5_9i_3Ho[5]                    11.0     249686.5771     0.1615   1.857E+04   207     0    347
3s2_3p5_9h_1Ie[6]                    13.0     249687.2810     0.1615   1.857E+04   208     0    348
3s2_3p5_9i_3Ko[8]                    17.0     249687.2811     0.1615   1.857E+04   209     0    349
3s2_3p5_9i_1Ko[7]                    15.0     249687.2812     0.1615   1.857E+04   210     0    350
3s2_3p5_9h_3Ie[7]                    15.0     249687.2813     0.1615   1.857E+04   211     0    351
3s2_3p5_9k_3Ie[5]                    11.0     249689.0110     0.1614   1.857E+04   212     0    352
3s2_3p5_9k_3Ie[6]                    13.0     249689.0111     0.1614   1.857E+04   212     0    353
3s2_3p5_9k_3Le[9]                    19.0     249689.4080     0.1614   1.858E+04   213     0    354
3s2_3p5_9k_1Le[8]                    17.0     249689.4081     0.1614   1.858E+04   214     0    355
3s2_3p5_9i_3Io[5]                    11.0     249689.6130     0.1614   1.858E+04   215     0    356
3s2_3p5_9i_3Ho[6]                    13.0     249689.6131     0.1614   1.858E+04   207     0    357
3s2_3p5_9i_1Io[6]                    13.0     249690.3340     0.1614   1.858E+04   216     0    358
3s2_3p5_9i_3Io[7]                    15.0     249690.3341     0.1614   1.858E+04   215     0    359
3s2_3p5_9h_3He[4]                     9.0     249690.9060     0.1613   1.858E+04   217     0    360
3s2_3p5_9h_3Ge[5]                    11.0     249690.9061     0.1613   1.858E+04   206     0    361
3s2_3p5_9k_3Ke[6]                    13.0     249690.9870     0.1613   1.858E+04   218     0    362
3s2_3p5_9k_3Ie[7]                    15.0     249690.9871     0.1613   1.858E+04   212     0    363
3s2_3p5_9k_1Ke[7]                    15.0     249691.3900     0.1613   1.858E+04   219     0    364
3s2_3p5_9k_3Ke[8]                    17.0     249691.3901     0.1613   1.858E+04   218     0    365
3s2_3p5_9h_1He[5]                    11.0     249692.3250     0.1613   1.859E+04   220     0    366
3s2_3p5_9h_3He[6]                    13.0     249692.3251     0.1613   1.859E+04   217     0    367
3s2_3p5_9p_3De[2]                     5.0     249695.2950     0.1612   1.860E+04   141     0    368
3s2_3p5_8d_b3Po[2]                    5.0     249819.7700     0.1575   1.904E+04   221     0    369
3s2_3p5_8d_3Fo[2]                     5.0     249822.8190     0.1574   1.905E+04   146     0    370
3s2_3p5_8d_b3Fo[3]                    7.0     249858.0770     0.1563   1.918E+04   222     0    371
3s2_3p5_11p_1Se[0]                    1.0     249968.9290     0.1530   1.959E+04   223     0    372
3s2_3p5_11s_3Po[2]                    5.0     249974.9830     0.1528   1.962E+04   224     0    373
3s2_3p5_11s_1Po[1]                    3.0     249991.1020     0.1523   1.968E+04   225     0    374
3s2_3p5_10d_1Po[1]                    3.0     250041.4240     0.1508   1.988E+04   226     0    375
3s2_3p5_10d_3Po[0]                    1.0     250128.8840     0.1482   2.023E+04   227     0    376
3s2_3p5_10d_3Fo[4]                    9.0     250160.2560     0.1473   2.036E+04   228     0    377
3s2_3p5_10d_3Po[1]                    3.0     250163.4370     0.1472   2.037E+04   227     0    378
3s2_3p5_10d_3Po[2]                    5.0     250180.9220     0.1467   2.044E+04   227     0    379
3s2_3p5_10d_3Fo[3]                    7.0     250185.5160     0.1465   2.046E+04   228     0    380
3s2_3p5_10d_1Do[2]                    5.0     250206.9770     0.1459   2.055E+04   229     0    381
3s2_3p5_10d_3Do[3]                    7.0     250215.2520     0.1456   2.059E+04   230     0    382
3s2_3p5_11p_3Se[1]                    3.0     250321.9170     0.1424   2.105E+04   231     0    383
3s2_3p5_8f_b3De[3]                    7.0     250334.8690     0.1420   2.111E+04   232     0    384
3s2_3p5_8f_3Fe[2]                     5.0     250342.5870     0.1418   2.114E+04   152     0    385
3s2_3p5_8f_3Ge[3]                     7.0     250347.3670     0.1417   2.116E+04   150     0    386
3s2_3p5_8f_b3Ge[4]                    9.0     250349.0780     0.1416   2.117E+04   233     0    387
3s2_3p5_11p_3De[3]                    7.0     250349.4880     0.1416   2.117E+04   234     0    388
3s2_3p5_11p_3De[2]                    5.0     250357.0070     0.1414   2.121E+04   234     0    389
3s2_3p5_11p_1Pe[1]                    3.0     250370.7850     0.1410   2.127E+04   235     0    390
3s2_3p5_11p_3Pe[2]                    5.0     250374.3190     0.1409   2.128E+04   236     0    391
3s2_3p5_8g_b3Fo[4]                    9.0     250404.4510     0.1400   2.142E+04   237     0    392
3s2_3p5_8g_b3Go[3]                    7.0     250404.5600     0.1400   2.142E+04   238     0    393
3s2_3p5_8g_3Ho[4]                     9.0     250405.4720     0.1399   2.143E+04   154     0    394
3s2_3p5_8g_3Ho[5]                    11.0     250405.4980     0.1399   2.143E+04   154     0    395
3s2_3p5_8h_3Ie[5]                    11.0     250413.9500     0.1397   2.146E+04   165     0    396
3s2_3p5_8h_3Ie[6]                    13.0     250413.9501     0.1397   2.146E+04   165     0    397
3s2_3p5_8h_b3He[4]                    9.0     250413.9820     0.1397   2.146E+04   239     0    398
3s2_3p5_8h_b3Ge[5]                   11.0     250413.9821     0.1397   2.146E+04   240     0    399
3s2_3p5_8k_3Le[8]                    17.0     250415.1540     0.1396   2.147E+04   170     0    400
3s2_3p5_8k_3Le[7]                    15.0     250415.1541     0.1396   2.147E+04   170     0    401
3s2_3p5_8k_b3Ie[7]                   15.0     250415.1580     0.1396   2.147E+04   241     0    402
3s2_3p5_8k_b3Ke[6]                   13.0     250415.1581     0.1396   2.147E+04   242     0    403
3s2_3p5_8i_3Ko[7]                    15.0     250418.3050     0.1395   2.148E+04   167     0    404
3s2_3p5_8i_3Ko[6]                    13.0     250418.3051     0.1395   2.148E+04   167     0    405
3s2_3p5_8i_b3Ho[6]                   13.0     250418.3200     0.1395   2.148E+04   243     0    406
3s2_3p5_8i_b3Io[5]                   11.0     250418.3201     0.1395   2.148E+04   244     0    407
3s2_3p5_10f_3De[1]                    3.0     250662.5280     0.1322   2.267E+04   245     0    408
3s2_3p5_10f_3De[2]                    5.0     250668.1990     0.1320   2.270E+04   245     0    409
3s2_3p5_10f_3Ge[5]                   11.0     250679.5460     0.1317   2.276E+04   246     0    410
3s2_3p5_10f_1Ge[4]                    9.0     250681.1110     0.1317   2.277E+04   247     0    411
3s2_3p5_10f_3De[3]                    7.0     250686.4720     0.1315   2.280E+04   245     0    412
3s2_3p5_10f_3Fe[2]                    5.0     250691.5460     0.1313   2.282E+04   248     0    413
3s2_3p5_10f_1Fe[3]                    7.0     250697.5070     0.1312   2.286E+04   249     0    414
3s2_3p5_10f_3Fe[4]                    9.0     250697.8150     0.1312   2.286E+04   248     0    415
3s2_3p5_10g_3Fo[2]                    5.0     250706.0600     0.1309   2.290E+04   250     0    416
3s2_3p5_10g_3Fo[3]                    7.0     250706.1190     0.1309   2.290E+04   250     0    417
3s2_3p5_10g_3Ho[6]                   13.0     250709.3190     0.1308   2.292E+04   251     0    418
3s2_3p5_10g_1Ho[5]                   11.0     250709.3510     0.1308   2.292E+04   252     0    419
3s2_3p5_10g_3Fo[4]                    9.0     250713.5570     0.1307   2.294E+04   250     0    420
3s2_3p5_10g_3Go[3]                    7.0     250713.5890     0.1307   2.294E+04   253     0    421
3s2_3p5_11p_b1Se[0]                   1.0     250714.0900     0.1307   2.294E+04   254     0    422
3s2_3p5_10g_1Go[4]                    9.0     250716.2400     0.1306   2.295E+04   255     0    423
3s2_3p5_10g_3Go[5]                   11.0     250716.2470     0.1306   2.295E+04   253     0    424
3s2_3p5_10h_3Ge[4]                    9.0     250717.0150     0.1306   2.296E+04   256     0    425
3s2_3p5_10h_3Ge[3]                    7.0     250717.0151     0.1306   2.296E+04   256     0    426
3s2_3p5_10h_1Ie[6]                   13.0     250718.0110     0.1306   2.296E+04   257     0    427
3s2_3p5_10h_3Ie[7]                   15.0     250718.0111     0.1306   2.296E+04   258     0    428
3s2_3p5_10h_3He[4]                    9.0     250720.6990     0.1305   2.298E+04   259     0    429
3s2_3p5_10h_3Ge[5]                   11.0     250720.6991     0.1305   2.298E+04   256     0    430
3s2_3p5_10h_1He[5]                   11.0     250721.7120     0.1304   2.298E+04   260     0    431
3s2_3p5_10h_3He[6]                   13.0     250721.7121     0.1304   2.298E+04   259     0    432
3s2_3p5_10s_3Po[0]                    1.0     250821.1630     0.1275   2.352E+04   184     0    433
3s2_3p5_10s_3Po[1]                    3.0     250834.1640     0.1271   2.359E+04   184     0    434
3s2_3p5_8d_1Po[1]                     3.0     250859.0000     0.1263   2.373E+04   261     0    435
3s2_3p5_12s_3Po[2]                    5.0     250927.0370     0.1243   2.412E+04   262     0    436
3s2_3p5_12s_1Po[1]                    3.0     250942.4410     0.1238   2.421E+04   263     0    437
3s2_3p5_11d_3Po[2]                    5.0     251041.3850     0.1209   2.481E+04   264     0    438
3s2_3p5_11d_3Po[1]                    3.0     251041.9860     0.1208   2.481E+04   264     0    439
3s2_3p5_11d_3Po[0]                    1.0     251042.1650     0.1208   2.481E+04   264     0    440
3s2_3p5_11d_3Fo[4]                    9.0     251064.3040     0.1202   2.495E+04   265     0    441
3s2_3p5_11d_3Fo[3]                    7.0     251068.0310     0.1201   2.497E+04   265     0    442
3s2_3p5_9d_3Fo[2]                     5.0     251073.5110     0.1199   2.500E+04   187     0    443
3s2_3p5_11d_3Do[3]                    7.0     251103.9570     0.1190   2.520E+04   266     0    444
3s2_3p5_9d_b3Fo[2]                    5.0     251122.8700     0.1184   2.532E+04   267     0    445
3s2_3p5_11d_3Do[1]                    3.0     251128.9230     0.1182   2.536E+04   266     0    446
3s2_3p5_9d_b3Po[2]                    5.0     251134.8330     0.1181   2.539E+04   268     0    447
3s2_3p5_9d_b3Fo[3]                    7.0     251136.5540     0.1180   2.540E+04   267     0    448
3s2_3p5_12p_3Se[1]                    3.0     251174.8990     0.1169   2.565E+04   269     0    449
3s2_3p5_12p_3De[3]                    7.0     251203.0300     0.1160   2.584E+04   270     0    450
3s2_3p5_12p_3De[2]                    5.0     251205.7790     0.1159   2.586E+04   270     0    451
3s2_3p5_12p_1Pe[1]                    3.0     251219.4220     0.1155   2.595E+04   271     0    452
3s2_3p5_12p_3Pe[2]                    5.0     251222.8990     0.1154   2.597E+04   272     0    453
3s2_3p5_10p_3Pe[0]                    1.0     251274.0410     0.1139   2.632E+04   194     0    454
3s2_3p5_10p_3De[1]                    3.0     251343.6460     0.1118   2.682E+04   192     0    455
3s2_3p5_10p_3Pe[1]                    3.0     251354.4710     0.1115   2.689E+04   194     0    456
3s2_3p5_10p_b3De[2]                   5.0     251356.1130     0.1114   2.691E+04   273     0    457
3s2_3p5_11f_3De[1]                    3.0     251439.1610     0.1089   2.752E+04   274     0    458
3s2_3p5_11f_3De[2]                    5.0     251443.0420     0.1088   2.755E+04   274     0    459
3s2_3p5_11f_3Ge[5]                   11.0     251451.6570     0.1086   2.762E+04   275     0    460
3s2_3p5_11f_1Ge[4]                    9.0     251452.8550     0.1085   2.762E+04   276     0    461
3s2_3p5_11f_3De[3]                    7.0     251454.6040     0.1085   2.764E+04   274     0    462
3s2_3p5_11f_3Fe[2]                    5.0     251459.9640     0.1083   2.768E+04   277     0    463
3s2_3p5_11f_1Fe[3]                    7.0     251464.7260     0.1082   2.772E+04   278     0    464
3s2_3p5_11f_3Fe[4]                    9.0     251465.0370     0.1082   2.772E+04   277     0    465
3s2_3p5_11g_3Fo[2]                    5.0     251470.6010     0.1080   2.776E+04   279     0    466
3s2_3p5_11g_3Fo[3]                    7.0     251470.6680     0.1080   2.776E+04   279     0    467
3s2_3p5_11g_3Ho[6]                   13.0     251473.0380     0.1079   2.778E+04   280     0    468
3s2_3p5_11g_1Ho[5]                   11.0     251473.0600     0.1079   2.778E+04   281     0    469
3s2_3p5_11g_3Fo[4]                    9.0     251476.0110     0.1078   2.780E+04   279     0    470
3s2_3p5_11g_3Go[3]                    7.0     251476.0470     0.1078   2.780E+04   282     0    471
3s2_3p5_11g_1Go[4]                    9.0     251478.1530     0.1078   2.782E+04   283     0    472
3s2_3p5_11g_3Go[5]                   11.0     251478.1580     0.1078   2.782E+04   282     0    473
3s2_3p5_11h_3Ge[4]                    9.0     251478.9130     0.1077   2.783E+04   284     0    474
3s2_3p5_11h_3Ge[3]                    7.0     251478.9131     0.1077   2.783E+04   284     0    475
3s2_3p5_11h_1Ie[6]                   13.0     251479.6620     0.1077   2.783E+04   285     0    476
3s2_3p5_11h_3Ie[7]                   15.0     251479.6621     0.1077   2.783E+04   286     0    477
3s2_3p5_11h_3He[4]                    9.0     251481.6430     0.1077   2.785E+04   287     0    478
3s2_3p5_11h_3Ge[5]                   11.0     251481.6431     0.1077   2.785E+04   284     0    479
3s2_3p5_11h_1He[5]                   11.0     251482.4230     0.1076   2.785E+04   288     0    480
3s2_3p5_11h_3He[6]                   13.0     251482.4231     0.1076   2.785E+04   287     0    481
3s2_3p5_12d_1Po[1]                    3.0     251625.7350     0.1033   2.901E+04   289     0    482
3s2_3p5_13s_3Po[2]                    5.0     251638.3780     0.1030   2.912E+04   290     0    483
3s2_3p5_13s_1Po[1]                    3.0     251650.7960     0.1026   2.922E+04   291     0    484
3s2_3p5_13p_1Se[0]                    1.0     251658.2390     0.1024   2.929E+04   292     0    485
3s2_3p5_12d_3Po[0]                    1.0     251725.9470     0.1003   2.988E+04   293     0    486
3s2_3p5_12d_3Po[1]                    3.0     251738.3400     0.1000   2.999E+04   293     0    487
3s2_3p5_12d_3Fo[4]                    9.0     251742.1200     0.0999   3.002E+04   294     0    488
3s2_3p5_12d_3Po[2]                    5.0     251749.5340     0.0996   3.009E+04   293     0    489
3s2_3p5_12d_3Fo[3]                    7.0     251754.4280     0.0995   3.014E+04   294     0    490
3s2_3p5_12d_1Do[2]                    5.0     251766.8930     0.0991   3.025E+04   295     0    491
3s2_3p5_12d_3Do[3]                    7.0     251772.6330     0.0989   3.030E+04   296     0    492
3s2_3p5_9f_b3De[3]                    7.0     251800.0180     0.0981   3.056E+04   297     0    493
3s2_3p5_9f_3Ge[3]                     7.0     251806.7440     0.0979   3.062E+04   197     0    494
3s2_3p5_9f_b3Fe[2]                    5.0     251807.0950     0.0979   3.062E+04   298     0    495
3s2_3p5_9f_3Ge[4]                     9.0     251807.9890     0.0979   3.063E+04   197     0    496
3s2_3p5_13p_3Se[1]                    3.0     251834.2140     0.0971   3.088E+04   299     0    497
3s2_3p5_13p_3De[3]                    7.0     251847.3870     0.0967   3.100E+04   300     0    498
3s2_3p5_9g_b3Fo[4]                    9.0     251847.5360     0.0967   3.101E+04   301     0    499
3s2_3p5_9g_b3Go[3]                    7.0     251847.6190     0.0967   3.101E+04   302     0    500
3s2_3p5_9g_3Ho[4]                     9.0     251848.2170     0.0967   3.101E+04   202     0    501
3s2_3p5_9g_3Ho[5]                    11.0     251848.2370     0.0967   3.101E+04   202     0    502
3s2_3p5_13p_1De[2]                    5.0     251850.3130     0.0966   3.103E+04   303     0    503
3s2_3p5_9h_3Ie[5]                    11.0     251853.6600     0.0965   3.106E+04   211     0    504
3s2_3p5_9h_3Ie[6]                    13.0     251853.6601     0.0965   3.106E+04   211     0    505
3s2_3p5_9h_b3He[4]                    9.0     251853.6910     0.0965   3.106E+04   304     0    506
3s2_3p5_9h_b3Ge[5]                   11.0     251853.6920     0.0965   3.106E+04   305     0    507
3s2_3p5_9k_3Le[7]                    15.0     251854.6520     0.0965   3.107E+04   213     0    508
3s2_3p5_9k_3Le[8]                    17.0     251854.6521     0.0965   3.107E+04   213     0    509
3s2_3p5_9k_b3Ie[7]                   15.0     251854.6550     0.0965   3.107E+04   306     0    510
3s2_3p5_9k_b3Ke[6]                   13.0     251854.6551     0.0965   3.107E+04   307     0    511
3s2_3p5_9i_3Ko[7]                    15.0     251857.4980     0.0964   3.110E+04   209     0    512
3s2_3p5_9i_3Ko[6]                    13.0     251857.4981     0.0964   3.110E+04   209     0    513
3s2_3p5_9i_b3Ho[6]                   13.0     251857.5080     0.0964   3.110E+04   308     0    514
3s2_3p5_9i_b3Io[5]                   11.0     251857.5081     0.0964   3.110E+04   309     0    515
3s2_3p5_13p_1Pe[1]                    3.0     251860.5070     0.0963   3.113E+04   310     0    516
3s2_3p5_13p_3Pe[2]                    5.0     251862.4840     0.0962   3.115E+04   311     0    517
3s2_3p5_12f_3De[1]                    3.0     252027.5790     0.0913   3.284E+04   312     0    518
3s2_3p5_12f_3De[2]                    5.0     252030.9060     0.0912   3.287E+04   312     0    519
3s2_3p5_12f_3Ge[5]                   11.0     252037.3950     0.0910   3.294E+04   313     0    520
3s2_3p5_12f_1Ge[4]                    9.0     252038.3480     0.0910   3.295E+04   314     0    521
3s2_3p5_12f_3De[3]                    7.0     252041.4890     0.0909   3.299E+04   312     0    522
3s2_3p5_12f_3Fe[2]                    5.0     252044.6240     0.0908   3.302E+04   315     0    523
3s2_3p5_12f_1Fe[3]                    7.0     252048.0330     0.0907   3.306E+04   316     0    524
3s2_3p5_12f_3Fe[4]                    9.0     252048.2260     0.0907   3.306E+04   315     0    525
3s2_3p5_12g_3Fo[2]                    5.0     252051.5830     0.0906   3.310E+04   317     0    526
3s2_3p5_12g_3Fo[3]                    7.0     252051.6220     0.0906   3.310E+04   317     0    527
3s2_3p5_12g_3Ho[6]                   13.0     252053.4660     0.0905   3.312E+04   318     0    528
3s2_3p5_12g_1Ho[5]                   11.0     252053.4870     0.0905   3.312E+04   319     0    529
3s2_3p5_12g_3Fo[4]                    9.0     252055.9360     0.0904   3.315E+04   317     0    530
3s2_3p5_12g_3Go[3]                    7.0     252055.9580     0.0904   3.315E+04   320     0    531
3s2_3p5_12g_1Go[4]                    9.0     252057.4980     0.0904   3.316E+04   321     0    532
3s2_3p5_12g_3Go[5]                   11.0     252057.5020     0.0904   3.316E+04   320     0    533
3s2_3p5_12h_3Ge[4]                    9.0     252058.7360     0.0904   3.318E+04   322     0    534
3s2_3p5_12h_3Ge[3]                    7.0     252058.7361     0.0904   3.318E+04   322     0    535
3s2_3p5_12h_3Ie[7]                   15.0     252059.3090     0.0903   3.318E+04   323     0    536
3s2_3p5_12h_1Ie[6]                   13.0     252059.3091     0.0903   3.318E+04   324     0    537
3s2_3p5_12h_3He[4]                    9.0     252060.8680     0.0903   3.320E+04   325     0    538
3s2_3p5_12h_3Ge[5]                   11.0     252060.8681     0.0903   3.320E+04   322     0    539
3s2_3p5_12h_1He[5]                   11.0     252061.4540     0.0903   3.321E+04   326     0    540
3s2_3p5_12h_3He[6]                   13.0     252061.4541     0.0903   3.321E+04   325     0    541
3s2_3p5_13d_1Po[1]                    3.0     252125.2420     0.0884   3.393E+04   327     0    542
3s2_3p5_11s_3Po[0]                    1.0     252143.1630     0.0878   3.413E+04   224     0    543
3s2_3p5_11s_3Po[1]                    3.0     252154.8540     0.0875   3.427E+04   224     0    544
3s2_3p5_13d_3Po[0]                    1.0     252251.9910     0.0846   3.545E+04   328     0    545
3s2_3p5_13d_3Po[1]                    3.0     252254.2960     0.0845   3.548E+04   328     0    546
3s2_3p5_13d_3Po[2]                    5.0     252259.4870     0.0843   3.555E+04   328     0    547
3s2_3p5_13d_3Fo[4]                    9.0     252263.3570     0.0842   3.559E+04   329     0    548
3s2_3p5_13d_3Fo[3]                    7.0     252269.3580     0.0840   3.567E+04   329     0    549
3s2_3p5_13d_1Do[2]                    5.0     252278.1400     0.0838   3.578E+04   330     0    550
3s2_3p5_11p_3Pe[0]                    1.0     252286.3640     0.0835   3.589E+04   236     0    551
3s2_3p5_13d_3Do[3]                    7.0     252286.8480     0.0835   3.589E+04   331     0    552
3s2_3p5_10d_3Do[1]                    3.0     252334.8930     0.0821   3.652E+04   230     0    553
3s2_3p5_10d_3Fo[2]                    5.0     252346.3140     0.0817   3.668E+04   228     0    554
3s2_3p5_10d_b3Po[2]                   5.0     252355.0310     0.0815   3.679E+04   332     0    555
3s2_3p5_10d_b3Fo[3]                   7.0     252362.5090     0.0813   3.690E+04   333     0    556
3s2_3p5_13f_3De[1]                    3.0     252485.1840     0.0776   3.865E+04   334     0    557
3s2_3p5_13f_3De[2]                    5.0     252487.4390     0.0775   3.868E+04   334     0    558
3s2_3p5_13f_3Ge[5]                   11.0     252493.1300     0.0773   3.876E+04   335     0    559
3s2_3p5_13f_1Ge[4]                    9.0     252493.8750     0.0773   3.878E+04   336     0    560
3s2_3p5_13f_3De[3]                    7.0     252495.1790     0.0773   3.880E+04   334     0    561
3s2_3p5_13f_3Fe[2]                    5.0     252498.2420     0.0772   3.884E+04   337     0    562
3s2_3p5_13f_1Fe[3]                    7.0     252501.2910     0.0771   3.889E+04   338     0    563
3s2_3p5_13f_3Fe[4]                    9.0     252501.4860     0.0771   3.889E+04   337     0    564
3s2_3p5_13g_3Fo[2]                    5.0     252504.1100     0.0770   3.893E+04   339     0    565
3s2_3p5_13g_3Fo[3]                    7.0     252504.1600     0.0770   3.893E+04   339     0    566
3s2_3p5_13g_3Ho[6]                   13.0     252505.5720     0.0770   3.895E+04   340     0    567
3s2_3p5_13g_1Ho[5]                   11.0     252505.5830     0.0770   3.895E+04   341     0    568
3s2_3p5_13g_3Fo[4]                    9.0     252507.4130     0.0769   3.898E+04   339     0    569
3s2_3p5_13g_3Go[3]                    7.0     252507.4390     0.0769   3.898E+04   342     0    570
3s2_3p5_13g_1Go[4]                    9.0     252508.7160     0.0769   3.900E+04   343     0    571
3s2_3p5_13g_3Go[5]                   11.0     252508.7180     0.0769   3.900E+04   342     0    572
3s2_3p5_13h_3Ge[4]                    9.0     252510.4310     0.0768   3.903E+04   344     0    573
3s2_3p5_13h_3Ge[3]                    7.0     252510.4311     0.0768   3.903E+04   344     0    574
3s2_3p5_13h_1Ie[6]                   13.0     252510.8820     0.0768   3.903E+04   345     0    575
3s2_3p5_13h_3Ie[7]                   15.0     252510.8821     0.0768   3.903E+04   346     0    576
3s2_3p5_13h_3Ge[5]                   11.0     252512.0900     0.0768   3.905E+04   344     0    577
3s2_3p5_13h_3He[4]                    9.0     252512.0910     0.0768   3.905E+04   347     0    578
3s2_3p5_13h_3He[6]                   13.0     252512.5640     0.0768   3.906E+04   347     0    579
3s2_3p5_13h_1He[5]                   11.0     252512.5641     0.0768   3.906E+04   348     0    580
3s2_3p5_11p_3De[1]                    3.0     252517.2430     0.0766   3.913E+04   234     0    581
3s2_3p5_11p_3Pe[1]                    3.0     252520.8450     0.0765   3.919E+04   236     0    582
3s2_3p5_11p_b3De[2]                   5.0     252526.7550     0.0763   3.928E+04   349     0    583
3s2_3p5_10f_b3De[3]                   7.0     252845.8150     0.0668   4.490E+04   350     0    584
3s2_3p5_10f_3Ge[3]                    7.0     252850.0270     0.0666   4.499E+04   246     0    585
3s2_3p5_10f_3Ge[4]                    9.0     252850.9480     0.0666   4.501E+04   246     0    586
3s2_3p5_10f_b3Fe[2]                   5.0     252851.0530     0.0666   4.501E+04   351     0    587
3s2_3p5_10g_b3Fo[4]                   9.0     252880.4000     0.0657   4.561E+04   352     0    588
3s2_3p5_10g_b3Go[3]                   7.0     252880.4490     0.0657   4.561E+04   353     0    589
3s2_3p5_10g_3Ho[4]                    9.0     252880.8560     0.0657   4.562E+04   251     0    590
3s2_3p5_10g_3Ho[5]                   11.0     252880.8750     0.0657   4.562E+04   251     0    591
3s2_3p5_10h_3Ie[6]                   13.0     252883.8700     0.0656   4.568E+04   258     0    592
3s2_3p5_10h_3Ie[5]                   11.0     252883.8701     0.0656   4.568E+04   258     0    593
3s2_3p5_10h_b3Ge[5]                  11.0     252883.9030     0.0656   4.569E+04   354     0    594
3s2_3p5_10h_b3He[4]                   9.0     252883.9031     0.0656   4.569E+04   355     0    595
3s2_3p5_12p_3Pe[0]                    1.0     253052.0600     0.0606   4.949E+04   272     0    596
3s2_3p5_12s_3Po[0]                    1.0     253096.1420     0.0593   5.059E+04   262     0    597
3s2_3p5_12s_3Po[1]                    3.0     253101.1250     0.0591   5.072E+04   262     0    598
3s2_3p5_11d_b3Do[1]                   3.0     253157.9410     0.0574   5.222E+04   356     0    599
3s2_3p5_11d_3Fo[2]                    5.0     253242.0640     0.0549   5.462E+04   265     0    600
3s2_3p5_11d_b3Po[2]                   5.0     253243.9540     0.0548   5.468E+04   357     0    601
3s2_3p5_11d_b3Fo[3]                   7.0     253254.6220     0.0545   5.500E+04   358     0    602
3s2_3p5_12p_3De[1]                    3.0     253372.4320     0.0510   5.881E+04   270     0    603
3s2_3p5_12p_3Pe[1]                    3.0     253374.6340     0.0509   5.889E+04   272     0    604
3s2_3p5_12p_b3De[2]                   5.0     253379.4490     0.0508   5.905E+04   359     0    605
3s2_3p5_11f_b3De[3]                   7.0     253616.7550     0.0437   6.868E+04   360     0    606
3s2_3p5_11f_3Ge[3]                    7.0     253620.4660     0.0435   6.885E+04   275     0    607
3s2_3p5_11f_b3Fe[2]                   5.0     253621.0330     0.0435   6.888E+04   361     0    608
3s2_3p5_11f_3Ge[4]                    9.0     253621.1990     0.0435   6.889E+04   275     0    609
3s2_3p5_11g_b3Fo[4]                   9.0     253643.5430     0.0428   6.997E+04   362     0    610
3s2_3p5_11g_b3Go[3]                   7.0     253643.5890     0.0428   6.997E+04   363     0    611
3s2_3p5_11g_3Ho[4]                    9.0     253643.9190     0.0428   6.998E+04   280     0    612
3s2_3p5_11g_3Ho[5]                   11.0     253643.9320     0.0428   6.999E+04   280     0    613
3s2_3p5_11h_3Ie[5]                   11.0     253645.1600     0.0428   7.005E+04   286     0    614
3s2_3p5_11h_3Ie[6]                   13.0     253645.1601     0.0428   7.005E+04   286     0    615
3s2_3p5_11h_b3Ge[5]                  11.0     253645.1800     0.0428   7.005E+04   364     0    616
3s2_3p5_11h_b3He[4]                   9.0     253645.1801     0.0428   7.005E+04   365     0    617
3s2_3p5_13p_3Pe[0]                    1.0     253754.6600     0.0395   7.586E+04   311     0    618
3s2_3p5_13s_3Po[0]                    1.0     253807.1440     0.0379   7.901E+04   290     0    619
3s2_3p5_13s_3Po[1]                    3.0     253810.2510     0.0379   7.920E+04   290     0    620
3s2_3p5_12d_3Do[1]                    3.0     253843.9960     0.0368   8.138E+04   296     0    621
3s2_3p5_12d_3Fo[2]                    5.0     253917.5050     0.0346   8.656E+04   294     0    622
3s2_3p5_12d_b3Po[2]                   5.0     253918.3110     0.0346   8.662E+04   366     0    623
3s2_3p5_12d_b3Fo[3]                   7.0     253926.7710     0.0344   8.726E+04   367     0    624
3s2_3p5_13p_3De[1]                    3.0     254016.1810     0.0317   9.464E+04   300     0    625
3s2_3p5_13p_3Pe[1]                    3.0     254017.6930     0.0316   9.478E+04   311     0    626
3s2_3p5_13p_3De[2]                    5.0     254021.5080     0.0315   9.512E+04   300     0    627
3s2_3p5_12f_b3De[3]                   7.0     254202.1060     0.0261   1.149E+05   368     0    628
3s2_3p5_12f_3Ge[3]                    7.0     254205.1320     0.0260   1.153E+05   313     0    629
3s2_3p5_12f_b3Fe[2]                   5.0     254205.5320     0.0260   1.153E+05   369     0    630
3s2_3p5_12f_3Ge[4]                    9.0     254205.7160     0.0260   1.153E+05   313     0    631
3s2_3p5_12g_b3Fo[4]                   9.0     254223.6080     0.0255   1.178E+05   370     0    632
3s2_3p5_12g_b3Go[3]                   7.0     254223.6400     0.0255   1.178E+05   371     0    633
3s2_3p5_12g_3Ho[4]                    9.0     254223.9080     0.0254   1.178E+05   318     0    634
3s2_3p5_12g_3Ho[5]                   11.0     254223.9210     0.0254   1.178E+05   318     0    635
3s2_3p5_12h_3Ie[6]                   13.0     254224.5560     0.0254   1.179E+05   323     0    636
3s2_3p5_12h_3Ie[5]                   11.0     254224.5561     0.0254   1.179E+05   323     0    637
3s2_3p5_12h_b3Ge[5]                  11.0     254224.5710     0.0254   1.179E+05   372     0    638
3s2_3p5_12h_b3He[4]                   9.0     254224.5711     0.0254   1.179E+05   373     0    639
3s2_3p5_13d_3Do[1]                    3.0     254380.9330     0.0207   1.445E+05   331     0    640
3s2_3p5_13d_3Fo[2]                    5.0     254436.8340     0.0191   1.572E+05   329     0    641
3s2_3p5_13d_b3Po[2]                   5.0     254437.3080     0.0191   1.574E+05   374     0    642
3s2_3p5_13d_b3Fo[3]                   7.0     254443.9490     0.0189   1.590E+05   375     0    643
3s2_3p5_13f_b3De[3]                   7.0     254657.6460     0.0124   2.409E+05   376     0    644
3s2_3p5_13f_3Ge[3]                    7.0     254660.1000     0.0124   2.423E+05   335     0    645
3s2_3p5_13f_b3Fe[2]                   5.0     254660.4010     0.0124   2.425E+05   377     0    646
3s2_3p5_13f_3Ge[4]                    9.0     254660.5700     0.0124   2.426E+05   335     0    647
3s2_3p5_13g_b3Fo[4]                   9.0     254675.4620     0.0119   2.517E+05   378     0    648
3s2_3p5_13g_b3Go[3]                   7.0     254675.4930     0.0119   2.517E+05   379     0    649
3s2_3p5_13g_3Ho[4]                    9.0     254675.7030     0.0119   2.518E+05   340     0    650
3s2_3p5_13g_3Ho[5]                   11.0     254675.7100     0.0119   2.518E+05   340     0    651
3s2_3p5_13h_3Ie[5]                   11.0     254675.9540     0.0119   2.520E+05   346     0    652
3s2_3p5_13h_3Ie[6]                   13.0     254675.9541     0.0119   2.520E+05   346     0    653
3s2_3p5_13h_b3Ge[5]                  11.0     254675.9660     0.0119   2.520E+05   380     0    654
3s2_3p5_13h_b3He[4]                   9.0     254675.9661     0.0119   2.520E+05   381     0    655
3s2_3p5_13p_b1Se[0]                   1.0     254722.1760     0.0105   2.852E+05   382     0    656
