      8      1.080E+04      0.000E+00     -100.0000
      9      4.210E+04      0.000E+00     -100.0000
     10      2.544E+05      0.000E+00     -100.0000
     11      7.525E+06      0.000E+00     -100.0000
     12      9.337E+07      0.000E+00     -100.0000
     13      1.038E+08      0.000E+00     -100.0000
     14      4.718E+08      0.000E+00     -100.0000
     15      7.380E+08      0.000E+00     -100.0000
     16      2.301E+09      0.000E+00     -100.0000
     17      3.838E+09      0.000E+00     -100.0000
     18      6.386E+07      0.000E+00     -100.0000
     19      1.316E+10      0.000E+00     -100.0000
     20      7.832E+09      0.000E+00     -100.0000
     21      6.996E+09      0.000E+00     -100.0000
     22      5.218E+06      0.000E+00     -100.0000
     23      8.255E+04      0.000E+00     -100.0000
     24      6.478E+07      0.000E+00     -100.0000
     25      1.181E+10      0.000E+00     -100.0000
     26      1.976E+10      0.000E+00     -100.0000
     27      1.109E+08      0.000E+00     -100.0000
     28      5.970E+08      0.000E+00     -100.0000
     29      1.473E+10      0.000E+00     -100.0000
     30      2.076E+08      0.000E+00     -100.0000
     31      4.654E+07      0.000E+00     -100.0000
     32      2.499E+08      0.000E+00     -100.0000
     33      6.840E+06      0.000E+00     -100.0000
     34      2.563E+07      0.000E+00     -100.0000
     35      5.267E+07      0.000E+00     -100.0000
     36      1.888E+08      0.000E+00     -100.0000
     38      4.196E+08      0.000E+00     -100.0000
     39      1.045E+08      0.000E+00     -100.0000
     40      4.264E+07      0.000E+00     -100.0000
     41      1.521E+08      0.000E+00     -100.0000
     42      1.079E+08      0.000E+00     -100.0000
     43      2.050E+07      0.000E+00     -100.0000
     44      7.810E+07      0.000E+00     -100.0000
     45      8.033E+07      0.000E+00     -100.0000
     46      8.825E+07      0.000E+00     -100.0000
     47      3.558E+08      0.000E+00     -100.0000
     48      3.215E+07      0.000E+00     -100.0000
     49      1.599E+07      0.000E+00     -100.0000
     50      5.797E+07      0.000E+00     -100.0000
     51      1.205E+09      0.000E+00     -100.0000
     52      2.592E+08      0.000E+00     -100.0000
     53      9.480E+07      0.000E+00     -100.0000
     54      5.714E+07      0.000E+00     -100.0000
     55      1.574E+08      0.000E+00     -100.0000
     56      1.802E+09      0.000E+00     -100.0000
     57      2.155E+09      0.000E+00     -100.0000
     58      2.105E+09      0.000E+00     -100.0000
     59      6.191E+09      0.000E+00     -100.0000
     60      2.487E+09      0.000E+00     -100.0000
     61      6.205E+09      0.000E+00     -100.0000
     62      6.560E+09      0.000E+00     -100.0000
     63      5.695E+09      0.000E+00     -100.0000
     64      2.187E+09      0.000E+00     -100.0000
     65      2.243E+09      0.000E+00     -100.0000
     66      1.533E+09      0.000E+00     -100.0000
     67      6.438E+09      0.000E+00     -100.0000
     68      8.578E+09      0.000E+00     -100.0000
     69      9.077E+09      0.000E+00     -100.0000
     70      8.907E+09      0.000E+00     -100.0000
     71      8.827E+09      0.000E+00     -100.0000
     72      1.026E+10      0.000E+00     -100.0000
     73      2.821E+09      0.000E+00     -100.0000
     74      8.412E+08      0.000E+00     -100.0000
     75      1.778E+09      0.000E+00     -100.0000
     76      3.950E+08      0.000E+00     -100.0000
     77      1.600E+07      0.000E+00     -100.0000
     78      3.487E+09      0.000E+00     -100.0000
     79      1.233E+10      0.000E+00     -100.0000
     80      1.231E+10      0.000E+00     -100.0000
     81      4.263E+09      0.000E+00     -100.0000
     82      2.895E+10      0.000E+00     -100.0000
     83      4.215E+10      0.000E+00     -100.0000
     84      1.072E+11      0.000E+00     -100.0000
     85      5.326E+10      0.000E+00     -100.0000
     86      8.233E+10      0.000E+00     -100.0000
     87      7.650E+10      0.000E+00     -100.0000
     88      6.131E+10      0.000E+00     -100.0000
     89      1.162E+11      0.000E+00     -100.0000
     90      5.411E+10      0.000E+00     -100.0000
     91      7.143E+09      0.000E+00     -100.0000
     92      9.733E+09      0.000E+00     -100.0000
     93      6.685E+09      0.000E+00     -100.0000
     94      7.681E+09      0.000E+00     -100.0000
     95      1.214E+10      0.000E+00     -100.0000
     96      1.061E+10      0.000E+00     -100.0000
     97      1.410E+06      0.000E+00     -100.0000
     98      2.694E+09      0.000E+00     -100.0000
     99      2.708E+09      0.000E+00     -100.0000
    100      2.683E+09      0.000E+00     -100.0000
    101      2.629E+09      0.000E+00     -100.0000
    102      3.096E+08      0.000E+00     -100.0000
    103      3.021E+09      0.000E+00     -100.0000
    104      2.746E+09      0.000E+00     -100.0000
    105      1.042E+09      0.000E+00     -100.0000
    106      3.028E+09      0.000E+00     -100.0000
    107      2.996E+09      0.000E+00     -100.0000
    108      3.047E+09      0.000E+00     -100.0000
    109      8.040E+06      0.000E+00     -100.0000
    110      9.726E+06      0.000E+00     -100.0000
    111      3.409E+09      0.000E+00     -100.0000
    112      4.795E+08      0.000E+00     -100.0000
    113      9.812E+07      0.000E+00     -100.0000
    114      8.696E+08      0.000E+00     -100.0000
    115      2.201E+08      0.000E+00     -100.0000
    116      5.142E+08      0.000E+00     -100.0000
    117      2.043E+09      0.000E+00     -100.0000
    118      4.648E+09      0.000E+00     -100.0000
    119      3.603E+09      0.000E+00     -100.0000
    120      1.797E+10      0.000E+00     -100.0000
    121      9.487E+09      0.000E+00     -100.0000
    122      2.626E+10      0.000E+00     -100.0000
    123      1.978E+09      0.000E+00     -100.0000
    124      2.199E+10      0.000E+00     -100.0000
    125      3.951E+09      0.000E+00     -100.0000
    126      6.776E+10      0.000E+00     -100.0000
    127      3.763E+11      0.000E+00     -100.0000
    128      2.885E+10      0.000E+00     -100.0000
    129      4.713E+10      0.000E+00     -100.0000
    130      4.231E+10      0.000E+00     -100.0000
    131      5.547E+10      0.000E+00     -100.0000
    132      1.919E+09      0.000E+00     -100.0000
    133      3.993E+10      0.000E+00     -100.0000
    134      7.617E+10      0.000E+00     -100.0000
    135      7.934E+08      0.000E+00     -100.0000
    136      1.139E+10      0.000E+00     -100.0000
    137      1.371E+14      0.000E+00     -100.0000
    138      1.749E+14      0.000E+00     -100.0000
    139      1.166E+10      0.000E+00     -100.0000
    140      1.391E+15      0.000E+00     -100.0000
    141      5.919E+08      0.000E+00     -100.0000
    142      1.411E+10      0.000E+00     -100.0000
    143      1.970E+10      0.000E+00     -100.0000
    144      1.513E+10      0.000E+00     -100.0000
    145      1.877E+14      0.000E+00     -100.0000
    146      2.151E+15      0.000E+00     -100.0000
    147      1.660E+10      0.000E+00     -100.0000
    148      6.969E+08      0.000E+00     -100.0000
    149      1.274E+09      0.000E+00     -100.0000
    150      5.691E+08      0.000E+00     -100.0000
    151      4.365E+09      0.000E+00     -100.0000
    152      5.697E+09      0.000E+00     -100.0000
    153      5.123E+09      0.000E+00     -100.0000
    154      4.021E+09      0.000E+00     -100.0000
    155      5.274E+08      0.000E+00     -100.0000
    156      6.934E+09      0.000E+00     -100.0000
    157      6.451E+09      0.000E+00     -100.0000
    158      7.599E+07      0.000E+00     -100.0000
    159      5.490E+08      0.000E+00     -100.0000
    160      1.025E+08      0.000E+00     -100.0000
    161      2.074E+08      0.000E+00     -100.0000
    162      6.826E+07      0.000E+00     -100.0000
    163      3.631E+09      0.000E+00     -100.0000
    164      2.555E+07      0.000E+00     -100.0000
    165      3.703E+07      0.000E+00     -100.0000
    166      6.620E+12      0.000E+00     -100.0000
    167      3.271E+07      0.000E+00     -100.0000
    168      5.777E+10      0.000E+00     -100.0000
    169      2.148E+12      0.000E+00     -100.0000
    170      2.615E+09      0.000E+00     -100.0000
    171      4.850E+11      0.000E+00     -100.0000
    172      4.602E+12      0.000E+00     -100.0000
    173      4.338E+06      0.000E+00     -100.0000
    174      2.462E+09      0.000E+00     -100.0000
    175      5.640E+09      0.000E+00     -100.0000
    176      2.564E+07      0.000E+00     -100.0000
    177      4.534E+09      0.000E+00     -100.0000
    178      2.388E+09      0.000E+00     -100.0000
    179      6.881E+09      0.000E+00     -100.0000
    180      6.797E+09      0.000E+00     -100.0000
    181      3.883E+09      0.000E+00     -100.0000
    182      1.406E+11      0.000E+00     -100.0000
    183      9.977E+09      0.000E+00     -100.0000
    184      1.516E+08      0.000E+00     -100.0000
    185      3.476E+13      0.000E+00     -100.0000
    186      2.080E+09      0.000E+00     -100.0000
    187      7.917E+12      0.000E+00     -100.0000
    188      2.895E+08      0.000E+00     -100.0000
    189      1.590E+10      0.000E+00     -100.0000
    190      3.400E+09      0.000E+00     -100.0000
    191      1.331E+10      0.000E+00     -100.0000
    192      2.288E+10      0.000E+00     -100.0000
    193      3.317E+11      0.000E+00     -100.0000
    194      4.379E+09      0.000E+00     -100.0000
    195      4.246E+12      0.000E+00     -100.0000
    196      9.860E+12      0.000E+00     -100.0000
    197      1.808E+12      0.000E+00     -100.0000
    198      2.240E+13      0.000E+00     -100.0000
    199      5.613E+13      0.000E+00     -100.0000
    200      1.689E+13      0.000E+00     -100.0000
    201      2.050E+13      0.000E+00     -100.0000
    202      2.486E+13      0.000E+00     -100.0000
    203      9.036E+12      0.000E+00     -100.0000
    204      3.421E+11      0.000E+00     -100.0000
    205      6.309E+09      0.000E+00     -100.0000
    206      1.482E+10      0.000E+00     -100.0000
    207      7.976E+11      0.000E+00     -100.0000
    208      4.469E+11      0.000E+00     -100.0000
    209      6.778E+09      0.000E+00     -100.0000
    210      4.679E+10      0.000E+00     -100.0000
    211      3.332E+12      0.000E+00     -100.0000
    212      1.884E+11      0.000E+00     -100.0000
    213      1.482E+11      0.000E+00     -100.0000
    214      2.039E+10      0.000E+00     -100.0000
    215      8.132E+09      0.000E+00     -100.0000
    216      6.876E+09      0.000E+00     -100.0000
    217      5.985E+09      0.000E+00     -100.0000
    218      6.584E+10      0.000E+00     -100.0000
    219      3.706E+09      0.000E+00     -100.0000
    220      4.724E+10      0.000E+00     -100.0000
    221      8.952E+09      0.000E+00     -100.0000
    222      7.089E+09      0.000E+00     -100.0000
    223      7.539E+09      0.000E+00     -100.0000
    224      7.098E+09      0.000E+00     -100.0000
    225      7.200E+09      0.000E+00     -100.0000
    226      1.143E+10      0.000E+00     -100.0000
    227      7.120E+09      0.000E+00     -100.0000
    228      8.501E+09      0.000E+00     -100.0000
    229      1.327E+10      0.000E+00     -100.0000
    230      5.368E+09      0.000E+00     -100.0000
    231      1.557E+10      0.000E+00     -100.0000
    232      1.189E+10      0.000E+00     -100.0000
    233      1.653E+10      0.000E+00     -100.0000
    234      3.729E+09      0.000E+00     -100.0000
    235      7.103E+09      0.000E+00     -100.0000
    236      7.155E+09      0.000E+00     -100.0000
    237      7.026E+09      0.000E+00     -100.0000
    238      8.772E+09      0.000E+00     -100.0000
    239      6.752E+09      0.000E+00     -100.0000
    240      1.265E+10      0.000E+00     -100.0000
    241      7.113E+13      0.000E+00     -100.0000
    242      8.736E+09      0.000E+00     -100.0000
    243      2.658E+12      0.000E+00     -100.0000
    244      6.444E+09      0.000E+00     -100.0000
    245      1.140E+10      0.000E+00     -100.0000
    246      4.290E+13      0.000E+00     -100.0000
    247      4.369E+12      0.000E+00     -100.0000
    248      1.472E+10      0.000E+00     -100.0000
    249      1.355E+13      0.000E+00     -100.0000
    250      8.379E+09      0.000E+00     -100.0000
    251      2.384E+13      0.000E+00     -100.0000
    252      1.167E+10      0.000E+00     -100.0000
    253      1.410E+10      0.000E+00     -100.0000
    254      1.182E+10      0.000E+00     -100.0000
    255      1.753E+13      0.000E+00     -100.0000
    256      1.152E+10      0.000E+00     -100.0000
    257      1.279E+10      0.000E+00     -100.0000
    258      1.279E+10      0.000E+00     -100.0000
    259      1.354E+10      0.000E+00     -100.0000
    260      1.426E+10      0.000E+00     -100.0000
    261      1.406E+10      0.000E+00     -100.0000
    262      3.461E+13      0.000E+00     -100.0000
    263      1.410E+10      0.000E+00     -100.0000
    264      1.641E+10      0.000E+00     -100.0000
    265      1.175E+10      0.000E+00     -100.0000
    266      1.268E+10      0.000E+00     -100.0000
    267      1.327E+10      0.000E+00     -100.0000
    268      1.285E+10      0.000E+00     -100.0000
    269      1.079E+10      0.000E+00     -100.0000
    270      1.252E+10      0.000E+00     -100.0000
    271      1.228E+10      0.000E+00     -100.0000
    272      1.567E+10      0.000E+00     -100.0000
    273      1.284E+10      0.000E+00     -100.0000
    274      8.057E+09      0.000E+00     -100.0000
    275      1.715E+10      0.000E+00     -100.0000
    276      1.494E+10      0.000E+00     -100.0000
    277      2.420E+09      0.000E+00     -100.0000
    278      4.406E+09      0.000E+00     -100.0000
    279      5.682E+09      0.000E+00     -100.0000
    280      3.210E+09      0.000E+00     -100.0000
    281      5.386E+09      0.000E+00     -100.0000
    282      6.043E+09      0.000E+00     -100.0000
    283      8.049E+09      0.000E+00     -100.0000
    284      7.647E+09      0.000E+00     -100.0000
    285      5.288E+09      0.000E+00     -100.0000
    286      3.355E+09      0.000E+00     -100.0000
    287      2.927E+09      0.000E+00     -100.0000
    288      3.686E+09      0.000E+00     -100.0000
    289      1.035E+10      0.000E+00     -100.0000
    290      1.322E+10      0.000E+00     -100.0000
    291      9.493E+09      0.000E+00     -100.0000
    292      1.746E+10      0.000E+00     -100.0000
    293      3.603E+09      0.000E+00     -100.0000
    294      1.257E+10      0.000E+00     -100.0000
    295      1.440E+10      0.000E+00     -100.0000
    296      1.564E+16      0.000E+00     -100.0000
    297      9.635E+09      0.000E+00     -100.0000
    298      2.759E+15      0.000E+00     -100.0000
    299      8.696E+09      0.000E+00     -100.0000
    300      1.359E+12      0.000E+00     -100.0000
    301      1.266E+10      0.000E+00     -100.0000
    302      1.433E+10      0.000E+00     -100.0000
    303      1.814E+12      0.000E+00     -100.0000
    304      1.098E+10      0.000E+00     -100.0000
    305      1.807E+10      0.000E+00     -100.0000
    306      7.866E+14      0.000E+00     -100.0000
    307      2.521E+14      0.000E+00     -100.0000
    308      9.029E+14      0.000E+00     -100.0000
    309      2.715E+14      0.000E+00     -100.0000
    310      1.811E+12      0.000E+00     -100.0000
    311      7.188E+09      0.000E+00     -100.0000
    312      3.718E+15      0.000E+00     -100.0000
    313      4.492E+14      0.000E+00     -100.0000
    314      1.844E+15      0.000E+00     -100.0000
    315      6.230E+15      0.000E+00     -100.0000
    316      5.439E+14      0.000E+00     -100.0000
    317      3.556E+12      0.000E+00     -100.0000
    318      2.207E+10      0.000E+00     -100.0000
    319      4.850E+13      0.000E+00     -100.0000
    320      4.437E+14      0.000E+00     -100.0000
    321      7.186E+13      0.000E+00     -100.0000
    322      1.649E+13      0.000E+00     -100.0000
    323      1.058E+12      0.000E+00     -100.0000
    324      4.437E+15      0.000E+00     -100.0000
    325      2.372E+09      0.000E+00     -100.0000
    326      3.995E+11      0.000E+00     -100.0000
    327      1.173E+11      0.000E+00     -100.0000
    328      6.347E+10      0.000E+00     -100.0000
    329      2.446E+12      0.000E+00     -100.0000
    330      9.544E+14      0.000E+00     -100.0000
    331      1.160E+10      0.000E+00     -100.0000
    332      4.963E+09      0.000E+00     -100.0000
    333      4.700E+09      0.000E+00     -100.0000
    334      1.147E+13      0.000E+00     -100.0000
    335      4.765E+09      0.000E+00     -100.0000
    336      1.258E+14      0.000E+00     -100.0000
    337      2.001E+09      0.000E+00     -100.0000
    338      2.004E+09      0.000E+00     -100.0000
    339      1.995E+09      0.000E+00     -100.0000
    340      1.990E+09      0.000E+00     -100.0000
    341      1.979E+09      0.000E+00     -100.0000
    342      1.990E+09      0.000E+00     -100.0000
    343      1.930E+13      0.000E+00     -100.0000
    344      2.002E+12      0.000E+00     -100.0000
    345      4.304E+12      0.000E+00     -100.0000
    346      2.262E+11      0.000E+00     -100.0000
    347      2.384E+09      0.000E+00     -100.0000
    348      1.730E+10      0.000E+00     -100.0000
    349      2.765E+10      0.000E+00     -100.0000
    350      4.817E+09      0.000E+00     -100.0000
    351      4.663E+09      0.000E+00     -100.0000
    352      2.849E+12      0.000E+00     -100.0000
    353      5.411E+13      0.000E+00     -100.0000
    354      4.474E+09      0.000E+00     -100.0000
    355      2.006E+09      0.000E+00     -100.0000
    356      2.003E+09      0.000E+00     -100.0000
    357      2.003E+09      0.000E+00     -100.0000
    358      2.011E+09      0.000E+00     -100.0000
    359      1.991E+09      0.000E+00     -100.0000
    360      4.847E+16      0.000E+00     -100.0000
    361      4.397E+14      0.000E+00     -100.0000
    362      9.458E+12      0.000E+00     -100.0000
    363      1.063E+16      0.000E+00     -100.0000
    364      2.376E+12      0.000E+00     -100.0000
    365      1.492E+14      0.000E+00     -100.0000
    366      2.248E+12      0.000E+00     -100.0000
    367      2.351E+11      0.000E+00     -100.0000
    368      1.264E+10      0.000E+00     -100.0000
    369      7.325E+10      0.000E+00     -100.0000
    370      8.217E+10      0.000E+00     -100.0000
    371      9.493E+11      0.000E+00     -100.0000
    372      6.590E+12      0.000E+00     -100.0000
    373      7.725E+12      0.000E+00     -100.0000
    374      3.990E+11      0.000E+00     -100.0000
    375      1.403E+13      0.000E+00     -100.0000
    376      8.401E+12      0.000E+00     -100.0000
    377      3.808E+12      0.000E+00     -100.0000
    378      6.257E+13      0.000E+00     -100.0000
    379      1.156E+13      0.000E+00     -100.0000
    380      1.436E+10      0.000E+00     -100.0000
    381      1.301E+09      0.000E+00     -100.0000
    382      6.876E+09      0.000E+00     -100.0000
    383      8.660E+10      0.000E+00     -100.0000
    384      6.510E+09      0.000E+00     -100.0000
    385      1.173E+10      0.000E+00     -100.0000
    386      1.439E+10      0.000E+00     -100.0000
    387      1.011E+10      0.000E+00     -100.0000
    388      4.739E+14      0.000E+00     -100.0000
    389      3.885E+12      0.000E+00     -100.0000
    390      1.586E+11      0.000E+00     -100.0000
    391      8.518E+13      0.000E+00     -100.0000
    392      1.834E+12      0.000E+00     -100.0000
    393      1.524E+11      0.000E+00     -100.0000
    394      3.305E+09      0.000E+00     -100.0000
    395      1.928E+11      0.000E+00     -100.0000
    396      2.732E+12      0.000E+00     -100.0000
    397      6.080E+11      0.000E+00     -100.0000
    398      9.642E+09      0.000E+00     -100.0000
    399      9.365E+09      0.000E+00     -100.0000
    400      1.725E+09      0.000E+00     -100.0000
    401      1.996E+09      0.000E+00     -100.0000
    402      7.490E+08      0.000E+00     -100.0000
    403      7.495E+08      0.000E+00     -100.0000
    404      7.464E+08      0.000E+00     -100.0000
    405      2.239E+11      0.000E+00     -100.0000
    406      7.459E+08      0.000E+00     -100.0000
    407      7.424E+08      0.000E+00     -100.0000
    408      7.464E+08      0.000E+00     -100.0000
    409      1.307E+13      0.000E+00     -100.0000
    410      1.474E+10      0.000E+00     -100.0000
    411      3.510E+09      0.000E+00     -100.0000
    412      3.221E+09      0.000E+00     -100.0000
    413      3.131E+09      0.000E+00     -100.0000
    414      5.120E+09      0.000E+00     -100.0000
    415      3.245E+09      0.000E+00     -100.0000
    416      2.145E+10      0.000E+00     -100.0000
    417      9.193E+09      0.000E+00     -100.0000
    418      1.372E+09      0.000E+00     -100.0000
    419      1.374E+09      0.000E+00     -100.0000
    420      1.367E+09      0.000E+00     -100.0000
    421      1.364E+09      0.000E+00     -100.0000
    422      1.358E+09      0.000E+00     -100.0000
    423      1.365E+09      0.000E+00     -100.0000
    424      8.490E+10      0.000E+00     -100.0000
    425      1.078E+11      0.000E+00     -100.0000
    426      4.223E+10      0.000E+00     -100.0000
    427      8.010E+10      0.000E+00     -100.0000
    428      6.431E+09      0.000E+00     -100.0000
    429      1.165E+09      0.000E+00     -100.0000
    430      7.902E+08      0.000E+00     -100.0000
    431      4.341E+09      0.000E+00     -100.0000
    432      8.019E+08      0.000E+00     -100.0000
    433      7.973E+08      0.000E+00     -100.0000
    434      8.067E+09      0.000E+00     -100.0000
    435      4.385E+15      0.000E+00     -100.0000
    436      1.556E+14      0.000E+00     -100.0000
    437      5.996E+13      0.000E+00     -100.0000
    438      3.435E+09      0.000E+00     -100.0000
    439      3.214E+09      0.000E+00     -100.0000
    440      3.189E+09      0.000E+00     -100.0000
    441      3.238E+09      0.000E+00     -100.0000
    442      1.549E+10      0.000E+00     -100.0000
    443      3.116E+09      0.000E+00     -100.0000
    444      1.375E+09      0.000E+00     -100.0000
    445      1.373E+09      0.000E+00     -100.0000
    446      1.372E+09      0.000E+00     -100.0000
    447      1.379E+09      0.000E+00     -100.0000
    448      1.366E+09      0.000E+00     -100.0000
    449      4.727E+12      0.000E+00     -100.0000
    450      1.056E+14      0.000E+00     -100.0000
    451      2.359E+09      0.000E+00     -100.0000
    452      1.464E+10      0.000E+00     -100.0000
    453      6.320E+09      0.000E+00     -100.0000
    454      1.652E+10      0.000E+00     -100.0000
    455      1.630E+10      0.000E+00     -100.0000
    456      1.437E+10      0.000E+00     -100.0000
    457      1.190E+10      0.000E+00     -100.0000
    458      8.297E+09      0.000E+00     -100.0000
    459      1.049E+10      0.000E+00     -100.0000
    460      3.220E+09      0.000E+00     -100.0000
    461      1.484E+09      0.000E+00     -100.0000
    462      1.432E+09      0.000E+00     -100.0000
    463      2.346E+09      0.000E+00     -100.0000
    464      2.256E+09      0.000E+00     -100.0000
    465      1.405E+09      0.000E+00     -100.0000
    466      1.151E+09      0.000E+00     -100.0000
    467      2.070E+09      0.000E+00     -100.0000
    468      3.762E+09      0.000E+00     -100.0000
    469      2.068E+14      0.000E+00     -100.0000
    470      4.299E+12      0.000E+00     -100.0000
    471      4.642E+11      0.000E+00     -100.0000
    472      9.620E+09      0.000E+00     -100.0000
    473      1.052E+10      0.000E+00     -100.0000
    474      2.211E+10      0.000E+00     -100.0000
    475      1.492E+12      0.000E+00     -100.0000
    476      1.143E+09      0.000E+00     -100.0000
    477      1.128E+09      0.000E+00     -100.0000
    478      2.685E+09      0.000E+00     -100.0000
    479      1.129E+09      0.000E+00     -100.0000
    480      1.210E+09      0.000E+00     -100.0000
    481      7.184E+12      0.000E+00     -100.0000
    482      5.175E+08      0.000E+00     -100.0000
    483      5.162E+08      0.000E+00     -100.0000
    484      5.182E+08      0.000E+00     -100.0000
    485      5.158E+08      0.000E+00     -100.0000
    486      5.131E+08      0.000E+00     -100.0000
    487      5.169E+08      0.000E+00     -100.0000
    488      7.252E+09      0.000E+00     -100.0000
    489      4.214E+13      0.000E+00     -100.0000
    490      8.468E+11      0.000E+00     -100.0000
    491      5.589E+12      0.000E+00     -100.0000
    492      9.332E+12      0.000E+00     -100.0000
    493      1.126E+10      0.000E+00     -100.0000
    494      2.235E+09      0.000E+00     -100.0000
    495      2.254E+09      0.000E+00     -100.0000
    496      2.277E+09      0.000E+00     -100.0000
    497      4.583E+09      0.000E+00     -100.0000
    498      2.300E+09      0.000E+00     -100.0000
    499      2.484E+09      0.000E+00     -100.0000
    500      9.860E+08      0.000E+00     -100.0000
    501      9.872E+08      0.000E+00     -100.0000
    502      9.831E+08      0.000E+00     -100.0000
    503      9.824E+08      0.000E+00     -100.0000
    504      9.505E+09      0.000E+00     -100.0000
    505      9.774E+08      0.000E+00     -100.0000
    506      9.838E+08      0.000E+00     -100.0000
    507      1.369E+15      0.000E+00     -100.0000
    508      8.620E+14      0.000E+00     -100.0000
    509      1.775E+11      0.000E+00     -100.0000
    510      6.062E+10      0.000E+00     -100.0000
    511      8.511E+10      0.000E+00     -100.0000
    512      7.164E+10      0.000E+00     -100.0000
    513      1.307E+09      0.000E+00     -100.0000
    514      1.610E+09      0.000E+00     -100.0000
    515      2.376E+10      0.000E+00     -100.0000
    516      1.083E+10      0.000E+00     -100.0000
    517      6.364E+08      0.000E+00     -100.0000
    518      7.067E+08      0.000E+00     -100.0000
    519      6.569E+08      0.000E+00     -100.0000
    520      1.072E+15      0.000E+00     -100.0000
    521      2.255E+09      0.000E+00     -100.0000
    522      2.251E+09      0.000E+00     -100.0000
    523      2.301E+09      0.000E+00     -100.0000
    524      2.284E+09      0.000E+00     -100.0000
    525      9.875E+08      0.000E+00     -100.0000
    526      9.873E+08      0.000E+00     -100.0000
    527      9.869E+08      0.000E+00     -100.0000
    528      9.924E+08      0.000E+00     -100.0000
    529      9.838E+08      0.000E+00     -100.0000
    530      2.866E+14      0.000E+00     -100.0000
    531      1.111E+10      0.000E+00     -100.0000
    532      1.605E+14      0.000E+00     -100.0000
    533      9.791E+12      0.000E+00     -100.0000
    534      9.365E+08      0.000E+00     -100.0000
    535      3.516E+10      0.000E+00     -100.0000
    536      1.594E+09      0.000E+00     -100.0000
    537      1.055E+09      0.000E+00     -100.0000
    538      1.064E+10      0.000E+00     -100.0000
    539      1.596E+09      0.000E+00     -100.0000
    540      1.421E+09      0.000E+00     -100.0000
    541      3.259E+09      0.000E+00     -100.0000
    542      1.626E+09      0.000E+00     -100.0000
    543      1.034E+15      0.000E+00     -100.0000
    544      1.670E+09      0.000E+00     -100.0000
    545      1.686E+14      0.000E+00     -100.0000
    546      8.936E+13      0.000E+00     -100.0000
    547      1.840E+09      0.000E+00     -100.0000
    548      9.944E+12      0.000E+00     -100.0000
    549      3.489E+13      0.000E+00     -100.0000
    550      3.769E+09      0.000E+00     -100.0000
    551      1.253E+10      0.000E+00     -100.0000
    552      8.130E+08      0.000E+00     -100.0000
    553      8.241E+08      0.000E+00     -100.0000
    554      8.291E+08      0.000E+00     -100.0000
    555      8.346E+08      0.000E+00     -100.0000
    556      9.404E+08      0.000E+00     -100.0000
    557      3.718E+08      0.000E+00     -100.0000
    558      3.724E+08      0.000E+00     -100.0000
    559      3.712E+08      0.000E+00     -100.0000
    560      3.714E+08      0.000E+00     -100.0000
    561      3.697E+08      0.000E+00     -100.0000
    562      3.723E+08      0.000E+00     -100.0000
    563      1.301E+10      0.000E+00     -100.0000
    564      5.955E+12      0.000E+00     -100.0000
    565      1.234E+14      0.000E+00     -100.0000
    566      4.867E+14      0.000E+00     -100.0000
    567      1.312E+14      0.000E+00     -100.0000
    568      4.816E+14      0.000E+00     -100.0000
    569      1.404E+10      0.000E+00     -100.0000
    570      2.211E+09      0.000E+00     -100.0000
    571      2.090E+09      0.000E+00     -100.0000
    572      2.300E+09      0.000E+00     -100.0000
    573      1.719E+09      0.000E+00     -100.0000
    574      2.310E+09      0.000E+00     -100.0000
    575      2.326E+09      0.000E+00     -100.0000
    576      7.343E+08      0.000E+00     -100.0000
    577      7.353E+08      0.000E+00     -100.0000
    578      7.341E+08      0.000E+00     -100.0000
    579      7.359E+08      0.000E+00     -100.0000
    580      7.384E+08      0.000E+00     -100.0000
    581      7.322E+08      0.000E+00     -100.0000
    582      1.436E+11      0.000E+00     -100.0000
    583      1.798E+09      0.000E+00     -100.0000
    584      1.047E+11      0.000E+00     -100.0000
    585      7.568E+10      0.000E+00     -100.0000
    586      1.418E+09      0.000E+00     -100.0000
    587      2.392E+09      0.000E+00     -100.0000
    588      6.036E+08      0.000E+00     -100.0000
    589      2.130E+10      0.000E+00     -100.0000
    590      7.117E+08      0.000E+00     -100.0000
    591      6.506E+08      0.000E+00     -100.0000
    592      1.853E+09      0.000E+00     -100.0000
    593      2.149E+09      0.000E+00     -100.0000
    594      2.102E+09      0.000E+00     -100.0000
    595      2.247E+09      0.000E+00     -100.0000
    596      4.009E+09      0.000E+00     -100.0000
    597      2.228E+09      0.000E+00     -100.0000
    598      7.348E+08      0.000E+00     -100.0000
    599      7.356E+08      0.000E+00     -100.0000
    600      7.354E+08      0.000E+00     -100.0000
    601      7.406E+08      0.000E+00     -100.0000
    602      7.372E+08      0.000E+00     -100.0000
    603      1.007E+10      0.000E+00     -100.0000
    604      1.006E+10      0.000E+00     -100.0000
    605      1.397E+10      0.000E+00     -100.0000
    606      1.901E+10      0.000E+00     -100.0000
    607      1.367E+10      0.000E+00     -100.0000
    608      1.635E+10      0.000E+00     -100.0000
    609      2.050E+10      0.000E+00     -100.0000
    610      1.826E+10      0.000E+00     -100.0000
    611      1.849E+10      0.000E+00     -100.0000
