********************************************************************************

Reference: Lennon D.J., Burke V.M. 1994, A&AS 103, 273 (ADIP-II) (TIPBASE)

********************************************************************************

13                              !Number of transitions.
11                              !Number of T values OMEGA tabulated at.
1.0                             !Scaling factor for OMEGA (non-FILE values).
0.1                             !Value for OMEGA if f=0.

Transition\T                                  3.000E+00  3.200E+00  3.400E+00  3.600E+00  3.800E+00  4.000E+00  4.200E+00  4.400E+00  4.600E+00  4.800E+00  5.000E+00

2s2_2p2_3Pe[0]      -2s2_2p2_3Pe[1]           1.926E-01  1.957E-01  2.086E-01  2.317E-01  2.544E-01  2.737E-01  2.995E-01  3.365E-01  3.726E-01  3.912E-01  3.887E-01
2s2_2p2_3Pe[0]      -2s2_2p2_3Pe[2]           7.822E-02  8.101E-02  8.826E-02  1.003E-01  1.132E-01  1.256E-01  1.462E-01  1.839E-01  2.280E-01  2.584E-01  2.677E-01
2s2_2p2_3Pe[0]      -2s2_2p2_1De[2]           2.629E-01  2.597E-01  2.472E-01  2.237E-01  1.965E-01  1.726E-01  1.537E-01  1.390E-01  1.270E-01  1.170E-01  1.084E-01
2s2_2p2_3Pe[0]      -2s2_2p2_1Se[0]           1.414E-02  1.354E-02  1.303E-02  1.262E-02  1.234E-02  1.217E-02  1.204E-02  1.201E-02  1.211E-02  1.226E-02  1.229E-02
2s2_2p2_3Pe[0]      -2s_2p3_5So[2]            1.749E-02  1.750E-02  1.786E-02  2.023E-02  2.724E-02  3.799E-02  4.787E-02  5.390E-02  5.638E-02  5.620E-02  5.309E-02
2s2_2p2_3Pe[1]      -2s2_2p2_3Pe[2]           4.151E-01  4.252E-01  4.574E-01  5.131E-01  5.706E-01  6.225E-01  6.997E-01  8.269E-01  9.648E-01  1.050E+00  1.062E+00
2s2_2p2_3Pe[1]      -2s2_2p2_1De[2]           7.885E-01  7.791E-01  7.415E-01  6.711E-01  5.895E-01  5.178E-01  4.612E-01  4.169E-01  3.810E-01  3.510E-01  3.251E-01
2s2_2p2_3Pe[1]      -2s2_2p2_1Se[0]           4.241E-02  4.062E-02  3.910E-02  3.787E-02  3.702E-02  3.650E-02  3.613E-02  3.602E-02  3.632E-02  3.676E-02  3.680E-02
2s2_2p2_3Pe[1]      -2s_2p3_5So[2]            5.142E-02  5.144E-02  5.254E-02  5.963E-02  8.066E-02  1.129E-01  1.426E-01  1.607E-01  1.681E-01  1.676E-01  1.583E-01
2s2_2p2_3Pe[2]      -2s2_2p2_1De[2]           1.314E+00  1.299E+00  1.236E+00  1.119E+00  9.825E-01  8.631E-01  7.687E-01  6.948E-01  6.350E-01  5.848E-01  5.414E-01
2s2_2p2_3Pe[2]      -2s2_2p2_1Se[0]           7.069E-02  6.771E-02  6.516E-02  6.312E-02  6.170E-02  6.083E-02  6.020E-02  6.002E-02  6.051E-02  6.124E-02  6.127E-02
2s2_2p2_3Pe[2]      -2s_2p3_5So[2]            8.290E-02  8.295E-02  8.478E-02  9.663E-02  1.317E-01  1.855E-01  2.351E-01  2.653E-01  2.778E-01  2.771E-01  2.621E-01
2s2_2p2_1De[2]      -2s2_2p2_1Se[0]           1.344E+00  1.362E+00  1.298E+00  1.155E+00  9.857E-01  8.163E-01  6.538E-01  5.088E-01  3.960E-01  3.256E-01  2.891E-01
