********************************************************************************
                                                                               i
 Super level assignments for Al III 
                                                                                
                    g        E(cm^-1)    10^15 Hz     eV       Lam(A)       ID  
********************************************************************************
                                                                                
17-Oct-2000                                      !Format date                   
15-Oct-2012                            !Date
80                                     !Number of energy levels
6                                      !Entry number of link to super level
  
3s_2Se[1/2]         2.0          0.0000     6.8786   4.358E+02     1     0      1
3p_2Po[1/2]         2.0      53682.9300     5.2692   5.689E+02     2     0      2
3p_2Po[3/2]         4.0      53916.6000     5.2622   5.697E+02     2     0      3
3d_2De[5/2]         6.0     115956.2100     3.4023   8.811E+02     3     0      4
3d_2De[3/2]         4.0     115958.5000     3.4023   8.812E+02     3     0      5
4s_2Se[1/2]         2.0     126164.0500     3.0963   9.682E+02     4     0      6
4p_2Po[1/2]         2.0     143633.3800     2.5726   1.165E+03     5     0      7
4p_2Po[3/2]         4.0     143713.5000     2.5702   1.166E+03     5     0      8
4d_2De[5/2]         6.0     165786.3200     1.9085   1.571E+03     6     0      9
4d_2De[3/2]         4.0     165787.5100     1.9084   1.571E+03     6     0     10
4f_2Fo[5/2]         6.0     167612.7500     1.8537   1.617E+03     7     0     11
4f_2Fo[7/2]         8.0     167613.3700     1.8537   1.617E+03     7     0     12
5s_2Se[1/2]         2.0     170637.3500     1.7630   1.700E+03     8     0     13
5p_2Po[1/2]         2.0     178433.4300     1.5293   1.960E+03     9     0     14
5p_2Po[3/2]         4.0     178470.3200     1.5282   1.962E+03     9     0     15
5d_2De[5/2]         6.0     188877.5700     1.2162   2.465E+03    10     0     16
5d_2De[3/2]         4.0     188878.2200     1.2162   2.465E+03    10     0     17
5f_2Fo[5/2]         6.0     189876.1000     1.1863   2.527E+03    11     0     18
5f_2Fo[7/2]         8.0     189876.4200     1.1863   2.527E+03    11     0     19
5z_2Z              18.0     189928.6800     1.1847   2.531E+03    12     0     20
6s_2Se[1/2]         2.0     191484.2300     1.1381   2.634E+03    13     0     21
6p_2Po[1/2]         2.0     195621.7200     1.0140   2.956E+03    14     0     22
6p_2Po[3/2]         4.0     195641.7400     1.0134   2.958E+03    14     0     23
6d_2De[5/2]         6.0     201375.2000     0.8415   3.562E+03    15     0     24
6d_2De[3/2]         4.0     201375.5600     0.8415   3.563E+03    15     0     25
6f_2Fo[5/2]         6.0     201971.1600     0.8237   3.640E+03    16     0     26
6f_2Fo[7/2]         8.0     201971.1600     0.8237   3.640E+03    16     0     27
6z_2Z              40.0     202009.7100     0.8225   3.645E+03    17     0     28
7s_2Se[1/2]         2.0     202921.6000     0.7952   3.770E+03    18     0     29
7p_2Po[1/2]         2.0     205375.7400     0.7216   4.155E+03    19     0     30
7p_2Po[3/2]         4.0     205387.7700     0.7212   4.157E+03    19     0     31
7d_2De[5/2]         6.0     208881.8300     0.6165   4.863E+03    20     0     32
7d_2De[3/2]         4.0     208881.8300     0.6165   4.863E+03    20     0     33
7f_2Fo[7/2]         8.0     209263.2500     0.6051   4.955E+03    21     0     34
7f_2Fo[5/2]         6.0     209263.2500     0.6051   4.955E+03    21     0     35
7z_2Z              66.0     209288.4600     0.6043   4.961E+03    22     0     36
8s_2Se[1/2]         2.0     209869.8900     0.5869   5.108E+03    18     0     37
8p_2Po[1/2]         2.0     211437.3600     0.5399   5.553E+03    19     0     38
8p_2Po[3/2]         4.0     211445.1500     0.5396   5.555E+03    19     0     39
8d_2De[3/2]         4.0     213737.4400     0.4709   6.366E+03    20     0     40
8d_2De[5/2]         6.0     213737.4400     0.4709   6.366E+03    20     0     41
8f_2Fo[7/2]         8.0     213995.4800     0.4632   6.472E+03    21     0     42
8f_2Fo[5/2]         6.0     213995.4800     0.4632   6.472E+03    21     0     43
8z_2Z              96.0     214012.9300     0.4627   6.480E+03    22     0     44
9s_2Se[1/2]         2.0     214403.5500     0.4510   6.648E+03    23     0     45
9p_2Po[1/2]         2.0     215467.3500     0.4191   7.154E+03    24     0     46
9p_2Po[3/2]         4.0     215472.6800     0.4189   7.157E+03    24     0     47
9d_2De[3/2]         4.0     217058.8200     0.3713   8.073E+03    25     0     48
9d_2De[5/2]         6.0     217058.8200     0.3713   8.073E+03    25     0     49
9f_2Fo[5/2]         6.0     217239.3100     0.3659   8.192E+03    26     0     50
9f_2Fo[7/2]         8.0     217239.3100     0.3659   8.192E+03    26     0     51
9z_2Z             130.0     217252.1500     0.3656   8.201E+03    27     0     52
10s_2Se[1/2]        2.0     217526.9400     0.3573   8.390E+03    23     0     53
10p_2Po[1/2]        2.0     218281.7000     0.3347   8.957E+03    24     0     54
10p_2Po[3/2]        4.0     218285.5000     0.3346   8.960E+03    24     0     55
10d_2De[3/2]        4.0     219428.2200     0.3003   9.983E+03    25     0     56
10d_2De[5/2]        6.0     219428.2200     0.3003   9.983E+03    25     0     57
10f_2Fo[5/2]        6.0     219559.6300     0.2964   1.012E+04    26     0     58
10f_2Fo[7/2]        8.0     219559.6300     0.2964   1.012E+04    26     0     59
10z_2Z            168.0     219568.9900     0.2961   1.012E+04    27     0     60
11w_2W            242.0     221283.5865     0.2447   1.225E+04    28     0     61
12w_2W            288.0     222587.2574     0.2056   1.458E+04    28     0     62
13w_2W            338.0     223601.8199     0.1752   1.711E+04    28     0     63
14w_2W            392.0     224406.8442     0.1511   1.985E+04    28     0     64
15w_2W            450.0     225056.2967     0.1316   2.278E+04    28     0     65
16w_2W            512.0     225587.8260     0.1157   2.592E+04    29     0     66
17w_2W            578.0     226028.3445     0.1024   2.926E+04    29     0     67
18w_2W            648.0     226397.5033     0.0914   3.281E+04    29     0     68
19w_2W            722.0     226709.9223     0.0820   3.655E+04    29     0     69
20w_2W            800.0     226976.6607     0.0740   4.050E+04    29     0     70
21w_2W            882.0     227206.2085     0.0671   4.465E+04    30     0     71
22w_2W            968.0     227405.1716     0.0612   4.901E+04    30     0     72
23w_2W           1058.0     227578.7515     0.0560   5.356E+04    30     0     73
24w_2W           1152.0     227731.0894     0.0514   5.832E+04    30     0     74
25w_2W           1250.0     227865.5148     0.0474   6.328E+04    30     0     75
26w_2W           1352.0     227984.7300     0.0438   6.845E+04    31     0     76
27w_2W           1458.0     228090.9459     0.0406   7.381E+04    31     0     77
28w_2W           1568.0     228185.9861     0.0378   7.938E+04    31     0     78
29w_2W           1682.0     228271.3650     0.0352   8.515E+04    31     0     79
30w_2W           1800.0     228348.3492     0.0329   9.113E+04    31     0     80
