Level / Temperature (10^4 K)        0.50       1.00       2.00       5.00      10.00
3d8_a3Fe                       7.667E-14  5.411E-14  3.824E-14  2.418E-14  1.710E-14
3d7(4F)4s_a5Fe                 1.230E-13  8.678E-14  6.133E-14  3.878E-14  2.742E-14
3d7(4F)4s_b3Fe                 6.860E-14  4.842E-14  3.422E-14  2.164E-14  1.530E-14
3d8_a1De                       1.611E-14  1.137E-14  8.035E-15  5.081E-15  3.593E-15
3d8_a3Pe                       2.841E-14  2.005E-14  1.417E-14  8.962E-15  6.337E-15
3d7(4P)4s_a5Pe                 4.472E-14  3.157E-14  2.232E-14  1.411E-14  9.978E-15
3d8_a1Ge                       2.642E-14  1.865E-14  1.319E-14  8.338E-15  5.896E-15
3d7(2G)4s_a3Ge                 7.651E-14  5.402E-14  3.818E-14  2.414E-14  1.707E-14
3d7(4P)4s_b3Pe                 2.477E-14  1.749E-14  1.236E-14  7.818E-15  5.528E-15
3d7(2P)4s_c3Pe                 2.446E-14  1.727E-14  1.221E-14  7.719E-15  5.458E-15
3d7(2G)4s_b1Ge                 2.445E-14  1.727E-14  1.220E-14  7.718E-15  5.457E-15
3d7(2H)4s_a3He                 8.693E-14  6.138E-14  4.339E-14  2.744E-14  1.940E-14
3d7(2D)4s_a3De                 3.919E-14  2.767E-14  1.956E-14  1.237E-14  8.746E-15
3d7(2P)4s_a1Pe                 7.887E-15  5.569E-15  3.937E-15  2.490E-15  1.760E-15
3d7(2H)4s_a1He                 2.775E-14  1.960E-14  1.385E-14  8.760E-15  6.194E-15
3d7(2D)4s_b1De                 1.250E-14  8.829E-15  6.241E-15  3.947E-15  2.791E-15
3d6(5D)4s2_a5De                5.171E-14  3.652E-14  2.582E-14  1.633E-14  1.155E-14
3d7(2F)4s_c3Fe                 4.548E-14  3.212E-14  2.271E-14  1.436E-14  1.015E-14
3d6(5D)4s2_5De                 2.125E-15  1.501E-15  1.061E-15  6.710E-16  4.745E-16
3d8(1S)_1Se                    2.085E-15  1.473E-15  1.041E-15  6.584E-16  4.655E-16
3d7(2F)4s_a1Fe                 1.442E-14  1.019E-14  7.201E-15  4.554E-15  3.220E-15
3d7(4F)4p_z5Fo                 7.023E-14  4.961E-14  3.507E-14  2.218E-14  1.568E-14
3d7(4F)4p_z5Do                 4.911E-14  3.469E-14  2.452E-14  1.551E-14  1.097E-14
3d7(4F)4p_z5Go                 8.754E-14  6.184E-14  4.372E-14  2.765E-14  1.955E-14
3d7(4F)4p_z3Go                 5.113E-14  3.612E-14  2.553E-14  1.615E-14  1.142E-14
3d7(4F)4p_z3Fo                 3.908E-14  2.761E-14  1.952E-14  1.234E-14  8.729E-15
3d7(4F)4p_z3Do                 2.707E-14  1.913E-14  1.352E-14  8.552E-15  6.047E-15
3d7(4P)4p_z5So                 8.396E-15  5.933E-15  4.194E-15  2.652E-15  1.876E-15
3d7(2D)4s_3De                  2.315E-14  1.636E-14  1.157E-14  7.315E-15  5.173E-15
3d7(4P)4p_y5Do                 3.796E-14  2.682E-14  1.896E-14  1.199E-14  8.479E-15
3d7(4P)4p_z3So                 4.455E-15  3.148E-15  2.226E-15  1.407E-15  9.952E-16
3d7(2G)4p_z3Ho                 4.792E-14  3.386E-14  2.394E-14  1.514E-14  1.071E-14
3d7(4P)4p_z5Po                 2.184E-14  1.543E-14  1.091E-14  6.901E-15  4.880E-15
3d7(2G)4p_y3Fo                 3.013E-14  2.129E-14  1.505E-14  9.519E-15  6.731E-15
3d7(4P)4p_y3Do                 2.174E-14  1.536E-14  1.086E-14  6.868E-15  4.857E-15
3d7(2D)4s_1De                  7.250E-15  5.123E-15  3.622E-15  2.291E-15  1.620E-15
3d6(3P)4s2_3Pe                 1.273E-14  8.994E-15  6.359E-15  4.022E-15  2.844E-15
3d6(3H)4s2_3He                 4.718E-14  3.334E-14  2.357E-14  1.491E-14  1.054E-14
3d7(2G)4p_z1Go                 1.285E-14  9.078E-15  6.418E-15  4.059E-15  2.870E-15
3d7(2G)4p_y3Go                 3.812E-14  2.694E-14  1.904E-14  1.204E-14  8.516E-15
3d7(2P)4p_z3Po                 1.271E-14  8.982E-15  6.350E-15  4.016E-15  2.840E-15
3d7(2G)4p_z1Ho                 1.552E-14  1.097E-14  7.755E-15  4.904E-15  3.468E-15
3d7(4P)4p_y3Po                 1.256E-14  8.874E-15  6.274E-15  3.968E-15  2.806E-15
3d6(3F)4s2_3Fe                 2.893E-14  2.045E-14  1.446E-14  9.142E-15  6.464E-15
3d7(2G)4p_z1Fo                 9.663E-15  6.828E-15  4.828E-15  3.053E-15  2.159E-15
3d7(2P)4p_1Do                  6.730E-15  4.756E-15  3.363E-15  2.127E-15  1.504E-15
3d7(2P)4p_x3Do                 1.997E-14  1.411E-14  9.978E-15  6.311E-15  4.462E-15
3d7(2H)4p_x3Go                 3.519E-14  2.487E-14  1.758E-14  1.112E-14  7.862E-15
3d7(2H)4p_z3Io                 5.098E-14  3.603E-14  2.547E-14  1.611E-14  1.139E-14
3d6(3G)4s2_3Ge                 3.474E-14  2.455E-14  1.736E-14  1.098E-14  7.761E-15
3d7(2P)4p_1So                  1.297E-15  9.169E-16  6.483E-16  4.100E-16  2.899E-16
3d7(2D)4p_w3Do                 1.930E-14  1.364E-14  9.642E-15  6.098E-15  4.312E-15
3d7(2H)4p_z1Io                 1.661E-14  1.174E-14  8.299E-15  5.249E-15  3.711E-15
3d7(2D)4p_x3Fo                 2.636E-14  1.863E-14  1.317E-14  8.330E-15  5.890E-15
3d7(2P)4p_y3So                 3.779E-15  2.670E-15  1.888E-15  1.194E-15  8.443E-16
3d6(5D)4s4p_7Do                4.354E-14  3.077E-14  2.176E-14  1.376E-14  9.730E-15
3d7(2P)4p_1Po                  3.729E-15  2.635E-15  1.863E-15  1.178E-15  8.332E-16
3d7(2H)4p_y3Ho                 4.028E-14  2.846E-14  2.012E-14  1.273E-14  9.000E-15
3d7(2D)4p_x3Po                 1.079E-14  7.625E-15  5.391E-15  3.409E-15  2.411E-15
3d7(2D)4p_y1Fo                 8.376E-15  5.920E-15  4.185E-15  2.647E-15  1.872E-15
3d7(2D)4p_1Do                  5.966E-15  4.217E-15  2.981E-15  1.885E-15  1.333E-15
3d7(2H)4p_y1Go                 1.062E-14  7.504E-15  5.305E-15  3.355E-15  2.373E-15
3d7(2H)4p_y1Ho                 1.261E-14  8.911E-15  6.300E-15  3.984E-15  2.817E-15
3d7(2D)4p_y1Po                 3.427E-15  2.422E-15  1.712E-15  1.083E-15  7.657E-16
3d6(5D)4s4p_7Fo                5.501E-14  3.888E-14  2.749E-14  1.738E-14  1.229E-14
3d6(3D)4s2_3De                 1.664E-14  1.176E-14  8.314E-15  5.258E-15  3.718E-15
3d6(1I)4s2_1Ie                 1.433E-14  1.013E-14  7.159E-15  4.528E-15  3.202E-15
3d6(1G)4s2_1Ge                 9.846E-15  6.959E-15  4.920E-15  3.112E-15  2.200E-15
3d6(5D)4s4p_7Po                2.227E-14  1.574E-14  1.113E-14  7.038E-15  4.977E-15
3d6(5D)4s4p_x5Do               2.455E-14  1.736E-14  1.227E-14  7.761E-15  5.488E-15
3d6(1S)4s2_1Se                 9.869E-16  6.976E-16  4.932E-16  3.119E-16  2.206E-16
3d6(5D)4s4p_y5Fo               3.274E-14  2.314E-14  1.636E-14  1.035E-14  7.317E-15
3d7(2F)4p_1Do                  4.595E-15  3.248E-15  2.297E-15  1.452E-15  1.027E-15
3d7(2F)4p_w3Go                 2.450E-14  1.732E-14  1.224E-14  7.744E-15  5.475E-15
3d6(1D)4s2_1De                 4.559E-15  3.222E-15  2.278E-15  1.441E-15  1.019E-15
3d7(2F)4p_3Fo                  4.502E-15  3.182E-15  2.250E-15  1.423E-15  1.006E-15
3d7(2F)4p_w3Fo                 1.432E-14  1.012E-14  7.156E-15  4.525E-15  3.200E-15
3d7(4F)5s_e5Fe                 3.066E-14  2.167E-14  1.532E-14  9.691E-15  6.852E-15
3d7(2F)4p_v3Do                 1.331E-14  9.409E-15  6.653E-15  4.207E-15  2.975E-15
3d7(2F)4p_1Go                  7.902E-15  5.586E-15  3.949E-15  2.498E-15  1.766E-15
3d6(5D)4s4p_y5Po               1.288E-14  9.103E-15  6.436E-15  4.070E-15  2.878E-15
3d7(4F)5s_e3Fe                 1.770E-14  1.251E-14  8.847E-15  5.595E-15  3.957E-15
3d6(5D)4s4p_u3Do               1.220E-14  8.627E-15  6.100E-15  3.858E-15  2.728E-15
3d6(5D)4s4p_v3Fo               1.690E-14  1.195E-14  8.448E-15  5.343E-15  3.778E-15
3d7(2F)4p_x1Fo                 5.643E-15  3.989E-15  2.820E-15  1.784E-15  1.261E-15
3d7(4F)4d_f5Fe                 2.588E-14  1.830E-14  1.294E-14  8.182E-15  5.785E-15
3d6(1F)4s2_1Fe                 5.230E-15  3.697E-15  2.614E-15  1.653E-15  1.169E-15
3d7(4F)4d_e5Ge                 3.274E-14  2.315E-14  1.637E-14  1.035E-14  7.319E-15
3d7(4F)4d_e5Pe                 1.087E-14  7.682E-15  5.432E-15  3.435E-15  2.429E-15
3d7(4F)4d_e5He                 3.944E-14  2.788E-14  1.971E-14  1.247E-14  8.816E-15
3d6(5D)4s4p_3Po                6.516E-15  4.606E-15  3.257E-15  2.060E-15  1.456E-15
3d7(4F)4d_e3Ge                 1.909E-14  1.349E-14  9.541E-15  6.034E-15  4.267E-15
3d7(4F)4d_e5De                 1.487E-14  1.051E-14  7.433E-15  4.701E-15  3.324E-15
3d7(4F)4d_e3De                 1.059E-14  7.488E-15  5.295E-15  3.349E-15  2.368E-15
3d7(4F)4d_e3He                 2.299E-14  1.625E-14  1.149E-14  7.268E-15  5.139E-15
3d7(4F)4d_5De                  2.776E-15  1.963E-15  1.388E-15  8.776E-16  6.205E-16
3d7(4F)4d_e3Pe                 5.909E-15  4.177E-15  2.954E-15  1.868E-15  1.321E-15
3d7(4F)4d_f3Fe                 1.372E-14  9.699E-15  6.858E-15  4.337E-15  3.067E-15
3d7(4F)5p_5Do                  1.309E-14  9.255E-15  6.544E-15  4.139E-15  2.926E-15
3d7(4F)5p_5Fo                  2.134E-14  1.509E-14  1.067E-14  6.747E-15  4.771E-15
3d7(4F)5p_5Go                  2.697E-14  1.907E-14  1.348E-14  8.527E-15  6.029E-15
3d7(4F)5p_b5Do                 1.154E-14  8.159E-15  5.769E-15  3.649E-15  2.580E-15
3d7(4F)5p_3Go                  1.564E-14  1.106E-14  7.820E-15  4.945E-15  3.497E-15
3d7(4F)5p_3Fo                  1.208E-14  8.538E-15  6.037E-15  3.818E-15  2.700E-15
3d7(4F)5p_3Do                  6.879E-15  4.863E-15  3.439E-15  2.175E-15  1.538E-15
3d6(3P)4s2_3Pbe                4.975E-15  3.517E-15  2.487E-15  1.573E-15  1.112E-15
3d6(3P)4s4p_5So                2.827E-15  1.999E-15  1.413E-15  8.939E-16  6.320E-16
3d6(3H)4s4p_5Go                2.491E-14  1.761E-14  1.245E-14  7.877E-15  5.570E-15
3d7(4F)5p_b3Do                 4.410E-15  3.118E-15  2.205E-15  1.394E-15  9.859E-16
3d6(3F)4s2_3Fbe                1.156E-14  8.171E-15  5.778E-15  3.654E-15  2.584E-15
3d6(3H)4s4p_5Io                3.560E-14  2.517E-14  1.779E-14  1.125E-14  7.958E-15
3d7(4P)5s_e5Pe                 8.160E-15  5.769E-15  4.079E-15  2.580E-15  1.824E-15
3d7(4F)5p_3Dbo                 1.638E-15  1.158E-15  8.188E-16  5.178E-16  3.662E-16
3d7(4F)5p_5Dbo                 5.447E-16  3.851E-16  2.723E-16  1.722E-16  1.218E-16
3d6(3P)4s4p_5Po                7.914E-15  5.595E-15  3.956E-15  2.502E-15  1.769E-15
3d6(3H)4s4p_5Ho                2.926E-14  2.069E-14  1.463E-14  9.252E-15  6.542E-15
3d6(5D)4s4p_5Fo                1.811E-14  1.280E-14  9.051E-15  5.724E-15  4.048E-15
3d7(4P)5s_3Pe                  4.667E-15  3.299E-15  2.333E-15  1.475E-15  1.043E-15
3d6(3F)4s4p_5Fo                1.797E-14  1.271E-14  8.985E-15  5.683E-15  4.018E-15
3d6(3P)4s4p_5Do                1.236E-14  8.738E-15  6.178E-15  3.907E-15  2.763E-15
3d7(2G)5s_f3Ge                 1.339E-14  9.465E-15  6.692E-15  4.233E-15  2.993E-15
3d7(2D)4p_3Po                  4.477E-15  3.165E-15  2.238E-15  1.416E-15  1.001E-15
3d6(5D)4s4p_5Po                7.082E-15  5.007E-15  3.540E-15  2.239E-15  1.583E-15
3d7(2D)4p_3Fo                  9.886E-15  6.989E-15  4.942E-15  3.126E-15  2.210E-15
3d6(3F)4s4p_5Do                1.163E-14  8.220E-15  5.812E-15  3.676E-15  2.599E-15
3d6(3F)4s4p_5Go                1.849E-14  1.307E-14  9.242E-15  5.845E-15  4.133E-15
3d6(3H)4s4p_3Go                1.229E-14  8.691E-15  6.145E-15  3.886E-15  2.748E-15
3d6(3H)4s4p_5Gbo               2.272E-15  1.607E-15  1.136E-15  7.185E-16  5.080E-16
3d6(3H)4s4p_3Io                1.766E-14  1.249E-14  8.831E-15  5.585E-15  3.949E-15
3d7(2G)5s_e1Ge                 4.049E-15  2.863E-15  2.024E-15  1.280E-15  9.052E-16
3d6(3P)4s4p_3Do                6.617E-15  4.678E-15  3.308E-15  2.092E-15  1.479E-15
3d6(3G)4s4p_5Go                1.960E-14  1.385E-14  9.797E-15  6.196E-15  4.381E-15
3d7(2D)4p_1Po                  1.293E-15  9.139E-16  6.462E-16  4.087E-16  2.890E-16
3d7(4P)4d_5Pe                  6.375E-15  4.507E-15  3.187E-15  2.016E-15  1.425E-15
3d7(2P)5s_3Pe                  3.814E-15  2.696E-15  1.906E-15  1.206E-15  8.526E-16
3d6(3G)4s4p_5Fo                1.465E-14  1.036E-14  7.324E-15  4.632E-15  3.275E-15
3d7(2D)4p_1Fo                  2.958E-15  2.092E-15  1.479E-15  9.353E-16  6.614E-16
3d6(3G)4s4p_5Ho                2.306E-14  1.630E-14  1.153E-14  7.290E-15  5.155E-15
3d7(4P)4d_5Fe                  1.440E-14  1.018E-14  7.201E-15  4.554E-15  3.220E-15
3d6(3H)4s4p_1Go                3.727E-15  2.635E-15  1.863E-15  1.178E-15  8.332E-16
3d7(2P)5s_1Pe                  1.219E-15  8.620E-16  6.095E-16  3.855E-16  2.726E-16
3d6(3H)4s4p_1Io                5.271E-15  3.727E-15  2.635E-15  1.667E-15  1.178E-15
3d6(3P)4s4p_1Do                2.021E-15  1.429E-15  1.010E-15  6.390E-16  4.518E-16
3d7(2D)4p_3Do                  5.961E-15  4.215E-15  2.980E-15  1.885E-15  1.333E-15
3d6(3H)4s4p_3Ho                1.315E-14  9.299E-15  6.575E-15  4.158E-15  2.940E-15
3d6(3P)4s4p_3Po                3.518E-15  2.487E-15  1.759E-15  1.112E-15  7.865E-16
3d6(3F)4s4p_3Fo                4.782E-15  3.381E-15  2.391E-15  1.512E-15  1.069E-15
3d7(4P)4d_3Fe                  6.320E-15  4.469E-15  3.160E-15  1.998E-15  1.413E-15
3d6(3H)4s4p_1Gbo               3.541E-15  2.504E-15  1.770E-15  1.120E-15  7.917E-16
3d7(4P)4d_5De                  9.764E-15  6.903E-15  4.881E-15  3.087E-15  2.183E-15
3d6(3F)4s4p_3Go                1.057E-14  7.470E-15  5.282E-15  3.341E-15  2.362E-15
3d7(2D)4p_b1Do                 1.954E-15  1.381E-15  9.768E-16  6.177E-16  4.368E-16
3d7(4P)4d_5Dbe                 1.940E-15  1.372E-15  9.699E-16  6.134E-16  4.338E-16
3d6(1G)4s2_1Gbe                3.481E-15  2.461E-15  1.740E-15  1.101E-15  7.783E-16
3d7(4P)4d_3Pe                  3.465E-15  2.450E-15  1.732E-15  1.095E-15  7.746E-16
3d7(4P)4d_3De                  5.695E-15  4.026E-15  2.847E-15  1.801E-15  1.273E-15
3d7(2G)4d_3De                  5.677E-15  4.013E-15  2.838E-15  1.795E-15  1.269E-15
3d7(2H)5s_3He                  1.252E-14  8.849E-15  6.257E-15  3.957E-15  2.798E-15
3d6(3P)4s4p_3So                1.139E-15  8.057E-16  5.697E-16  3.603E-16  2.548E-16
3d7(2G)4d_3Ie                  1.461E-14  1.033E-14  7.301E-15  4.618E-15  3.265E-15
3d7(2D)5s_3De                  2.969E-15  2.099E-15  1.484E-15  9.387E-16  6.637E-16
3d7(4P)4d_3Dbe                 2.646E-15  1.870E-15  1.323E-15  8.365E-16  5.915E-16
3d7(2G)4d_3Ge                  9.991E-15  7.064E-15  4.995E-15  3.159E-15  2.234E-15
3d7(2G)4d_1Fe                  2.625E-15  1.856E-15  1.312E-15  8.299E-16  5.868E-16
3d7(2G)4d_1He                  4.109E-15  2.905E-15  2.054E-15  1.299E-15  9.186E-16
3d7(2G)4d_3Fe                  7.665E-15  5.419E-15  3.832E-15  2.423E-15  1.714E-15
3d7(2G)4d_3He                  8.080E-15  5.713E-15  4.039E-15  2.555E-15  1.806E-15
3d7(2H)5s_1He                  3.992E-15  2.822E-15  1.996E-15  1.262E-15  8.925E-16
3d7(2G)4d_1Ie                  4.683E-15  3.311E-15  2.341E-15  1.481E-15  1.047E-15
3d7(4F)6s_5Fe                  1.217E-14  8.602E-15  6.082E-15  3.847E-15  2.720E-15
3d6(3F)4s4p_1Fo                2.507E-15  1.773E-15  1.253E-15  7.928E-16  5.606E-16
3d7(2G)4d_1Hbe                 3.916E-15  2.769E-15  1.958E-15  1.238E-15  8.754E-16
3d7(2D)5s_1De                  1.777E-15  1.256E-15  8.884E-16  5.619E-16  3.973E-16
3d6(3F)4s4p_3Do                5.203E-15  3.679E-15  2.601E-15  1.645E-15  1.163E-15
3d7(2G)4d_1De                  1.730E-15  1.223E-15  8.650E-16  5.471E-16  3.868E-16
3d7(4F)4f_5Go                  1.214E-14  8.586E-15  6.071E-15  3.840E-15  2.715E-15
3d7(4F)4f_3Ho                  7.262E-15  5.134E-15  3.630E-15  2.296E-15  1.624E-15
3d7(4F)4f_5Ho                  1.812E-14  1.281E-14  9.059E-15  5.729E-15  4.051E-15
3d7(4F)4f_3Go                  5.999E-15  4.242E-15  2.999E-15  1.897E-15  1.341E-15
3d7(4F)4f_3Fo                  4.675E-15  3.306E-15  2.337E-15  1.478E-15  1.045E-15
3d7(4F)4f_5Do                  6.023E-15  4.258E-15  3.011E-15  1.904E-15  1.347E-15
3d7(4F)4f_3Do                  2.401E-15  1.698E-15  1.200E-15  7.591E-16  5.368E-16
3d7(2G)4d_1Ge                  3.087E-15  2.182E-15  1.543E-15  9.759E-16  6.901E-16
3d7(4F)4f_3Io                  8.548E-15  6.044E-15  4.273E-15  2.703E-15  1.911E-15
3d7(4F)4f_5Io                  2.128E-14  1.505E-14  1.064E-14  6.729E-15  4.758E-15
3d7(4F)4f_5Po                  5.091E-15  3.600E-15  2.545E-15  1.610E-15  1.138E-15
3d7(4F)6s_3Fe                  6.990E-15  4.942E-15  3.495E-15  2.210E-15  1.563E-15
3d7(4F)4f_3Po                  3.065E-15  2.167E-15  1.532E-15  9.690E-16  6.852E-16
3d6(3F)4s4p_1Go                3.073E-15  2.173E-15  1.536E-15  9.717E-16  6.871E-16
3d7(4P)5p_5So                  1.694E-15  1.198E-15  8.470E-16  5.357E-16  3.788E-16
3d6(3G)4s4p_3Ho                1.089E-14  7.696E-15  5.442E-15  3.442E-15  2.434E-15
3d7(4F)4f_5Fo                  9.062E-15  6.407E-15  4.530E-15  2.865E-15  2.026E-15
3d7(4F)4f_3Fbo                 2.957E-15  2.091E-15  1.479E-15  9.351E-16  6.612E-16
3d7(4F)4f_5Dbo                 3.904E-15  2.761E-15  1.952E-15  1.235E-15  8.729E-16
3d7(4F)4f_5Pbo                 3.839E-15  2.715E-15  1.919E-15  1.214E-15  8.584E-16
3d6(3H)4s4p_1Ho                3.587E-15  2.536E-15  1.793E-15  1.134E-15  8.019E-16
3d6(3G)4s4p_3Fo                6.719E-15  4.751E-15  3.359E-15  2.125E-15  1.502E-15
3d7(4P)5p_5Do                  7.937E-15  5.612E-15  3.968E-15  2.510E-15  1.775E-15
3d6(3P)4s4p_1Po                9.540E-16  6.745E-16  4.769E-16  3.016E-16  2.133E-16
3d7(4F)4f_5Gbo                 5.045E-15  3.567E-15  2.522E-15  1.595E-15  1.128E-15
3d7(4F)4f_5Ibo                 4.123E-15  2.915E-15  2.061E-15  1.304E-15  9.218E-16
3d7(4F)5d_5Fe                  6.267E-15  4.431E-15  3.133E-15  1.981E-15  1.401E-15
3d6(3D)4s4p_5Po                4.600E-15  3.253E-15  2.300E-15  1.455E-15  1.029E-15
3d6(3P)4s4p_1So                3.141E-16  2.221E-16  1.570E-16  9.931E-17  7.022E-17
3d7(2P)4d_3De                  4.669E-15  3.301E-15  2.334E-15  1.476E-15  1.044E-15
3d7(4F)5d_5Ge                  7.451E-15  5.268E-15  3.725E-15  2.356E-15  1.666E-15
3d7(4F)5d_b5Fe                 3.673E-15  2.597E-15  1.836E-15  1.161E-15  8.212E-16
3d7(4F)5d_5Pe                  4.499E-15  3.181E-15  2.249E-15  1.423E-15  1.006E-15
3d7(4F)4f_5Hbo                 2.173E-15  1.537E-15  1.087E-15  6.872E-16  4.859E-16
3d7(4F)4f_3Gbo                 2.169E-15  1.534E-15  1.084E-15  6.858E-16  4.849E-16
3d7(4F)5d_5He                  1.637E-14  1.158E-14  8.185E-15  5.177E-15  3.660E-15
3d7(4F)4f_3Pbo                 9.278E-16  6.560E-16  4.638E-16  2.933E-16  2.074E-16
3d7(2P)4d_3Dbe                 2.164E-15  1.530E-15  1.082E-15  6.842E-16  4.838E-16
3d7(4P)5p_5Po                  2.946E-15  2.083E-15  1.473E-15  9.315E-16  6.587E-16
3d7(2P)4d_3Pe                  1.227E-15  8.678E-16  6.136E-16  3.881E-16  2.744E-16
3d7(4P)5p_3So                  9.146E-16  6.467E-16  4.572E-16  2.892E-16  2.045E-16
3d7(4F)5d_3De                  4.404E-15  3.114E-15  2.202E-15  1.393E-15  9.847E-16
3d7(4P)5p_3Do                  4.523E-15  3.198E-15  2.261E-15  1.430E-15  1.011E-15
3d7(4F)5d_5De                  7.325E-15  5.179E-15  3.662E-15  2.316E-15  1.638E-15
3d6(3G)4s4p_3Go                8.062E-15  5.700E-15  4.031E-15  2.549E-15  1.802E-15
3d7(2P)4d_3Fe                  1.490E-15  1.054E-15  7.451E-16  4.712E-16  3.332E-16
3d7(4F)5d_b5Ge                 6.708E-15  4.743E-15  3.354E-15  2.121E-15  1.500E-15
3d7(4F)5d_3Dbe                 2.075E-15  1.467E-15  1.038E-15  6.562E-16  4.640E-16
3d7(2P)4d_3Fbe                 1.481E-15  1.047E-15  7.405E-16  4.683E-16  3.312E-16
3d7(4F)5d_3Ge                  4.600E-15  3.253E-15  2.300E-15  1.455E-15  1.029E-15
3d7(4F)5d_3He                  9.416E-15  6.658E-15  4.708E-15  2.977E-15  2.105E-15
3d6(3D)4s4p_5Fo                1.012E-14  7.153E-15  5.058E-15  3.199E-15  2.262E-15
3d7(4P)5p_3Po                  2.623E-15  1.855E-15  1.312E-15  8.295E-16  5.865E-16
3d7(2P)4d_1Fe                  2.058E-15  1.455E-15  1.029E-15  6.506E-16  4.600E-16
3d7(2P)4d_1Pe                  8.781E-16  6.208E-16  4.390E-16  2.776E-16  1.963E-16
3d7(2H)4d_3Fe                  4.019E-15  2.842E-15  2.009E-15  1.271E-15  8.987E-16
3d6(1I)4s4p_3Ko                1.288E-14  9.110E-15  6.441E-15  4.074E-15  2.881E-15
3d6(3F)4s4p_1Do                1.455E-15  1.029E-15  7.273E-16  4.600E-16  3.253E-16
3d6(3D)4s4p_5Do                7.084E-15  5.008E-15  3.541E-15  2.240E-15  1.584E-15
3d7(2P)4d_1De                  1.434E-15  1.014E-15  7.171E-16  4.535E-16  3.207E-16
3d7(4F)5d_5Gbe                 2.005E-15  1.418E-15  1.002E-15  6.340E-16  4.483E-16
3d7(4F)5d_3Gbe                 2.573E-15  1.819E-15  1.286E-15  8.134E-16  5.752E-16
3d7(2G)5p_3Ho                  9.349E-15  6.610E-15  4.674E-15  2.956E-15  2.090E-15
3d7(2G)5p_3Fo                  5.858E-15  4.142E-15  2.929E-15  1.852E-15  1.310E-15
3d6(3D)4s4p_5Dbo               1.416E-15  1.001E-15  7.081E-16  4.479E-16  3.167E-16
3d7(2G)5p_3Go                  7.446E-15  5.265E-15  3.723E-15  2.354E-15  1.665E-15
3d7(4F)5d_5Dbe                 1.400E-15  9.895E-16  6.997E-16  4.425E-16  3.129E-16
3d7(4F)6p_5Fo                  9.320E-15  6.590E-15  4.659E-15  2.947E-15  2.084E-15
3d7(4F)6p_3Go                  7.122E-15  5.036E-15  3.561E-15  2.252E-15  1.592E-15
3d7(4F)6p_5Go                  1.177E-14  8.322E-15  5.884E-15  3.722E-15  2.632E-15
3d7(4F)6p_5Do                  6.519E-15  4.609E-15  3.259E-15  2.061E-15  1.458E-15
3d7(2H)4d_3Ke                  1.226E-14  8.665E-15  6.127E-15  3.875E-15  2.740E-15
3d7(2D)4d_3Pe                  2.192E-15  1.550E-15  1.096E-15  6.931E-16  4.901E-16
3d7(4F)6p_3Gbo                 5.271E-15  3.727E-15  2.635E-15  1.667E-15  1.179E-15
3d7(2H)4d_1Fe                  1.909E-15  1.350E-15  9.544E-16  6.036E-16  4.268E-16
3d7(2D)4d_3Fe                  3.767E-15  2.664E-15  1.884E-15  1.191E-15  8.423E-16
3d7(2H)4d_3Ge                  7.210E-15  5.098E-15  3.605E-15  2.280E-15  1.612E-15
3d7(4F)6p_3Fo                  5.414E-15  3.828E-15  2.707E-15  1.712E-15  1.211E-15
3d7(2D)4d_3De                  3.164E-15  2.237E-15  1.582E-15  1.000E-15  7.075E-16
3d7(2G)5p_1Ho                  2.986E-15  2.111E-15  1.493E-15  9.440E-16  6.675E-16
3d7(4F)6p_3Do                  3.878E-15  2.742E-15  1.939E-15  1.226E-15  8.670E-16
3d7(2D)4d_3Dbe                 1.882E-15  1.331E-15  9.411E-16  5.952E-16  4.209E-16
3d7(4F)5d_3Pe                  2.669E-16  1.887E-16  1.334E-16  8.438E-17  5.967E-17
3d7(2D)4d_3Ge                  7.009E-15  4.956E-15  3.504E-15  2.216E-15  1.567E-15
3d7(2G)5p_3Hbo                 5.270E-15  3.726E-15  2.635E-15  1.666E-15  1.178E-15
3d6(1G)4s4p_3Ho                3.450E-15  2.439E-15  1.725E-15  1.091E-15  7.714E-16
3d7(2G)5p_1Fo                  1.850E-15  1.308E-15  9.249E-16  5.849E-16  4.136E-16
3d7(2G)5p_1Go                  2.369E-15  1.675E-15  1.184E-15  7.490E-16  5.296E-16
3d7(2D)4d_1Pe                  7.888E-16  5.577E-16  3.943E-16  2.494E-16  1.764E-16
3d7(2H)4d_1Ke                  3.944E-15  2.788E-15  1.972E-15  1.247E-15  8.817E-16
3d7(2H)4d_3Ie                  1.002E-14  7.082E-15  5.008E-15  3.167E-15  2.240E-15
3d7(2H)4d_3He                  8.393E-15  5.935E-15  4.196E-15  2.654E-15  1.877E-15
3d6(1G)4s4p_3Go                4.563E-15  3.226E-15  2.281E-15  1.443E-15  1.020E-15
3d7(2D)4d_1Fe                  1.775E-15  1.255E-15  8.873E-16  5.612E-16  3.968E-16
3d7(2D)4d_3Se                  7.570E-16  5.353E-16  3.785E-16  2.394E-16  1.693E-16
3d7(2D)4d_1Pbe                 7.400E-16  5.233E-16  3.700E-16  2.340E-16  1.655E-16
3d7(2H)4d_3Hbe                 2.710E-15  1.916E-15  1.355E-15  8.570E-16  6.060E-16
3d6(1G)4s4p_3Fo                5.097E-15  3.604E-15  2.548E-15  1.612E-15  1.140E-15
3d7(2D)4d_1Ge                  2.192E-15  1.550E-15  1.096E-15  6.932E-16  4.902E-16
3d7(2H)4d_1Ie                  3.154E-15  2.230E-15  1.577E-15  9.973E-16  7.052E-16
3d6(3D)4s4p_3Po                2.169E-15  1.534E-15  1.085E-15  6.859E-16  4.850E-16
3d6(3G)4s4p_1Fo                1.652E-15  1.168E-15  8.259E-16  5.223E-16  3.693E-16
3d6(1I)4s4p_3Ho                7.750E-15  5.480E-15  3.875E-15  2.451E-15  1.733E-15
3d7(2D)4d_3Pbe                 1.832E-15  1.295E-15  9.159E-16  5.792E-16  4.096E-16
3d6(3G)4s4p_1Go                2.051E-15  1.450E-15  1.026E-15  6.486E-16  4.586E-16
3d7(2P)5p_3Po                  2.017E-15  1.426E-15  1.008E-15  6.377E-16  4.509E-16
3d7(4F)5d_3Pbe                 2.225E-16  1.573E-16  1.112E-16  7.034E-17  4.974E-17
3d6(1I)4s4p_3Io                8.605E-15  6.084E-15  4.302E-15  2.721E-15  1.924E-15
3d7(4F)5d_3Fe                  4.471E-15  3.161E-15  2.235E-15  1.414E-15  9.996E-16
3d7(2P)5p_3Do                  3.207E-15  2.267E-15  1.603E-15  1.014E-15  7.169E-16
3d6(3D)4s4p_3Do                3.242E-15  2.292E-15  1.621E-15  1.025E-15  7.248E-16
3d7(2P)5p_1Do                  1.094E-15  7.738E-16  5.471E-16  3.460E-16  2.447E-16
3d7(2D)4d_1De                  1.094E-15  7.736E-16  5.470E-16  3.460E-16  2.446E-16
3d7(2P)5p_3So                  6.426E-16  4.544E-16  3.213E-16  2.032E-16  1.437E-16
3d7(2P)5p_1So                  2.077E-16  1.469E-16  1.039E-16  6.568E-17  4.644E-17
3d7(2H)4d_1Ge                  1.857E-15  1.313E-15  9.287E-16  5.873E-16  4.153E-16
3d7(2D)4d_1Se                  2.044E-16  1.446E-16  1.022E-16  6.465E-17  4.571E-17
3d6(1S)4s4p_3Po                1.799E-15  1.272E-15  8.995E-16  5.689E-16  4.023E-16
3d7(2P)5p_1Po                  6.088E-16  4.304E-16  3.044E-16  1.925E-16  1.361E-16
3d6(3D)4s4p_3Fo                4.189E-15  2.962E-15  2.094E-15  1.325E-15  9.366E-16
3d7(2H)5p_3Go                  5.074E-15  3.588E-15  2.537E-15  1.604E-15  1.135E-15
3d7(2H)5p_3Io                  7.337E-15  5.188E-15  3.668E-15  2.320E-15  1.640E-15
3d7(2D)5p_3Do                  2.807E-15  1.985E-15  1.403E-15  8.875E-16  6.276E-16
3d6(3D)4s4p_1Po                5.691E-16  4.024E-16  2.845E-16  1.800E-16  1.272E-16
3d7(2D)5p_3Fo                  2.500E-15  1.768E-15  1.250E-15  7.906E-16  5.590E-16
3d7(2H)5p_3Ho                  5.938E-15  4.199E-15  2.969E-15  1.878E-15  1.328E-15
3d7(2D)5p_3Po                  1.083E-15  7.660E-16  5.416E-16  3.426E-16  2.422E-16
3d7(2D)5p_1Fo                  1.283E-15  9.070E-16  6.413E-16  4.056E-16  2.868E-16
3d7(4F)7s_5Fe                  6.000E-15  4.242E-15  3.000E-15  1.897E-15  1.342E-15
3d7(2H)5p_1Io                  2.326E-15  1.645E-15  1.163E-15  7.355E-16  5.201E-16
3d7(4F)5f_5Go                  7.736E-15  5.470E-15  3.868E-15  2.446E-15  1.730E-15
3d7(4F)5f_3Io                  6.582E-15  4.654E-15  3.291E-15  2.081E-15  1.472E-15
3d7(4F)5f_5Ho                  7.027E-15  4.968E-15  3.513E-15  2.222E-15  1.571E-15
3d7(4F)5f_5Fo                  2.907E-15  2.056E-15  1.454E-15  9.193E-16  6.500E-16
3d7(4F)5f_3Ho                  5.568E-15  3.937E-15  2.784E-15  1.761E-15  1.245E-15
3d7(4F)5f_3Go                  4.558E-15  3.223E-15  2.279E-15  1.441E-15  1.019E-15
3d7(4F)5f_3Do                  1.247E-15  8.819E-16  6.236E-16  3.944E-16  2.789E-16
3d7(4F)5f_5Io                  1.078E-14  7.622E-15  5.389E-15  3.409E-15  2.410E-15
3d7(4F)5f_5Do                  3.087E-15  2.183E-15  1.543E-15  9.761E-16  6.902E-16
3d7(4F)5f_5Po                  2.632E-15  1.861E-15  1.316E-15  8.324E-16  5.886E-16
3d7(4F)5f_3Po                  1.588E-15  1.123E-15  7.941E-16  5.022E-16  3.551E-16
3d7(4F)5g_5He                  5.647E-15  3.993E-15  2.824E-15  1.786E-15  1.263E-15
3d7(4F)5g_3He                  3.623E-15  2.562E-15  1.812E-15  1.146E-15  8.101E-16
3d7(4F)5g_5Ge                  4.962E-15  3.508E-15  2.481E-15  1.569E-15  1.109E-15
3d7(4F)5g_3Ge                  4.530E-15  3.203E-15  2.265E-15  1.432E-15  1.013E-15
3d7(4F)5g_5Ie                  6.733E-15  4.761E-15  3.366E-15  2.129E-15  1.505E-15
3d7(4F)5g_3Ie                  4.274E-15  3.022E-15  2.137E-15  1.351E-15  9.556E-16
3d7(4F)5g_5Fe                  3.814E-15  2.697E-15  1.907E-15  1.206E-15  8.527E-16
3d7(4F)5g_3Fe                  2.662E-15  1.882E-15  1.331E-15  8.418E-16  5.952E-16
3d7(4F)5g_5De                  3.584E-15  2.534E-15  1.792E-15  1.133E-15  8.013E-16
3d7(4F)5g_3De                  2.476E-15  1.751E-15  1.238E-15  7.829E-16  5.536E-16
3d7(4F)5g_5Ke                  1.197E-14  8.463E-15  5.984E-15  3.785E-15  2.676E-15
3d7(4F)5g_3Ke                  7.260E-15  5.133E-15  3.630E-15  2.296E-15  1.623E-15
3d7(4F)5g_5Pe                  2.511E-15  1.775E-15  1.255E-15  7.939E-16  5.614E-16
3d7(4F)5g_3Pe                  1.424E-15  1.007E-15  7.118E-16  4.502E-16  3.183E-16
3d7(2D)5p_1Do                  8.597E-16  6.079E-16  4.298E-16  2.719E-16  1.922E-16
3d7(2H)5p_1Go                  1.546E-15  1.093E-15  7.732E-16  4.890E-16  3.458E-16
3d7(2D)5p_3Dbo                 5.083E-16  3.594E-16  2.541E-16  1.607E-16  1.136E-16
3d6(3D)4s4p_1Fo                1.183E-15  8.364E-16  5.914E-16  3.741E-16  2.645E-16
3d7(4F)7s_3Fe                  3.369E-15  2.382E-15  1.684E-15  1.065E-15  7.533E-16
3d7(4F)5f_5Pbo                 1.919E-15  1.357E-15  9.595E-16  6.068E-16  4.291E-16
3d7(2D)5p_1Fbo                 1.157E-15  8.180E-16  5.784E-16  3.658E-16  2.587E-16
3d7(2H)5p_1Ho                  1.797E-15  1.270E-15  8.982E-16  5.681E-16  4.017E-16
3d6(3D)4s4p_1Do                8.089E-16  5.719E-16  4.044E-16  2.558E-16  1.809E-16
3d7(4F)6d_5Fe                  3.543E-15  2.505E-15  1.771E-15  1.120E-15  7.921E-16
3d7(4F)5g_3Gbe                 1.774E-15  1.254E-15  8.868E-16  5.609E-16  3.966E-16
3d7(4F)5g_3Hbe                 2.096E-15  1.482E-15  1.048E-15  6.627E-16  4.686E-16
3d7(4F)5g_5Pbe                 1.831E-15  1.295E-15  9.157E-16  5.791E-16  4.095E-16
3d7(4F)6d_b5Ge                 6.801E-15  4.808E-15  3.400E-15  2.150E-15  1.521E-15
3d7(4F)6d_5De                  2.788E-15  1.971E-15  1.394E-15  8.814E-16  6.233E-16
3d7(4F)6d_5Ge                  2.087E-15  1.476E-15  1.044E-15  6.601E-16  4.667E-16
3d7(4F)6d_5Pe                  2.276E-15  1.610E-15  1.138E-15  7.199E-16  5.090E-16
3d7(4F)6d_5He                  8.266E-15  5.845E-15  4.133E-15  2.614E-15  1.848E-15
3d7(4F)6d_3Ge                  4.027E-15  2.847E-15  2.013E-15  1.273E-15  9.004E-16
3d7(4F)5f_5Ibo                 2.052E-15  1.451E-15  1.026E-15  6.488E-16  4.588E-16
3d7(2D)5p_1Po                  4.733E-16  3.347E-16  2.367E-16  1.497E-16  1.058E-16
3d7(4F)5f_3Fo                  7.869E-16  5.564E-16  3.935E-16  2.488E-16  1.760E-16
3d7(4F)5f_5Dbo                 4.715E-16  3.334E-16  2.357E-16  1.491E-16  1.054E-16
3d7(4F)6d_3De                  1.507E-15  1.066E-15  7.535E-16  4.766E-16  3.370E-16
3d7(2F)5s_3Fe                  3.204E-15  2.266E-15  1.602E-15  1.013E-15  7.164E-16
3d6(1D)4s4p_3Fo                3.133E-15  2.216E-15  1.567E-15  9.908E-16  7.006E-16
3d7(4F)5g_5Gbe                 7.627E-16  5.393E-16  3.813E-16  2.412E-16  1.705E-16
3d7(4F)5g_5Fbe                 1.779E-15  1.258E-15  8.894E-16  5.625E-16  3.978E-16
3d7(4F)5f_3Ibo                 1.675E-15  1.185E-15  8.376E-16  5.297E-16  3.746E-16
3d7(4F)5f_3Hbo                 1.368E-15  9.675E-16  6.841E-16  4.327E-16  3.059E-16
3d7(4F)5f_5Hbo                 1.064E-15  7.524E-16  5.320E-16  3.365E-16  2.379E-16
3d7(4F)5f_5Gbo                 7.589E-16  5.366E-16  3.795E-16  2.400E-16  1.697E-16
3d7(4F)5f_3Gbo                 1.062E-15  7.509E-16  5.310E-16  3.358E-16  2.375E-16
3d7(4F)5f_3Pbo                 4.541E-16  3.211E-16  2.271E-16  1.436E-16  1.015E-16
3d7(4F)7p_3Go                  3.834E-15  2.711E-15  1.917E-15  1.212E-15  8.572E-16
3d7(4F)7p_5Fo                  4.896E-15  3.462E-15  2.448E-15  1.548E-15  1.095E-15
3d7(4F)7p_5Do                  3.466E-15  2.451E-15  1.733E-15  1.096E-15  7.750E-16
3d7(4F)7p_5Go                  6.175E-15  4.366E-15  3.087E-15  1.953E-15  1.381E-15
3d7(4F)7p_3Do                  1.727E-15  1.221E-15  8.632E-16  5.460E-16  3.861E-16
3d7(4F)7p_3Fo                  1.956E-15  1.383E-15  9.781E-16  6.186E-16  4.374E-16
3d7(4F)6d_3He                  4.650E-15  3.288E-15  2.325E-15  1.470E-15  1.040E-15
3d7(4F)5g_3Ibe                 1.616E-15  1.143E-15  8.079E-16  5.110E-16  3.613E-16
3d7(4F)5g_5Ibe                 1.322E-15  9.348E-16  6.610E-16  4.181E-16  2.956E-16
3d7(4F)5g_5Hbe                 1.028E-15  7.268E-16  5.139E-16  3.250E-16  2.298E-16
3d7(4F)5g_5Kbe                 1.614E-15  1.141E-15  8.071E-16  5.104E-16  3.609E-16
3d6(3H)4s4p_3Ibo               5.482E-15  3.876E-15  2.741E-15  1.733E-15  1.226E-15
3d7(2F)5s_1Fe                  1.004E-15  7.097E-16  5.018E-16  3.174E-16  2.244E-16
3d6(1D)4s4p_3Do                2.120E-15  1.499E-15  1.060E-15  6.703E-16  4.740E-16
3d7(4F)6d_5Gbe                 1.956E-15  1.383E-15  9.778E-16  6.184E-16  4.373E-16
3d6(1D)4s4p_3Po                8.083E-16  5.715E-16  4.041E-16  2.556E-16  1.807E-16
3d7(4F)6d_5Fbe                 9.799E-16  6.929E-16  4.899E-16  3.099E-16  2.191E-16
3d6(1D)4s4p_3Dbo               4.136E-16  2.924E-16  2.068E-16  1.308E-16  9.247E-17
3d7(4F)6d_5Dbe                 1.081E-15  7.640E-16  5.402E-16  3.417E-16  2.416E-16
3d6(5D)4s5s_7De                4.436E-15  3.137E-15  2.218E-15  1.403E-15  9.919E-16
3d7(4F)6d_3Fe                  2.609E-15  1.845E-15  1.304E-15  8.249E-16  5.833E-16
3d7(4F)6d_3Pe                  5.091E-16  3.600E-16  2.546E-16  1.610E-16  1.138E-16
3d7(4F)7p_5Gbo                 8.848E-16  6.256E-16  4.424E-16  2.798E-16  1.978E-16
3d6(3H)4s4p_3Gbo               1.375E-15  9.720E-16  6.873E-16  4.347E-16  3.074E-16
3d6(3P)4s4p_3Dbo               1.452E-15  1.027E-15  7.260E-16  4.591E-16  3.247E-16
3d7(4F)7p_5Dbo                 3.725E-16  2.634E-16  1.862E-16  1.178E-16  8.329E-17
3d6(3F)4s4p_3Gbo               1.096E-15  7.748E-16  5.478E-16  3.465E-16  2.450E-16
3d6(5D)4p2_7Pe                 1.837E-15  1.299E-15  9.185E-16  5.809E-16  4.108E-16
3d6(3P)4s4p_3Sbo               3.570E-16  2.524E-16  1.785E-16  1.129E-16  7.982E-17
3d7(4P)6s_5Pe                  1.725E-15  1.220E-15  8.624E-16  5.454E-16  3.857E-16
3d7(4F)7p_3Gbo                 8.199E-16  5.797E-16  4.099E-16  2.593E-16  1.833E-16
3d7(4P)4f_5Do                  2.806E-15  1.984E-15  1.403E-15  8.874E-16  6.275E-16
3d7(4P)4f_3Do                  1.677E-15  1.186E-15  8.385E-16  5.303E-16  3.750E-16
3d7(4P)4f_3Go                  1.996E-15  1.411E-15  9.977E-16  6.310E-16  4.462E-16
3d7(4P)4f_5Go                  5.000E-15  3.536E-15  2.500E-15  1.581E-15  1.118E-15
3d6(3H)4s4p_3Hbo               3.630E-15  2.567E-15  1.815E-15  1.148E-15  8.116E-16
3d7(4P)6s_3Pe                  9.781E-16  6.916E-16  4.890E-16  3.093E-16  2.187E-16
3d7(4P)4f_5Gbo                 9.844E-16  6.961E-16  4.922E-16  3.113E-16  2.201E-16
3d7(4F)8s_5Fe                  1.198E-15  8.469E-16  5.989E-16  3.788E-16  2.678E-16
3d7(4P)4f_3Fo                  1.507E-15  1.066E-15  7.535E-16  4.766E-16  3.370E-16
3d7(4P)4f_5Fo                  2.437E-15  1.723E-15  1.218E-15  7.706E-16  5.449E-16
3d6(5D)4p2_5De                 1.695E-15  1.198E-15  8.474E-16  5.359E-16  3.789E-16
3d7(4F)8s_3Fe                  9.507E-16  6.722E-16  4.753E-16  3.006E-16  2.126E-16
3d7(4F)6f_3Fo                  9.465E-16  6.693E-16  4.733E-16  2.993E-16  2.116E-16
3d7(4F)6f_5Go                  1.367E-15  9.667E-16  6.835E-16  4.323E-16  3.057E-16
3d7(4F)6f_3Go                  1.157E-15  8.178E-16  5.783E-16  3.657E-16  2.586E-16
3d7(4F)6f_5Ho                  1.576E-15  1.114E-15  7.880E-16  4.984E-16  3.524E-16
3d7(4F)6f_5Fo                  1.156E-15  8.171E-16  5.778E-16  3.654E-16  2.584E-16
3d7(4F)6f_5Do                  1.678E-15  1.187E-15  8.390E-16  5.306E-16  3.752E-16
3d7(4F)6f_3Do                  7.345E-16  5.193E-16  3.672E-16  2.323E-16  1.642E-16
3d7(4F)6f_5Io                  1.783E-15  1.261E-15  8.916E-16  5.639E-16  3.988E-16
3d7(4F)6f_5Po                  5.240E-16  3.705E-16  2.620E-16  1.657E-16  1.172E-16
3d7(4F)6f_3Io                  1.569E-15  1.110E-15  7.845E-16  4.962E-16  3.509E-16
3d7(4F)6f_3Po                  8.361E-16  5.912E-16  4.181E-16  2.644E-16  1.870E-16
3d7(4F)6f_3Ho                  1.360E-15  9.615E-16  6.799E-16  4.300E-16  3.040E-16
3d7(4F)8s_5Fbe                 1.146E-15  8.106E-16  5.732E-16  3.625E-16  2.563E-16
3d7(4F)6f_3So                  3.113E-16  2.201E-16  1.557E-16  9.845E-17  6.961E-17
Total Recom. Rate=             4.011E-12  2.834E-12  2.004E-12  1.267E-12  8.960E-13
