********************************************************************************
                                                                                
                 Super level asisgnments for MgV
                 E%LS option with /\E%=5.0%
                                                                                
                             g        E(cm^-1)    10^15 Hz     eV       Lam(A)  
********************************************************************************
                                                                                
26-Jun-2001                            !Date
311                                    !Number of energy levels
6                                      !Entry number of link to super level
  
2s2_2p4_3Pe[2]               5.0          0.0000    34.1590   8.776E+01     1     0      1
2s2_2p4_3Pe[1]               3.0       1783.1000    34.1055   8.790E+01     1     0      2
2s2_2p4_3Pe[0]               1.0       2521.8000    34.0834   8.796E+01     1     0      3
2s2_2p4_1De[2]               5.0      35926.0000    33.0819   9.062E+01     2     0      4
2s2_2p4_1Se[0]               1.0      77279.0000    31.8422   9.415E+01     3     0      5
2s_2p5_3Po[2]                5.0     283212.3000    25.6685   1.168E+02     4     0      6
2s_2p5_3Po[1]                3.0     284828.3000    25.6200   1.170E+02     4     0      7
2s_2p5_3Po[0]                1.0     285712.0000    25.5935   1.171E+02     4     0      8
2s_2p5_1Po[1]                3.0     397482.0000    22.2427   1.348E+02     5     0      9
2p6_1Se[0]                   1.0     662970.0000    14.2836   2.099E+02     6     0     10
2s2_2p3(4So)3s_5So           5.0     673127.2910    13.9791   2.145E+02     7     0     11
2s2_2p3(4So)3s_3So[1]        3.0     684541.0000    13.6369   2.198E+02     8     0     12
2s2_2p3(2Do)3s_3Do[3]        7.0     727742.0000    12.3418   2.429E+02     9     0     13
2s2_2p3(2Do)3s_3Do[2]        5.0     727763.0000    12.3412   2.429E+02     9     0     14
2s2_2p3(2Do)3s_3Do[1]        3.0     727782.0000    12.3406   2.429E+02     9     0     15
2s2_2p3(2Do)3s_1Do[2]        5.0     735546.0000    12.1078   2.476E+02    10     0     16
2s2_2p3(4So)3p_5Pe          15.0     736226.1600    12.0874   2.480E+02    11     0     17
2s2_2p3(4So)3p_3Pe           9.0     750984.2670    11.6450   2.574E+02    12     0     18
2s2_2p3(2Po)3s_3Po[0]        1.0     756545.0000    11.4783   2.612E+02     9     0     19
2s2_2p3(2Po)3s_3Po[1]        3.0     756566.0000    11.4777   2.612E+02     9     0     20
2s2_2p3(2Po)3s_3Po[2]        5.0     756641.0000    11.4754   2.612E+02     9     0     21
2s2_2p3(2Po)3s_1Po[1]        3.0     764628.0000    11.2360   2.668E+02    10     0     22
2s2_2p3(2Do)3p_1Pe           3.0     788791.5310    10.5116   2.852E+02    13     0     23
2s2_2p3(2Do)3p_3De          15.0     791093.0430    10.4426   2.871E+02    14     0     24
2s2_2p3(2Do)3p_3Fe          21.0     795506.8610    10.3103   2.908E+02    14     0     25
2s2_2p3(2Do)3p_1Fe           7.0     798221.8240    10.2289   2.931E+02    13     0     26
2s2_2p3(2Do)3p_3Pe           9.0     812574.4890     9.7986   3.060E+02    14     0     27
2s2_2p3(4So)3d_5Do          25.0     812671.5950     9.7957   3.060E+02    15     0     28
2s2_2p3(2Po)3p_3Se           3.0     819578.1330     9.5886   3.127E+02    14     0     29
2s2_2p3(4So)3d_3Do[1]        3.0     821974.0000     9.5168   3.150E+02    16     0     30
2s2_2p3(4So)3d_3Do[2]        5.0     821989.0000     9.5163   3.150E+02    16     0     31
2s2_2p3(4So)3d_3Do[3]        7.0     822066.0000     9.5140   3.151E+02    16     0     32
2s2_2p3(2Do)3p_1De           5.0     822670.5080     9.4959   3.157E+02    13     0     33
2s2_2p3(2Po)3p_3De          15.0     824203.1810     9.4500   3.172E+02    14     0     34
2s2_2p3(2Po)3p_1Pe           3.0     828007.3330     9.3359   3.211E+02    13     0     35
2s2_2p3(2Po)3p_3Pe           9.0     833197.9980     9.1803   3.266E+02    17     0     36
2s2_2p3(2Po)3p_1De           5.0     842221.8470     8.9098   3.365E+02    18     0     37
2s2_2p3(2Po)3p_1Se           1.0     865974.7720     8.1977   3.657E+02    18     0     38
2s2_2p3(2Do)3d_1So           1.0     867554.4960     8.1503   3.678E+02    19     0     39
2s2_2p3(2Do)3d_3Fo          21.0     867570.5140     8.1498   3.679E+02    20     0     40
2s2_2p3(2Do)3d_3Go          27.0     870923.1730     8.0493   3.724E+02    20     0     41
2s2_2p3(2Do)3d_3Do[3]        7.0     871216.0000     8.0406   3.729E+02    20     0     42
2s2_2p3(2Do)3d_3Do[2]        5.0     871357.0000     8.0363   3.730E+02    20     0     43
2s2_2p3(2Do)3d_3Do[1]        3.0     871390.0000     8.0353   3.731E+02    20     0     44
2s2_2p3(2Do)3d_1Go           9.0     872236.6060     8.0100   3.743E+02    19     0     45
2s2_2p3(2Do)3d_1Po[1]        3.0     873456.0000     7.9734   3.760E+02    19     0     46
2s2_2p3(2Do)3d_3Po[2]        5.0     876795.0000     7.8733   3.808E+02    20     0     47
2s2_2p3(2Do)3d_3Po[1]        3.0     877283.0000     7.8587   3.815E+02    20     0     48
2s2_2p3(2Do)3d_3Po[0]        1.0     877463.0000     7.8533   3.817E+02    20     0     49
2s2_2p3(2Do)3d_1Do[2]        5.0     877611.0000     7.8488   3.820E+02    19     0     50
2s2_2p3(2Do)3d_3So[1]        3.0     879515.0000     7.7918   3.848E+02    20     0     51
2s2_2p3(2Do)3d_1Fo[3]        7.0     882791.0000     7.6935   3.897E+02    19     0     52
2s2_2p3(2Po)3d_3Po[0]        1.0     898757.0000     7.2149   4.155E+02    20     0     53
2s2_2p3(2Po)3d_3Po[1]        3.0     898962.0000     7.2087   4.159E+02    20     0     54
2s2_2p3(2Po)3d_3Po[2]        5.0     899369.0000     7.1965   4.166E+02    20     0     55
2s2_2p3(2Po)3d_3Fo          21.0     900058.9730     7.1759   4.178E+02    20     0     56
2s2_2p3(2Po)3d_1Do[2]        5.0     901474.0000     7.1334   4.203E+02    19     0     57
2s2_2p3(2Po)3d_3Do[3]        7.0     902152.0000     7.1131   4.215E+02    20     0     58
2s2_2p3(2Po)3d_3Do[2]        5.0     902509.0000     7.1024   4.221E+02    20     0     59
2s2_2p3(2Po)3d_3Do[1]        3.0     902766.0000     7.0947   4.226E+02    20     0     60
2s2_2p3(2Po)3d_1Fo[3]        7.0     905370.0000     7.0166   4.273E+02    19     0     61
2s2_2p3(4So)4s_5So           5.0     907411.9980     6.9554   4.310E+02    21     0     62
2s2_2p3(4So)4s_3So[1]        3.0     910750.0000     6.8554   4.373E+02    20     0     63
2s2_2p3(2Po)3d_1Po[1]        3.0     914500.0000     6.7429   4.446E+02    22     0     64
2s_2p4(4Pe)3s_5Pe           15.0     922775.7670     6.4948   4.616E+02    23     0     65
2s2_2p3(4So)4p_5Pe          15.0     935787.9690     6.1047   4.911E+02    23     0     66
2s2_2p3(4So)4p_3Pe           9.0     938214.6170     6.0320   4.970E+02    24     0     67
2s_2p4(4Pe)3s_3Pe[2]         5.0     940449.0000     5.9650   5.026E+02    24     0     68
2s_2p4(4Pe)3s_3Pe[1]         3.0     941944.0000     5.9202   5.064E+02    24     0     69
2s_2p4(4Pe)3s_3Pe[0]         1.0     942634.0000     5.8995   5.082E+02    24     0     70
2s2_2p3(4So)4d_5Do          25.0     957693.8770     5.4480   5.503E+02    25     0     71
2s2_2p3(2Do)4s_3Do[3]        7.0     962075.0000     5.3167   5.639E+02    26     0     72
2s2_2p3(2Do)4s_3Do[2]        5.0     962103.0000     5.3158   5.640E+02    26     0     73
2s2_2p3(2Do)4s_3Do[1]        3.0     962114.0000     5.3155   5.640E+02    26     0     74
2s2_2p3(4So)4d_3Do[1]        3.0     962407.0000     5.3067   5.649E+02    26     0     75
2s2_2p3(4So)4d_3Do[2]        5.0     962407.0000     5.3067   5.649E+02    26     0     76
2s2_2p3(4So)4d_3Do[3]        7.0     962445.0000     5.3056   5.651E+02    26     0     77
2s2_2p3(2Do)4s_1Do[2]        5.0     964836.0000     5.2339   5.728E+02    27     0     78
2s2_2p3(4So)4f_5Fe          35.0     967055.0950     5.1674   5.802E+02    23     0     79
2s2_2p3(4So)4f_3Fe          21.0     967366.4340     5.1580   5.812E+02    24     0     80
2s_2p4(4Pe)3p_5Po           15.0     984051.6450     4.6578   6.436E+02    25     0     81
2s2_2p3(2Do)4p_3De          15.0     985578.3120     4.6121   6.500E+02    28     0     82
2s2_2p3(2Do)4p_1Pe           3.0     986410.2200     4.5871   6.536E+02    29     0     83
2s2_2p3(2Do)4p_3Fe          21.0     988036.9950     4.5383   6.606E+02    28     0     84
2s2_2p3(2Do)4p_1Fe           7.0     988987.0320     4.5099   6.647E+02    29     0     85
2s2_2p3(2Po)4s_3Po[2]        5.0     990600.0000     4.4615   6.720E+02    26     0     86
2s2_2p3(2Po)4s_3Po[0]        1.0     990600.0000     4.4615   6.720E+02    26     0     87
2s2_2p3(2Po)4s_3Po[1]        3.0     990600.0000     4.4615   6.720E+02    26     0     88
2s_2p4(4Pe)3p_5Do           25.0     991315.5730     4.4401   6.752E+02    25     0     89
2s2_2p3(2Po)4s_1Po[1]        3.0     993349.0000     4.3791   6.846E+02    27     0     90
2s2_2p3(2Do)4p_3Pe           9.0     993828.3160     4.3647   6.869E+02    28     0     91
2s2_2p3(4So)5s_5So           5.0     996216.9230     4.2931   6.983E+02    25     0     92
2s2_2p3(2Do)4p_1De           5.0     998759.6980     4.2169   7.109E+02    29     0     93
2s_2p4(4Pe)3p_3Do           15.0    1000266.3430     4.1717   7.186E+02    26     0     94
2s_2p4(4Pe)3p_3So            3.0    1001027.1730     4.1489   7.226E+02    26     0     95
2s2_2p3(4So)5s_3So           3.0    1006422.0610     3.9872   7.519E+02    26     0     96
2s_2p4(4Pe)3p_5So            5.0    1006722.3890     3.9782   7.536E+02    30     0     97
2s_2p4(4Pe)3p_3Po            9.0    1009905.8640     3.8827   7.721E+02    26     0     98
2s2_2p3(4So)5p_5Pe          15.0    1011757.8850     3.8272   7.833E+02    31     0     99
2s2_2p3(2Do)4d_1So           1.0    1013049.2940     3.7885   7.913E+02    27     0    100
2s2_2p3(2Do)4d_3Fo          21.0    1013449.7310     3.7765   7.938E+02    32     0    101
2s2_2p3(2Do)4d_3Do[3]        7.0    1013839.0000     3.7648   7.963E+02    32     0    102
2s2_2p3(2Do)4d_3Do[2]        5.0    1013897.0000     3.7631   7.967E+02    32     0    103
2s2_2p3(2Do)4d_3Do[1]        3.0    1013931.0000     3.7621   7.969E+02    32     0    104
2s2_2p3(2Do)4d_3Go          27.0    1014390.7590     3.7483   7.998E+02    32     0    105
2s2_2p3(2Po)4p_3Se           3.0    1014410.7800     3.7477   7.999E+02    28     0    106
2s2_2p3(4So)5p_3Pe           9.0    1014500.8790     3.7450   8.005E+02    28     0    107
2s2_2p3(2Do)4d_1Go           9.0    1014961.3810     3.7312   8.035E+02    33     0    108
2s2_2p3(2Po)4p_3De          15.0    1015261.7090     3.7222   8.054E+02    28     0    109
2s2_2p3(2Do)4d_1Po[1]        3.0    1015615.0000     3.7116   8.077E+02    33     0    110
2s2_2p3(2Po)4p_1Pe           3.0    1016793.3810     3.6763   8.155E+02    29     0    111
2s2_2p3(2Do)4d_3Po[2]        5.0    1017620.0000     3.6515   8.210E+02    32     0    112
2s2_2p3(2Do)4d_3Po[1]        3.0    1018000.0000     3.6401   8.236E+02    32     0    113
2s2_2p3(2Do)4d_3Po[0]        1.0    1018200.0000     3.6341   8.249E+02    32     0    114
2s2_2p3(2Do)4d_1Do[2]        5.0    1018430.0000     3.6272   8.265E+02    33     0    115
2s2_2p3(2Do)4d_3So           3.0    1019095.8940     3.6072   8.311E+02    32     0    116
2s2_2p3(2Do)4d_1Fo[3]        7.0    1019500.0000     3.5951   8.339E+02    33     0    117
2s2_2p3(2Po)4p_1De           5.0    1020267.1720     3.5721   8.393E+02    29     0    118
2s_2p4(2De)3s_3De[1]         3.0    1020345.0000     3.5698   8.398E+02    28     0    119
2s_2p4(2De)3s_3De[2]         5.0    1020419.0000     3.5676   8.403E+02    28     0    120
2s_2p4(2De)3s_3De[3]         7.0    1020522.0000     3.5645   8.411E+02    28     0    121
2s2_2p3(2Po)4p_3Pe           9.0    1021118.1010     3.5466   8.453E+02    28     0    122
2s2_2p3(2Do)4f_3Ge          27.0    1022549.6630     3.5037   8.556E+02    28     0    123
2s2_2p3(2Do)4f_3Fe          21.0    1022559.6740     3.5034   8.557E+02    28     0    124
2s2_2p3(2Do)4f_3De          15.0    1022649.7730     3.5007   8.564E+02    28     0    125
2s2_2p3(2Do)4f_1Pe           3.0    1022659.7840     3.5004   8.565E+02    29     0    126
2s2_2p3(2Do)4f_3He          33.0    1022799.9370     3.4962   8.575E+02    28     0    127
2s2_2p3(2Do)4f_1He          11.0    1022809.9480     3.4959   8.576E+02    29     0    128
2s2_2p3(2Do)4f_1De           5.0    1022839.9800     3.4950   8.578E+02    29     0    129
2s2_2p3(2Do)4f_1Fe           7.0    1022839.9800     3.4950   8.578E+02    29     0    130
2s2_2p3(2Do)4f_1Ge           9.0    1022890.0350     3.4935   8.581E+02    29     0    131
2s2_2p3(2Do)4f_3Pe           9.0    1023010.1660     3.4899   8.590E+02    28     0    132
2s2_2p3(4So)5d_5Do          25.0    1024461.7500     3.4464   8.699E+02    30     0    133
2s2_2p3(4So)5d_3Do[3]        7.0    1026780.0000     3.3769   8.878E+02    32     0    134
2s2_2p3(4So)5d_3Do[2]        5.0    1026780.0000     3.3769   8.878E+02    32     0    135
2s2_2p3(4So)5d_3Do[1]        3.0    1026780.0000     3.3769   8.878E+02    32     0    136
2s2_2p3(4So)5f_5Fe          35.0    1028716.3940     3.3188   9.033E+02    31     0    137
2s2_2p3(4So)5f_3Fe          21.0    1029116.8310     3.3068   9.066E+02    28     0    138
2s2_2p3(2Po)4p_1Se           1.0    1031669.6170     3.2303   9.281E+02    29     0    139
2s_2p4(2De)3s_1De            5.0    1039718.4020     2.9890   1.003E+03    34     0    140
2s2_2p3(2Po)4d_3Po[0]        1.0    1042450.0000     2.9071   1.031E+03    32     0    141
2s2_2p3(2Po)4d_3Po[1]        3.0    1042570.0000     2.9035   1.033E+03    32     0    142
2s2_2p3(2Po)4d_3Po[2]        5.0    1042800.0000     2.8966   1.035E+03    32     0    143
2s2_2p3(2Po)4d_3Fo          21.0    1042841.8110     2.8953   1.035E+03    32     0    144
2s2_2p3(2Po)4d_3Do[3]        7.0    1043860.0000     2.8648   1.046E+03    32     0    145
2s2_2p3(2Po)4d_3Do[1]        3.0    1043860.0000     2.8648   1.046E+03    32     0    146
2s2_2p3(2Po)4d_3Do[2]        5.0    1043860.0000     2.8648   1.046E+03    32     0    147
2s2_2p3(2Po)4d_1Do           5.0    1043872.9360     2.8644   1.047E+03    33     0    148
2s2_2p3(2Po)4d_1Fo[3]        7.0    1045350.0000     2.8201   1.063E+03    33     0    149
2s2_2p3(4So)6s_5So           5.0    1047116.4770     2.7672   1.083E+03    30     0    150
2s2_2p3(4So)6s_3So           3.0    1048147.6020     2.7363   1.096E+03    32     0    151
2s2_2p3(2Po)4d_1Po           3.0    1050450.1150     2.6673   1.124E+03    33     0    152
2s2_2p3(2Po)4f_3De          15.0    1051271.0110     2.6426   1.134E+03    35     0    153
2s2_2p3(2Po)4f_3Ge          27.0    1051381.1310     2.6393   1.136E+03    35     0    154
2s2_2p3(2Po)4f_1Fe           7.0    1051461.2190     2.6369   1.137E+03    34     0    155
2s2_2p3(2Po)4f_3Fe          21.0    1051481.2400     2.6363   1.137E+03    35     0    156
2s2_2p3(2Po)4f_1De           5.0    1051541.3060     2.6345   1.138E+03    34     0    157
2s2_2p3(2Po)4f_1Ge           9.0    1051581.3500     2.6333   1.138E+03    34     0    158
2s2_2p3(4So)6p_5Pe          15.0    1052852.7370     2.5952   1.155E+03    31     0    159
2s2_2p3(4So)6p_3Pe           9.0    1054494.5290     2.5460   1.178E+03    35     0    160
2s2_2p3(2Do)5s_3Do          15.0    1056236.4300     2.4938   1.202E+03    32     0    161
2s2_2p3(2Do)5s_1Do           5.0    1057657.9820     2.4512   1.223E+03    33     0    162
2s_2p4(4Pe)3d_5De           25.0    1057728.0580     2.4491   1.224E+03    31     0    163
2s2_2p3(4So)6d_5Do          25.0    1060120.6700     2.3773   1.261E+03    36     0    164
2s2_2p3(4So)6f_5Fe          35.0    1060471.0520     2.3668   1.267E+03    31     0    165
2s2_2p3(4So)6d_3Do          15.0    1061862.5710     2.3251   1.289E+03    32     0    166
2s2_2p3(4So)6f_3Fe          21.0    1062293.0410     2.3122   1.297E+03    35     0    167
2s2_2p3(2Do)5p_1Pe           3.0    1066657.8050     2.1814   1.374E+03    34     0    168
2s_2p4(4Pe)3d_5Fe           35.0    1067558.7880     2.1543   1.392E+03    37     0    169
2s2_2p3(2Do)5p_3Fe          21.0    1067598.8320     2.1531   1.392E+03    35     0    170
2s2_2p3(2Do)5p_3De          15.0    1067628.8650     2.1522   1.393E+03    35     0    171
2s2_2p3(2Do)5p_1Fe           7.0    1068059.3340     2.1393   1.401E+03    34     0    172
2s2_2p3(2Do)5p_3Pe           9.0    1069901.3450     2.0841   1.438E+03    35     0    173
2s_2p4(4Pe)3d_5Pe           15.0    1070191.6620     2.0754   1.444E+03    37     0    174
2s_2p4(4Pe)3d_3Fe           21.0    1073134.8740     1.9872   1.509E+03    35     0    175
2s2_2p3(4So)7s_5So           5.0    1073425.1910     1.9785   1.515E+03    36     0    176
2s2_2p3(2Do)5p_1De           5.0    1073675.4640     1.9710   1.521E+03    34     0    177
2s2_2p3(4So)7s_3So           3.0    1074085.9120     1.9587   1.531E+03    38     0    178
2s_2p4(4Pe)3d_3De[3]         7.0    1075090.0000     1.9286   1.554E+03    35     0    179
2s_2p4(4Pe)3d_3De[2]         5.0    1075090.0000     1.9286   1.554E+03    35     0    180
2s_2p4(4Pe)3d_3De[1]         3.0    1075090.0000     1.9286   1.554E+03    35     0    181
2s2_2p3(4So)7p_5Pe          15.0    1077389.5180     1.8596   1.612E+03    37     0    182
2s2_2p3(4So)7p_3Pe           9.0    1077890.0640     1.8446   1.625E+03    35     0    183
2s2_2p3(2Do)5d_3Fo          21.0    1079712.0530     1.7900   1.675E+03    38     0    184
2s2_2p3(2Do)5d_1So           1.0    1079722.0630     1.7897   1.675E+03    39     0    185
2s2_2p3(2Do)5d_3Do          15.0    1080302.6970     1.7723   1.692E+03    38     0    186
2s2_2p3(2Do)5d_3Go          27.0    1080372.7740     1.7702   1.694E+03    38     0    187
2s2_2p3(2Do)5d_1Po           3.0    1080452.8610     1.7678   1.696E+03    39     0    188
2s2_2p3(2Do)5d_1Go           9.0    1080663.0910     1.7615   1.702E+03    39     0    189
2s_2p4(4Pe)3d_3Pe            9.0    1080863.3090     1.7555   1.708E+03    35     0    190
2s2_2p3(4So)7d_5Do          25.0    1081453.9540     1.7378   1.725E+03    36     0    191
2s2_2p3(2Do)5d_3Po[1]        3.0    1081880.0000     1.7250   1.738E+03    38     0    192
2s2_2p3(2Do)5d_3Po[2]        5.0    1081880.0000     1.7250   1.738E+03    38     0    193
2s_2p4(2Se)3s_3Se            3.0    1082254.8280     1.7138   1.749E+03    35     0    194
2s2_2p3(2Do)5d_1Fo[3]        7.0    1082450.0000     1.7079   1.755E+03    39     0    195
2s2_2p3(2Do)5d_3So           3.0    1082755.3740     1.6988   1.765E+03    38     0    196
2s2_2p3(4So)7d_3Do          15.0    1082915.5490     1.6940   1.770E+03    38     0    197
2s2_2p3(2Do)5d_1Do           5.0    1083065.7130     1.6895   1.774E+03    39     0    198
2s2_2p3(4So)7f_5Fe          35.0    1083646.3470     1.6721   1.793E+03    37     0    199
2s2_2p3(4So)7f_3Fe          21.0    1083746.4560     1.6691   1.796E+03    35     0    200
2s2_2p3(2Do)5f_1Pe           3.0    1084437.2100     1.6483   1.819E+03    34     0    201
2s2_2p3(2Do)5f_3Ge          27.0    1084437.2100     1.6483   1.819E+03    35     0    202
2s2_2p3(2Do)5f_3Fe          21.0    1084467.2430     1.6474   1.820E+03    35     0    203
2s2_2p3(2Do)5f_3De          15.0    1084477.2530     1.6471   1.820E+03    35     0    204
2s2_2p3(2Do)5f_1De           5.0    1084547.3300     1.6450   1.822E+03    34     0    205
2s2_2p3(2Do)5f_3Pe           9.0    1084597.3850     1.6435   1.824E+03    35     0    206
2s2_2p3(2Do)5f_3He          33.0    1084697.4940     1.6405   1.827E+03    35     0    207
2s2_2p3(2Do)5f_1Fe           7.0    1084697.4940     1.6405   1.827E+03    34     0    208
2s2_2p3(2Do)5f_1He          11.0    1084707.5050     1.6402   1.828E+03    34     0    209
2s2_2p3(2Do)5f_1Ge           9.0    1084747.5480     1.6390   1.829E+03    34     0    210
2s2_2p3(2Po)5s_3Po           9.0    1084927.7450     1.6336   1.835E+03    38     0    211
2s2_2p3(2Do)5g_1Do           5.0    1084967.7890     1.6324   1.836E+03    39     0    212
2s2_2p3(2Do)5g_3Do          15.0    1084977.8000     1.6321   1.837E+03    38     0    213
2s2_2p3(2Po)5s_1Po           3.0    1086579.5480     1.5841   1.892E+03    39     0    214
2s_2p4(2De)3p_1Po            3.0    1086579.5480     1.5841   1.892E+03    39     0    215
2s_2p4(2De)3p_1Fo            7.0    1089813.0770     1.4872   2.016E+03    39     0    216
2s2_2p3(4So)8s_5So           5.0    1089933.2080     1.4836   2.021E+03    36     0    217
2s2_2p3(4So)8s_3So           3.0    1090373.6890     1.4704   2.039E+03    38     0    218
2s_2p4(2De)3p_3Do           15.0    1092085.5570     1.4191   2.113E+03    38     0    219
2s2_2p3(4So)8p_5Pe          15.0    1092395.8960     1.4097   2.127E+03    37     0    220
2s2_2p3(4So)8p_3Pe           9.0    1092896.4420     1.3947   2.149E+03    35     0    221
2s_2p4(2De)3p_3Po            9.0    1095088.8350     1.3290   2.256E+03    38     0    222
2s2_2p3(4So)8d_5Do          25.0    1095218.9770     1.3251   2.262E+03    36     0    223
2s2_2p3(2Po)5p_1Pe           3.0    1095509.2940     1.3164   2.277E+03    40     0    224
2s2_2p3(4So)8d_3Do          15.0    1095939.7640     1.3035   2.300E+03    38     0    225
2s_2p4(2Se)3s_1Se            1.0    1096139.9830     1.2975   2.311E+03    40     0    226
2s2_2p3(2Po)5p_3De          15.0    1096240.0920     1.2945   2.316E+03    35     0    227
2s2_2p3(4So)8f_5Fe          35.0    1096570.4520     1.2846   2.334E+03    37     0    228
2s2_2p3(4So)8f_3Fe          21.0    1096590.4740     1.2840   2.335E+03    35     0    229
2s_2p4(2De)3p_1Do            5.0    1097121.0530     1.2681   2.364E+03    39     0    230
2s2_2p3(2Po)5p_3Se           3.0    1097691.6760     1.2510   2.396E+03    35     0    231
2s2_2p3(2Po)5p_3Pe           9.0    1097731.7200     1.2498   2.399E+03    35     0    232
2s2_2p3(2Po)5p_1De           5.0    1098542.6050     1.2255   2.446E+03    40     0    233
2s2_2p3(4So)9s_5So           5.0    1100945.2270     1.1534   2.599E+03    36     0    234
2s2_2p3(4So)9s_3So           3.0    1101255.5660     1.1441   2.620E+03    38     0    235
2s2_2p3(4So)9p_5Pe          15.0    1102637.0740     1.1027   2.719E+03    37     0    236
2s2_2p3(4So)9p_3Pe           9.0    1102907.3690     1.0946   2.739E+03    35     0    237
2s2_2p3(2Do)6s_1Do           5.0    1103127.6090     1.0880   2.755E+03    39     0    238
2s2_2p3(2Do)6s_3Do          15.0    1103137.6200     1.0877   2.756E+03    38     0    239
2s2_2p3(4So)9d_5Do          25.0    1104609.2260     1.0436   2.873E+03    36     0    240
2s2_2p3(4So)9d_3Do          15.0    1105049.7070     1.0304   2.909E+03    38     0    241
2s2_2p3(4So)9f_5Fe          35.0    1105530.2310     1.0160   2.951E+03    37     0    242
2s2_2p3(4So)9f_3Fe          21.0    1105540.2420     1.0157   2.952E+03    41     0    243
2s2_2p3(2Po)5p_1Se           1.0    1105680.3950     1.0115   2.964E+03    40     0    244
2s2_2p3(2Do)6p_1Pe           3.0    1107322.1870     0.9623   3.115E+03    40     0    245
2s2_2p3(2Do)6p_3Pe           9.0    1107802.7120     0.9479   3.163E+03    41     0    246
2s2_2p3(2Do)6p_3De          15.0    1108553.5310     0.9254   3.240E+03    41     0    247
2s2_2p3(4So)10s_5So          5.0    1108653.6400     0.9224   3.250E+03    36     0    248
2s2_2p3(2Do)6p_3Fe          21.0    1108663.6510     0.9221   3.251E+03    41     0    249
2s2_2p3(2Po)5d_3Fo          21.0    1108863.8700     0.9160   3.273E+03    38     0    250
2s2_2p3(4So)10s_3So          3.0    1108873.8810     0.9157   3.274E+03    38     0    251
2s2_2p3(2Do)6p_1Fe           7.0    1108913.9250     0.9145   3.278E+03    40     0    252
2s2_2p3(2Po)5d_3Po           9.0    1109354.4050     0.9013   3.326E+03    38     0    253
2s2_2p3(4So)10p_5Pe         15.0    1109864.9630     0.8860   3.384E+03    37     0    254
2s2_2p3(2Po)5d_1Do[2]        5.0    1109990.0000     0.8823   3.398E+03    39     0    255
2s2_2p3(2Po)5d_3Do          15.0    1110015.1260     0.8815   3.401E+03    38     0    256
2s2_2p3(4So)10p_3Pe          9.0    1110745.9240     0.8596   3.487E+03    41     0    257
2s2_2p3(2Po)5d_1Fo           7.0    1111046.2520     0.8506   3.524E+03    39     0    258
2s2_2p3(4So)10d_5Do         25.0    1111296.5250     0.8431   3.556E+03    36     0    259
2s_2p4(2Pe)3s_3Pe            9.0    1111506.7540     0.8368   3.583E+03    41     0    260
2s2_2p3(4So)10d_3Do         15.0    1111716.9840     0.8305   3.610E+03    38     0    261
2s2_2p3(4So)10f_5Fe         35.0    1111957.2460     0.8233   3.641E+03    37     0    262
2s2_2p3(2Do)6p_1De           5.0    1112017.3120     0.8215   3.649E+03    40     0    263
2s2_2p3(2Po)5d_1Po           3.0    1112567.9130     0.8050   3.724E+03    39     0    264
2s2_2p3(2Po)5f_3De          15.0    1113098.4920     0.7891   3.799E+03    41     0    265
2s2_2p3(2Po)5f_3Ge          27.0    1113148.5460     0.7876   3.806E+03    41     0    266
2s2_2p3(2Po)5f_1Fe           7.0    1113318.7320     0.7825   3.831E+03    40     0    267
2s2_2p3(2Po)5f_1De           5.0    1113318.7320     0.7825   3.831E+03    40     0    268
2s2_2p3(2Po)5f_1Ge           9.0    1113398.8200     0.7801   3.843E+03    40     0    269
2s2_2p3(2Do)6d_1So           1.0    1115481.0920     0.7177   4.177E+03    39     0    270
2s2_2p3(2Do)6d_3Fo          21.0    1115701.3330     0.7111   4.216E+03    38     0    271
2s2_2p3(2Do)6d_1Go           9.0    1116011.6710     0.7018   4.272E+03    39     0    272
2s2_2p3(2Do)6d_1Po           3.0    1116802.5340     0.6781   4.421E+03    39     0    273
2s2_2p3(2Do)6d_3Po           9.0    1116852.5890     0.6766   4.431E+03    38     0    274
2s_2p4(2Pe)3s_1Pe            3.0    1117293.0700     0.6633   4.519E+03    40     0    275
2s2_2p3(2Do)6d_1Do           5.0    1117803.6270     0.6480   4.626E+03    39     0    276
2s2_2p3(2Do)6d_1Fo           7.0    1117953.7910     0.6435   4.658E+03    39     0    277
2s2_2p3(2Do)6f_3Ge          27.0    1118123.9770     0.6384   4.696E+03    41     0    278
2s2_2p3(2Do)6f_1Pe           3.0    1118184.0420     0.6366   4.709E+03    40     0    279
2s2_2p3(2Do)6f_3De          15.0    1118194.0530     0.6363   4.711E+03    41     0    280
2s2_2p3(2Do)6f_1De           5.0    1118264.1300     0.6342   4.727E+03    40     0    281
2s2_2p3(2Do)6f_1Fe           7.0    1118324.1950     0.6324   4.740E+03    40     0    282
2s2_2p3(2Do)6f_1He          11.0    1118364.2390     0.6312   4.749E+03    40     0    283
2s2_2p3(2Do)6f_1Ge           9.0    1118374.2500     0.6309   4.752E+03    40     0    284
2s2_2p3(2Do)6g_1Do           5.0    1118534.4250     0.6261   4.788E+03    39     0    285
2s2_2p3(2Do)7s_1Do           5.0    1129236.1050     0.3053   9.819E+03    39     0    286
2s2_2p3(2Po)6s_3Po           9.0    1131058.0940     0.2507   1.196E+04    42     0    287
2s2_2p3(2Po)6s_1Po           3.0    1131828.9350     0.2276   1.317E+04    39     0    288
2s2_2p3(2Do)7p_3De          15.0    1132529.7000     0.2066   1.451E+04    41     0    289
2s2_2p3(2Do)7p_1Fe           7.0    1132810.0060     0.1982   1.513E+04    40     0    290
2s2_2p3(2Do)7p_1Pe           3.0    1133070.2900     0.1904   1.575E+04    40     0    291
2s2_2p3(2Do)7p_1De           5.0    1134491.8410     0.1477   2.029E+04    40     0    292
2s2_2p3(2Do)7d_1So           1.0    1136844.4090     0.0772   3.883E+04    43     0    293
2s2_2p3(2Do)7d_3Fo          21.0    1136914.4850     0.0751   3.991E+04    42     0    294
2s2_2p3(2Do)7d_1Go           9.0    1137174.7690     0.0673   4.454E+04    43     0    295
2s2_2p3(2Po)6p_3Se           3.0    1137224.8240     0.0658   4.555E+04    41     0    296
2s2_2p3(2Po)6p_3De          15.0    1137264.8680     0.0646   4.640E+04    41     0    297
2s2_2p3(2Do)7d_1Po           3.0    1137525.1520     0.0568   5.277E+04    43     0    298
2s2_2p3(2Po)6p_1Pe           3.0    1137695.3380     0.0517   5.798E+04    40     0    299
2s2_2p3(2Do)7d_3Po           9.0    1137725.3700     0.0508   5.901E+04    42     0    300
2s2_2p3(2Do)7d_1Do           5.0    1138095.7750     0.0397   7.552E+04    43     0    301
2s2_2p3(2Do)7f_3Ge          27.0    1138235.9280     0.0355   8.445E+04    41     0    302
2s2_2p3(2Do)7d_1Fo           7.0    1138326.0260     0.0328   9.141E+04    43     0    303
2s2_2p3(2Do)7f_1De           5.0    1138336.0370     0.0325   9.225E+04    40     0    304
2s2_2p3(2Do)7f_3De          15.0    1138486.2010     0.0280   1.071E+05    41     0    305
2s2_2p3(2Do)7f_1Pe           3.0    1138526.2450     0.0268   1.119E+05    40     0    306
2s2_2p3(2Do)7f_1Ge           9.0    1138586.3100     0.0250   1.199E+05    40     0    307
2s2_2p3(2Do)7f_1Fe           7.0    1138586.3100     0.0250   1.199E+05    40     0    308
2s2_2p3(2Do)7f_1He          11.0    1138666.3970     0.0226   1.327E+05    40     0    309
2s2_2p3(2Do)7g_1Do           5.0    1138776.5180     0.0193   1.554E+05    43     0    310
2s2_2p3(2Po)6p_1De           5.0    1138846.5940     0.0172   1.744E+05    40     0    311
