********************************************************************************

Reference: Butler K., Zeippen C.J. 1994, A&AS 108, 1 (ADIP-V) (TIPBASE)

********************************************************************************

10                              !Number of transitions.
11                              !Number of T values OMEGA tabulated at.
1.0                             !Scaling factor for OMEGA (non-FILE values).
0.1                             !Value for OMEGA if f=0.

Transition\T                                    3.000E+00  3.200E+00  3.400E+00  3.600E+00  3.800E+00  4.000E+00  4.200E+00  4.400E+00  4.600E+00  4.800E+00  5.000E+00

2s2_2p4_3Pe[2]       -2s2_2p4_3Pe[1]            5.713E+00  5.442E+00  5.419E+00  5.475E+00  5.270E+00  4.672E+00  3.830E+00  2.969E+00  2.242E+00  1.711E+00  1.365E+00
2s2_2p4_3Pe[2]       -2s2_2p4_3Pe[0]            2.011E+00  1.899E+00  1.857E+00  1.833E+00  1.725E+00  1.498E+00  1.204E+00  9.141E-01  6.752E-01  5.038E-01  3.947E-01
2s2_2p4_3Pe[2]       -2s2_2p4_1De[2]            6.664E-01  6.824E-01  6.757E-01  6.632E-01  6.498E-01  6.308E-01  6.057E-01  5.802E-01  5.607E-01  5.490E-01  5.553E-01
2s2_2p4_3Pe[2]       -2s2_2p4_1Se[0]            4.941E-02  5.083E-02  5.647E-02  6.538E-02  7.351E-02  7.828E-02  8.022E-02  8.074E-02  8.028E-02  7.897E-02  7.750E-02
2s2_2p4_3Pe[1]       -2s2_2p4_3Pe[0]            9.500E-01  9.357E-01  9.932E-01  1.081E+00  1.111E+00  1.041E+00  8.972E-01  7.296E-01  5.785E-01  4.618E-01  3.818E-01
2s2_2p4_3Pe[1]       -2s2_2p4_1De[2]            3.998E-01  4.094E-01  4.054E-01  3.979E-01  3.899E-01  3.785E-01  3.634E-01  3.481E-01  3.364E-01  3.294E-01  3.332E-01
2s2_2p4_3Pe[1]       -2s2_2p4_1Se[0]            2.964E-02  3.050E-02  3.388E-02  3.923E-02  4.411E-02  4.697E-02  4.813E-02  4.844E-02  4.817E-02  4.738E-02  4.650E-02
2s2_2p4_3Pe[0]       -2s2_2p4_1De[2]            1.333E-01  1.365E-01  1.351E-01  1.326E-01  1.300E-01  1.262E-01  1.211E-01  1.160E-01  1.121E-01  1.098E-01  1.111E-01
2s2_2p4_3Pe[0]       -2s2_2p4_1Se[0]            9.883E-03  1.017E-02  1.129E-02  1.308E-02  1.470E-02  1.566E-02  1.604E-02  1.615E-02  1.606E-02  1.579E-02  1.550E-02
2s2_2p4_1De[2]       -2s2_2p4_1Se[0]            2.578E-01  3.012E-01  3.662E-01  4.176E-01  4.294E-01  4.167E-01  4.245E-01  4.628E-01  4.871E-01  4.706E-01  4.277E-01
