 HeI   3    11     2     3   5017.150
 0.15200   0.000   0.10E17  4  
 10000.0 20000.0 40000.0 80000.0 
   0.408   0.370   0.326   0.280
  -0.406  -0.267  -0.155  -0.072
   0.144   0.155   0.171   0.192
 HeI   5    13     2     4   5049.219
 0.00830   0.000   0.10E19  4  
 10000.0 20000.0 40000.0 80000.0 
  75.500  81.700  82.300  77.900
   1.090   0.880   0.710   0.580 
   0.380   0.360   0.360   0.370
 HeI   5    10     2     3   6680.093
 0.71100   0.000   0.10E17  4  
 10000.0 20000.0 40000.0 80000.0  
   0.439   0.390   0.346   0.302
   0.387   0.315   0.265   0.228
   0.142   0.155   0.169   0.187
 HeI   4     6     2     3   7067.241
 0.06930   0.531   0.10E19  4  
 10000.0 20000.0 40000.0 80000.0
  22.500  26.500  29.300  30.300
   1.370   1.140   0.910   0.720 
   0.200   0.180   0.160   0.160
 HeI   5     7     2     3   7282.462
 0.04800   0.000   0.10E19  4  
 10000.0 20000.0 40000.0 80000.0 
  38.900  43.600  45.800  44.900
   1.200   0.980   0.780   0.630 
   0.230   0.210   0.200   0.210
 HeI   2     4     2     3  10833.461
 0.53980   -1.250  0.10E17  4  
 10000.0 20000.0 40000.0 80000.0 
   0.031   0.043   0.055   0.063
   0.366   0.354   0.319   0.278 
   0.005   0.004   0.003   0.003
 HeI   2     8     2     3   3889.806
 0.06450   0.000   0.10E17  4  
 10000.0 20000.0 40000.0 80000.0
   0.127   0.128   0.125   0.116
   0.518   0.380   0.256   0.151
   0.064   0.063   0.065   0.068
 HeI   4    20     2     5   4120.80
 0.00365   0.181   0.10E19  4  
 10000.0 20000.0 40000.0 80000.0 
  98.400 108.000 111.000 105.000
   1.140   0.910   0.730   0.590 
   0.490   0.450   0.450   0.460
 HeI   5    21     2     5     4437.55
 0.00310   0.000   0.10E19  4  
 10000.0 20000.0 40000.0 80000.0 
 168.000 176.000 172.000 158.000
   0.990   0.790   0.640   0.520
   0.560   0.540   0.550   0.590
 HeI   4    12     2     4    4713.20
 0.01180   0.230   0.10E17  4  
 10000.0 20000.0 40000.0 80000.0
   0.443   0.518   0.545   0.525
   1.081   0.828   0.651   0.509 
   0.094   0.084   0.081   0.083
 HeI   4     9     2     3   5875.65
 0.61500   0.350   0.10E17  4  
 10000.0 20000.0 40000.0 80000.0 
   0.186   0.186   0.182   0.172
  -0.336  -0.124   0.043   0.143
   0.058   0.058   0.059   0.061
 N2    8    15     3     4   4601.48  4643
 0.0000   0.000   0.10E17  5
  5000.0  10000.0  20000.0  40000.0  80000.0 
 3.48e-3  4.63e-3  6.38e-3  8.37e-3  9.87e-3
   1.679    1.418    1.062   0.760     0.557 
   0.025    0.020    0.016   0.013     0.011 
 N2    7    11     3     4   4895.12
 0.0000   0.000   0.10E17  5
  5000.0  10000.0  20000.0  40000.0  80000.0 
 2.41e-3  3.73e-3  5.49e-3  7.37e-3  8.78e-3
   1.132    0.849    0.643   0.494     0.388 
   0.015    0.011    0.008   0.007     0.006 
 N2    9    11     3     4   6482.05
 0.0000   0.000   0.10E17  5
  5000.0  10000.0  20000.0  40000.0  80000.0 
 4.23e-3  6.54e-3  9.63e-3  1.29e-2  1.54e-2
   1.132    0.849    0.643   0.494     0.388 
   0.015    0.011    0.008   0.007     0.006 
 N2    8    12     3     4   5666    5730
 0.0000   0.000   0.10E17  5
  5000.0  10000.0  20000.0  40000.0  80000.0 
 3.89e-3  5.58e-3  8.04e-3  1.08e-2  1.29e-2
   1.503    1.177    0.864   0.629     0.472 
   0.021    0.016    0.012   0.010     0.008 
 N2   12    18     3     4   5002 5045
 0.0000   0.000   0.10E17  5
  5000.0  10000.0  20000.0  40000.0  80000.0 
 3.38e-3  4.63e-3  6.54e-3  8.79e-3  1.06e-2
   1.634    1.353    1.011   0.728     0.537 
   0.023    0.018    0.014   0.011     0.010 
 N2   15    20     3     4   5927  5960
 0.0000   0.000   0.10E17  5
  5000.0  10000.0  20000.0  40000.0  80000.0 
 4.06e-3  6.40e-3  9.69e-3  1.34e-2  1.64e-2
   1.120    0.793    0.571   0.427     0.331 
   0.016    0.011    0.008   0.007     0.006 
 N2   11    19     3     4   4447   4447
 0.0000   0.000   0.10E17  5
  5000.0  10000.0  20000.0  40000.0  80000.0 
 2.51e-3  3.49e-3  5.02e-3  6.87e-3  8.46e-3
   1.591    1.275    0.918   0.643     0.463 
   0.022    0.017    0.013   0.010     0.009 
