********************************************************************************

   Super level assignments for CoV
   E%LS option with E%=10.0%

********************************************************************************

29-Nov-2000                            !Date
1000                                   !Number of energy levels
6                                      !Entry number of link to super level
  
3d5_6Se[5/2]                6.0          0.0000    19.2167   1.560E+02     1     0      1
3d5_4Ge[11/2]              12.0      37217.5000    18.1009   1.656E+02     2     0      2
3d5_4Ge[9/2]               10.0      37288.8000    18.0988   1.656E+02     2     0      3
3d5_4Ge[5/2]                6.0      37289.5000    18.0988   1.656E+02     2     0      4
3d5_4Ge[7/2]                8.0      37304.0000    18.0984   1.656E+02     2     0      5
3d5_4Pe[5/2]                6.0      40753.2000    17.9949   1.666E+02     3     0      6
3d5_4Pe[3/2]                4.0      40890.9000    17.9908   1.666E+02     3     0      7
3d5_4Pe[1/2]                2.0      41023.8000    17.9868   1.667E+02     3     0      8
3d5_4De[7/2]                8.0      44709.1000    17.8764   1.677E+02     4     0      9
3d5_4De[1/2]                2.0      44907.5000    17.8704   1.678E+02     4     0     10
3d5_4De[5/2]                6.0      44984.1000    17.8681   1.678E+02     4     0     11
3d5_4De[3/2]                4.0      44986.7000    17.8680   1.678E+02     4     0     12
3d5_2Ie[11/2]              12.0      54339.2000    17.5876   1.705E+02     5     0     13
3d5_2Ie[13/2]              14.0      54376.6000    17.5865   1.705E+02     5     0     14
3d5_2D3e[5/2]               6.0      57082.6000    17.5054   1.713E+02     5     0     15
3d5_2D3e[3/2]               4.0      57823.2000    17.4832   1.715E+02     5     0     16
3d5_2F1e[7/2]               8.0      59454.9000    17.4343   1.720E+02     6     0     17
3d5_2F1e[5/2]               6.0      60532.2000    17.4020   1.723E+02     6     0     18
3d5_4Fe[9/2]               10.0      60830.3000    17.3931   1.724E+02     7     0     19
3d5_4Fe[7/2]                8.0      60973.6000    17.3888   1.724E+02     7     0     20
3d5_4Fe[3/2]                4.0      61213.2000    17.3816   1.725E+02     7     0     21
3d5_4Fe[5/2]                6.0      61284.5000    17.3794   1.725E+02     7     0     22
3d5_2He[9/2]               10.0      64742.3000    17.2758   1.735E+02     6     0     23
3d5_2He[11/2]              12.0      65283.8000    17.2595   1.737E+02     6     0     24
3d5_2G2e[7/2]               8.0      66228.7000    17.2312   1.740E+02     8     0     25
3d5_2G2e[9/2]              10.0      66760.4000    17.2153   1.741E+02     8     0     26
3d5_2F2e[5/2]               6.0      70502.5000    17.1031   1.753E+02     8     0     27
3d5_2F2e[7/2]               8.0      70652.8000    17.0986   1.753E+02     8     0     28
3d5_2Se[1/2]                2.0      76864.5000    16.9124   1.773E+02     9     0     29
3d5_2D2e[3/2]               4.0      85573.5000    16.6513   1.800E+02    10     0     30
3d5_2D2e[5/2]               6.0      85636.2000    16.6494   1.801E+02    10     0     31
3d5_2G1e[9/2]              10.0      95708.7000    16.3474   1.834E+02    11     0     32
3d5_2G1e[7/2]               8.0      95726.5000    16.3469   1.834E+02    11     0     33
3d5_2Pe[3/2]                4.0     115437.1000    15.7560   1.903E+02    12     0     34
3d5_2Pe[1/2]                2.0     115468.5000    15.7550   1.903E+02    12     0     35
3d5_2D1e[5/2]               6.0     125022.7000    15.4686   1.938E+02    12     0     36
3d5_2D1e[3/2]               4.0     125068.8000    15.4672   1.938E+02    12     0     37
3d4(5D)4s_6De[1/2]          2.0     205878.9000    13.0446   2.298E+02    13     0     38
3d4(5D)4s_6De[3/2]          4.0     206108.5000    13.0377   2.299E+02    13     0     39
3d4(5D)4s_6De[5/2]          6.0     206476.0000    13.0267   2.301E+02    13     0     40
3d4(5D)4s_6De[7/2]          8.0     206962.2000    13.0121   2.304E+02    13     0     41
3d4(5D)4s_6De[9/2]         10.0     207548.5000    12.9945   2.307E+02    13     0     42
3d4(5D)4s_4De[1/2]          2.0     216820.5000    12.7166   2.357E+02    14     0     43
3d4(5D)4s_4De[3/2]          4.0     217171.0000    12.7061   2.359E+02    14     0     44
3d4(5D)4s_4De[5/2]          6.0     217713.2000    12.6898   2.362E+02    14     0     45
3d4(5D)4s_4De[7/2]          8.0     218407.2000    12.6690   2.366E+02    14     0     46
3d4(3P2)4s_4Pe[1/2]         2.0     235199.9000    12.1656   2.464E+02    14     0     47
3d4(3H)4s_4He[7/2]          8.0     235961.1000    12.1428   2.469E+02    14     0     48
3d4(3H)4s_4He[9/2]         10.0     236158.0000    12.1369   2.470E+02    14     0     49
3d4(3P2)4s_4Pe[3/2]         4.0     236353.1000    12.1310   2.471E+02    14     0     50
3d4(3H)4s_4He[11/2]        12.0     236431.2000    12.1287   2.472E+02    14     0     51
3d4(3H)4s_4He[13/2]        14.0     236746.0000    12.1192   2.474E+02    14     0     52
3d4(3P2)4s_4Pe[5/2]         6.0     238106.2000    12.0785   2.482E+02    14     0     53
3d4(3F2)4s_4Fe[3/2]         4.0     238129.6000    12.0778   2.482E+02    14     0     54
3d4(3F2)4s_4Fe[5/2]         6.0     238164.6000    12.0767   2.482E+02    14     0     55
3d4(3F2)4s_4Fe[7/2]         8.0     238259.1000    12.0739   2.483E+02    14     0     56
3d4(3F2)4s_4Fe[9/2]        10.0     238390.3000    12.0699   2.484E+02    14     0     57
3d4(3G)4s_4Ge[5/2]          6.0     241174.1000    11.9865   2.501E+02    15     0     58
3d4(3G)4s_4Ge[7/2]          8.0     241582.4000    11.9742   2.504E+02    15     0     59
3d4(3G)4s_4Ge[9/2]         10.0     241875.4000    11.9655   2.505E+02    15     0     60
3d4(3G)4s_4Ge[11/2]        12.0     241985.3000    11.9622   2.506E+02    15     0     61
3d4(3P2)4s_2Pe[1/2]         2.0     242340.3000    11.9515   2.508E+02    16     0     62
3d4(3H)4s_2He[9/2]         10.0     242765.0000    11.9388   2.511E+02    16     0     63
3d4(3H)4s_2He[11/2]        12.0     243455.2000    11.9181   2.515E+02    16     0     64
3d4(3P2)4s_2Pe[3/2]         4.0     244485.4000    11.8872   2.522E+02    16     0     65
3d4(3F2)4s_2Fe[7/2]         8.0     244821.2000    11.8771   2.524E+02    16     0     66
3d4(3F2)4s_2Fe[5/2]         6.0     244866.7000    11.8758   2.524E+02    16     0     67
3d4(3G)4s_2Ge[7/2]          8.0     248098.9000    11.7789   2.545E+02    16     0     68
3d4(3G)4s_2Ge[9/2]         10.0     248698.2000    11.7609   2.549E+02    16     0     69
3d4(3D)4s_4De[7/2]          8.0     248855.9000    11.7562   2.550E+02    15     0     70
3d4(3D)4s_4De[5/2]          6.0     249006.8000    11.7517   2.551E+02    15     0     71
3d4(3D)4s_4De[3/2]          4.0     249179.7000    11.7465   2.552E+02    15     0     72
3d4(3D)4s_4De[1/2]          2.0     249300.0000    11.7429   2.553E+02    15     0     73
3d4(1G2)4s_2Ge[9/2]        10.0     251582.2000    11.6745   2.568E+02    16     0     74
3d4(1G2)4s_2Ge[7/2]         8.0     251701.5000    11.6709   2.569E+02    16     0     75
3d4(1I)4s_2Ie[13/2]        14.0     252331.9000    11.6520   2.573E+02    16     0     76
3d4(1I)4s_2Ie[11/2]        12.0     252385.0000    11.6504   2.573E+02    16     0     77
3d4(1S2)4s_2Se[1/2]         2.0     255002.9000    11.5719   2.591E+02    16     0     78
3d4(3D)4s_2De[5/2]          6.0     255292.5000    11.5632   2.593E+02    16     0     79
3d4(3D)4s_2De[3/2]          4.0     255484.1000    11.5575   2.594E+02    16     0     80
3d4(1D2)4s_2De[5/2]         6.0     261994.0000    11.3623   2.638E+02    16     0     81
3d4(1D2)4s_2De[3/2]         4.0     262077.3000    11.3598   2.639E+02    16     0     82
3d4(1F)4s_2Fe[5/2]          6.0     268877.0000    11.1560   2.687E+02    17     0     83
3d4(1F)4s_2Fe[7/2]          8.0     268885.8000    11.1557   2.687E+02    17     0     84
3d4(3P1)4s_4Pe[5/2]         6.0     276608.8000    10.9242   2.744E+02    18     0     85
3d4(3F1)4s_4Fe[9/2]        10.0     277192.4000    10.9067   2.749E+02    18     0     86
3d4(3F1)4s_4Fe[3/2]         4.0     277330.2000    10.9025   2.750E+02    18     0     87
3d4(3F1)4s_4Fe[7/2]         8.0     277360.7000    10.9016   2.750E+02    18     0     88
3d4(3F1)4s_4Fe[5/2]         6.0     277376.8000    10.9011   2.750E+02    18     0     89
3d4(3P1)4s_4Pe[3/2]         4.0     277747.9000    10.8900   2.753E+02    18     0     90
3d4(3P)4s_4Pe[1/2]          2.0     277974.9510    10.8832   2.755E+02    18     0     91
3d4(5D)4p_6Fo[1/2]          2.0     278407.0000    10.8703   2.758E+02    19     0     92
3d4(5D)4p_6Fo[3/2]          4.0     278703.5000    10.8614   2.760E+02    19     0     93
3d4(5D)4p_6Fo[5/2]          6.0     279192.4000    10.8467   2.764E+02    19     0     94
3d4(5D)4p_6Fo[7/2]          8.0     279871.1000    10.8264   2.769E+02    19     0     95
3d4(5D)4p_6Fo[9/2]         10.0     280748.2000    10.8001   2.776E+02    19     0     96
3d4(5D)4p_6Po[3/2]          4.0     280778.7000    10.7992   2.776E+02    19     0     97
3d4(5D)4p_6Po[5/2]          6.0     280923.5000    10.7948   2.777E+02    19     0     98
3d4(5D)4p_6Po[7/2]          8.0     281201.4000    10.7865   2.779E+02    19     0     99
3d4(5D)4p_6Fo[11/2]        12.0     281860.6000    10.7667   2.784E+02    19     0    100
3d4(5D)4p_4Po[1/2]          2.0     282002.8000    10.7625   2.786E+02    20     0    101
3d4(5D)4p_4Po[3/2]          4.0     282995.6000    10.7327   2.793E+02    20     0    102
3d4(3P)4s_2Pe[3/2]          4.0     283100.8290    10.7295   2.794E+02    17     0    103
3d4(3F1)4s_2Fe[7/2]         8.0     283592.1000    10.7148   2.798E+02    17     0    104
3d4(3F1)4s_2Fe[5/2]         6.0     283736.7000    10.7105   2.799E+02    17     0    105
3d4(3P)4s_2Pe[1/2]          2.0     284207.8420    10.6964   2.803E+02    17     0    106
3d4(5D)4p_4Po[5/2]          6.0     284259.9000    10.6948   2.803E+02    20     0    107
3d4(5D)4p_6Do[1/2]          2.0     285033.7000    10.6716   2.809E+02    19     0    108
3d4(5D)4p_6Do[3/2]          4.0     285248.1000    10.6652   2.811E+02    19     0    109
3d4(5D)4p_6Do[7/2]          8.0     285335.0000    10.6626   2.812E+02    19     0    110
3d4(5D)4p_6Do[5/2]          6.0     285643.0000    10.6533   2.814E+02    19     0    111
3d4(5D)4p_6Do[9/2]         10.0     285855.7000    10.6470   2.816E+02    19     0    112
3d4(5D)4p_4Fo[3/2]          4.0     288539.7000    10.5665   2.837E+02    20     0    113
3d4(5D)4p_4Fo[5/2]          6.0     288738.4000    10.5605   2.839E+02    20     0    114
3d4(5D)4p_4Fo[7/2]          8.0     289029.0000    10.5518   2.841E+02    20     0    115
3d4(5D)4p_4Fo[9/2]         10.0     289447.5000    10.5393   2.845E+02    20     0    116
3d4(1G1)4s_2Ge[9/2]        10.0     289449.2000    10.5392   2.845E+02    17     0    117
3d4(1G1)4s_2Ge[7/2]         8.0     289495.1000    10.5379   2.845E+02    17     0    118
3d4(5D)4p_4Do[1/2]          2.0     295510.0000    10.3575   2.894E+02    20     0    119
3d4(5D)4p_4Do[3/2]          4.0     295741.8000    10.3506   2.896E+02    20     0    120
3d4(5D)4p_4Do[5/2]          6.0     296071.4000    10.3407   2.899E+02    20     0    121
3d4(5D)4p_4Do[7/2]          8.0     296430.2000    10.3299   2.902E+02    20     0    122
3d4(3H)4p_4Ho[7/2]          8.0     306046.4000    10.0417   2.985E+02    20     0    123
3d4(3H)4p_4Ho[9/2]         10.0     306372.8000    10.0319   2.988E+02    20     0    124
3d4(3P2)4p_4Do[1/2]         2.0     306725.2000    10.0213   2.992E+02    20     0    125
3d4(3H)4p_4Ho[11/2]        12.0     306854.6000    10.0174   2.993E+02    20     0    126
3d4(3H)4p_4Ho[13/2]        14.0     307496.4000     9.9982   2.998E+02    20     0    127
3d4(3P2)4p_4Do[3/2]         4.0     307649.2000     9.9936   3.000E+02    20     0    128
3d4(3P2)4p_4Do[5/2]         6.0     308863.5000     9.9572   3.011E+02    20     0    129
3d4(3F2)4p_4Go[5/2]         6.0     309225.4000     9.9464   3.014E+02    21     0    130
3d4(3F2)4po[7/2]            8.0     309481.8000     9.9387   3.016E+02    21     0    131
3d4(3H)4p_4Io[9/2]         10.0     309625.8000     9.9343   3.018E+02    21     0    132
3d4(3P2)4p_4Do[7/2]         8.0     309993.7000     9.9233   3.021E+02    20     0    133
3d4(3H)4po[9/2]            10.0     310031.1000     9.9222   3.021E+02    20     0    134
3d4(3P2)4po[1/2]            2.0     310357.9000     9.9124   3.024E+02    21     0    135
3d4(3H)4p_4Io[11/2]        12.0     310649.4000     9.9037   3.027E+02    21     0    136
3d4(3H)4p_4Go[11/2]        12.0     310842.1000     9.8979   3.029E+02    21     0    137
3d4(3H)4p_2Go[7/2]          8.0     311005.7000     9.8930   3.030E+02    22     0    138
3d4(3H)4p_2Go[9/2]         10.0     311479.6000     9.8788   3.035E+02    22     0    139
3d4(3H)4p_4Io[13/2]        14.0     311534.5000     9.8771   3.035E+02    21     0    140
3d4(3P2)4p_4Po[3/2]         4.0     311912.5000     9.8658   3.039E+02    21     0    141
3d4(3F2)4po[3/2]            4.0     312235.6000     9.8561   3.042E+02    21     0    142
3d4(3H)4p_4Io[15/2]        16.0     312260.6000     9.8554   3.042E+02    21     0    143
3d4(3P2)4pbo[1/2]           2.0     312518.0000     9.8476   3.044E+02    23     0    144
3d4(3H)4p_4Go[5/2]          6.0     312792.9000     9.8394   3.047E+02    21     0    145
3d4(3F2)4po[5/2]            6.0     313083.1000     9.8307   3.050E+02    21     0    146
3d4(3H)4p_4Go[7/2]          8.0     313142.7000     9.8289   3.050E+02    21     0    147
3d4(3H)4p_4Go[9/2]         10.0     313278.7000     9.8248   3.051E+02    21     0    148
3d4(3P2)4p_4Po[5/2]         6.0     313311.0000     9.8239   3.052E+02    21     0    149
3d4(3F2)4p_4Go[11/2]       12.0     313577.1000     9.8159   3.054E+02    21     0    150
3d4(3F2)4p_4Fo[7/2]         8.0     313626.7000     9.8144   3.055E+02    21     0    151
3d4(3F2)4p_4Fo[9/2]        10.0     313817.8000     9.8087   3.056E+02    21     0    152
3d4(3P2)4po[3/2]            4.0     313825.8000     9.8084   3.056E+02    21     0    153
3d4(3F2)4pbo[5/2]           6.0     314219.1000     9.7966   3.060E+02    23     0    154
3d4(1D)4s_2De[5/2]          6.0     314424.3300     9.7905   3.062E+02    24     0    155
3d4(1D)4s_2De[3/2]          4.0     314426.0080     9.7904   3.062E+02    24     0    156
3d4(3F2)4pbo[3/2]           4.0     314454.8000     9.7896   3.062E+02    23     0    157
3d4(3F2)4pco[5/2]           6.0     314845.5000     9.7779   3.066E+02    23     0    158
3d4(3P2)4pco[1/2]           2.0     314997.3000     9.7733   3.067E+02    23     0    159
3d4(3P2)4po[7/2]            8.0     315092.2000     9.7705   3.068E+02    21     0    160
3d4(3H)4p_2Io[11/2]        12.0     315216.1000     9.7668   3.070E+02    22     0    161
3d4(3F2)4p_4Do[3/2]         4.0     315255.4000     9.7656   3.070E+02    21     0    162
3d4(3H)4p_2Io[13/2]        14.0     315289.8000     9.7645   3.070E+02    22     0    163
3d4(3G)4po[5/2]             6.0     315657.5000     9.7535   3.074E+02    21     0    164
3d4(3F2)4po[1/2]            2.0     315868.7000     9.7472   3.076E+02    21     0    165
3d4(3H)4p_2Ho[9/2]         10.0     315916.7000     9.7458   3.076E+02    22     0    166
3d4(3G)4p_4Ho[7/2]          8.0     316132.0000     9.7393   3.078E+02    21     0    167
3d4(3P2)4pbo[3/2]           4.0     316178.9000     9.7379   3.079E+02    23     0    168
3d4(3G)4po[7/2]             8.0     316254.0000     9.7356   3.079E+02    21     0    169
3d4(3G)4p_4Fo[9/2]         10.0     316581.0000     9.7258   3.082E+02    21     0    170
3d4(3G)4p_4Fo[3/2]          4.0     316761.0000     9.7204   3.084E+02    21     0    171
3d4(3G)4p_4Fo[5/2]          6.0     316859.2000     9.7175   3.085E+02    21     0    172
3d4(3H)4p_2Ho[11/2]        12.0     316884.4000     9.7167   3.085E+02    22     0    173
3d4(3G)4p_4Fo[7/2]          8.0     316911.6000     9.7159   3.086E+02    21     0    174
3d4(3G)4p_4Ho[9/2]         10.0     316936.2000     9.7152   3.086E+02    21     0    175
3d4(3G)4p_4Ho[11/2]        12.0     317669.7000     9.6932   3.093E+02    21     0    176
3d4(3P2)4p_2Do[3/2]         4.0     317941.0000     9.6851   3.095E+02    22     0    177
3d4(3G)4p_4Ho[13/2]        14.0     318344.6000     9.6730   3.099E+02    21     0    178
3d4(3P2)4p_2Do[5/2]         6.0     319088.9000     9.6507   3.106E+02    22     0    179
3d4(3F2)4p_2Fo[5/2]         6.0     319497.2000     9.6384   3.110E+02    22     0    180
3d4(3F2)4pbo[7/2]           8.0     319611.9000     9.6350   3.112E+02    23     0    181
3d4(3G)4p_2Ho[11/2]        12.0     319724.1000     9.6316   3.113E+02    22     0    182
3d4(3G)4po[9/2]            10.0     319915.7000     9.6259   3.114E+02    21     0    183
3d4(3G)4p_2Ho[9/2]         10.0     320012.1000     9.6230   3.115E+02    22     0    184
3d4(3F2)4p_2Fo[7/2]         8.0     320234.5000     9.6163   3.118E+02    22     0    185
3d4(3G)4p_4Go[5/2]          6.0     320378.1000     9.6120   3.119E+02    21     0    186
3d4(3G)4p_4Go[7/2]          8.0     320644.6000     9.6040   3.122E+02    21     0    187
3d4(3G)4p_4Go[9/2]         10.0     321122.2000     9.5897   3.126E+02    21     0    188
3d4(3G)4p_4Go[11/2]        12.0     321521.4000     9.5777   3.130E+02    21     0    189
3d4(3D)4p_4Do[1/2]          2.0     323018.6000     9.5328   3.145E+02    21     0    190
3d4(3D)4p_4Do[3/2]          4.0     323076.2000     9.5311   3.145E+02    21     0    191
3d4(3D)4p_4Po[5/2]          6.0     323169.4000     9.5283   3.146E+02    21     0    192
3d4(3D)4p_4Do[7/2]          8.0     323690.1000     9.5127   3.151E+02    21     0    193
3d4(3D)4p_4Do[5/2]          6.0     324205.8000     9.4973   3.157E+02    21     0    194
3d4(3G)4p_2Go[7/2]          8.0     324477.5000     9.4891   3.159E+02    22     0    195
3d4(1I)4p_2Io[13/2]        14.0     324571.5000     9.4863   3.160E+02    22     0    196
3d4(3G)4p_2Go[9/2]         10.0     324630.4000     9.4845   3.161E+02    22     0    197
3d4(1I)4p_2Io[11/2]        12.0     324767.7000     9.4804   3.162E+02    22     0    198
3d4(1G2)4po[7/2]            8.0     324818.6000     9.4789   3.163E+02    21     0    199
3d4(3D)4p_4Po[3/2]          4.0     325125.5000     9.4697   3.166E+02    21     0    200
3d4(1G2)4p_2Ho[9/2]        10.0     325584.5000     9.4559   3.170E+02    22     0    201
3d4(3D)4p_4Fo[3/2]          4.0     325639.8000     9.4543   3.171E+02    21     0    202
3d4(3D)4p_4Po[1/2]          2.0     325735.1000     9.4514   3.172E+02    21     0    203
3d4(3D)4p_4Fo[5/2]          6.0     325941.4000     9.4452   3.174E+02    21     0    204
3d4(1G2)4p_2Fo[5/2]         6.0     326135.6000     9.4394   3.176E+02    22     0    205
3d4(1G2)4p_2Ho[11/2]       12.0     326267.9000     9.4354   3.177E+02    22     0    206
3d4(3D)4p_4Fo[7/2]          8.0     326285.1000     9.4349   3.177E+02    21     0    207
3d4(3D)4p_2Po[3/2]          4.0     326288.8000     9.4348   3.178E+02    22     0    208
3d4(1I)4p_2Ko[13/2]        14.0     326428.3000     9.4306   3.179E+02    22     0    209
3d4(3D)4p_4Fo[9/2]         10.0     326560.0000     9.4267   3.180E+02    21     0    210
3d4(3D)4p_2Pbo[1/2]         2.0     326870.8330     9.4174   3.183E+02    22     0    211
3d4(1I)4p_2Ko[15/2]        16.0     327462.4000     9.3996   3.189E+02    22     0    212
3d4(1G2)4p_2Go[7/2]         8.0     328818.4000     9.3590   3.203E+02    22     0    213
3d4(1G2)4p_2Go[9/2]        10.0     329319.8000     9.3439   3.208E+02    22     0    214
3d4(1I)4p_2Ho[11/2]        12.0     330773.4000     9.3004   3.223E+02    22     0    215
3d4(1S2)4p_2Po[3/2]         4.0     331156.7000     9.2889   3.227E+02    22     0    216
3d4(3D)4p_2Po[1/2]          2.0     331431.1000     9.2806   3.230E+02    22     0    217
3d4(1I)4p_2Ho[9/2]         10.0     331484.4000     9.2790   3.231E+02    22     0    218
3d4(3D)4p_2Fo[7/2]          8.0     331624.4000     9.2748   3.232E+02    22     0    219
3d4(3D)4p_2Fo[5/2]          6.0     332053.0000     9.2620   3.237E+02    22     0    220
3d4(3D)4p_2Do[5/2]          6.0     332114.2000     9.2602   3.237E+02    22     0    221
3d4(3D)4p_2Do[3/2]          4.0     332906.6000     9.2364   3.246E+02    22     0    222
3d4(1D2)4p_2Do[3/2]         4.0     334690.2000     9.1829   3.265E+02    22     0    223
3d4(1D2)4p_2Do[5/2]         6.0     335164.1000     9.1687   3.270E+02    22     0    224
3d4(1D2)4p_2Fo[5/2]         6.0     336414.8000     9.1312   3.283E+02    22     0    225
3d4(1D2)4p_2Fo[7/2]         8.0     337129.9000     9.1098   3.291E+02    22     0    226
3d4(1F)4p_2Fo[5/2]          6.0     340989.5000     8.9941   3.333E+02    22     0    227
3d4(1D2)4p_2Po[3/2]         4.0     341093.0000     8.9910   3.334E+02    22     0    228
3d4(1D2)4p_2Po[1/2]         2.0     341110.0000     8.9905   3.335E+02    22     0    229
3d4(1F)4p_2Fo[7/2]          8.0     341550.0000     8.9773   3.339E+02    22     0    230
3d4(1F)4p_2Go[7/2]          8.0     343541.4000     8.9176   3.362E+02    25     0    231
3d4(1S)4s_2Se[1/2]          2.0     344100.2210     8.9008   3.368E+02    24     0    232
3d4(1F)4p_2Go[9/2]         10.0     344949.4000     8.8754   3.378E+02    25     0    233
3d4(1F)4p_2Do[5/2]          6.0     345942.1000     8.8456   3.389E+02    25     0    234
3d4(1F)4p_2Do[3/2]          4.0     347632.3000     8.7949   3.409E+02    25     0    235
3d4(3F1)4p_4Fo[5/2]         6.0     349525.8000     8.7382   3.431E+02    26     0    236
3d4(3F1)4p_4Fo[3/2]         4.0     349607.6000     8.7357   3.432E+02    26     0    237
3d4(3F1)4p_4Fo[7/2]         8.0     349646.9000     8.7345   3.432E+02    26     0    238
3d4(3F1)4p_4Fo[9/2]        10.0     350024.0000     8.7232   3.437E+02    26     0    239
3d4(3P1)4p_4Po[3/2]         4.0     350370.6000     8.7129   3.441E+02    26     0    240
3d4(3P1)4po[5/2]            6.0     350532.0000     8.7080   3.443E+02    26     0    241
3d4(3P1)4p_4Po[1/2]         2.0     350778.2000     8.7006   3.446E+02    26     0    242
3d4(3P1)4po[7/2]            8.0     351248.8000     8.6865   3.451E+02    26     0    243
3d4(3P)4p_4Po[1/2]          2.0     351318.7500     8.6844   3.452E+02    26     0    244
3d4(3P1)4po[3/2]            4.0     351609.1000     8.6757   3.456E+02    26     0    245
3d4(3P1)4p_4Po[5/2]         6.0     351787.7000     8.6704   3.458E+02    26     0    246
3d4(3F1)4p_4Go[5/2]         6.0     352700.2000     8.6430   3.469E+02    26     0    247
3d4(3F1)4p_4Go[7/2]         8.0     353248.7000     8.6266   3.475E+02    26     0    248
3d4(1F)4p_2Dbo[5/2]         6.0     353735.5000     8.6120   3.481E+02    25     0    249
3d4(1F)4p_2Dbo[3/2]         4.0     354116.4000     8.6006   3.486E+02    25     0    250
3d4(3F1)4p_4Go[9/2]        10.0     354141.7000     8.5998   3.486E+02    26     0    251
3d4(3F1)4p_2Fo[7/2]         8.0     354218.1000     8.5975   3.487E+02    25     0    252
3d4(3F1)4p_2Fo[5/2]         6.0     354579.0000     8.5867   3.491E+02    25     0    253
3d4(3F1)4p_4Go[11/2]       12.0     354639.6000     8.5849   3.492E+02    26     0    254
3d4(3P1)4p_4So[3/2]         4.0     358499.8000     8.4691   3.540E+02    26     0    255
3d4(3F1)4p_4Do[7/2]         8.0     359767.2000     8.4311   3.556E+02    26     0    256
3d4(3F1)4p_2Go[9/2]        10.0     359796.7000     8.4303   3.556E+02    25     0    257
3d4(3P1)4p_2Po[3/2]         4.0     360117.9000     8.4206   3.560E+02    25     0    258
3d4(3F1)4p_4Do[5/2]         6.0     360339.2000     8.4140   3.563E+02    26     0    259
3d4(3F1)4p_2Go[7/2]         8.0     360490.7000     8.4095   3.565E+02    25     0    260
3d4(3F)4p_4Do[1/2]          2.0     360608.2090     8.4059   3.566E+02    26     0    261
3d4(3F1)4p_4Do[3/2]         4.0     360614.6000     8.4057   3.567E+02    26     0    262
3d4(3P1)4p_2Po[1/2]         2.0     360857.2000     8.3985   3.570E+02    25     0    263
3d4(1G1)4p_2Ho[9/2]        10.0     363716.7000     8.3127   3.606E+02    25     0    264
3d4(3P2)4p_2So[1/2]         2.0     363977.4000     8.3049   3.610E+02    25     0    265
3d4(1G1)4p_2Go[7/2]         8.0     364229.2000     8.2974   3.613E+02    25     0    266
3d4(1G1)4p_2Go[9/2]        10.0     365660.1000     8.2545   3.632E+02    25     0    267
3d4(1G1)4p_2Ho[11/2]       12.0     365937.1000     8.2462   3.636E+02    25     0    268
3d4(1G1)4p_2Fo[7/2]         8.0     366848.8000     8.2188   3.648E+02    25     0    269
3d4(1G1)4p_2Fo[5/2]         6.0     367276.4000     8.2060   3.653E+02    25     0    270
3d4(3F)4p_2Do[5/2]          6.0     368702.8210     8.1633   3.672E+02    25     0    271
3d4(3F)4p_2Do[3/2]          4.0     368912.5860     8.1570   3.675E+02    25     0    272
3d4(5D)4d_4Se[3/2]          4.0     383543.3660     7.7184   3.884E+02    27     0    273
3d4(1D1)4p_2Po[3/2]         4.0     384045.9000     7.7033   3.892E+02    28     0    274
3d4(5D)4d_6Ge[3/2]          4.0     385066.7250     7.6727   3.907E+02    29     0    275
3d4(1D1)4p_2Po[1/2]         2.0     385108.3000     7.6714   3.908E+02    28     0    276
3d4(5D)4d_6Ge[5/2]          6.0     385244.5500     7.6674   3.910E+02    29     0    277
3d4(5D)4d_6Pe[3/2]          4.0     385338.3060     7.6645   3.911E+02    29     0    278
3d4(5D)4d_6Pe[5/2]          6.0     385424.6470     7.6620   3.913E+02    29     0    279
3d4(5D)4d_6Ge[7/2]          8.0     385491.5620     7.6600   3.914E+02    29     0    280
3d4(5D)4d_6Pe[7/2]          8.0     385672.1450     7.6545   3.917E+02    29     0    281
3d4(5D)4d_6Ge[9/2]         10.0     385805.7730     7.6505   3.919E+02    29     0    282
3d4(5D)4d_6Ge[11/2]        12.0     386184.5000     7.6392   3.924E+02    29     0    283
3d4(5D)4d_6Ge[13/2]        14.0     386624.5620     7.6260   3.931E+02    29     0    284
3d4(5D)4d_6De[1/2]          2.0     388743.1450     7.5625   3.964E+02    29     0    285
3d4(5D)4d_6De[3/2]          4.0     388793.6770     7.5610   3.965E+02    29     0    286
3d4(5D)4d_6De[5/2]          6.0     388923.9880     7.5570   3.967E+02    29     0    287
3d4(5D)4d_6Fe[1/2]          2.0     389081.9900     7.5523   3.970E+02    29     0    288
3d4(5D)4d_6De[7/2]          8.0     389143.4900     7.5505   3.971E+02    29     0    289
3d4(5D)4d_6Fe[3/2]          4.0     389266.4510     7.5468   3.972E+02    29     0    290
3d4(1D1)4p_2Fo[5/2]         6.0     389423.9000     7.5421   3.975E+02    28     0    291
3d4(5D)4d_6De[9/2]         10.0     389457.1930     7.5411   3.975E+02    29     0    292
3d4(5D)4d_6Fe[5/2]          6.0     389512.1980     7.5394   3.976E+02    29     0    293
3d4(5D)4d_6Fe[7/2]          8.0     389788.0870     7.5311   3.981E+02    29     0    294
3d4(5D)4d_6Fe[9/2]         10.0     390061.1130     7.5230   3.985E+02    29     0    295
3d4(5D)4d_6Fe[11/2]        12.0     390262.0760     7.5169   3.988E+02    29     0    296
3d4(1D1)4p_2Fo[7/2]         8.0     390959.2000     7.4960   3.999E+02    28     0    297
3d4(5D)4d_4Ge[5/2]          6.0     393072.9810     7.4327   4.033E+02    27     0    298
3d4(5D)4d_4Ge[7/2]          8.0     393367.9790     7.4238   4.038E+02    27     0    299
3d4(5D)4d_4Ge[9/2]         10.0     393745.3970     7.4125   4.044E+02    27     0    300
3d4(5D)4d_4Pe[1/2]          2.0     394001.0240     7.4048   4.049E+02    27     0    301
3d4(5D)4d_4Pe[3/2]          4.0     394035.1560     7.4038   4.049E+02    27     0    302
3d4(5D)4d_4Pe[5/2]          6.0     394171.2270     7.3997   4.051E+02    27     0    303
3d4(5D)4d_4Ge[11/2]        12.0     394203.5140     7.3988   4.052E+02    27     0    304
3d4(1D1)4p_2Do[3/2]         4.0     394614.3000     7.3865   4.059E+02    28     0    305
3d4(5D)4d_4De[1/2]          2.0     394907.0480     7.3777   4.064E+02    27     0    306
3d4(5D)4d_4De[3/2]          4.0     395113.4330     7.3715   4.067E+02    27     0    307
3d4(1D1)4p_2Do[5/2]         6.0     395250.2000     7.3674   4.069E+02    28     0    308
3d4(5D)4d_4De[5/2]          6.0     395356.4860     7.3642   4.071E+02    27     0    309
3d4(5D)4d_4De[7/2]          8.0     395558.9690     7.3581   4.074E+02    27     0    310
3d4(5D)4d_4Fe[3/2]          4.0     397802.3020     7.2909   4.112E+02    27     0    311
3d4(5D)4d_4Fe[5/2]          6.0     398041.6540     7.2837   4.116E+02    27     0    312
3d4(5D)4d_4Fe[7/2]          8.0     398337.5320     7.2748   4.121E+02    27     0    313
3d4(5D)4d_4Fe[9/2]         10.0     398662.2530     7.2651   4.126E+02    27     0    314
3d4(5D)4d_6Se[5/2]          6.0     412862.1810     6.8394   4.383E+02    29     0    315
3d4(3H)4d_4Ie[9/2]         10.0     413113.0220     6.8319   4.388E+02    27     0    316
3d4(3H)4d_4Ie[11/2]        12.0     413401.4950     6.8232   4.394E+02    27     0    317
3d4(3H)4d_4Ie[13/2]        14.0     413756.1830     6.8126   4.401E+02    27     0    318
3d4(3P)4d_4Fe[3/2]          4.0     413873.4990     6.8091   4.403E+02    27     0    319
3d4(3H)4d_4Ie[15/2]        16.0     414180.3620     6.7999   4.409E+02    27     0    320
3d4(3P)4d_4Fe[5/2]          6.0     414208.5950     6.7990   4.409E+02    27     0    321
3d4(3H)4d_4He[7/2]          8.0     414272.8010     6.7971   4.411E+02    27     0    322
3d4(3H)4d_2Ge[9/2]         10.0     414481.5260     6.7909   4.415E+02    30     0    323
3d4(3P)4d_4De[1/2]          2.0     414642.9110     6.7860   4.418E+02    27     0    324
3d4(3P)4d_4Fe[7/2]          8.0     414695.8390     6.7844   4.419E+02    27     0    325
3d4(3H)4d_4He[9/2]         10.0     414912.5470     6.7779   4.423E+02    27     0    326
3d4(3P)4d_4De[3/2]          4.0     414926.1490     6.7775   4.423E+02    27     0    327
3d4(3H)4d_4Hbe[7/2]         8.0     415012.5600     6.7749   4.425E+02    27     0    328
3d4(3H)4d_4He[11/2]        12.0     415024.6650     6.7746   4.425E+02    27     0    329
3d4(3H)4d_4He[13/2]        14.0     415246.3140     6.7679   4.430E+02    27     0    330
3d4(3F)4d_2Pe[3/2]          4.0     415480.3730     6.7609   4.434E+02    30     0    331
3d4(3P)4d_4De[5/2]          6.0     415510.4770     6.7600   4.435E+02    27     0    332
3d4(3P)4d_4Fe[9/2]         10.0     415682.2580     6.7549   4.438E+02    27     0    333
3d4(3H)4d_4Ke[11/2]        12.0     415817.5830     6.7508   4.441E+02    27     0    334
3d4(3F)4d_2Pe[1/2]          2.0     415871.5160     6.7492   4.442E+02    30     0    335
3d4(3P)4d_4De[7/2]          8.0     416004.8210     6.7452   4.445E+02    27     0    336
3d4(3H)4d_4Ke[13/2]        14.0     416104.3990     6.7422   4.447E+02    27     0    337
3d4(3H)4d_4Ke[15/2]        16.0     416416.5590     6.7328   4.453E+02    27     0    338
3d4(3F)4d_4He[7/2]          8.0     416736.9390     6.7232   4.459E+02    27     0    339
3d4(3H)4d_4Ke[17/2]        18.0     416737.9140     6.7232   4.459E+02    27     0    340
3d4(3F)4d_4He[9/2]         10.0     417013.6570     6.7149   4.465E+02    27     0    341
3d4(3H)4d_4Fe[5/2]          6.0     417272.2560     6.7072   4.470E+02    27     0    342
3d4(3H)4d_4Fe[3/2]          4.0     417304.8600     6.7062   4.470E+02    27     0    343
3d4(3F)4d_4He[11/2]        12.0     417306.3450     6.7062   4.470E+02    27     0    344
3d4(3H)4d_4Fe[7/2]          8.0     417498.0410     6.7004   4.474E+02    27     0    345
3d4(3P)4d_4Pe[5/2]          6.0     417556.1480     6.6987   4.475E+02    27     0    346
3d4(3F)4d_4He[13/2]        14.0     417604.9050     6.6972   4.476E+02    27     0    347
3d4(3P)4d_4Pe[3/2]          4.0     417913.9080     6.6880   4.483E+02    27     0    348
3d4(3H)4d_4Fe[9/2]         10.0     418018.9870     6.6848   4.485E+02    27     0    349
3d4(3F)4d_4Ge[5/2]          6.0     418084.5650     6.6828   4.486E+02    27     0    350
3d4(3P)4d_4Pe[1/2]          2.0     418152.5880     6.6808   4.487E+02    27     0    351
3d4(3F)4d_4Ge[7/2]          8.0     418286.2770     6.6768   4.490E+02    27     0    352
3d4(3F)4d_4Ge[9/2]         10.0     418509.4000     6.6701   4.495E+02    27     0    353
3d4(3H)4d_2Fe[5/2]          6.0     418518.4170     6.6698   4.495E+02    30     0    354
3d4(3F)4d_4Ge[11/2]        12.0     418598.1410     6.6674   4.496E+02    27     0    355
3d4(3H)4d_2Ke[13/2]        14.0     418830.8610     6.6605   4.501E+02    30     0    356
3d4(3P)4d_2De[3/2]          4.0     418844.2300     6.6601   4.501E+02    30     0    357
3d4(3H)4d_2He[9/2]         10.0     418935.9270     6.6573   4.503E+02    30     0    358
3d4(3H)4d_2He[11/2]        12.0     419217.8990     6.6489   4.509E+02    30     0    359
3d4(3H)4d_2Ke[15/2]        16.0     419229.8350     6.6485   4.509E+02    30     0    360
3d4(3P)4d_2De[5/2]          6.0     419274.7800     6.6472   4.510E+02    30     0    361
3d4(3H)4d_2Fe[7/2]          8.0     419505.4290     6.6402   4.515E+02    30     0    362
3d4(3F)4d_4Fe[5/2]          6.0     419646.0120     6.6360   4.518E+02    27     0    363
3d4(3G)4d_4De[1/2]          2.0     419653.7980     6.6358   4.518E+02    27     0    364
3d4(3F)4d_4Fe[7/2]          8.0     419761.7600     6.6326   4.520E+02    27     0    365
3d4(3F)4d_4Fe[3/2]          4.0     419765.9970     6.6324   4.520E+02    27     0    366
3d4(3H)4d_2Ie[11/2]        12.0     419837.2780     6.6303   4.522E+02    30     0    367
3d4(3F)4d_4Fbe[3/2]         4.0     419957.3120     6.6267   4.524E+02    31     0    368
3d4(3G)4d_4De[5/2]          6.0     419969.3340     6.6263   4.524E+02    27     0    369
3d4(3H)4d_2Fbe[7/2]         8.0     420078.1080     6.6231   4.526E+02    30     0    370
3d4(3F)4d_4Fe[9/2]         10.0     420173.5960     6.6202   4.528E+02    27     0    371
3d4(3F)4d_4Fbe[5/2]         6.0     420305.5420     6.6163   4.531E+02    31     0    372
3d4(3H)4d_2Ie[13/2]        14.0     420467.4860     6.6114   4.534E+02    30     0    373
3d4(3F)4d_4Fbe[7/2]         8.0     420689.6080     6.6047   4.539E+02    31     0    374
3d4(3G)4d_4Ge[9/2]         10.0     421001.8700     6.5954   4.545E+02    27     0    375
3d4(1S)4p_2Po[1/2]          2.0     421027.0450     6.5946   4.546E+02    32     0    376
3d4(3G)4d_4Ge[11/2]        12.0     421212.8710     6.5891   4.550E+02    27     0    377
3d4(3F)4d_2Fe[5/2]          6.0     421367.5580     6.5844   4.553E+02    30     0    378
3d4(3F)4d_2Fe[7/2]          8.0     421714.9030     6.5740   4.560E+02    30     0    379
3d4(3F)4d_2Pbe[3/2]         4.0     421734.3270     6.5734   4.561E+02    30     0    380
3d4(3G)4d_4Ie[9/2]         10.0     421763.8840     6.5725   4.561E+02    31     0    381
3d4(3G)4d_4Ie[11/2]        12.0     422045.6460     6.5641   4.567E+02    31     0    382
3d4(3G)4d_4He[7/2]          8.0     422085.5470     6.5629   4.568E+02    31     0    383
3d4(3G)4d_4Ie[13/2]        14.0     422361.3550     6.5546   4.574E+02    31     0    384
3d4(3F)4d_2Pbe[1/2]         2.0     422571.4540     6.5483   4.578E+02    30     0    385
3d4(3G)4d_4He[9/2]         10.0     422595.9500     6.5476   4.579E+02    31     0    386
3d4(3F)4d_2He[9/2]         10.0     422660.3780     6.5457   4.580E+02    30     0    387
3d4(5D)5s_6De[1/2]          2.0     422688.5720     6.5448   4.581E+02    33     0    388
3d4(3G)4d_4Ie[15/2]        16.0     422801.3320     6.5414   4.583E+02    31     0    389
3d4(3F)4d_2Ge[7/2]          8.0     422821.2350     6.5408   4.583E+02    30     0    390
3d4(5D)5s_6De[3/2]          4.0     422876.5720     6.5392   4.585E+02    33     0    391
3d4(3F)4d_2Ge[9/2]         10.0     422943.5850     6.5372   4.586E+02    30     0    392
3d4(3G)4d_4He[11/2]        12.0     422946.0530     6.5371   4.586E+02    31     0    393
3d4(1S)4p_2Po[3/2]          4.0     422973.0730     6.5363   4.587E+02    32     0    394
3d4(3F)4d_2He[11/2]        12.0     423081.9380     6.5330   4.589E+02    30     0    395
3d4(3G)4d_4He[13/2]        14.0     423166.3260     6.5305   4.591E+02    31     0    396
3d4(5D)5s_6De[5/2]          6.0     423184.2100     6.5300   4.591E+02    33     0    397
3d4(3G)4d_2De[5/2]          6.0     423241.2140     6.5282   4.592E+02    30     0    398
3d4(3G)4d_2De[3/2]          4.0     423548.6780     6.5190   4.599E+02    30     0    399
3d4(5D)5s_6De[7/2]          8.0     423604.4010     6.5174   4.600E+02    33     0    400
3d4(3G)4d_2Fe[5/2]          6.0     423867.9670     6.5095   4.605E+02    30     0    401
3d4(5D)5s_6De[9/2]         10.0     424124.9530     6.5018   4.611E+02    33     0    402
3d4(3F)4d_2De[3/2]          4.0     424260.8200     6.4977   4.614E+02    34     0    403
3d4(3G)4d_2Fbe[5/2]         6.0     424670.6090     6.4854   4.623E+02    30     0    404
3d4(3G)4d_2Fe[7/2]          8.0     424734.9850     6.4835   4.624E+02    30     0    405
3d4(3G)4d_2Ie[11/2]        12.0     424867.7860     6.4795   4.627E+02    30     0    406
3d4(3G)4d_2Ie[13/2]        14.0     425345.8330     6.4651   4.637E+02    30     0    407
3d4(3H)4d_2Fbe[5/2]         6.0     425545.0350     6.4592   4.641E+02    30     0    408
3d4(3G)4d_2Fbe[7/2]         8.0     425730.1870     6.4536   4.645E+02    30     0    409
3d4(3G)4d_2He[9/2]         10.0     425796.7330     6.4516   4.647E+02    30     0    410
3d4(5D)5s_4De[1/2]          2.0     425823.3300     6.4508   4.647E+02    31     0    411
3d4(3G)4d_2He[11/2]        12.0     426024.4200     6.4448   4.652E+02    30     0    412
3d4(5D)5s_4De[3/2]          4.0     426082.7670     6.4431   4.653E+02    31     0    413
3d4(3D)4d_4Fe[3/2]          4.0     426339.8270     6.4354   4.659E+02    31     0    414
3d4(5D)5s_4De[5/2]          6.0     426451.1550     6.4320   4.661E+02    31     0    415
3d4(5D)5s_4Dbe[5/2]         6.0     426545.8340     6.4292   4.663E+02    31     0    416
3d4(3D)4d_4Fe[7/2]          8.0     426662.7030     6.4257   4.666E+02    31     0    417
3d4(3D)4d_4Fe[9/2]         10.0     426699.2280     6.4246   4.666E+02    31     0    418
3d4(5D)5s_4De[7/2]          8.0     427001.2290     6.4155   4.673E+02    31     0    419
3d4(3D)4d_4De[1/2]          2.0     427169.1360     6.4105   4.677E+02    31     0    420
3d4(3D)4d_4De[3/2]          4.0     427330.0220     6.4057   4.680E+02    31     0    421
3d4(3D)4d_4De[5/2]          6.0     427580.8020     6.3981   4.686E+02    31     0    422
3d4(3D)4d_4De[7/2]          8.0     427963.1100     6.3867   4.694E+02    31     0    423
3d4(3D)4d_4Pe[5/2]          6.0     429150.3530     6.3511   4.720E+02    31     0    424
3d4(3D)4d_4Pe[3/2]          4.0     429294.4750     6.3468   4.724E+02    31     0    425
3d4(1G)4d_2Ge[7/2]          8.0     429334.1610     6.3456   4.724E+02    30     0    426
3d4(1G)4d_2Ge[9/2]         10.0     429370.6470     6.3445   4.725E+02    30     0    427
3d4(3D)4d_4Pe[1/2]          2.0     429587.6780     6.3380   4.730E+02    31     0    428
3d4(1I)4d_2Ke[13/2]        14.0     429675.9670     6.3353   4.732E+02    30     0    429
3d4(1I)4d_2Ke[15/2]        16.0     429793.6690     6.3318   4.735E+02    30     0    430
3d4(3D)4d_4Se[3/2]          4.0     430468.3100     6.3116   4.750E+02    31     0    431
3d4(3D)4d_4Ge[11/2]        12.0     430665.1640     6.3057   4.754E+02    31     0    432
3d4(3D)4d_4Ge[9/2]         10.0     430681.9340     6.3052   4.755E+02    31     0    433
3d4(3D)4d_4Ge[5/2]          6.0     430690.3950     6.3049   4.755E+02    31     0    434
3d4(3D)4d_4Ge[7/2]          8.0     430697.0070     6.3047   4.755E+02    31     0    435
3d4(1G)4d_2Ie[11/2]        12.0     430842.7310     6.3004   4.758E+02    30     0    436
3d4(1G)4d_2Ie[13/2]        14.0     430983.7610     6.2961   4.762E+02    30     0    437
3d4(1G)4d_2He[9/2]         10.0     431288.1380     6.2870   4.768E+02    30     0    438
3d4(1G)4d_2He[11/2]        12.0     431299.3760     6.2867   4.769E+02    30     0    439
3d4(1I)4d_2Le[15/2]        16.0     431484.8420     6.2811   4.773E+02    30     0    440
3d4(1I)4d_2Le[17/2]        18.0     431685.1840     6.2751   4.777E+02    30     0    441
3d4(3D)4d_2Ge[7/2]          8.0     432163.1950     6.2608   4.788E+02    30     0    442
3d4(3D)4d_2Ge[9/2]         10.0     432262.1670     6.2578   4.791E+02    30     0    443
3d4(3D)4d_2Fe[5/2]          6.0     433055.6150     6.2340   4.809E+02    30     0    444
3d4(3D)4d_2Fe[7/2]          8.0     433093.1240     6.2329   4.810E+02    30     0    445
3d4(1G)4d_2De[3/2]          4.0     433423.7480     6.2230   4.818E+02    35     0    446
3d4(1S)4d_2De[5/2]          6.0     433918.7940     6.2081   4.829E+02    30     0    447
3d4(3D)4d_2Pe[1/2]          2.0     434020.7260     6.2051   4.831E+02    30     0    448
3d4(3D)4d_2Pe[3/2]          4.0     434281.5610     6.1973   4.837E+02    30     0    449
3d4(3D)4d_4Fbe[3/2]         4.0     435521.6960     6.1601   4.867E+02    31     0    450
3d4(3D)4d_4Fe[5/2]          6.0     435694.5290     6.1549   4.871E+02    31     0    451
3d4(1D)4d_2Ge[7/2]          8.0     435757.2130     6.1530   4.872E+02    30     0    452
3d4(1D)4d_2Ge[9/2]         10.0     435940.2510     6.1475   4.877E+02    30     0    453
3d4(3D)4d_4Fbe[7/2]         8.0     435982.0150     6.1463   4.878E+02    31     0    454
3d4(3D)4d_2De[5/2]          6.0     436390.5830     6.1340   4.887E+02    30     0    455
3d4(3D)4d_4Fbe[9/2]        10.0     436400.2350     6.1337   4.888E+02    31     0    456
3d4(3D)4d_2De[3/2]          4.0     436552.2680     6.1292   4.891E+02    30     0    457
3d4(3D)4d_2Se[1/2]          2.0     436723.7820     6.1240   4.895E+02    30     0    458
3d4(3H)4d_4Ge[5/2]          6.0     440113.8400     6.0224   4.978E+02    31     0    459
3d4(3H)4d_4Ge[11/2]        12.0     440130.9780     6.0219   4.978E+02    31     0    460
3d4(3H)4d_4Ge[7/2]          8.0     440166.7810     6.0208   4.979E+02    31     0    461
3d4(3H)4d_4Ge[9/2]         10.0     440187.2420     6.0202   4.980E+02    31     0    462
3d4(3D)4d_2Gbe[7/2]         8.0     440602.8350     6.0078   4.990E+02    30     0    463
3d4(3D)4d_2Gbe[9/2]        10.0     440632.4160     6.0069   4.991E+02    30     0    464
3d4(1D)4d_2Pe[1/2]          2.0     441192.1110     5.9901   5.005E+02    30     0    465
3d4(1D)4d_2Fe[5/2]          6.0     441204.9190     5.9897   5.005E+02    30     0    466
3d4(1D)4d_2Pe[3/2]          4.0     441379.3430     5.9845   5.010E+02    30     0    467
3d4(1D)4d_2Fe[7/2]          8.0     441543.5410     5.9796   5.014E+02    30     0    468
3d4(3D)4d_4Pbe[1/2]         2.0     441948.7890     5.9674   5.024E+02    31     0    469
3d4(3D)4d_4Pbe[5/2]         6.0     442029.1590     5.9650   5.026E+02    31     0    470
3d4(3D)4d_4Pbe[3/2]         4.0     442055.7450     5.9642   5.027E+02    31     0    471
3d4(1F)4d_2De[3/2]          4.0     442449.0770     5.9524   5.036E+02    30     0    472
3d4(1F)4d_2De[5/2]          6.0     442503.4350     5.9508   5.038E+02    30     0    473
3d4(3D)4d_4Dbe[7/2]         8.0     443210.6720     5.9296   5.056E+02    31     0    474
3d4(3D)4d_4Dbe[1/2]         2.0     443277.1160     5.9276   5.058E+02    31     0    475
3d4(3D)4d_4Dbe[3/2]         4.0     443384.5410     5.9244   5.060E+02    31     0    476
3d4(3D)4d_4Dbe[5/2]         6.0     443442.2730     5.9226   5.062E+02    31     0    477
3d4(1D)4d_2Gbe[9/2]        10.0     445014.7200     5.8755   5.102E+02    30     0    478
3d4(1D)4d_2Gbe[7/2]         8.0     445048.3170     5.8745   5.103E+02    30     0    479
3d4(1F)4d_2He[11/2]        12.0     445673.6950     5.8557   5.120E+02    30     0    480
3d4(1F)4d_2He[9/2]         10.0     445759.4100     5.8532   5.122E+02    30     0    481
3d4(3P)5s_4Pe[1/2]          2.0     450622.6550     5.7074   5.253E+02    31     0    482
3d4(5D)5p_6Fo[1/2]          2.0     450937.2190     5.6979   5.261E+02    36     0    483
3d4(5D)5p_6Fo[3/2]          4.0     451129.4870     5.6922   5.267E+02    36     0    484
3d4(1I)4d_2Ie[11/2]        12.0     451320.0700     5.6865   5.272E+02    30     0    485
3d4(3H)5s_4He[7/2]          8.0     451337.6830     5.6859   5.273E+02    31     0    486
3d4(5D)5p_6Fo[5/2]          6.0     451445.4250     5.6827   5.276E+02    36     0    487
3d4(1I)4d_2Ie[13/2]        14.0     451473.4910     5.6819   5.276E+02    30     0    488
3d4(3P)5s_4Pe[3/2]          4.0     451514.8720     5.6806   5.277E+02    31     0    489
3d4(3H)5s_4He[9/2]         10.0     451524.8620     5.6803   5.278E+02    31     0    490
3d4(1D)4d_2De[5/2]          6.0     451612.3090     5.6777   5.280E+02    30     0    491
3d4(5D)5p_6Po[3/2]          4.0     451733.8030     5.6741   5.284E+02    36     0    492
3d4(3F)4d_2Fbe[7/2]         8.0     451771.8580     5.6729   5.285E+02    30     0    493
3d4(3H)5s_4He[11/2]        12.0     451777.0690     5.6728   5.285E+02    31     0    494
3d4(5D)5p_6Fo[7/2]          8.0     451877.5750     5.6697   5.288E+02    36     0    495
3d4(1D)4d_2De[3/2]          4.0     451988.1270     5.6664   5.291E+02    30     0    496
3d4(5D)5p_6Po[5/2]          6.0     452072.3240     5.6639   5.293E+02    36     0    497
3d4(3H)5s_4He[13/2]        14.0     452079.1620     5.6637   5.293E+02    31     0    498
3d4(5D)5p_4Po[1/2]          2.0     452249.4340     5.6586   5.298E+02    37     0    499
3d4(1F)4d_2Hbe[9/2]        10.0     452300.6390     5.6571   5.299E+02    30     0    500
3d4(5D)5p_6Fo[9/2]         10.0     452417.2590     5.6536   5.303E+02    36     0    501
3d4(5D)5p_6Po[7/2]          8.0     452574.3320     5.6489   5.307E+02    36     0    502
3d4(3F)4d_2Fbe[5/2]         6.0     452684.8690     5.6455   5.310E+02    30     0    503
3d4(5D)5p_6Do[3/2]          4.0     452742.5830     5.6438   5.312E+02    36     0    504
3d4(3P)5s_2Pe[1/2]          2.0     452906.5880     5.6389   5.317E+02    30     0    505
3d4(1F)4d_2Hbe[11/2]       12.0     452944.1730     5.6378   5.318E+02    30     0    506
3d4(3P)5s_4Pe[5/2]          6.0     453048.1330     5.6347   5.321E+02    31     0    507
3d4(5D)5p_6Fo[11/2]        12.0     453056.5540     5.6344   5.321E+02    36     0    508
3d4(5D)5p_6Do[5/2]          6.0     453322.8570     5.6264   5.328E+02    36     0    509
3d4(5D)5p_6Do[1/2]          2.0     453380.2410     5.6247   5.330E+02    36     0    510
3d4(1F)4d_2Pe[3/2]          4.0     453494.1990     5.6213   5.333E+02    30     0    511
3d4(3H)5s_2He[9/2]         10.0     453506.4260     5.6209   5.334E+02    30     0    512
3d4(5D)5p_4Po[3/2]          4.0     453641.5710     5.6169   5.337E+02    37     0    513
3d4(3F)5s_4Fe[3/2]          4.0     453683.9110     5.6156   5.339E+02    31     0    514
3d4(3F)5s_4Fe[5/2]          6.0     453741.4590     5.6139   5.340E+02    31     0    515
3d4(5D)5p_6Do[7/2]          8.0     453825.5220     5.6113   5.343E+02    36     0    516
3d4(3F)5s_4Fe[7/2]          8.0     453836.8720     5.6110   5.343E+02    31     0    517
3d4(1F)4d_2Pe[1/2]          2.0     453937.5240     5.6080   5.346E+02    30     0    518
3d4(3F)5s_4Fe[9/2]         10.0     453997.8430     5.6062   5.348E+02    31     0    519
3d4(3H)5s_2He[11/2]        12.0     454026.1600     5.6053   5.348E+02    30     0    520
3d4(5D)5p_4Po[5/2]          6.0     454194.9720     5.6003   5.353E+02    37     0    521
3d4(5D)5p_6Do[9/2]         10.0     454290.5610     5.5974   5.356E+02    36     0    522
3d4(1F)4d_2Ge[7/2]          8.0     454439.1340     5.5930   5.360E+02    30     0    523
3d4(5D)5p_4Fo[3/2]          4.0     454479.1450     5.5918   5.361E+02    37     0    524
3d4(3P)5s_2Pe[3/2]          4.0     454718.4120     5.5846   5.368E+02    30     0    525
3d4(5D)5p_4Fo[5/2]          6.0     454735.0360     5.5841   5.369E+02    37     0    526
3d4(1F)4d_2Ge[9/2]         10.0     454923.9390     5.5784   5.374E+02    30     0    527
3d4(5D)5p_4Fo[7/2]          8.0     455095.3580     5.5733   5.379E+02    37     0    528
3d4(3F)5s_2Fe[5/2]          6.0     455393.2540     5.5644   5.388E+02    30     0    529
3d4(3F)5s_2Fe[7/2]          8.0     455544.8460     5.5598   5.392E+02    30     0    530
3d4(5D)5p_4Fo[9/2]         10.0     455602.8740     5.5581   5.394E+02    37     0    531
3d4(1F)4d_2Fe[5/2]          6.0     455616.4780     5.5577   5.394E+02    30     0    532
3d4(3F)5s_2Fbe[7/2]         8.0     455740.5680     5.5539   5.398E+02    38     0    533
3d4(5D)5p_4Do[1/2]          2.0     456768.0940     5.5231   5.428E+02    37     0    534
3d4(3G)5s_4Ge[5/2]          6.0     456882.0030     5.5197   5.431E+02    31     0    535
3d4(3F)4d_4Gbe[7/2]         8.0     456899.9930     5.5192   5.432E+02    31     0    536
3d4(3F)4d_4Gbe[9/2]        10.0     456943.7700     5.5179   5.433E+02    31     0    537
3d4(3F)4d_4Gbe[11/2]       12.0     456945.6000     5.5178   5.433E+02    31     0    538
3d4(5D)5p_4Do[3/2]          4.0     457030.9340     5.5153   5.436E+02    37     0    539
3d4(5D)5p_4Do[5/2]          6.0     457411.2020     5.5039   5.447E+02    37     0    540
3d4(5D)5p_4Do[7/2]          8.0     457833.8590     5.4912   5.460E+02    37     0    541
3d4(3G)5s_4Gbe[5/2]         6.0     457909.9720     5.4889   5.462E+02    31     0    542
3d4(3G)5s_4Ge[7/2]          8.0     458017.6510     5.4857   5.465E+02    31     0    543
3d4(3G)5s_4Ge[9/2]         10.0     458201.3700     5.4802   5.471E+02    31     0    544
3d4(3G)5s_4Ge[11/2]        12.0     458410.8970     5.4739   5.477E+02    31     0    545
3d4(1F)4d_2Dbe[3/2]         4.0     458683.0660     5.4657   5.485E+02    34     0    546
3d4(1F)4d_2Dbe[5/2]         6.0     458718.0580     5.4647   5.486E+02    34     0    547
3d4(3P)4d_4Pbe[1/2]         2.0     458783.3450     5.4627   5.488E+02    31     0    548
3d4(3P)4d_4Pbe[3/2]         4.0     458855.0130     5.4606   5.490E+02    31     0    549
3d4(3P)4d_4Dbe[5/2]         6.0     458964.4640     5.4573   5.493E+02    31     0    550
3d4(3P)4d_4Dbe[7/2]         8.0     459188.0870     5.4506   5.500E+02    31     0    551
3d4(3G)5s_2Ge[7/2]          8.0     459279.1220     5.4479   5.503E+02    34     0    552
3d4(3P)4d_4Dbe[1/2]         2.0     459622.8670     5.4375   5.513E+02    31     0    553
3d4(3P)4d_4Dbe[3/2]         4.0     459673.2370     5.4360   5.515E+02    31     0    554
3d4(3F)4d_4De[7/2]          8.0     459694.7780     5.4354   5.516E+02    31     0    555
3d4(3F)4d_4De[5/2]          6.0     459700.1000     5.4352   5.516E+02    31     0    556
3d4(3F)4d_4De[1/2]          2.0     459742.2520     5.4340   5.517E+02    31     0    557
3d4(3G)5s_2Ge[9/2]         10.0     459750.8870     5.4337   5.517E+02    34     0    558
3d4(3F)4d_4De[3/2]          4.0     459783.1950     5.4327   5.518E+02    31     0    559
3d4(3F)4d_4Dbe[5/2]         6.0     459814.4450     5.4318   5.519E+02    31     0    560
3d4(3F)4d_4Hbe[7/2]         8.0     459836.5070     5.4311   5.520E+02    31     0    561
3d4(3F)4d_4Hbe[13/2]       14.0     459840.8280     5.4310   5.520E+02    31     0    562
3d4(3F)4d_4Hbe[9/2]        10.0     459887.1500     5.4296   5.521E+02    31     0    563
3d4(3F)4d_4Hbe[11/2]       12.0     459905.5340     5.4291   5.522E+02    31     0    564
3d4(3P)4d_4Fbe[9/2]        10.0     461024.4860     5.3955   5.556E+02    31     0    565
3d4(3P)4d_4Fbe[7/2]         8.0     461503.1070     5.3812   5.571E+02    31     0    566
3d4(3P)4d_4Fbe[5/2]         6.0     461830.7260     5.3714   5.581E+02    31     0    567
3d4(3P)4d_4Fbe[3/2]         4.0     462046.7570     5.3649   5.588E+02    31     0    568
3d4(1F)4d_2Fbe[5/2]         6.0     462568.1610     5.3493   5.604E+02    34     0    569
3d4(3F)4d_2Fce[7/2]         8.0     462671.6100     5.3462   5.608E+02    34     0    570
3d4(3D)4d_2Sbe[1/2]         2.0     463357.7580     5.3256   5.629E+02    34     0    571
3d4(5D)4f_6Ho[5/2]          6.0     463473.6720     5.3221   5.633E+02    36     0    572
3d4(5D)4f_6Ho[7/2]          8.0     463642.6420     5.3170   5.638E+02    36     0    573
3d4(5D)4f_6Ho[9/2]         10.0     463865.3410     5.3104   5.645E+02    36     0    574
3d4(3F)4d_2Pce[1/2]         2.0     463951.9830     5.3078   5.648E+02    34     0    575
3d4(5D)4f_4Po[5/2]          6.0     464040.3490     5.3051   5.651E+02    37     0    576
3d4(3F)4d_2Pce[3/2]         4.0     464101.6200     5.3033   5.653E+02    34     0    577
3d4(5D)4f_6Ho[11/2]        12.0     464145.6950     5.3020   5.654E+02    36     0    578
3d4(5D)4f_4Po[3/2]          4.0     464446.0050     5.2930   5.664E+02    37     0    579
3d4(5D)4f_6Do[7/2]          8.0     464475.5310     5.2921   5.665E+02    36     0    580
3d4(5D)4f_6Ho[13/2]        14.0     464486.2690     5.2917   5.665E+02    36     0    581
3d4(3F)4d_2Hbe[11/2]       12.0     464553.2930     5.2897   5.667E+02    34     0    582
3d4(5D)4f_6Do[5/2]          6.0     464588.0730     5.2887   5.669E+02    36     0    583
3d4(5D)4f_6Do[1/2]          2.0     464653.7640     5.2867   5.671E+02    36     0    584
3d4(5D)4f_6Do[9/2]         10.0     464665.2600     5.2864   5.671E+02    36     0    585
3d4(5D)4f_6Do[3/2]          4.0     464830.1560     5.2814   5.676E+02    36     0    586
3d4(5D)4f_6Ho[15/2]        16.0     464887.5380     5.2797   5.678E+02    36     0    587
3d4(3P)4d_2Dbe[5/2]         6.0     464925.4950     5.2786   5.679E+02    34     0    588
3d4(3F)4d_2Hbe[9/2]        10.0     465012.4710     5.2760   5.682E+02    34     0    589
3d4(5D)4f_4Po[1/2]          2.0     465084.0310     5.2738   5.685E+02    37     0    590
3d4(5D)4f_6Go[3/2]          4.0     465440.7890     5.2631   5.696E+02    36     0    591
3d4(3P)4d_2Dbe[3/2]         4.0     465444.5210     5.2630   5.696E+02    34     0    592
3d4(5D)4f_6Go[5/2]          6.0     465472.8990     5.2622   5.697E+02    36     0    593
3d4(5D)4f_6Go[7/2]          8.0     465537.5130     5.2602   5.699E+02    36     0    594
3d4(5D)4f_6Fo[1/2]          2.0     465588.5600     5.2587   5.701E+02    36     0    595
3d4(5D)4f_6Go[9/2]         10.0     465720.0830     5.2548   5.705E+02    36     0    596
3d4(5D)4f_4Ho[7/2]          8.0     465782.5880     5.2529   5.707E+02    37     0    597
3d4(5D)4f_6Fo[3/2]          4.0     465846.4980     5.2510   5.709E+02    36     0    598
3d4(5D)4f_6Fo[11/2]        12.0     465862.3350     5.2505   5.710E+02    36     0    599
3d4(3D)5s_4De[7/2]          8.0     465896.1350     5.2495   5.711E+02    39     0    600
3d4(3D)5s_4De[5/2]          6.0     465988.8700     5.2467   5.714E+02    39     0    601
3d4(5D)4f_6Po[7/2]          8.0     465995.4350     5.2465   5.714E+02    36     0    602
3d4(5D)4f_6Fo[5/2]          6.0     466056.7130     5.2447   5.716E+02    36     0    603
3d4(3P)4d_2Fe[7/2]          8.0     466082.3620     5.2439   5.717E+02    34     0    604
3d4(3D)5s_4De[3/2]          4.0     466095.9920     5.2435   5.717E+02    39     0    605
3d4(1I)5s_2Ie[13/2]        14.0     466113.9550     5.2430   5.718E+02    34     0    606
3d4(1I)5s_2Ie[11/2]        12.0     466117.6910     5.2428   5.718E+02    34     0    607
3d4(5D)4f_4Ho[9/2]         10.0     466137.1980     5.2423   5.719E+02    37     0    608
3d4(3D)5s_4De[1/2]          2.0     466184.4580     5.2408   5.720E+02    39     0    609
3d4(5D)4f_6Fo[7/2]          8.0     466331.3660     5.2364   5.725E+02    36     0    610
3d4(5D)4f_6Po[5/2]          6.0     466423.7200     5.2337   5.728E+02    36     0    611
3d4(1G)5s_2Ge[9/2]         10.0     466484.2360     5.2319   5.730E+02    34     0    612
3d4(5D)4f_6Gbo[9/2]        10.0     466493.4090     5.2316   5.730E+02    36     0    613
3d4(1G)5s_2Ge[7/2]          8.0     466506.8100     5.2312   5.731E+02    34     0    614
3d4(5D)4f_4Ho[11/2]        12.0     466532.1620     5.2304   5.732E+02    37     0    615
3d4(3F)4d_4Pe[1/2]          2.0     466557.3670     5.2297   5.733E+02    39     0    616
3d4(5D)4f_6Go[13/2]        14.0     466605.2350     5.2282   5.734E+02    36     0    617
3d3(4F)4s2_4Fe[3/2]         4.0     466640.2340     5.2272   5.735E+02    39     0    618
3d4(5D)4f_6Po[3/2]          4.0     466641.6640     5.2271   5.735E+02    36     0    619
3d4(5D)4f_6Go[11/2]        12.0     466661.7060     5.2265   5.736E+02    36     0    620
3d4(3F)4d_4Pe[3/2]          4.0     466666.7460     5.2264   5.736E+02    39     0    621
3d4(3F)4d_4Pe[5/2]          6.0     466809.4620     5.2221   5.741E+02    39     0    622
3d4(3P)4d_2Fe[5/2]          6.0     466879.9850     5.2200   5.743E+02    34     0    623
3d4(5D)4f_4Do[5/2]          6.0     467046.8250     5.2150   5.749E+02    37     0    624
3d4(5D)4f_4Do[7/2]          8.0     467052.4840     5.2148   5.749E+02    37     0    625
3d4(5D)4f_4Ho[13/2]        14.0     467117.2570     5.2129   5.751E+02    37     0    626
3d4(5D)4f_4Do[3/2]          4.0     467152.4610     5.2118   5.752E+02    37     0    627
3d3(4F)4s2_4Fe[5/2]         6.0     467184.2440     5.2109   5.753E+02    39     0    628
3d4(5D)4f_4Do[1/2]          2.0     467328.4340     5.2065   5.758E+02    37     0    629
3d4(3D)5s_2De[5/2]          6.0     467634.6620     5.1974   5.768E+02    34     0    630
3d4(3F)4d_2Gbe[9/2]        10.0     467722.8680     5.1947   5.771E+02    34     0    631
3d4(5D)4f_4Go[5/2]          6.0     467785.3780     5.1928   5.773E+02    37     0    632
3d4(5D)4f_4Fo[3/2]          4.0     467788.3580     5.1928   5.773E+02    37     0    633
3d4(3D)5s_2De[3/2]          4.0     467813.6410     5.1920   5.774E+02    34     0    634
3d3(4F)4s2_4Fe[7/2]         8.0     467819.9120     5.1918   5.774E+02    39     0    635
3d4(5D)4f_4Fo[7/2]          8.0     467874.4320     5.1902   5.776E+02    37     0    636
3d4(5D)4f_4Fo[9/2]         10.0     467922.8440     5.1887   5.778E+02    37     0    637
3d4(3F)4d_2Gbe[7/2]         8.0     468144.8330     5.1821   5.785E+02    34     0    638
3d4(5D)4f_4Gbo[5/2]         6.0     468274.4340     5.1782   5.790E+02    37     0    639
3d4(5D)4f_4Go[7/2]          8.0     468571.2340     5.1693   5.799E+02    37     0    640
3d3(4F)4s2_4Fe[9/2]        10.0     468622.1820     5.1678   5.801E+02    39     0    641
3d4(5D)4f_4Go[9/2]         10.0     468810.8420     5.1621   5.808E+02    37     0    642
3d4(5D)4f_4Go[11/2]        12.0     468986.0670     5.1568   5.813E+02    37     0    643
3d4(3F)4d_4Fce[5/2]         6.0     469302.1420     5.1474   5.824E+02    39     0    644
3d4(3F)4d_4Fce[3/2]         4.0     469304.1210     5.1473   5.824E+02    39     0    645
3d4(3F)4d_4Fce[7/2]         8.0     469363.8780     5.1455   5.826E+02    39     0    646
3d4(3F)4d_4Fbe[9/2]        10.0     469578.6730     5.1391   5.834E+02    31     0    647
3d4(1G)4d_2Ibe[11/2]       12.0     470293.9080     5.1176   5.858E+02    35     0    648
3d4(1G)4d_2Ibe[13/2]       14.0     470440.7310     5.1132   5.863E+02    35     0    649
3d4(3F)4d_2Dbe[3/2]         4.0     470469.1390     5.1124   5.864E+02    35     0    650
3d4(3F)4d_2De[5/2]          6.0     470982.4650     5.0970   5.882E+02    34     0    651
3d4(1S)5s_2Se[1/2]          2.0     471471.3990     5.0823   5.899E+02    35     0    652
3d4(1G)4d_2Fe[5/2]          6.0     473589.6210     5.0188   5.973E+02    35     0    653
3d4(1G)4d_2Fe[7/2]          8.0     473719.0300     5.0150   5.978E+02    35     0    654
3d4(1G)4d_2Hbe[9/2]        10.0     474034.1680     5.0055   5.989E+02    35     0    655
3d4(1G)4d_2Hbe[11/2]       12.0     474159.9570     5.0017   5.994E+02    35     0    656
3d4(3F)4d_2Pde[1/2]         2.0     474167.5130     5.0015   5.994E+02    35     0    657
3d4(3F)4d_2Pde[3/2]         4.0     474753.4260     4.9839   6.015E+02    35     0    658
3d4(1D)5s_2De[3/2]          4.0     475230.8240     4.9696   6.032E+02    35     0    659
3d4(1D)5s_2De[5/2]          6.0     475245.4520     4.9692   6.033E+02    35     0    660
3d4(3P)5p_4Do[1/2]          2.0     478674.7240     4.8664   6.160E+02    37     0    661
3d4(3P)5p_4Do[3/2]          4.0     479355.5690     4.8460   6.186E+02    37     0    662
3d4(3H)5p_4Ho[7/2]          8.0     479415.3380     4.8442   6.189E+02    37     0    663
3d4(3H)5p_4Ho[9/2]         10.0     479601.7830     4.8386   6.196E+02    37     0    664
3d4(3H)5p_4Ho[11/2]        12.0     479910.8650     4.8293   6.208E+02    37     0    665
3d4(3P)5p_4Po[1/2]          2.0     480060.5350     4.8248   6.214E+02    37     0    666
3d4(3H)5p_4Io[9/2]         10.0     480198.1620     4.8207   6.219E+02    37     0    667
3d4(3H)5p_4Ho[13/2]        14.0     480309.5210     4.8174   6.223E+02    37     0    668
3d4(3P)5p_4Do[5/2]          6.0     480317.0660     4.8172   6.223E+02    37     0    669
3d4(3P)5p_4Po[3/2]          4.0     480559.3910     4.8099   6.233E+02    37     0    670
3d4(3H)5p_4Io[11/2]        12.0     480663.3900     4.8068   6.237E+02    37     0    671
3d4(3H)5p_4Io[13/2]        14.0     481095.7630     4.7938   6.254E+02    37     0    672
3d4(3H)5p_2Go[7/2]          8.0     481230.2120     4.7898   6.259E+02    40     0    673
3d4(3H)5p_4Go[9/2]         10.0     481364.0390     4.7858   6.264E+02    37     0    674
3d4(3P)5p_2Po[1/2]          2.0     481370.3860     4.7856   6.265E+02    40     0    675
3d4(3H)5p_4Io[15/2]        16.0     481489.7840     4.7820   6.269E+02    37     0    676
3d4(3H)5p_4Go[5/2]          6.0     481588.7640     4.7790   6.273E+02    37     0    677
3d4(3P)5p_4Do[7/2]          8.0     481609.5760     4.7784   6.274E+02    37     0    678
3d4(1G)4d_2Gbe[7/2]         8.0     481687.1760     4.7761   6.277E+02    38     0    679
3d4(1G)4d_2Gbe[9/2]        10.0     481708.4130     4.7754   6.278E+02    38     0    680
3d4(3H)5p_4Go[11/2]        12.0     481785.8730     4.7731   6.281E+02    37     0    681
3d4(3H)5p_4Go[7/2]          8.0     481923.6860     4.7690   6.286E+02    37     0    682
3d4(3P)5p_4Po[5/2]          6.0     481930.8560     4.7688   6.287E+02    37     0    683
3d4(3P)5p_2Do[3/2]          4.0     481973.1960     4.7675   6.288E+02    40     0    684
3d4(3F)5p_4Go[5/2]          6.0     482014.1440     4.7663   6.290E+02    37     0    685
3d4(3H)5p_2Io[11/2]        12.0     482095.6720     4.7638   6.293E+02    40     0    686
3d4(3H)5p_4Gbo[9/2]        10.0     482164.4830     4.7618   6.296E+02    37     0    687
3d4(3F)5p_4Go[7/2]          8.0     482233.7510     4.7597   6.299E+02    37     0    688
3d4(3P)5p_4So[3/2]          4.0     482414.5560     4.7543   6.306E+02    37     0    689
3d4(3H)5p_2Io[13/2]        14.0     482484.0540     4.7522   6.309E+02    40     0    690
3d4(3F)5p_4Go[9/2]         10.0     482586.3340     4.7491   6.313E+02    37     0    691
3d4(3F)5p_4Fo[3/2]          4.0     482700.8460     4.7457   6.317E+02    37     0    692
3d4(3H)5p_2Ho[9/2]         10.0     482873.2030     4.7405   6.324E+02    40     0    693
3d4(3F)5p_4Fo[5/2]          6.0     482931.1500     4.7388   6.326E+02    37     0    694
3d4(3F)5p_4Go[11/2]        12.0     483034.1070     4.7357   6.330E+02    37     0    695
3d4(3F)5p_4Fo[7/2]          8.0     483168.1760     4.7317   6.336E+02    37     0    696
3d4(3P)5p_2So[1/2]          2.0     483212.2080     4.7304   6.338E+02    40     0    697
3d4(3F)5p_4Fo[9/2]         10.0     483376.2550     4.7254   6.344E+02    37     0    698
3d4(3H)5p_2Ho[11/2]        12.0     483392.6880     4.7249   6.345E+02    40     0    699
3d4(3F)5p_4Do[3/2]          4.0     483441.3020     4.7235   6.347E+02    37     0    700
3d4(3F)5p_4Do[5/2]          6.0     483480.0150     4.7223   6.348E+02    37     0    701
3d4(3F)5p_4Do[1/2]          2.0     483549.2270     4.7203   6.351E+02    37     0    702
3d4(3F)5p_4Do[7/2]          8.0     483625.8750     4.7180   6.354E+02    37     0    703
3d4(3P)5p_2Po[3/2]          4.0     483680.3660     4.7163   6.356E+02    40     0    704
3d4(1F)5s_2Fe[7/2]          8.0     483855.5020     4.7111   6.364E+02    38     0    705
3d4(1F)5s_2Fe[5/2]          6.0     483859.7670     4.7109   6.364E+02    38     0    706
3d4(3P)5p_2Do[5/2]          6.0     483937.9800     4.7086   6.367E+02    40     0    707
3d4(3F)5p_2Do[3/2]          4.0     484094.6120     4.7039   6.373E+02    40     0    708
3d4(3F)5p_2Do[5/2]          6.0     484274.3460     4.6985   6.381E+02    40     0    709
3d4(3F)5p_2Fo[5/2]          6.0     484861.7660     4.6809   6.405E+02    40     0    710
3d4(3F)5p_2Go[7/2]          8.0     484915.4730     4.6793   6.407E+02    40     0    711
3d4(3F)5p_2Fo[7/2]          8.0     484996.4890     4.6769   6.410E+02    40     0    712
3d4(3F)5p_2Go[9/2]         10.0     485168.1350     4.6717   6.417E+02    40     0    713
3d4(3G)5p_4Ho[7/2]          8.0     486021.5430     4.6461   6.453E+02    37     0    714
3d4(3G)5p_4Ho[9/2]         10.0     486380.4450     4.6354   6.467E+02    37     0    715
3d4(3G)5p_4Fo[5/2]          6.0     486614.8380     4.6284   6.477E+02    37     0    716
3d4(3G)5p_4Fo[7/2]          8.0     486801.1920     4.6228   6.485E+02    37     0    717
3d4(3G)5p_4Ho[11/2]        12.0     486807.6960     4.6226   6.485E+02    37     0    718
3d4(3G)5p_4Fo[3/2]          4.0     486955.5190     4.6181   6.492E+02    37     0    719
3d4(3G)5p_4Fo[9/2]         10.0     487058.8310     4.6150   6.496E+02    37     0    720
3d3(4P)4s2_4Pe[1/2]         2.0     487136.7810     4.6127   6.499E+02    39     0    721
3d4(3G)5p_4Ho[13/2]        14.0     487269.7970     4.6087   6.505E+02    37     0    722
3d4(3G)5p_4Go[5/2]          6.0     487273.9800     4.6086   6.505E+02    37     0    723
3d3(4P)4s2_4Pe[3/2]         4.0     487322.2630     4.6071   6.507E+02    39     0    724
3d4(3G)5p_4Go[7/2]          8.0     487502.6190     4.6017   6.515E+02    37     0    725
3d4(3G)5p_4Go[9/2]         10.0     487613.3250     4.5984   6.519E+02    37     0    726
3d4(3G)5p_4Go[11/2]        12.0     487641.5020     4.5976   6.521E+02    37     0    727
3d4(3G)5p_2Fo[5/2]          6.0     487855.9940     4.5911   6.530E+02    40     0    728
3d3(4P)4s2_4Pe[5/2]         6.0     488013.4250     4.5864   6.537E+02    39     0    729
3d4(3G)5p_2Ho[9/2]         10.0     488146.3350     4.5824   6.542E+02    40     0    730
3d4(1G)4d_2De[5/2]          6.0     488362.8380     4.5759   6.551E+02    35     0    731
3d4(3G)5p_2Fo[7/2]          8.0     488517.7550     4.5713   6.558E+02    40     0    732
3d4(3G)5p_2Ho[11/2]        12.0     488578.1630     4.5695   6.561E+02    40     0    733
3d4(1G)4d_2Dbe[3/2]         4.0     488737.5530     4.5647   6.568E+02    38     0    734
3d4(3G)5p_2Go[7/2]          8.0     489028.6010     4.5560   6.580E+02    40     0    735
3d4(3G)5p_2Go[9/2]         10.0     489459.7310     4.5431   6.599E+02    40     0    736
3d3(2G)4s2_2Ge[7/2]         8.0     489508.4220     4.5416   6.601E+02    38     0    737
3d3(2G)4s2_2Ge[9/2]        10.0     490254.8500     4.5192   6.634E+02    38     0    738
3d4(3P)4f_4Go[5/2]          6.0     491452.5000     4.4833   6.687E+02    37     0    739
3d4(3P)4f_4Go[7/2]          8.0     491772.9790     4.4737   6.701E+02    37     0    740
3d4(3H)4f_4Ko[11/2]        12.0     491827.5770     4.4721   6.704E+02    37     0    741
3d4(3H)4f_4Ko[13/2]        14.0     492074.9040     4.4647   6.715E+02    37     0    742
3d4(3H)4f_4Io[9/2]         10.0     492149.3800     4.4624   6.718E+02    37     0    743
3d4(3H)4f_4Io[11/2]        12.0     492366.0290     4.4559   6.728E+02    37     0    744
3d4(3H)4f_4Ko[15/2]        16.0     492376.6480     4.4556   6.728E+02    37     0    745
3d4(3P)4f_4Go[9/2]         10.0     492458.4520     4.4532   6.732E+02    37     0    746
3d4(3P)4f_4Fo[3/2]          4.0     492626.8490     4.4481   6.740E+02    37     0    747
3d4(3H)4f_4Io[13/2]        14.0     492629.9750     4.4480   6.740E+02    37     0    748
3d4(3H)4f_4Ko[17/2]        18.0     492729.9130     4.4450   6.744E+02    37     0    749
3d4(3P)4f_2Do[5/2]          6.0     492746.0120     4.4445   6.745E+02    40     0    750
3d4(3H)4f_4Ho[7/2]          8.0     492871.3110     4.4408   6.751E+02    37     0    751
3d4(3H)4f_4Io[15/2]        16.0     492916.2270     4.4394   6.753E+02    37     0    752
3d4(3H)4f_4Lo[13/2]        14.0     492928.5310     4.4391   6.753E+02    37     0    753
3d4(3P)4f_2Fo[5/2]          6.0     493030.8620     4.4360   6.758E+02    40     0    754
3d4(3H)4f_4Hbo[7/2]         8.0     493049.1760     4.4355   6.759E+02    37     0    755
3d4(3H)4f_4Lo[15/2]        16.0     493100.6080     4.4339   6.761E+02    37     0    756
3d4(3H)4f_4Ho[9/2]         10.0     493224.6420     4.4302   6.767E+02    37     0    757
3d4(3P)5s_4Pbe[5/2]         6.0     493281.1010     4.4285   6.770E+02    39     0    758
3d4(5D)5d_4Se[3/2]          4.0     493322.1200     4.4273   6.771E+02    39     0    759
3d4(3H)4f_2Go[7/2]          8.0     493346.0240     4.4266   6.773E+02    40     0    760
3d4(3H)4f_4Lo[17/2]        18.0     493390.7910     4.4252   6.775E+02    37     0    761
3d4(3H)4f_2Go[9/2]         10.0     493414.5710     4.4245   6.776E+02    40     0    762
3d4(3H)4f_4Ho[11/2]        12.0     493464.5000     4.4230   6.778E+02    37     0    763
3d4(5D)5d_6Ge[3/2]          4.0     493472.0550     4.4228   6.778E+02    41     0    764
3d4(5D)5d_6Ge[5/2]          6.0     493627.9190     4.4181   6.786E+02    41     0    765
3d4(3H)4f_2Lo[15/2]        16.0     493659.0110     4.4172   6.787E+02    40     0    766
3d4(3H)4f_4Lo[19/2]        20.0     493719.5560     4.4154   6.790E+02    37     0    767
3d4(3H)4f_4Ho[13/2]        14.0     493790.1820     4.4132   6.793E+02    37     0    768
3d4(3F)5s_4Fbe[9/2]        10.0     493829.3500     4.4121   6.795E+02    39     0    769
3d4(3P)4f_4Go[11/2]        12.0     493848.9950     4.4115   6.796E+02    37     0    770
3d4(5D)5d_6Ge[7/2]          8.0     493849.0030     4.4115   6.796E+02    41     0    771
3d4(3H)4f_4Go[5/2]          6.0     493907.4290     4.4097   6.798E+02    37     0    772
3d4(3F)5s_4Fbe[7/2]         8.0     493938.6200     4.4088   6.800E+02    39     0    773
3d4(5D)5d_6Pe[5/2]          6.0     493939.4560     4.4088   6.800E+02    41     0    774
3d4(3F)5s_4Fbe[3/2]         4.0     493947.0280     4.4085   6.800E+02    39     0    775
3d4(5D)5d_6Pe[3/2]          4.0     493948.9340     4.4085   6.800E+02    41     0    776
3d4(3H)4f_2Io[11/2]        12.0     493960.5120     4.4081   6.801E+02    40     0    777
3d4(3F)5s_4Fbe[5/2]         6.0     493965.0040     4.4080   6.801E+02    39     0    778
3d4(3H)4f_4Go[7/2]          8.0     493974.6050     4.4077   6.802E+02    37     0    779
3d4(3H)4f_4Do[5/2]          6.0     493995.4830     4.4071   6.803E+02    37     0    780
3d4(3P)4f_4Fo[9/2]         10.0     494000.5270     4.4069   6.803E+02    37     0    781
3d4(3P)5s_4Pbe[3/2]         4.0     494051.6750     4.4054   6.805E+02    39     0    782
3d4(3H)4f_2Ho[9/2]         10.0     494069.8030     4.4049   6.806E+02    40     0    783
3d4(3H)4f_4Do[7/2]          8.0     494075.1520     4.4047   6.806E+02    37     0    784
3d4(3H)4f_4Do[3/2]          4.0     494098.5740     4.4040   6.807E+02    37     0    785
3d4(5D)5d_6Ge[9/2]         10.0     494138.9070     4.4028   6.809E+02    41     0    786
3d4(3H)4f_2Lo[17/2]        18.0     494159.0080     4.4022   6.810E+02    40     0    787
3d4(3H)4f_4Do[1/2]          2.0     494162.4500     4.4021   6.810E+02    37     0    788
3d4(3H)4f_2Ho[11/2]        12.0     494164.8390     4.4020   6.810E+02    40     0    789
3d4(5D)5d_6Pe[7/2]          8.0     494180.3530     4.4015   6.811E+02    41     0    790
3d4(3D)5p_4Do[5/2]          6.0     494261.2200     4.3991   6.815E+02    37     0    791
3d4(3H)4f_4Gbo[7/2]         8.0     494263.0480     4.3991   6.815E+02    37     0    792
3d4(3D)5p_4Do[3/2]          4.0     494331.0980     4.3970   6.818E+02    37     0    793
3d4(3H)4f_2Ko[13/2]        14.0     494333.9030     4.3969   6.818E+02    40     0    794
3d4(3H)4f_4Go[9/2]         10.0     494354.7050     4.3963   6.819E+02    37     0    795
3d4(3D)5p_4Do[7/2]          8.0     494362.3360     4.3961   6.820E+02    37     0    796
3d4(3H)4f_2Fo[5/2]          6.0     494363.5280     4.3961   6.820E+02    40     0    797
3d4(1I)5p_2Io[13/2]        14.0     494403.5200     4.3949   6.821E+02    40     0    798
3d4(3D)5p_4Do[1/2]          2.0     494462.8760     4.3931   6.824E+02    37     0    799
3d4(3F)4f_4Io[9/2]         10.0     494478.0880     4.3926   6.825E+02    37     0    800
3d4(3P)4f_4Do[7/2]          8.0     494488.9840     4.3923   6.825E+02    37     0    801
3d4(5D)5d_6Ge[11/2]        12.0     494497.1020     4.3920   6.826E+02    41     0    802
3d4(1D)4d_2Se[1/2]          2.0     494502.5170     4.3919   6.826E+02    38     0    803
3d4(3H)4f_4Fo[3/2]          4.0     494544.2290     4.3906   6.828E+02    37     0    804
3d4(3P)4f_2Do[3/2]          4.0     494614.3900     4.3885   6.831E+02    40     0    805
3d4(3F)4f_4Io[11/2]        12.0     494621.6880     4.3883   6.832E+02    37     0    806
3d4(3H)4f_2Fo[7/2]          8.0     494658.8710     4.3872   6.833E+02    40     0    807
3d4(3H)4f_4Go[11/2]        12.0     494675.9060     4.3867   6.834E+02    37     0    808
3d4(3P)4f_4Do[5/2]          6.0     494701.7840     4.3859   6.835E+02    37     0    809
3d4(3P)5s_4Pbe[1/2]         2.0     494722.5790     4.3853   6.836E+02    39     0    810
3d4(3D)5p_4Po[5/2]          6.0     494735.3090     4.3849   6.837E+02    37     0    811
3d4(1I)5p_2Io[11/2]        12.0     494740.8290     4.3847   6.837E+02    40     0    812
3d4(3F)4f_4Io[13/2]        14.0     494769.7010     4.3839   6.839E+02    37     0    813
3d4(1G)5p_2Ho[9/2]         10.0     494820.0870     4.3824   6.841E+02    40     0    814
3d4(3D)5p_4Fo[3/2]          4.0     494840.5740     4.3817   6.842E+02    37     0    815
3d4(3H)4f_4Fo[5/2]          6.0     494849.4120     4.3815   6.842E+02    37     0    816
3d4(3H)4f_2Io[13/2]        14.0     494857.8880     4.3812   6.843E+02    40     0    817
3d4(3H)4f_2Ko[15/2]        16.0     494869.0160     4.3809   6.843E+02    40     0    818
3d3(2P)4s2_2Pe[1/2]         2.0     494869.1660     4.3809   6.843E+02    38     0    819
3d4(5D)5d_6Ge[13/2]        14.0     494923.0900     4.3793   6.846E+02    41     0    820
3d4(3H)4f_4Fo[9/2]         10.0     494943.3780     4.3787   6.847E+02    37     0    821
3d4(3H)4f_4Fo[7/2]          8.0     494950.0900     4.3785   6.847E+02    37     0    822
3d4(5D)5d_6Fe[1/2]          2.0     494952.4580     4.3784   6.847E+02    41     0    823
3d4(5D)5d_6Fe[3/2]          4.0     494976.4600     4.3777   6.848E+02    41     0    824
3d4(3F)4f_4Io[15/2]        16.0     494998.7970     4.3770   6.849E+02    37     0    825
3d4(3H)4f_4Fbo[7/2]         8.0     495003.7000     4.3769   6.849E+02    37     0    826
3d3(2P)4s2_2Pe[3/2]         4.0     495011.0930     4.3766   6.850E+02    38     0    827
3d4(3D)5p_4Pbo[5/2]         6.0     495063.0320     4.3751   6.852E+02    37     0    828
3d4(5D)5d_6Fe[5/2]          6.0     495101.4410     4.3739   6.854E+02    41     0    829
3d4(3D)5p_4Fo[7/2]          8.0     495114.8390     4.3735   6.855E+02    37     0    830
3d4(3F)4f_2So[1/2]          2.0     495115.6120     4.3735   6.855E+02    40     0    831
3d4(3F)4f_4Ho[7/2]          8.0     495127.5100     4.3731   6.855E+02    37     0    832
3d4(3D)5p_4Fo[9/2]         10.0     495144.2050     4.3726   6.856E+02    37     0    833
3d4(3P)4f_4Dbo[5/2]         6.0     495150.0140     4.3725   6.856E+02    37     0    834
3d4(5D)5d_6De[1/2]          2.0     495182.0530     4.3715   6.858E+02    41     0    835
3d4(3P)4f_4Do[3/2]          4.0     495221.1520     4.3703   6.860E+02    37     0    836
3d4(1G)5p_2Ho[11/2]        12.0     495224.2730     4.3702   6.860E+02    40     0    837
3d4(3P)5s_2Pbe[3/2]         4.0     495284.7580     4.3684   6.863E+02    38     0    838
3d4(3F)4f_4Ho[9/2]         10.0     495296.3260     4.3681   6.863E+02    37     0    839
3d4(5D)5d_6Fe[7/2]          8.0     495303.8310     4.3679   6.864E+02    41     0    840
3d4(3H)4f_2Do[3/2]          4.0     495352.5480     4.3664   6.866E+02    40     0    841
3d4(1I)5p_2Ko[13/2]        14.0     495366.2490     4.3660   6.867E+02    40     0    842
3d4(3D)5p_4Po[3/2]          4.0     495370.6660     4.3659   6.867E+02    37     0    843
3d4(5D)5d_6De[3/2]          4.0     495411.3740     4.3646   6.869E+02    41     0    844
3d4(3P)4f_2Fo[7/2]          8.0     495458.4510     4.3632   6.871E+02    40     0    845
3d4(3P)4f_4Do[1/2]          2.0     495458.4970     4.3632   6.871E+02    37     0    846
3d4(3F)4f_4Ho[11/2]        12.0     495479.1330     4.3626   6.872E+02    37     0    847
3d4(3F)4f_4Go[5/2]          6.0     495524.5500     4.3612   6.874E+02    37     0    848
3d4(3F)5s_2Fce[7/2]         8.0     495554.1460     4.3604   6.875E+02    38     0    849
3d4(5D)5d_6De[9/2]         10.0     495558.4520     4.3602   6.876E+02    41     0    850
3d4(3D)5p_4Po[1/2]          2.0     495596.6390     4.3591   6.877E+02    37     0    851
3d4(3F)4f_4Go[9/2]         10.0     495605.6100     4.3588   6.878E+02    37     0    852
3d4(1G)5p_2Fo[5/2]          6.0     495607.0510     4.3588   6.878E+02    40     0    853
3d4(3F)4f_4Go[7/2]          8.0     495614.0260     4.3586   6.878E+02    37     0    854
3d4(3F)4f_2Po[3/2]          4.0     495625.7020     4.3582   6.879E+02    40     0    855
3d4(3F)4f_4Do[5/2]          6.0     495635.3580     4.3579   6.879E+02    37     0    856
3d4(3F)5s_2Fbe[5/2]         6.0     495636.7370     4.3579   6.879E+02    38     0    857
3d4(5D)5d_6De[5/2]          6.0     495675.5030     4.3567   6.881E+02    41     0    858
3d4(3F)4f_4Ho[13/2]        14.0     495681.4450     4.3565   6.881E+02    37     0    859
3d4(3F)4f_4Do[3/2]          4.0     495706.3250     4.3558   6.883E+02    37     0    860
3d4(3F)4f_4Do[7/2]          8.0     495714.9120     4.3555   6.883E+02    37     0    861
3d4(3F)4f_4Do[1/2]          2.0     495717.9460     4.3554   6.883E+02    37     0    862
3d4(1I)5p_2Ko[15/2]        16.0     495724.7040     4.3552   6.883E+02    40     0    863
3d4(3H)4f_2Do[5/2]          6.0     495800.8710     4.3530   6.887E+02    40     0    864
3d4(3F)4f_4Fo[3/2]          4.0     495801.3050     4.3529   6.887E+02    37     0    865
3d4(3F)4f_4Fo[7/2]          8.0     495863.1040     4.3511   6.890E+02    37     0    866
3d4(3F)4f_4Gbo[9/2]        10.0     495868.5610     4.3509   6.890E+02    37     0    867
3d4(3H)4f_2Dbo[5/2]         6.0     495878.0320     4.3506   6.891E+02    40     0    868
3d4(3F)4f_4Go[11/2]        12.0     495880.9390     4.3506   6.891E+02    37     0    869
3d4(5D)5d_6De[7/2]          8.0     495941.5960     4.3487   6.894E+02    41     0    870
3d4(3P)4f_2Go[9/2]         10.0     496002.2590     4.3469   6.897E+02    40     0    871
3d4(3F)4f_2Po[1/2]          2.0     496006.9580     4.3468   6.897E+02    40     0    872
3d4(5D)5d_6Fe[9/2]         10.0     496154.8150     4.3423   6.904E+02    41     0    873
3d4(1G)5p_2Go[7/2]          8.0     496156.1900     4.3423   6.904E+02    40     0    874
3d4(5D)5d_6Fe[11/2]        12.0     496203.9210     4.3409   6.906E+02    41     0    875
3d4(3F)4f_4Po[3/2]          4.0     496231.6930     4.3400   6.908E+02    37     0    876
3d4(3F)4f_4Po[5/2]          6.0     496244.3860     4.3397   6.908E+02    37     0    877
3d4(3P)5s_2Pbe[1/2]         2.0     496294.6190     4.3382   6.911E+02    38     0    878
3d4(1G)5p_2Go[9/2]         10.0     496322.9350     4.3373   6.912E+02    40     0    879
3d4(3F)4f_4Po[1/2]          2.0     496357.9330     4.3363   6.914E+02    37     0    880
3d4(3F)4f_2Ho[9/2]         10.0     496511.5110     4.3317   6.921E+02    40     0    881
3d4(3F)4f_2Io[11/2]        12.0     496523.9870     4.3313   6.922E+02    40     0    882
3d4(3D)5p_2Po[3/2]          4.0     496530.7030     4.3311   6.922E+02    40     0    883
3d4(1I)5p_2Ho[11/2]        12.0     496553.9380     4.3304   6.923E+02    40     0    884
3d4(3D)5p_2Po[1/2]          2.0     496563.2970     4.3301   6.923E+02    40     0    885
3d4(3D)5p_2Fo[7/2]          8.0     496594.5940     4.3292   6.925E+02    40     0    886
3d4(3D)5p_2Fo[5/2]          6.0     496659.3380     4.3272   6.928E+02    40     0    887
3d4(3F)4f_2Do[3/2]          4.0     496686.3680     4.3264   6.929E+02    40     0    888
3d4(3D)5p_2Do[5/2]          6.0     496743.9850     4.3247   6.932E+02    40     0    889
3d4(3F)4f_2Go[7/2]          8.0     496757.2500     4.3243   6.933E+02    40     0    890
3d4(3F)4f_2Io[13/2]        14.0     496911.6070     4.3197   6.940E+02    40     0    891
3d4(3F)4f_4So[3/2]          4.0     496949.4290     4.3185   6.942E+02    37     0    892
3d4(3F)4f_2Go[9/2]         10.0     497017.2210     4.3165   6.945E+02    40     0    893
3d4(1I)5p_2Hbo[11/2]       12.0     497105.2420     4.3139   6.950E+02    40     0    894
3d4(3D)5p_2Dbo[5/2]         6.0     497195.4080     4.3112   6.954E+02    40     0    895
3d4(1I)5p_2Ho[9/2]         10.0     497242.8810     4.3097   6.956E+02    40     0    896
3d4(3D)5p_2Do[3/2]          4.0     497321.3030     4.3074   6.960E+02    40     0    897
3d4(3D)5p_2Fbo[5/2]         6.0     497458.2840     4.3033   6.967E+02    40     0    898
3d3(2H)4s2_2He[9/2]        10.0     497498.7660     4.3021   6.969E+02    38     0    899
3d4(3F)4f_2Fo[7/2]          8.0     497557.3550     4.3003   6.971E+02    40     0    900
3d3(2H)4s2_2He[11/2]       12.0     498047.7600     4.2856   6.995E+02    38     0    901
3d4(5D)5d_4Ge[5/2]          6.0     498071.6330     4.2849   6.997E+02    39     0    902
3d3(2D)4s2_2De[3/2]         4.0     498238.6750     4.2799   7.005E+02    38     0    903
3d4(1D)4d_2Gce[7/2]         8.0     498335.9050     4.2770   7.009E+02    38     0    904
3d4(5D)5d_4Ge[7/2]          8.0     498380.5680     4.2756   7.012E+02    39     0    905
3d4(1D)4d_2Gce[9/2]        10.0     498437.3350     4.2739   7.014E+02    38     0    906
3d4(3G)4f_4Ko[11/2]        12.0     498516.0480     4.2716   7.018E+02    42     0    907
3d3(2D)4s2_2De[5/2]         6.0     498562.8410     4.2702   7.021E+02    38     0    908
3d4(3G)4f_4Ko[13/2]        14.0     498647.8920     4.2676   7.025E+02    42     0    909
3d4(5D)5d_4Ge[9/2]         10.0     498777.7010     4.2637   7.031E+02    39     0    910
3d4(3G)4f_4Io[9/2]         10.0     498814.4280     4.2626   7.033E+02    42     0    911
3d4(5D)5d_4Pe[3/2]          4.0     498907.0820     4.2598   7.038E+02    39     0    912
3d4(3G)4f_4Ko[15/2]        16.0     498913.9360     4.2596   7.038E+02    42     0    913
3d4(5D)5d_4Pe[1/2]          2.0     498928.0160     4.2592   7.039E+02    39     0    914
3d4(3G)4f_4Io[11/2]        12.0     498979.9360     4.2577   7.041E+02    42     0    915
3d4(5D)5d_4Pe[5/2]          6.0     499045.6610     4.2557   7.045E+02    39     0    916
3d4(3G)4f_4Ko[17/2]        18.0     499227.1020     4.2502   7.054E+02    42     0    917
3d4(3G)4f_4Io[13/2]        14.0     499246.7310     4.2497   7.055E+02    42     0    918
3d4(5D)5d_4Ge[11/2]        12.0     499262.1180     4.2492   7.055E+02    39     0    919
3d4(3G)4f_4Ho[7/2]          8.0     499300.8510     4.2480   7.057E+02    42     0    920
3d4(5D)5d_4De[1/2]          2.0     499336.3480     4.2470   7.059E+02    39     0    921
3d4(1D)4d_2Fbe[5/2]         6.0     499342.9610     4.2468   7.059E+02    38     0    922
3d4(3G)4f_4Go[5/2]          6.0     499367.2690     4.2460   7.061E+02    42     0    923
3d4(3G)4f_4Ho[9/2]         10.0     499406.2800     4.2449   7.062E+02    42     0    924
3d4(3G)4f_2Po[1/2]          2.0     499409.7680     4.2448   7.063E+02    40     0    925
3d4(1D)4d_2Fbe[7/2]         8.0     499477.1730     4.2427   7.066E+02    38     0    926
3d4(3G)4f_4Io[15/2]        16.0     499553.7290     4.2405   7.070E+02    42     0    927
3d4(3G)4f_2Do[3/2]          4.0     499603.4520     4.2390   7.072E+02    40     0    928
3d4(5D)5d_4De[3/2]          4.0     499603.5250     4.2390   7.072E+02    39     0    929
3d4(3G)4f_4Go[7/2]          8.0     499615.1620     4.2386   7.073E+02    42     0    930
3d4(3G)4f_4Ho[11/2]        12.0     499621.4450     4.2384   7.073E+02    42     0    931
3d4(3G)4f_4Po[1/2]          2.0     499678.7370     4.2367   7.076E+02    42     0    932
3d4(3G)4f_2Ko[13/2]        14.0     499794.9740     4.2332   7.082E+02    40     0    933
3d4(5D)5d_4De[7/2]          8.0     499814.2230     4.2326   7.083E+02    39     0    934
3d4(5D)5d_4De[5/2]          6.0     499819.4740     4.2325   7.083E+02    39     0    935
3d4(3G)4f_4Go[9/2]         10.0     499822.7930     4.2324   7.083E+02    42     0    936
3d4(3G)4f_4Fo[3/2]          4.0     499839.6800     4.2319   7.084E+02    42     0    937
3d4(3G)4f_4Ho[13/2]        14.0     499842.4440     4.2318   7.084E+02    42     0    938
3d4(3G)4f_4Po[3/2]          4.0     499942.8270     4.2288   7.089E+02    42     0    939
3d4(3G)4f_4Do[1/2]          2.0     499967.5930     4.2280   7.091E+02    42     0    940
3d4(3G)4f_4Fo[5/2]          6.0     499971.0550     4.2279   7.091E+02    42     0    941
3d4(3G)4f_4Go[11/2]        12.0     499997.2800     4.2272   7.092E+02    42     0    942
3d4(3G)4f_2Do[5/2]          6.0     500056.2410     4.2254   7.095E+02    40     0    943
3d4(3G)4f_2Io[11/2]        12.0     500161.6780     4.2222   7.100E+02    40     0    944
3d4(3G)4f_2Po[3/2]          4.0     500203.7990     4.2210   7.102E+02    40     0    945
3d4(3G)4f_2Pbo[1/2]         2.0     500265.4500     4.2191   7.106E+02    40     0    946
3d4(3G)4f_4Do[3/2]          4.0     500277.0700     4.2188   7.106E+02    42     0    947
3d4(3G)4f_4Fo[7/2]          8.0     500304.4260     4.2179   7.108E+02    42     0    948
3d4(3G)4f_2Ko[15/2]        16.0     500402.6960     4.2150   7.113E+02    40     0    949
3d4(3G)4f_4Po[5/2]          6.0     500471.2620     4.2129   7.116E+02    42     0    950
3d4(3G)4f_2Io[13/2]        14.0     500499.3270     4.2121   7.117E+02    40     0    951
3d4(3G)4f_2Fo[5/2]          6.0     500505.7850     4.2119   7.118E+02    40     0    952
3d4(1S)5p_2Po[3/2]          4.0     500638.9910     4.2079   7.124E+02    40     0    953
3d4(3G)4f_4Do[5/2]          6.0     500670.2600     4.2070   7.126E+02    42     0    954
3d4(3G)4f_4Fo[9/2]         10.0     500726.5920     4.2053   7.129E+02    42     0    955
3d4(3G)4f_2Ho[9/2]         10.0     500808.9110     4.2028   7.133E+02    40     0    956
3d4(5D)5d_4Fe[3/2]          4.0     500876.8380     4.2008   7.137E+02    39     0    957
3d4(3G)4f_2Fo[7/2]          8.0     500898.4340     4.2001   7.138E+02    40     0    958
3d4(3G)4f_4Do[7/2]          8.0     501079.6670     4.1947   7.147E+02    42     0    959
3d4(5D)5d_4Fe[5/2]          6.0     501137.6290     4.1930   7.150E+02    39     0    960
3d4(3G)4f_2Go[7/2]          8.0     501248.9110     4.1896   7.156E+02    40     0    961
3d4(3G)4f_2Ho[11/2]        12.0     501366.3630     4.1861   7.162E+02    40     0    962
3d4(5D)5d_4Fe[7/2]          8.0     501436.9170     4.1840   7.165E+02    39     0    963
3d4(5D)5d_4Fe[9/2]         10.0     501739.1160     4.1749   7.181E+02    39     0    964
3d4(3G)4f_2Go[9/2]         10.0     501752.0960     4.1745   7.181E+02    40     0    965
3d4(1D)5p_2Do[3/2]          4.0     503253.6540     4.1295   7.260E+02    40     0    966
3d4(1D)5p_2Do[5/2]          6.0     503328.8850     4.1273   7.264E+02    40     0    967
3d4(1D)5p_2Fo[5/2]          6.0     504112.3350     4.1038   7.305E+02    40     0    968
3d4(1G)5s_2Gbe[9/2]        10.0     504379.6530     4.0958   7.320E+02    43     0    969
3d4(1G)5s_2Gbe[7/2]         8.0     504379.9630     4.0958   7.320E+02    43     0    970
3d4(1D)5p_2Fo[7/2]          8.0     504539.4250     4.0910   7.328E+02    40     0    971
3d4(1D)4d_2Dbe[3/2]         4.0     505165.2230     4.0722   7.362E+02    43     0    972
3d4(5D)5d_6Se[5/2]          6.0     505470.1210     4.0631   7.378E+02    41     0    973
3d4(1D)5p_2Po[3/2]          4.0     505479.3720     4.0628   7.379E+02    40     0    974
3d4(1D)4d_2Dbe[5/2]         6.0     505483.2600     4.0627   7.379E+02    43     0    975
3d4(1D)5p_2Po[1/2]          2.0     505543.4980     4.0609   7.382E+02    40     0    976
3d4(1D)4d_2Pbe[3/2]         4.0     506153.1920     4.0426   7.416E+02    43     0    977
3d4(1D)4d_2Pbe[1/2]         2.0     506227.7610     4.0404   7.420E+02    43     0    978
3d4(3D)4f_4Go[11/2]        12.0     506948.3850     4.0188   7.460E+02    42     0    979
3d4(3D)4f_4Go[9/2]         10.0     506960.4080     4.0184   7.460E+02    42     0    980
3d4(1I)4f_2Lo[15/2]        16.0     506970.5070     4.0181   7.461E+02    40     0    981
3d4(3D)4f_4Go[7/2]          8.0     506983.9940     4.0177   7.462E+02    42     0    982
3d4(1I)4f_2Lo[17/2]        18.0     506987.1790     4.0176   7.462E+02    40     0    983
3d4(3D)4f_4Go[5/2]          6.0     507020.6230     4.0166   7.464E+02    42     0    984
3d4(3D)4f_4Ho[13/2]        14.0     507232.8560     4.0102   7.476E+02    42     0    985
3d4(1G)4f_2Ko[15/2]        16.0     507236.3780     4.0101   7.476E+02    40     0    986
3d4(1G)4f_2Ko[13/2]        14.0     507240.0630     4.0100   7.476E+02    40     0    987
3d4(3D)4f_4Ho[11/2]        12.0     507309.2490     4.0079   7.480E+02    42     0    988
3d4(3D)4f_4Po[1/2]          2.0     507337.2570     4.0071   7.482E+02    42     0    989
3d4(3D)4f_4Po[3/2]          4.0     507365.5350     4.0063   7.483E+02    42     0    990
3d4(3D)4f_4Ho[9/2]         10.0     507373.7460     4.0060   7.484E+02    42     0    991
3d4(3D)4f_4Fo[9/2]         10.0     507392.9740     4.0054   7.485E+02    42     0    992
3d4(3D)4f_4Ho[7/2]          8.0     507422.8450     4.0045   7.486E+02    42     0    993
3d4(3D)4f_4Po[5/2]          6.0     507428.7100     4.0044   7.487E+02    42     0    994
3d4(3D)4f_4Fo[7/2]          8.0     507466.7850     4.0032   7.489E+02    42     0    995
3d4(1G)4f_2Io[13/2]        14.0     507495.8920     4.0024   7.490E+02    40     0    996
3d4(3D)4f_4Fo[5/2]          6.0     507520.4780     4.0016   7.492E+02    42     0    997
3d4(3D)4f_4Fo[3/2]          4.0     507557.4560     4.0005   7.494E+02    42     0    998
3d4(3D)4f_2Go[9/2]         10.0     507565.5780     4.0003   7.494E+02    40     0    999
3d4(3D)4f_4Hbo[7/2]         8.0     507597.5630     3.9993   7.496E+02    42     0   1000
