********************************************************************************
********************************************************************************
                                                                                
  Super level assigments for Mg II.
  LS super-level assignents.                    
                                                            
                    g        E(cm^-1)    10^15 Hz      Lam(A)       ID  
                                                                                
********************************************************************************
********************************************************************************
                                                                                
17-Oct-2000                                      !Format date                   
15-Oct-2012                            !Date
80                                     !Number of energy levels
6                                      !Entry number of link to super level
  
3s_2Se[1/2]         2.0          0.0000     3.6355   8.246E+02     1     0      1
3p_2Po[1/2]         2.0      35669.3100     2.5662   1.168E+03     2     0      2
3p_2Po[3/2]         4.0      35760.8800     2.5634   1.169E+03     2     0      3
4s_2Se[1/2]         2.0      69804.9500     1.5428   1.943E+03     3     0      4
3d_2De[5/2]         6.0      71490.1900     1.4923   2.009E+03     4     0      5
3d_2De[3/2]         4.0      71491.0600     1.4923   2.009E+03     4     0      6
4p_2Po[1/2]         2.0      80619.5000     1.2186   2.460E+03     5     0      7
4p_2Po[3/2]         4.0      80650.0200     1.2177   2.462E+03     5     0      8
5s_2Se[1/2]         2.0      92790.5100     0.8537   3.512E+03     6     0      9
4d_2De[5/2]         6.0      93310.5900     0.8381   3.577E+03     7     0     10
4d_2De[3/2]         4.0      93311.1100     0.8381   3.577E+03     7     0     11
4f_2Fo[5/2]         6.0      93799.6300     0.8235   3.641E+03     8     0     12
4f_2Fo[7/2]         8.0      93799.7500     0.8235   3.641E+03     8     0     13
5p_2Po[1/2]         2.0      97455.1200     0.7139   4.199E+03     9     0     14
5p_2Po[3/2]         4.0      97468.9200     0.7135   4.202E+03     9     0     15
6s_2Se[1/2]         2.0     103196.7500     0.5418   5.534E+03    10     0     16
5d_2De[5/2]         6.0     103419.7000     0.5351   5.603E+03    11     0     17
5d_2De[3/2]         4.0     103420.0000     0.5351   5.603E+03    11     0     18
5f_2Fo[5/2]         6.0     103689.8600     0.5270   5.689E+03    12     0     19
5f_2Fo[7/2]         8.0     103689.9200     0.5270   5.689E+03    12     0     20
5z_2Z              18.0     103705.6600     0.5265   5.694E+03    13     0     21
6p_2Po[1/2]         2.0     105622.3400     0.4690   6.392E+03    14     0     22
6p_2Po[3/2]         4.0     105629.7200     0.4688   6.395E+03    14     0     23
7s_2Se[1/2]         2.0     108784.3300     0.3742   8.011E+03    15     0     24
6d_2De[5/2]         6.0     108900.0200     0.3708   8.086E+03    16     0     25
6d_2De[3/2]         4.0     108900.2000     0.3708   8.086E+03    16     0     26
6f_2Fo[5/2]         6.0     109062.3200     0.3659   8.193E+03    17     0     27
6f_2Fo[7/2]         8.0     109062.3500     0.3659   8.193E+03    17     0     28
6z_2Z              40.0     109073.9700     0.3656   8.201E+03    18     0     29
7p_2Po[1/2]         2.0     110203.5800     0.3317   9.038E+03    19     0     30
7p_2Po[3/2]         4.0     110207.9900     0.3316   9.042E+03    19     0     31
8s_2Se[1/2]         2.0     112129.2000     0.2740   1.094E+04    20     0     32
7d_2De[5/2]         6.0     112197.0500     0.2719   1.102E+04    21     0     33
7d_2De[3/2]         4.0     112197.1700     0.2719   1.102E+04    21     0     34
7f_2Fo[5/2]         6.0     112301.4700     0.2688   1.115E+04    22     0     35
7f_2Fo[7/2]         8.0     112301.4700     0.2688   1.115E+04    22     0     36
7z_2Z              66.0     112309.0600     0.2686   1.116E+04    23     0     37
8p_2Po[1/2]         2.0     113030.2500     0.2469   1.214E+04    24     0     38
8p_2Po[3/2]         4.0     113033.0900     0.2469   1.214E+04    24     0     39
9s_2Se[1/2]         2.0     114289.3600     0.2092   1.433E+04    25     0     40
8d_2De[5/2]         6.0     114332.6800     0.2079   1.442E+04    26     0     41
8d_2De[3/2]         4.0     114332.7400     0.2079   1.442E+04    26     0     42
8f_2Fo[7/2]         8.0     114403.5500     0.2058   1.457E+04    27     0     43
8f_2Fo[5/2]         6.0     114403.5500     0.2058   1.457E+04    27     0     44
8z_2Z              96.0     114408.7400     0.2056   1.458E+04    28     0     45
9p_2Po[1/2]         2.0     114896.7900     0.1910   1.570E+04    29     0     46
9p_2Po[3/2]         4.0     114898.7200     0.1909   1.570E+04    29     0     47
10s_2Se[1/2]        2.0     115764.9900     0.1650   1.817E+04    30     0     48
9d_2De[5/2]         6.0     115794.3900     0.1641   1.827E+04    31     0     49
9d_2De[3/2]         4.0     115794.4400     0.1641   1.827E+04    31     0     50
9f_2Fo[7/2]         8.0     115844.6000     0.1626   1.844E+04    32     0     51
9f_2Fo[5/2]         6.0     115844.6000     0.1626   1.844E+04    32     0     52
9z_2Z             130.0     115848.2800     0.1625   1.845E+04    33     0     53
10p_2Po[1/2]        2.0     116193.7000     0.1521   1.971E+04    34     0     54
10p_2Po[3/2]        4.0     116195.1000     0.1521   1.971E+04    34     0     55
10d_2De[5/2]        6.0     116838.4500     0.1328   2.258E+04    35     0     56
10d_2De[3/2]        4.0     116838.4800     0.1328   2.258E+04    35     0     57
10f_2Fo[7/2]        8.0     116875.2500     0.1317   2.277E+04    36     0     58
10f_2Fo[5/2]        6.0     116875.2500     0.1317   2.277E+04    36     0     59
10z_2Z            168.0     116878.0400     0.1316   2.278E+04    37     0     60
11w_2W            242.0     117640.0421     0.1088   2.757E+04    38     0     61
12w_2W            288.0     118219.4501     0.0914   3.281E+04    39     0     62
13w_2W            338.0     118670.3658     0.0779   3.850E+04    40     0     63
14w_2W            392.0     119028.1536     0.0671   4.465E+04    41     0     64
15w_2W            450.0     119316.7985     0.0585   5.126E+04    42     0     65
16w_2W            512.0     119553.0332     0.0514   5.832E+04    43     0     66
17w_2W            578.0     119748.8187     0.0455   6.584E+04    44     0     67
18w_2W            648.0     119912.8889     0.0406   7.382E+04    45     0     68
19w_2W            722.0     120051.7415     0.0365   8.225E+04    46     0     69
20w_2W            800.0     120170.2916     0.0329   9.113E+04    47     0     70
21w_2W            882.0     120272.3127     0.0298   1.005E+05    48     0     71
22w_2W            968.0     120360.7405     0.0272   1.103E+05    49     0     72
23w_2W           1058.0     120437.8870     0.0249   1.205E+05    50     0     73
24w_2W           1152.0     120505.5925     0.0228   1.312E+05    51     0     74
25w_2W           1250.0     120565.3371     0.0211   1.424E+05    52     0     75
26w_2W           1352.0     120618.3214     0.0195   1.540E+05    53     0     76
27w_2W           1458.0     120665.5284     0.0180   1.661E+05    54     0     77
28w_2W           1568.0     120707.7684     0.0168   1.786E+05    55     0     78
29w_2W           1682.0     120745.7145     0.0156   1.916E+05    56     0     79
30w_2W           1800.0     120779.9296     0.0146   2.051E+05    57     0     80
