
********************************************************************************

                 Energy Levels and statistical weights for Si2

********************************************************************************

08-May-2000                            !Date
113                                    !Number of energy levels
6                                      !Entry number of link to super level

3s2_3p_2Po[1/2]            2.0          0.0000     3.9524   7.585E+02     1     0      1
3s2_3p_2Po[3/2]            4.0        287.2400     3.9438   7.602E+02     1     0      2
3s_3p2_4Pe[1/2]            2.0      42824.2900     2.6686   1.123E+03     2     0      3
3s_3p2_4Pe[3/2]            4.0      42932.6200     2.6653   1.125E+03     2     0      4
3s_3p2_4Pe[5/2]            6.0      43107.9100     2.6601   1.127E+03     2     0      5
3s_3p2_2De[3/2]            4.0      55309.3500     2.2943   1.307E+03     3     0      6
3s_3p2_2De[5/2]            6.0      55325.1800     2.2938   1.307E+03     3     0      7
3s2_4s_2Se[1/2]            2.0      65500.4700     1.9887   1.507E+03     4     0      8
3s_3p2_2Se[1/2]            2.0      76665.3500     1.6540   1.812E+03     5     0      9
3s2_3d_2De[3/2]            4.0      79338.5000     1.5739   1.905E+03     6     0     10
3s2_3d_2De[5/2]            6.0      79355.0200     1.5734   1.905E+03     6     0     11
3s2_4p_2Po[1/2]            2.0      81191.3400     1.5183   1.974E+03     7     0     12
3s2_4p_2Po[3/2]            4.0      81251.3200     1.5166   1.977E+03     7     0     13
3s_3p2_2Pe[1/2]            2.0      83801.9500     1.4401   2.082E+03     8     0     14
3s_3p2_2Pe[3/2]            4.0      84004.2600     1.4340   2.091E+03     8     0     15
3s2_5s_2Se[1/2]            2.0      97972.0900     1.0153   2.953E+03     9     0     16
3s2_4d_2De[3/2]            4.0     101023.0000     0.9238   3.245E+03    10     0     17
3s2_4d_2De[5/2]            6.0     101024.3000     0.9238   3.245E+03    10     0     18
3s2_4f_2Fo[7/2]            8.0     103556.0000     0.8479   3.536E+03    11     0     19
3s2_4f_2Fo[5/2]            6.0     103556.1000     0.8479   3.536E+03    11     0     20
3s2_5p_2Po[1/2]            2.0     103860.7000     0.8387   3.574E+03    12     0     21
3s2_5p_2Po[3/2]            4.0     103885.2000     0.8380   3.577E+03    12     0     22
3s_3p(3Po)3d_2Do[3/2]      4.0     108778.7000     0.6913   4.337E+03    13     0     23
3s_3p(3Po)3d_2Do[5/2]      6.0     108820.6000     0.6900   4.345E+03    13     0     24
3s2_6s_2Se[1/2]            2.0     111184.4000     0.6192   4.842E+03    14     0     25
3s2_5d_2De[3/2]            4.0     112394.5000     0.5829   5.143E+03    15     0     26
3s2_5d_2De[5/2]            6.0     112394.7000     0.5829   5.143E+03    15     0     27
3s2_5f_2Fo[7/2]            8.0     113760.1000     0.5420   5.532E+03    16     0     28
3s2_5f_2Fo[5/2]            6.0     113760.3000     0.5420   5.532E+03    16     0     29
3s2_6p_2Po[1/2]            2.0     113962.0000     0.5359   5.594E+03    17     0     30
3s2_6p_2Po[3/2]            4.0     113976.7000     0.5355   5.599E+03    17     0     31
3s2_5g_2Ge[7/2]            8.0     114177.1000     0.5295   5.662E+03    18     0     32
3s2_5g_2Ge[9/2]           10.0     114177.1100     0.5295   5.662E+03    18     0     33
3s_3p(3Po)3d_4Fo[3/2]      4.0     114265.6000     0.5268   5.691E+03    19     0     34
3s_3p(3Po)3d_4Fo[5/2]      6.0     114327.1000     0.5250   5.711E+03    19     0     35
3s_3p(3Po)3d_4Fo[7/2]      8.0     114414.5000     0.5223   5.739E+03    19     0     36
3s_3p(3Po)3d_4Fo[9/2]     10.0     114529.1000     0.5189   5.777E+03    19     0     37
3s_3p(3Po)4s_4Po[1/2]      2.0     116862.3000     0.4490   6.677E+03    20     0     38
3s_3p(3Po)4s_4Po[3/2]      4.0     116978.3000     0.4455   6.730E+03    20     0     39
3s_3p(3Po)4s_4Po[5/2]      6.0     117178.0000     0.4395   6.821E+03    20     0     40
3s2_7s_2Se[1/2]            2.0     117914.8000     0.4174   7.182E+03    21     0     41
3s2_6d_2De[3/2]            4.0     118522.8000     0.3992   7.510E+03    22     0     42
3s2_6d_2De[5/2]            6.0     118522.9000     0.3992   7.510E+03    22     0     43
3s2_7p_2Po[1/2]            2.0     119245.2000     0.3775   7.941E+03    23     0     44
3s2_7p_2Po[3/2]            4.0     119273.8000     0.3767   7.959E+03    23     0     45
3s2_6f_2Fo[7/2]            8.0     119311.1000     0.3755   7.983E+03    24     0     46
3s2_6f_2Fo[5/2]            6.0     119311.3000     0.3755   7.983E+03    24     0     47
3s2_6g_2Ge[7/2]            8.0     119578.2000     0.3675   8.157E+03    25     0     48
3s2_6g_2Ge[9/2]           10.0     119578.2100     0.3675   8.157E+03    25     0     49
3s2_6h_2Ho[9/2]           10.0     119637.0410     0.3658   8.196E+03    26     0     50
3s2_6h_2Ho[11/2]          12.0     119637.0510     0.3658   8.196E+03    26     0     51
3s_3p(3Po)4s_2Po[1/2]      2.0     121444.1000     0.3116   9.621E+03    27     0     52
3s_3p(3Po)4s_2Po[3/2]      4.0     121590.1000     0.3072   9.758E+03    27     0     53
3s2_8s_2Se[1/2]            2.0     121814.3000     0.3005   9.976E+03    28     0     54
3s2_7d_2De[3/2]            4.0     122163.4000     0.2900   1.034E+04    29     0     55
3s2_7d_2De[5/2]            6.0     122163.5000     0.2900   1.034E+04    29     0     56
3s2_7f_2Fo[7/2]            8.0     122655.2000     0.2753   1.089E+04    30     0     57
3s2_7f_2Fo[5/2]            6.0     122655.3000     0.2753   1.089E+04    30     0     58
3s2_7g_2Ge[7/2]            8.0     122835.1000     0.2699   1.111E+04    31     0     59
3p3_4So                    4.0     122842.0070     0.2697   1.112E+04    32     0     60
3s2_7h_2Ho                22.0     122874.8841     0.2687   1.116E+04    33     0     61
3s2_7z_2Z                 26.0     122880.0051     0.2686   1.116E+04    34     0     62
3s2_8p_2Po                 6.0     122933.4400     0.2670   1.123E+04    35     0     63
3s2_9s_2Se                 2.0     124085.2070     0.2324   1.290E+04    36     0     64
3s_3p(3Po)3d_4Do          20.0     124182.1670     0.2295   1.306E+04    37     0     65
3s2_8d_2De                10.0     124304.2070     0.2259   1.327E+04    38     0     66
3s_3p(3Po)3d_4Po          12.0     124403.8900     0.2229   1.345E+04    39     0     67
3s2_8f_2Fo                14.0     124630.5500     0.2161   1.387E+04    40     0     68
3s2_8g_2Ge                18.0     124756.9070     0.2123   1.412E+04    41     0     69
3s2_9p_2Po                 6.0     124839.2730     0.2098   1.429E+04    42     0     70
3s2_8h_2Ho                22.0     124976.1047     0.2057   1.457E+04    43     0     71
3s2_8z_2Z                 56.0     124979.5352     0.2056   1.458E+04    44     0     72
3s2_10s_2Se                2.0     125954.3940     0.1764   1.700E+04    45     0     73
3s2_9d_2De                10.0     125957.9719     0.1763   1.701E+04    46     0     74
3s_3p(3Po)3d_2Po           6.0     126059.1070     0.1732   1.730E+04    47     0     75
3s2_9f_2Fo                14.0     126113.3070     0.1716   1.747E+04    48     0     76
3s2_9g_2Ge                18.0     126204.9070     0.1689   1.775E+04    49     0     77
3s2_10p_2Po                6.0     126340.8400     0.1648   1.819E+04    50     0     78
3s2_9h_2Ho                22.0     126416.5568     0.1625   1.845E+04    51     0     79
3s2_9z_2Z                 90.0     126418.9661     0.1625   1.845E+04    52     0     80
3s2_11s_2Se                2.0     127118.0610     0.1415   2.119E+04    53     0     81
3s2_10f_2Fo               14.0     127172.0070     0.1399   2.143E+04    54     0     82
3s2_10d_2De               10.0     127214.5310     0.1386   2.163E+04    55     0     83
3s2_10g_2Ge               18.0     127240.5070     0.1378   2.175E+04    56     0     84
3s2_11p_2Po                6.0     127376.9604     0.1337   2.242E+04    57     0     85
3s2_10h_2Ho               22.0     127446.8262     0.1316   2.277E+04    58     0     86
3s2_10z_2Z               128.0     127448.5825     0.1316   2.278E+04    59     0     87
3s2_11d_2De               10.0     127960.7515     0.1162   2.579E+04    60     0     88
3s2_11f_2Fo               14.0     128043.9303     0.1137   2.636E+04    61     0     89
3s2_11g_2Ge               18.0     128093.5278     0.1123   2.671E+04    62     0     90
3s2_11h_2Ho               22.0     128209.0628     0.1088   2.756E+04    63     0     91
3s2_11z_2Z               170.0     128210.3822     0.1088   2.757E+04    64     0     92
3s2_12w_2W                 2.0     128789.7934     0.0914   3.281E+04    65     0     93
3s2_13w_2W               338.0     129240.7115     0.0779   3.850E+04    66     0     94
3s2_14w_2W               392.0     129598.5013     0.0671   4.465E+04    67     0     95
3s2_15w_2W               450.0     129887.1478     0.0585   5.126E+04    68     0     96
3s2_16w_2W               512.0     130123.3838     0.0514   5.832E+04    69     0     97
3s2_17w_2W               578.0     130319.1704     0.0455   6.584E+04    70     0     98
3s2_18w_2W               648.0     130483.2415     0.0406   7.381E+04    71     0     99
3s2_19w_2W               722.0     130622.0949     0.0365   8.224E+04    72     0    100
3s2_20w_2W               800.0     130740.6456     0.0329   9.113E+04    73     0    101
3s2_21w_2W               882.0     130842.6672     0.0298   1.005E+05    74     0    102
3s2_22w_2W               968.0     130931.0956     0.0272   1.103E+05    75     0    103
3s2_23w_2W              1058.0     131008.2424     0.0249   1.205E+05    76     0    104
3s2_24w_2W              1152.0     131075.9484     0.0228   1.312E+05    77     0    105
3s2_25w_2W              1250.0     131135.6932     0.0211   1.424E+05    78     0    106
3s2_26w_2W              1352.0     131188.6779     0.0195   1.540E+05    79     0    107
3s2_27w_2W              1458.0     131235.8851     0.0181   1.661E+05    80     0    108
3s_3p(3Po)4p_2Pe           6.0     131265.2580     0.0172   1.746E+05    81     0    109
3s2_28w_2W              1568.0     131278.1253     0.0168   1.786E+05    82     0    110
3s2_29w_2W              1682.0     131316.0716     0.0156   1.916E+05    83     0    111
3s2_30w_2W              1800.0     131350.2869     0.0146   2.050E+05    84     0    112
3s_3p(3Po)4p_4De          20.0     131593.4070     0.0073   4.088E+05    85     0    113
