                                                                                
********************************************************************************
                                                                                
                 Energy Levels and statistical weights for CIII                 
                                                                                
********************************************************************************
                                                                                
11-Jun-2001                            !Date
243                                    !Number of energy levels
6                                      !Entry number of link to super level
  
2s2s1Se[0]        1.0          0.0000    11.5792   2.589E+02     1     0      1
2s2p3Po[0]        1.0      52367.0600    10.0093   2.995E+02     2     0      2
2s2p3Po[1]        3.0      52390.7500    10.0086   2.995E+02     2     0      3
2s2p3Po[2]        5.0      52447.1100    10.0069   2.996E+02     2     0      4
2s2p1Po[1]        3.0     102352.0400     8.5108   3.523E+02     3     0      5
2p2p3Pe[0]        1.0     137425.7000     7.4593   4.019E+02     4     0      6
2p2p3Pe[1]        3.0     137454.4000     7.4584   4.020E+02     4     0      7
2p2p3Pe[2]        5.0     137502.0100     7.4570   4.020E+02     4     0      8
2p2p1De[2]        5.0     145876.1300     7.2060   4.160E+02     5     0      9
2p2p1Se[0]        1.0     182519.8800     6.1074   4.909E+02     6     0     10
2s3s3Se[1]        3.0     238213.0000     4.4378   6.755E+02     7     0     11
2s3s1Se[0]        1.0     247170.2600     4.1692   7.191E+02     8     0     12
2s3p1Po[1]        3.0     258931.2900     3.8166   7.855E+02     9     0     13
2s3p3Po[0]        1.0     259705.5500     3.7934   7.903E+02    10     0     14
2s3p3Po[1]        3.0     259711.2200     3.7933   7.903E+02    10     0     15
2s3p3Po[2]        5.0     259724.3000     3.7929   7.904E+02    10     0     16
2s3d3De[1]        3.0     270010.8300     3.4845   8.604E+02    11     0     17
2s3d3De[2]        5.0     270011.9300     3.4845   8.604E+02    11     0     18
2s3d3De[3]        7.0     270014.7400     3.4844   8.604E+02    11     0     19
2s3d1De[2]        5.0     276482.8600     3.2905   9.111E+02    12     0     20
2p3s3Po[0]        1.0     308216.5800     2.3391   1.282E+03    13     0     21
2p3s3Po[1]        3.0     308248.9100     2.3381   1.282E+03    13     0     22
2p3s3Po[2]        5.0     308317.2900     2.3361   1.283E+03    13     0     23
2s4s3Se[1]        3.0     309457.1700     2.3019   1.302E+03    14     0     24
2p3s1Po[1]        3.0     310006.3200     2.2855   1.312E+03    15     0     25
2s4s1Se[0]        1.0     311721.5100     2.2340   1.342E+03    16     0     26
2s4p3Po[0]        1.0     317794.2600     2.0520   1.461E+03    17     0     27
2s4p3Po[1]        3.0     317796.5100     2.0519   1.461E+03    17     0     28
2s4p3Po[2]        5.0     317801.3000     2.0518   1.461E+03    17     0     29
2p3p1Pe[1]        3.0     319720.3500     1.9942   1.503E+03    18     0     30
2s4d3De[1]        3.0     321411.3100     1.9435   1.543E+03    19     0     31
2s4d3De[2]        5.0     321426.7400     1.9431   1.543E+03    19     0     32
2s4d3De[3]        7.0     321450.0500     1.9424   1.543E+03    19     0     33
2s4f3Fo[2]        5.0     322003.6800     1.9258   1.557E+03    20     0     34
2s4f3Fo[3]        7.0     322009.5800     1.9256   1.557E+03    20     0     35
2s4f3Fo[4]        9.0     322017.9700     1.9254   1.557E+03    20     0     36
2s4p1Po[1]        3.0     322404.2000     1.9138   1.566E+03    21     0     37
2s4f1Fo[3]        7.0     322702.0200     1.9049   1.574E+03    21     0     38
2p3p3De[1]        3.0     323076.8800     1.8936   1.583E+03    22     0     39
2p3p3De[2]        5.0     323101.3600     1.8929   1.584E+03    22     0     40
2p3p3De[3]        7.0     323140.3300     1.8917   1.585E+03    22     0     41
2s4d1De[2]        5.0     324212.4900     1.8596   1.612E+03    23     0     42
2p3p3Se[1]        3.0     327278.2700     1.7677   1.696E+03    24     0     43
2p3p3Pe[0]        1.0     329685.3800     1.6955   1.768E+03    25     0     44
2p3p3Pe[1]        3.0     329706.4700     1.6888   1.775E+03    25     0     45
2p3p3Pe[2]        5.0     329743.5700     1.6938   1.770E+03    25     0     46
2p3d1Do[2]        5.0     332691.2800     1.6054   1.867E+03    26     0     47
2p3p1De[2]        5.0     333118.2100     1.5926   1.882E+03    27     0     48
2p3d3Fo[2]        5.0     333387.0100     1.5845   1.892E+03    28     0     49
2p3d3Fo[3]        7.0     333411.5500     1.5838   1.893E+03    28     0     50
2p3d3Fo[4]        9.0     333447.2400     1.5827   1.894E+03    28     0     51
2p3d3Do[1]        3.0     337655.9800     1.4565   2.058E+03    29     0     52
2p3d3Do[2]        5.0     337668.8900     1.4562   2.059E+03    29     0     53
2p3d3Do[3]        7.0     337688.0400     1.4556   2.060E+03    29     0     54
2s5s1Se           1.0     338514.3300     1.4308   2.095E+03    30     0     55
2s5s3Se           3.0     339934.7200     1.3882   2.160E+03    31     0     56
2p3d3Po[2]        5.0     340101.8400     1.3832   2.167E+03    32     0     57
2p3d3Po[1]        3.0     340127.5300     1.3824   2.169E+03    32     0     58
2p3d3Po[0]        1.0     340141.8300     1.3820   2.169E+03    32     0     59
2p3d1Fo[3]        7.0     341370.9400     1.3452   2.229E+03    33     0     60
2s5p1Po           3.0     343258.0300     1.2886   2.327E+03    34     0     61
2s5p3Po           9.0     344234.7200     1.2593   2.381E+03    35     0     62
2p3p1Se[0]        1.0     345095.4300     1.2335   2.430E+03    36     0     63
2s5d3De          15.0     345496.8900     1.2215   2.454E+03    37     0     64
2s5g3Ge          27.0     346579.3000     1.1890   2.521E+03    38     0     65
2s5g1Ge           9.0     346579.3100     1.1890   2.521E+03    39     0     66
2s5d1De           5.0     346658.3400     1.1867   2.526E+03    40     0     67
2p3d1Po[1]        3.0     346712.7300     1.1850   2.530E+03    41     0     68
2s5f3Fo          21.0     347153.8600     1.1718   2.558E+03    42     0     69
2s5f1Fo           7.0     348859.9900     1.1207   2.675E+03    43     0     70
2s6s3Se           3.0     354858.0300     0.9408   3.186E+03    44     0     71
2s6s1Se           1.0     355756.6476     0.9139   3.280E+03    45     0     72
2s6p3Po           9.0     357050.1700     0.8751   3.426E+03    46     0     73
2s6p1Po           3.0     357109.6800     0.8733   3.433E+03    47     0     74
2s6d3De          15.0     358097.7800     0.8437   3.553E+03    48     0     75
2s6g1Ge           9.0     358692.1800     0.8259   3.630E+03    49     0     76
2s6g3Ge          27.0     358692.3100     0.8259   3.630E+03    49     0     77
2s6d1De           5.0     358732.9300     0.8247   3.635E+03    50     0     78
2s6h1Ho          11.0     358776.0000     0.8234   3.641E+03    49     0     79
2s6h3Ho          33.0     358776.3000     0.8234   3.641E+03    49     0     80
2s6f3Fo          21.0     358850.4300     0.8211   3.651E+03    49     0     81
2s6f1Fo           7.0     359121.9500     0.8130   3.687E+03    49     0     82
2s7s3Se           3.0     363613.0000     0.6784   4.419E+03    51     0     83
2s7s1Se           1.0     364028.1050     0.6659   4.502E+03    52     0     84
2s7p1Po           3.0     364896.0000     0.6399   4.685E+03    53     0     85
2s7p3Po           9.0     364925.0000     0.6390   4.691E+03    54     0     86
2s7d3De          15.0     365638.0000     0.6177   4.854E+03    55     0     87
2s7g3Ge          27.0     366001.9818     0.6068   4.941E+03    56     0     88
2s7g1Ge           9.0     366002.0312     0.6067   4.941E+03    56     0     89
2s7d1De           5.0     366027.0000     0.6060   4.947E+03    57     0     90
2s7h3Ho          33.0     366054.0000     0.6052   4.954E+03    57     0     91
2s7h1Ho          11.0     366065.1115     0.6049   4.956E+03    57     0     92
2s7i1Ie          13.0     366082.1285     0.6043   4.961E+03    57     0     93
2s7i3Ie          39.0     366082.1285     0.6043   4.961E+03    57     0     94
2s7f3Fo          21.0     366118.0000     0.6033   4.969E+03    57     0     95
2s7f1Fo           7.0     366162.7294     0.6019   4.981E+03    57     0     96
2s8s3Se           3.0     369159.4039     0.5121   5.854E+03    58     0     97
2s8s1Se           1.0     369399.2710     0.5049   5.938E+03    59     0     98
2s8p1Po           3.0     369926.7081     0.4891   6.130E+03    60     0     99
2s8p3Po           9.0     370053.9847     0.4853   6.178E+03    61     0    100
2s8d3De          15.0     370509.2848     0.4716   6.357E+03    62     0    101
2s8g3Ge          27.0     370744.6189     0.4646   6.453E+03    63     0    102
2s8g1Ge           9.0     370744.6781     0.4646   6.453E+03    63     0    103
2s8d1De           5.0     370775.2650     0.4637   6.466E+03    63     0    104
2s8f3Fo          21.0     370781.6848     0.4635   6.469E+03    63     0    105
2s8h3Ho          33.0     370794.8402     0.4631   6.474E+03    63     0    106
2s8h1Ho          11.0     370794.8402     0.4631   6.474E+03    63     0    107
2s8i1Ie          13.0     370806.2375     0.4627   6.479E+03    63     0    108
2s8i3Ie          39.0     370806.2375     0.4627   6.479E+03    63     0    109
2s8z1Z           15.0     370809.8959     0.4626   6.480E+03    63     0    110
2s8z3Z           45.0     370809.8959     0.4626   6.480E+03    63     0    111
2s8f1Fo           7.0     370818.4842     0.4624   6.484E+03    63     0    112
2s9s3Se           3.0     372889.5316     0.4003   7.490E+03    64     0    113
2s9s1Se           1.0     373043.9781     0.3956   7.577E+03    65     0    114
2s9p1Po           3.0     373338.4120     0.3868   7.750E+03    66     0    115
2s9p3Po           9.0     373512.6705     0.3816   7.856E+03    67     0    116
2s9d3De          15.0     373836.0718     0.3719   8.061E+03    64     0    117
2s9g3Ge          27.0     373996.7061     0.3671   8.167E+03    68     0    118
2s9g1Ge           9.0     373996.7851     0.3671   8.167E+03    68     0    119
2s9f3Fo          21.0     374017.9106     0.3664   8.181E+03    68     0    120
2s9d1De           5.0     374020.3252     0.3664   8.183E+03    69     0    121
2s9f1Fo           7.0     374033.9498     0.3660   8.192E+03    68     0    122
2s9h3Ho          33.0     374037.2683     0.3659   8.194E+03    68     0    123
2s9h1Ho          11.0     374037.2683     0.3659   8.194E+03    68     0    124
2s9i1Ie          13.0     374045.5743     0.3656   8.200E+03    68     0    125
2s9i3Ie          39.0     374045.5743     0.3656   8.200E+03    68     0    126
2s9z3Z           96.0     374048.5227     0.3655   8.202E+03    68     0    127
2s9z1Z           32.0     374048.5227     0.3655   8.202E+03    68     0    128
2s10s3Se          3.0     375518.1687     0.3215   9.326E+03    70     0    129
2s10s1Se          1.0     375625.3371     0.3182   9.420E+03    71     0    130
2s10p1Po          3.0     375722.7279     0.3153   9.507E+03    72     0    131
2s10p3Po          9.0     375955.9383     0.3083   9.723E+03    73     0    132
2s10d3De         15.0     376209.4151     0.3007   9.969E+03    70     0    133
2s10g3Ge         27.0     376323.1020     0.2973   1.008E+04    74     0    134
2s10g1Ge          9.0     376323.2007     0.2973   1.008E+04    74     0    135
2s10f3Fo         21.0     376335.5067     0.2970   1.010E+04    74     0    136
2s10d1De          5.0     376342.3113     0.2968   1.010E+04    71     0    137
2s10f1Fo          7.0     376342.5979     0.2967   1.010E+04    74     0    138
2s10h1Ho         11.0     376356.4643     0.2963   1.012E+04    74     0    139
2s10h3Ho         33.0     376356.4643     0.2963   1.012E+04    74     0    140
2s10i3Ie         39.0     376362.7654     0.2961   1.012E+04    74     0    141
2s10i1Ie         13.0     376362.7654     0.2961   1.012E+04    74     0    142
2s10z3Z         153.0     376365.0934     0.2961   1.013E+04    74     0    143
2s10z1Z          51.0     376365.0934     0.2961   1.013E+04    74     0    144
2s11s3Se          3.0     377451.4783     0.2635   1.138E+04    75     0    145
2s11s1Se          1.0     377533.8152     0.2610   1.148E+04    76     0    146
2s11p1Po          3.0     377598.8547     0.2591   1.157E+04    77     0    147
2s11p3Po          9.0     377774.0019     0.2538   1.181E+04    78     0    148
2s11d3De         15.0     377959.0673     0.2483   1.207E+04    75     0    149
2s11g3Ge         27.0     378053.8074     0.2454   1.221E+04    79     0    150
2s11g1Ge          9.0     378053.8074     0.2454   1.221E+04    79     0    151
2s11d1De          5.0     378064.2336     0.2451   1.223E+04    76     0    152
2s11h3Ho         33.0     378073.1545     0.2449   1.224E+04    79     0    153
2s11h1Ho         11.0     378073.1545     0.2449   1.224E+04    79     0    154
2s11i3Ie         39.0     378077.6095     0.2447   1.225E+04    79     0    155
2s11i1Ie         13.0     378077.6095     0.2447   1.225E+04    79     0    156
2s11z3Z         216.0     378079.0937     0.2447   1.225E+04    79     0    157
2s11z1Z          72.0     378079.0937     0.2447   1.225E+04    79     0    158
2s11f3Fo         21.0     378086.5085     0.2445   1.226E+04    79     0    159
2s11f1Fo          7.0     378093.9133     0.2442   1.227E+04    79     0    160
2s12s3Se          3.0     378901.5926     0.2200   1.363E+04    80     0    161
2s12s1Se          1.0     378964.4566     0.2181   1.374E+04    81     0    162
2s12p1Po          3.0     379014.1681     0.2167   1.384E+04    82     0    163
2s12p3Po          9.0     379148.2776     0.2126   1.410E+04    83     0    164
2s12d3De         15.0     379290.3653     0.2084   1.439E+04    80     0    165
2s12g3Ge         27.0     379363.2584     0.2062   1.454E+04    84     0    166
2s12g1Ge          9.0     379363.2584     0.2062   1.454E+04    84     0    167
2s12d1De          5.0     379371.2868     0.2059   1.456E+04    81     0    168
2s12h3Ho         33.0     379378.1570     0.2057   1.457E+04    84     0    169
2s12h1Ho         11.0     379378.1570     0.2057   1.457E+04    84     0    170
2s12i3Ie         39.0     379381.5883     0.2056   1.458E+04    84     0    171
2s12i1Ie         13.0     379381.5883     0.2056   1.458E+04    84     0    172
2s12z3Z         285.0     379382.7315     0.2056   1.458E+04    84     0    173
2s12z1Z          95.0     379382.7315     0.2056   1.458E+04    84     0    174
2s12f3Fo         21.0     379388.4432     0.2054   1.459E+04    84     0    175
2s12f1Fo          7.0     379394.1477     0.2053   1.461E+04    84     0    176
2s13s3Se          3.0     380020.3483     0.1865   1.608E+04    85     0    177
2s13s1Se          1.0     380069.4262     0.1850   1.620E+04    86     0    178
2s13p1Po          3.0     380108.2716     0.1839   1.631E+04    87     0    179
2s13p3Po          9.0     380213.2250     0.1807   1.659E+04    88     0    180
2s13d3De         15.0     380324.6760     0.1774   1.690E+04    89     0    181
2s13g3Ge         27.0     380381.9546     0.1756   1.707E+04    89     0    182
2s13g1Ge          9.0     380381.9546     0.1756   1.707E+04    89     0    183
2s13d1De          5.0     380388.2675     0.1755   1.709E+04    86     0    184
2s13h3Ho         33.0     380393.6705     0.1753   1.710E+04    89     0    185
2s13h1Ho         11.0     380393.6705     0.1753   1.710E+04    89     0    186
2s13i3Ie         39.0     380396.3691     0.1752   1.711E+04    89     0    187
2s13i1Ie         13.0     380396.3691     0.1752   1.711E+04    89     0    188
2s13z3Z         360.0     380397.2683     0.1752   1.711E+04    89     0    189
2s13z1Z         120.0     380397.2683     0.1752   1.711E+04    89     0    190
2s13f3Fo         21.0     380401.7609     0.1751   1.713E+04    89     0    191
2s13f1Fo          7.0     380406.2483     0.1749   1.714E+04    89     0    192
2s14s3Se          3.0     380901.5176     0.1601   1.873E+04    85     0    193
2s14s1Se          1.0     380940.5631     0.1589   1.887E+04    86     0    194
2s14p1Po          3.0     380971.4919     0.1580   1.898E+04    87     0    195
2s14p3Po          9.0     381055.1637     0.1555   1.928E+04    88     0    196
2p4p1Pe           3.0     381105.4000     0.1540   1.947E+04    90     0    197
2s14d3De         15.0     381144.1893     0.1528   1.962E+04    91     0    198
2s14g3Ge         27.0     381190.0129     0.1514   1.980E+04    92     0    199
2s14g1Ge          9.0     381190.0129     0.1514   1.980E+04    92     0    200
2s14d1De          5.0     381195.0662     0.1513   1.982E+04    90     0    201
2s14h3Ho         33.0     381199.3916     0.1511   1.983E+04    92     0    202
2s14h1Ho         11.0     381199.3916     0.1511   1.983E+04    92     0    203
2s14i3Ie         39.0     381201.5522     0.1511   1.984E+04    92     0    204
2s14i1Ie         13.0     381201.5522     0.1511   1.984E+04    92     0    205
2s14z3Z         441.0     381202.2721     0.1511   1.985E+04    92     0    206
2s14z1Z         147.0     381202.2721     0.1511   1.985E+04    92     0    207
2s14f3Fo         21.0     381205.8693     0.1509   1.986E+04    92     0    208
2s14f1Fo          7.0     381209.4626     0.1508   1.987E+04    92     0    209
2s15w3W         675.0     381851.7082     0.1316   2.278E+04    93     0    210
2s15w1W         225.0     381851.7082     0.1316   2.278E+04    94     0    211
2s16w3W         768.0     382383.2240     0.1157   2.592E+04    93     0    212
2s16w1W         256.0     382383.2240     0.1157   2.592E+04    94     0    213
2s17w3W         867.0     382823.7313     0.1024   2.926E+04    93     0    214
2s17w1W         289.0     382823.7313     0.1024   2.926E+04    94     0    215
2s18w3W         972.0     383192.8807     0.0914   3.281E+04    93     0    216
2s18w1W         324.0     383192.8807     0.0914   3.281E+04    94     0    217
2s19w3W        1083.0     383505.2918     0.0820   3.655E+04    93     0    218
2s19w1W         361.0     383505.2918     0.0820   3.655E+04    94     0    219
2s20w3W        1200.0     383772.0233     0.0740   4.050E+04    93     0    220
2s20w1W         400.0     383772.0233     0.0740   4.050E+04    94     0    221
2s21w3W        1323.0     384001.5654     0.0671   4.465E+04    95     0    222
2s21w1W         441.0     384001.5654     0.0671   4.465E+04    96     0    223
2s22w3W        1452.0     384200.5234     0.0612   4.901E+04    95     0    224
2s22w1W         484.0     384200.5234     0.0612   4.901E+04    96     0    225
2s23w3W        1587.0     384374.0989     0.0560   5.356E+04    95     0    226
2s23w1W         529.0     384374.0989     0.0560   5.356E+04    96     0    227
2p4p3Pe           9.0     384387.0000     0.0556   5.394E+04    97     0    228
2s24w3W        1728.0     384526.4329     0.0514   5.832E+04    95     0    229
2s24w1W         576.0     384526.4329     0.0514   5.832E+04    96     0    230
2s25w3W        1875.0     384660.8549     0.0474   6.329E+04    95     0    231
2s25w1W         625.0     384660.8549     0.0474   6.329E+04    96     0    232
2s26w3W        2028.0     384780.0671     0.0438   6.845E+04    98     0    233
2s26w1W         676.0     384780.0671     0.0438   6.845E+04    99     0    234
2s27w3W        2187.0     384886.2803     0.0406   7.382E+04    98     0    235
2s27w1W         729.0     384886.2803     0.0406   7.382E+04    99     0    236
2s28w3W        2352.0     384981.3180     0.0378   7.939E+04    98     0    237
2s28w1W         784.0     384981.3180     0.0378   7.939E+04    99     0    238
2s29w3W        2523.0     385066.6948     0.0352   8.516E+04    98     0    239
2s29w1W         841.0     385066.6948     0.0352   8.516E+04    99     0    240
2s30w3W        2700.0     385143.6770     0.0329   9.113E+04    98     0    241
2s30w1W         900.0     385143.6770     0.0329   9.113E+04    99     0    242
2p4d1Do           5.0     385817.2000     0.0127   2.360E+05   100     0    243
