********************************************************************************
                                                                                
                 Energy Levels and statistical weights for FeXIII               
                 E%LS with 10%
                                                               
                         g        E(cm^-1)    10^15 Hz     eV       Lam(A)      
********************************************************************************
                                                                                
17-Oct-2000                            !Format date                   
07-Feb-2106                            !Date
826                                    !Number of energy levels
6                                      !Entry number of link to super level
  
3s2_3p2_3Pe[0]           1.0          0.0000    87.2996   3.434E+01     1     0      1
3s2_3p2_3Pe[1]           3.0       9302.5000    87.0207   3.445E+01     1     0      2
3s2_3p2_3Pe[2]           5.0      18561.0000    86.7431   3.456E+01     1     0      3
3s2_3p2_1De[2]           5.0      48068.0000    85.8585   3.492E+01     2     0      4
3s2_3p2_1Se[0]           1.0      91508.0000    84.5562   3.545E+01     3     0      5
3s_3p3_5So[2]            5.0     214608.0000    80.8658   3.707E+01     4     0      6
3s_3p3_3Do[1]            3.0     287205.0000    78.6894   3.810E+01     5     0      7
3s_3p3_3Do[2]            5.0     287360.0000    78.6847   3.810E+01     5     0      8
3s_3p3_3Do[3]            7.0     290210.0000    78.5993   3.814E+01     5     0      9
3s_3p3_3Po[0]            1.0     329436.0000    77.4233   3.872E+01     6     0     10
3s_3p3_3Po[1]            3.0     329647.0000    77.4170   3.872E+01     6     0     11
3s_3p3_3Po[2]            5.0     330279.0000    77.3980   3.873E+01     6     0     12
3s_3p3_1Do[2]            5.0     362330.0000    76.4372   3.922E+01     7     0     13
3s_3p3_3So[1]            3.0     415462.0000    74.8443   4.006E+01     8     0     14
3s_3p3_1Po[1]            3.0     438050.0000    74.1672   4.042E+01     9     0     15
3s2_3p_3d_3Fo           21.0     447885.3320    73.8723   4.058E+01     8     0     16
3s2_3p_3d_3Po[2]         5.0     486358.0000    72.7189   4.123E+01    10     0     17
3s2_3p_3d_3Po[1]         3.0     494942.0000    72.4616   4.137E+01    10     0     18
3s2_3p_3d_1Do[2]         5.0     498870.0000    72.3438   4.144E+01    11     0     19
3s2_3p_3d_3Po[0]         1.0     503340.0000    72.2098   4.152E+01    10     0     20
3s2_3p_3d_3Do[1]         3.0     506502.0000    72.1150   4.157E+01    10     0     21
3s2_3p_3d_3Do[3]         7.0     509176.0000    72.0349   4.162E+01    10     0     22
3s2_3p_3d_3Do[2]         5.0     509250.0000    72.0326   4.162E+01    10     0     23
3s2_3p_3d_1Fo[3]         7.0     556870.0000    70.6050   4.246E+01    12     0     24
3s2_3p_3d_1Po[1]         3.0     570690.0000    70.1907   4.271E+01    12     0     25
3p4_3Pe                  9.0     595012.9330    69.4615   4.316E+01    13     0     26
3p4_1De                  5.0     608320.5360    69.0626   4.341E+01    14     0     27
3s_3p2(4Pe)3d_5Fe       35.0     632987.0720    68.3231   4.388E+01    15     0     28
3s_3p2(4Pe)3d_5De       25.0     650967.8940    67.7840   4.423E+01    15     0     29
3s_3p2(2De)3d_3Fe       21.0     676083.2030    67.0311   4.472E+01    16     0     30
3p4_1Se                  1.0     691513.9990    66.5685   4.504E+01    17     0     31
3s_3p2(4Pe)3d_5Pe       15.0     698255.5600    66.3664   4.517E+01    18     0     32
3s_3p2(4Pe)3d_3Pe        9.0     717396.2100    65.7926   4.557E+01    16     0     33
3s_3p2(2De)3d_3Ge       27.0     747928.7030    64.8772   4.621E+01    19     0     34
3s_3p2(4Pe)3d_3De       15.0     757766.7950    64.5823   4.642E+01    19     0     35
3s_3p2(2De)3d_1Ge        9.0     765931.4640    64.3375   4.660E+01    20     0     36
3s_3p2(2De)3d_1Fe        7.0     767200.9920    64.2995   4.662E+01    20     0     37
3s_3p2(4Pe)3d_3Fe       21.0     788705.1780    63.6548   4.710E+01    19     0     38
3s_3p2(2De)3d_3De       15.0     794778.5670    63.4727   4.723E+01    19     0     39
3s_3p2(2Pe)3d_1Pe        3.0     796715.2700    63.4146   4.727E+01    20     0     40
3s_3p2(2De)3d_3Pe        9.0     804507.9560    63.1810   4.745E+01    19     0     41
3s_3p2(2De)3d_3Se        3.0     817300.9670    62.7975   4.774E+01    19     0     42
3s_3p2(2Se)3d_3De       15.0     825409.7890    62.5544   4.793E+01    21     0     43
3s_3p2(2Pe)3d_3Fe       21.0     833037.9260    62.3257   4.810E+01    21     0     44
3s_3p2(2De)3d_1De        5.0     838017.3070    62.1764   4.822E+01    20     0     45
3s_3p2(2Pe)3d_3De       15.0     866274.0240    61.3293   4.888E+01    21     0     46
3s_3p2(2Se)3d_1De        5.0     869097.3020    61.2447   4.895E+01    22     0     47
3s_3p2(2De)3d_1Se        1.0     881474.4500    60.8736   4.925E+01    22     0     48
3s_3p2(2De)3d_1Pe        3.0     902333.4000    60.2483   4.976E+01    22     0     49
3s_3p2(2Pe)3d_3Pe        9.0     902606.6530    60.2401   4.977E+01    21     0     50
3s_3p2(2Pe)3d_1Fe        7.0     930436.5370    59.4058   5.047E+01    22     0     51
3s_3p2(2Pe)3d_1De        5.0     964559.2100    58.3828   5.135E+01    23     0     52
3p3(2Do)3d_1So           1.0     966058.1110    58.3379   5.139E+01    24     0     53
3s2_3d2_3Fe             21.0     967459.2790    58.2959   5.143E+01    25     0     54
3p3(2Do)3d_3Fo          21.0     978731.4490    57.9579   5.173E+01    26     0     55
3p3(2Do)3d_3Do          15.0     982342.5720    57.8497   5.182E+01    26     0     56
3p3(4So)3d_5Do          25.0     986314.7080    57.7306   5.193E+01    27     0     57
3s2_3d2_1Ge              9.0     998189.2310    57.3746   5.225E+01    23     0     58
3s2_3d2_3Pe              9.0    1002161.3670    57.2555   5.236E+01    25     0     59
3s2_3d2_1De              5.0    1005718.6380    57.1489   5.246E+01    23     0     60
3p3(2Do)3d_3Go          27.0    1007644.3710    57.0911   5.251E+01    26     0     61
3p3(2Po)3d_1Do           5.0    1031815.2630    56.3665   5.319E+01    24     0     62
3p3(2Do)3d_1Go           9.0    1038048.2150    56.1797   5.336E+01    24     0     63
3p3(2Do)3d_1Po           3.0    1062002.6990    55.4615   5.405E+01    24     0     64
3s_3p_3d2_5Go           45.0    1067746.9880    55.2893   5.422E+01    27     0     65
3p3(2Do)3d_3Po           9.0    1069621.8600    55.2331   5.428E+01    26     0     66
3p3(2Po)3d_3Do          15.0    1070150.4150    55.2173   5.429E+01    26     0     67
3p3(2Do)3d_3So           3.0    1070539.3510    55.2056   5.430E+01    26     0     68
3p3(2Po)3d_3Fo          21.0    1072384.3050    55.1503   5.436E+01    26     0     69
3p3(2Po)3d_3Po           9.0    1074757.8130    55.0791   5.443E+01    26     0     70
3s2_3d2_1Se              1.0    1077370.6670    55.0008   5.451E+01    28     0     71
3s_3p_3d2_5Do           25.0    1115745.7100    53.8503   5.567E+01    29     0     72
3s_3p_3d2_5Fo           35.0    1120532.6180    53.7068   5.582E+01    29     0     73
3p3(2Do)3d_1Fo           7.0    1123594.2440    53.6151   5.592E+01    30     0     74
3s_3p_3d2_5Po           15.0    1132709.3140    53.3418   5.620E+01    29     0     75
3p3(2Po)3d_1Fo           7.0    1133636.7770    53.3140   5.623E+01    30     0     76
3p3(4So)3d_3Do          15.0    1139949.5120    53.1247   5.643E+01    31     0     77
3p3(2Do)3d_1Do           5.0    1141126.2930    53.0895   5.647E+01    30     0     78
3s_3p_3d2_3Fo           21.0    1149992.0450    52.8237   5.675E+01    31     0     79
3s_3p_3d2(a)_5Do        25.0    1152545.0620    52.7471   5.684E+01    29     0     80
3s_3p_3d2_3Do           15.0    1163614.7860    52.4153   5.720E+01    31     0     81
3s_3p_3d2_3So            3.0    1182383.4530    51.8526   5.782E+01    31     0     82
3s_3p_3d2_3Go           27.0    1182941.9260    51.8359   5.783E+01    31     0     83
3s_3p_3d2_5So            5.0    1189593.7330    51.6364   5.806E+01    29     0     84
3s_3p_3d2(a)_3Go        27.0    1212441.2440    50.9515   5.884E+01    31     0     85
3p3(2Po)3d_1Po           3.0    1216550.0070    50.8283   5.898E+01    30     0     86
3s_3p_3d2_3Po            9.0    1221426.6690    50.6821   5.915E+01    31     0     87
3s_3p_3d2(a)_3Fo        21.0    1224428.4590    50.5921   5.926E+01    31     0     88
3s_3p_3d2_1Fo            7.0    1229374.9300    50.4438   5.943E+01    30     0     89
3s_3p_3d2_1Do            5.0    1234660.4740    50.2854   5.962E+01    30     0     90
3s_3p_3d2_1Go            9.0    1239048.4720    50.1538   5.977E+01    32     0     91
3s_3p_3d2(a)_3Do        15.0    1249270.5150    49.8474   6.014E+01    31     0     92
3s_3p_3d2_1So            1.0    1250257.8150    49.8178   6.018E+01    32     0     93
3s_3p_3d2(a)_3Po         9.0    1261706.5020    49.4746   6.060E+01    33     0     94
3s_3p_3d2(b)_3Fo        21.0    1264179.7380    49.4004   6.069E+01    33     0     95
3s_3p_3d2(b)_3Do        15.0    1269764.4630    49.2330   6.089E+01    33     0     96
3s_3p_3d2(b)_3Po         9.0    1283357.2860    48.8255   6.140E+01    33     0     97
3s_3p_3d2(b)_3Go        27.0    1292372.6290    48.5552   6.174E+01    33     0     98
3s_3p_3d2(c)_3Fo        21.0    1303940.9890    48.2084   6.219E+01    33     0     99
3s_3p_3d2_1Po            3.0    1309485.8240    48.0422   6.240E+01    32     0    100
3s2_3p_4s_3Po[0]         1.0    1326990.0000    47.5174   6.309E+01    33     0    101
3s_3p_3d2(c)_3Do        15.0    1335035.9430    47.2762   6.341E+01    33     0    102
3s2_3p_4s_3Po[1]         3.0    1336220.0000    47.2407   6.346E+01    33     0    103
3s_3p_3d2(a)_1Do         5.0    1341827.3690    47.0726   6.369E+01    32     0    104
3s_3p_3d2(d)_3Do        15.0    1342046.7680    47.0660   6.370E+01    33     0    105
3s_3p_3d2(a)_1Fo         7.0    1343831.8860    47.0125   6.377E+01    32     0    106
3s_3p_3d2(a)_1Po         3.0    1346354.9850    46.9369   6.387E+01    32     0    107
3s2_3p_4s_3Po[2]         5.0    1354680.0000    46.6873   6.421E+01    33     0    108
3s_3p_3d2(c)_3Po         9.0    1354931.5280    46.6797   6.422E+01    33     0    109
3s2_3p_4s_1Po[1]         3.0    1361830.0000    46.4729   6.451E+01    32     0    110
3s_3p_3d2(a)_1Go         9.0    1363837.1710    46.4128   6.459E+01    34     0    111
3p2_3d2_5Ge             45.0    1370399.2230    46.2160   6.487E+01    35     0    112
3s_3p_3d2(b)_1Fo         7.0    1383862.4010    45.8124   6.544E+01    34     0    113
3s_3p_3d2(a)_3So         3.0    1385687.4100    45.7577   6.552E+01    33     0    114
3p2_3d2_3Fe             21.0    1390813.3900    45.6040   6.574E+01    36     0    115
3s_3p_3d2(b)_1Do         5.0    1396368.1970    45.4375   6.598E+01    34     0    116
3p2_3d2_1Ge              9.0    1398811.5150    45.3642   6.609E+01    37     0    117
3p2_3d2_3Pe              9.0    1399768.8960    45.3355   6.613E+01    36     0    118
3p2_3d2_5Fe             35.0    1408594.7570    45.0710   6.652E+01    35     0    119
3p2_3d2_1De              5.0    1409362.6570    45.0479   6.655E+01    37     0    120
3p2_3d2_5De             25.0    1411965.5380    44.9699   6.667E+01    35     0    121
3p2_3d2_3De             15.0    1426266.4250    44.5412   6.731E+01    36     0    122
3p2_3d2_3Ge             27.0    1431811.2590    44.3749   6.756E+01    36     0    123
3s_3p_3d2(b)_1Po         3.0    1431940.9050    44.3711   6.756E+01    34     0    124
3p2_3d2(a)_3Fe          21.0    1445224.5730    43.9728   6.818E+01    36     0    125
3p2_3d2_5Pe             15.0    1460542.6780    43.5136   6.890E+01    35     0    126
3s2_3p_4p_3De           15.0    1464162.7770    43.4051   6.907E+01    36     0    127
3p2_3d2(a)_5De          25.0    1464332.3130    43.4000   6.908E+01    35     0    128
3p2_3d2(a)_3De          15.0    1472480.0290    43.1557   6.947E+01    36     0    129
3p2_3d2(a)_3Pe           9.0    1473856.2650    43.1145   6.953E+01    36     0    130
3s2_3p_4p_3Pe            9.0    1474723.8920    43.0885   6.958E+01    36     0    131
3s2_3p_4p_3Se            3.0    1477765.5730    42.9973   6.972E+01    36     0    132
3s2_3p_4p_1De[2]         5.0    1488110.0000    42.6871   7.023E+01    37     0    133
3p2_3d2_1Fe              7.0    1493412.7770    42.5282   7.049E+01    37     0    134
3p2_3d2(b)_3Fe          21.0    1501869.6470    42.2746   7.092E+01    36     0    135
3p2_3d2_1Pe              3.0    1505180.5920    42.1754   7.108E+01    37     0    136
3s2_3p_4p_1Pe[1]         3.0    1515260.0000    41.8732   7.160E+01    37     0    137
3p2_3d2(a)_1De           5.0    1515651.9520    41.8615   7.162E+01    37     0    138
3p2_3d2(a)_1Ge           9.0    1518703.6060    41.7700   7.177E+01    37     0    139
3s2_3p_4p_1Se            1.0    1523261.1410    41.6333   7.201E+01    37     0    140
3p2_3d2(c)_3Fe          21.0    1530680.8470    41.4109   7.239E+01    38     0    141
3p2_3d2(a)_3Ge          27.0    1533084.2740    41.3389   7.252E+01    38     0    142
3p2_3d2(b)_3Pe           9.0    1535557.5100    41.2647   7.265E+01    38     0    143
3p2_3d2_1Se              1.0    1541421.4710    41.0889   7.296E+01    39     0    144
3p2_3d2(c)_3Pe           9.0    1542239.2350    41.0644   7.301E+01    38     0    145
3p2_3d2(a)_1Fe           7.0    1543794.9800    41.0178   7.309E+01    39     0    146
3p2_3d2(b)_3Ge          27.0    1545530.2340    40.9657   7.318E+01    38     0    147
3p2_3d2(b)_3De          15.0    1549449.5140    40.8482   7.339E+01    38     0    148
3p2_3d2(d)_3Fe          21.0    1556809.3850    40.6276   7.379E+01    38     0    149
3p2_3d2(a)_1Pe           3.0    1569195.5080    40.2563   7.447E+01    39     0    150
3p2_3d2(c)_3De          15.0    1570073.1080    40.2300   7.452E+01    38     0    151
3p2_3d2(b)_1De           5.0    1573693.2070    40.1214   7.472E+01    39     0    152
3s_3p2(4Pe)4s_5Pe       15.0    1578151.0150    39.9878   7.497E+01    40     0    153
3s_3d3_5Fe              35.0    1584703.0950    39.7914   7.534E+01    40     0    154
3p2_3d2(b)_1Ge           9.0    1597717.5000    39.4012   7.609E+01    39     0    155
3p2_3d2(c)_1De           5.0    1602763.6980    39.2499   7.638E+01    39     0    156
3s2_3p_4d_3Do[1]         3.0    1603770.0000    39.2197   7.644E+01    41     0    157
3s2_3p_4d_3Do[2]         5.0    1604220.0000    39.2063   7.647E+01    41     0    158
3s2_3p_4d_3Do[3]         7.0    1606800.0000    39.1289   7.662E+01    41     0    159
3s_3p2(4Pe)4s_3Pe        9.0    1607760.0330    39.1001   7.667E+01    38     0    160
3p2_3d2(d)_3De          15.0    1611170.7050    38.9979   7.687E+01    38     0    161
3s2_3p_4d_1Do            5.0    1612447.2140    38.9596   7.695E+01    42     0    162
3p2_3d2(d)_1De           5.0    1614212.3860    38.9067   7.705E+01    39     0    163
3s_3d3_5Pe              15.0    1618111.7210    38.7898   7.729E+01    40     0    164
3s2_3p_4d_3Fo[2]         5.0    1619500.0000    38.7482   7.737E+01    41     0    165
3s2_3p_4d_3Fo[3]         7.0    1619600.0000    38.7452   7.738E+01    41     0    166
3s2_3p_4d_3Fo[4]         9.0    1619860.0000    38.7374   7.739E+01    41     0    167
3s2_3p_4d_3Po[0]         1.0    1620000.0000    38.7332   7.740E+01    41     0    168
3s2_3p_4d_3Po[1]         3.0    1620500.0000    38.7182   7.743E+01    41     0    169
3s2_3p_4d_3Po[2]         5.0    1621500.0000    38.6882   7.749E+01    41     0    170
3p2_3d2(d)_3Pe           9.0    1622828.8190    38.6484   7.757E+01    38     0    171
3p2_3d2_3Se              3.0    1625890.4460    38.5566   7.775E+01    38     0    172
3p2_3d2(a)_1Se           1.0    1630268.4720    38.4253   7.802E+01    39     0    173
3s2_3p_4d_1Fo[3]         7.0    1630650.0000    38.4139   7.804E+01    42     0    174
3p2_3d2(b)_1Fe           7.0    1631714.5170    38.3820   7.811E+01    39     0    175
3p2_3d2(e)_3Fe          21.0    1638815.0960    38.1691   7.854E+01    38     0    176
3p2_3d2(e)_3Pe           9.0    1649954.6290    37.8352   7.924E+01    38     0    177
3s2_3p_4d_1Po[1]         3.0    1650620.0000    37.8152   7.928E+01    42     0    178
3s_3p2(2De)4s_3De       15.0    1654212.9830    37.7075   7.950E+01    38     0    179
3p2_3d2(c)_1Ge           9.0    1655160.3910    37.6791   7.956E+01    39     0    180
3s_3d3_3Ge              27.0    1666180.2520    37.3487   8.027E+01    38     0    181
3s_3p2(4Pe)4p_3So        3.0    1668773.1600    37.2710   8.044E+01    41     0    182
3s_3p2(2De)4s_1De        5.0    1675983.4400    37.0548   8.091E+01    39     0    183
3s_3p2(4Pe)4p_5Do       25.0    1682675.1380    36.8542   8.135E+01    43     0    184
3s_3d3_3De              15.0    1689576.2630    36.6473   8.180E+01    44     0    185
3s_3p2(4Pe)4p_5Po       15.0    1693714.9430    36.5233   8.208E+01    43     0    186
3s_3d3_3Pe               9.0    1696547.1970    36.4384   8.227E+01    44     0    187
3s_3p2(4Pe)4p_5So        5.0    1700466.4780    36.3209   8.254E+01    43     0    188
3s_3p2(4Pe)4p_3Do       15.0    1705053.9310    36.1833   8.285E+01    41     0    189
3s2_3p_4f_1Fe            7.0    1709870.7570    36.0389   8.319E+01    45     0    190
3s_3d3_3Fe              21.0    1710040.2930    36.0338   8.320E+01    44     0    191
3p2_3d2(e)_1De           5.0    1716981.3090    35.8258   8.368E+01    45     0    192
3s2_3p_4f_3Ge           27.0    1717609.5910    35.8069   8.372E+01    44     0    193
3s_3p2(2Se)4s_3Se        3.0    1717888.8270    35.7986   8.374E+01    44     0    194
3s_3p2(4Pe)4p_3Po        9.0    1721229.6900    35.6984   8.398E+01    41     0    195
3s2_3p_4f_3Fe[2]         5.0    1722550.0000    35.6588   8.407E+01    44     0    196
3s2_3p_4f_3Fe[3]         7.0    1728600.0000    35.4774   8.450E+01    44     0    197
3s2_3p_4f_3De[1]         3.0    1735600.0000    35.2676   8.501E+01    44     0    198
3s2_3p_4f_3De[2]         5.0    1735700.0000    35.2646   8.501E+01    44     0    199
3s2_3p_4f_3De[3]         7.0    1735900.0000    35.2586   8.503E+01    44     0    200
3s_3p2(2Se)4s_1Se        1.0    1738362.8300    35.1848   8.521E+01    45     0    201
3s2_3p_4f_1De[2]         5.0    1740800.0000    35.1117   8.538E+01    45     0    202
3s2_3p_4f_3Fe[4]         9.0    1741290.0000    35.0970   8.542E+01    44     0    203
3s2_3p_4f_1Ge[4]         9.0    1743460.0000    35.0319   8.558E+01    45     0    204
3s_3p2(2Pe)4s_3Pe        9.0    1752932.9800    34.7480   8.628E+01    44     0    205
3s_3d3(a)_3De           15.0    1755117.0070    34.6825   8.644E+01    44     0    206
3s_3d3(a)_3Fe           21.0    1758457.8690    34.5823   8.669E+01    44     0    207
3s_3p2(2De)4p_1Do        5.0    1760292.8500    34.5273   8.683E+01    42     0    208
3s_3p2(2Pe)4s_1Pe        3.0    1760691.7590    34.5154   8.686E+01    45     0    209
3s_3d3_1Ge               9.0    1764232.0760    34.4092   8.713E+01    45     0    210
3s_3p2(2De)4p_3Fo       21.0    1764770.6040    34.3931   8.717E+01    46     0    211
3s_3d3_1Pe               3.0    1766067.0580    34.3542   8.727E+01    45     0    212
3s_3p2(2De)4p_3Do       15.0    1766356.2670    34.3455   8.729E+01    46     0    213
3s_3p2(2De)4p_1Fo        7.0    1772180.3380    34.1709   8.773E+01    42     0    214
3s_3p2(2De)4p_1Po        3.0    1779280.9170    33.9581   8.828E+01    47     0    215
3s_3p2(2De)4p_3Po        9.0    1785284.4970    33.7781   8.875E+01    46     0    216
3s_3d3_1De               5.0    1805299.7550    33.1780   9.036E+01    45     0    217
3s_3d3_1Fe               7.0    1805708.6370    33.1658   9.039E+01    45     0    218
3p_3d3_5Go              45.0    1809039.5260    33.0659   9.067E+01    43     0    219
3s_3d3(a)_3Pe            9.0    1809258.9260    33.0593   9.068E+01    44     0    220
3p2_3d2(b)_1Se           1.0    1812250.7440    32.9697   9.093E+01    45     0    221
3s_3p2(2Se)4p_3Po        9.0    1832515.3190    32.3621   9.264E+01    46     0    222
3s_3p2(2Pe)4p_1So        1.0    1833811.7730    32.3233   9.275E+01    47     0    223
3s2_3d_4s_3De           15.0    1835048.3910    32.2862   9.285E+01    44     0    224
3s2_3d_4s_1De            5.0    1836723.8090    32.2360   9.300E+01    45     0    225
3s_3p2(4Pe)4d_5Pe       15.0    1836783.6450    32.2342   9.300E+01    48     0    226
3s_3p2(2Se)4p_1Po        3.0    1837551.5450    32.2112   9.307E+01    47     0    227
3s_3p2(4Pe)4d_3Pe        9.0    1838618.6270    32.1792   9.316E+01    44     0    228
3s_3p2(4Pe)4d_5Fe       35.0    1841550.6080    32.0913   9.342E+01    48     0    229
3p_3d3_5Fo              35.0    1849588.6230    31.8503   9.413E+01    43     0    230
3s_3p2(4Pe)4d_3Fe       21.0    1851303.9320    31.7989   9.428E+01    44     0    231
3p_3d3_3Do              15.0    1852211.4500    31.7717   9.436E+01    46     0    232
3p_3d3_5Do              25.0    1853767.1950    31.7250   9.450E+01    49     0    233
3s_3p2(4Pe)4d_5De       25.0    1854485.2310    31.7035   9.456E+01    48     0    234
3s_3p2(2Pe)4p_3Do       15.0    1854934.0030    31.6900   9.460E+01    46     0    235
3s_3d3(a)_1De            5.0    1857128.0030    31.6243   9.480E+01    45     0    236
3p_3d3_3Go              27.0    1861037.3110    31.5071   9.515E+01    46     0    237
3s_3p2(2Pe)4p_3So        3.0    1862054.5290    31.4766   9.524E+01    46     0    238
3p_3d3_1So               1.0    1863420.7920    31.4356   9.537E+01    47     0    239
3s_3p2(2Pe)4p_3Po        9.0    1863670.1100    31.4281   9.539E+01    46     0    240
3p_3d3_3Fo              21.0    1864338.2820    31.4081   9.545E+01    46     0    241
3p_3d3_3Po               9.0    1868068.0810    31.2963   9.579E+01    46     0    242
3s_3p2(4Pe)4d_3De       15.0    1868935.7080    31.2703   9.587E+01    50     0    243
3p_3d3_5So               5.0    1872186.8160    31.1728   9.617E+01    49     0    244
3s_3p2(2Pe)4p_1Do        5.0    1878140.5330    30.9943   9.672E+01    47     0    245
3p_3d3_1Do               5.0    1885640.0210    30.7695   9.743E+01    47     0    246
3s_3p2(2Pe)4p_1Po        3.0    1893897.4370    30.5219   9.822E+01    47     0    247
3p_3d3_5Po              15.0    1898076.0090    30.3967   9.863E+01    49     0    248
3p_3d3_1Fo               7.0    1899133.1170    30.3650   9.873E+01    47     0    249
3p_3d3_1Go               9.0    1901965.3710    30.2801   9.901E+01    47     0    250
3s_3p2(2De)4d_1Fe        7.0    1904428.6340    30.2062   9.925E+01    51     0    251
3p_3d3(a)_5Do           25.0    1905784.9240    30.1656   9.938E+01    49     0    252
3s_3p2(2De)4d_3Fe       21.0    1908846.5510    30.0738   9.969E+01    50     0    253
3s_3p2(2De)4d_3De       15.0    1910093.1410    30.0364   9.981E+01    50     0    254
3p_3d3(a)_3Fo           21.0    1916754.9210    29.8367   1.005E+02    46     0    255
3s_3p2(2De)4d_1De        5.0    1917802.0570    29.8053   1.006E+02    51     0    256
3s_3p2(2De)4d_3Ge       27.0    1919946.1930    29.7410   1.008E+02    50     0    257
3p_3d3(a)_3Do           15.0    1921063.1380    29.7075   1.009E+02    46     0    258
3s_3p2(2De)4d_1Pe        3.0    1923835.5550    29.6244   1.012E+02    51     0    259
3p_3d3(a)_3Po            9.0    1924394.0280    29.6077   1.013E+02    46     0    260
3s_3p2(4Pe)4f_5Go       45.0    1926996.9090    29.5296   1.015E+02    49     0    261
3s_3p2(2De)4d_1Ge        9.0    1928183.6630    29.4941   1.016E+02    51     0    262
3s_3p2(2De)4d_3Pe        9.0    1929250.7440    29.4621   1.018E+02    50     0    263
3s_3p2(2De)4d_3Se        3.0    1934446.5340    29.3063   1.023E+02    50     0    264
3s_3p2(4Pe)4f_5Do       25.0    1935064.8430    29.2878   1.024E+02    49     0    265
3s2_3d_4p_1Do            5.0    1938056.6600    29.1981   1.027E+02    47     0    266
3p3(2Do)4s_3Do          15.0    1938286.0330    29.1912   1.027E+02    46     0    267
3p_3d3(a)_3Go           27.0    1942554.3590    29.0632   1.032E+02    52     0    268
3s_3p2(4Pe)4f_5Fo       35.0    1942594.2500    29.0621   1.032E+02    49     0    269
3p3(4So)4s_5So           5.0    1943382.0950    29.0384   1.032E+02    49     0    270
3s2_3d_4p_3Fo           21.0    1944229.7760    29.0130   1.033E+02    52     0    271
3s_3p2(4Pe)4f_3Do       15.0    1944897.9490    28.9930   1.034E+02    52     0    272
3s2_3d_4p_3Do           15.0    1946144.5390    28.9556   1.035E+02    52     0    273
3s_3p2(2De)4d_1Se        1.0    1946224.3210    28.9532   1.035E+02    51     0    274
3p_3d3(a)_1Do            5.0    1950562.4560    28.8232   1.040E+02    47     0    275
3s2_3d_4p_3Po            9.0    1951290.4650    28.8013   1.041E+02    52     0    276
3s_3p2(4Pe)4f_3Go       27.0    1953175.3100    28.7448   1.043E+02    52     0    277
3p_3d3(b)_3Fo           21.0    1959886.9530    28.5436   1.050E+02    52     0    278
3p3(2Do)4s_1Do           5.0    1960844.3350    28.5149   1.051E+02    53     0    279
3s2_3d_4p_1Fo            7.0    1960894.1990    28.5134   1.051E+02    53     0    280
3s2_3d_4p_1Po            3.0    1963766.3430    28.4273   1.055E+02    53     0    281
3p_3d3(b)_3Do           15.0    1964195.1700    28.4145   1.055E+02    52     0    282
3p_3d3(a)_1Go            9.0    1967236.8510    28.3233   1.058E+02    53     0    283
3p_3d3(b)_3Go           27.0    1974467.0760    28.1065   1.067E+02    52     0    284
3p3(4So)4s_3So           3.0    1974726.3670    28.0988   1.067E+02    52     0    285
3s_3p2(4Pe)4f_3Fo       21.0    1978665.5930    27.9807   1.071E+02    52     0    286
3p_3d3_3So               3.0    1978964.7750    27.9717   1.072E+02    52     0    287
3p_3d3_1Po               3.0    1979782.5380    27.9472   1.073E+02    53     0    288
3s_3p2(2Se)4d_3De       15.0    1983641.9820    27.8315   1.077E+02    50     0    289
3p_3d3(c)_3Do           15.0    1983671.9010    27.8306   1.077E+02    52     0    290
3s_3p2(2Se)4d_1De        5.0    1986135.1640    27.7567   1.080E+02    51     0    291
3s2_3p_5s_3Po            9.0    1989894.8810    27.6440   1.084E+02    52     0    292
3p_3d3(c)_3Fo           21.0    1992417.9800    27.5684   1.087E+02    52     0    293
3s2_3p_5s_1Po            3.0    1995768.8150    27.4679   1.091E+02    53     0    294
3s_3p2(2Pe)4d_3Fe       21.0    2000505.8590    27.3259   1.097E+02    50     0    295
3s_3p2(2Pe)4d_1Pe        3.0    2002251.0860    27.2736   1.099E+02    51     0    296
3s_3p2(2De)4f_3Fo       21.0    2002989.0680    27.2515   1.100E+02    52     0    297
3s_3p2(2Pe)4d_3Pe        9.0    2003796.8580    27.2272   1.101E+02    50     0    298
3s_3p2(2De)4f_3Go       27.0    2004076.0940    27.2189   1.101E+02    52     0    299
3p_3d3(b)_3Po            9.0    2008105.0750    27.0981   1.106E+02    52     0    300
3s_3p2(2De)4f_1Go        9.0    2008334.4480    27.0912   1.107E+02    53     0    301
3s_3p2(2Pe)4d_3De       15.0    2008932.8110    27.0733   1.107E+02    50     0    302
3s_3p2(2Pe)4d_1Fe        7.0    2010817.6560    27.0168   1.110E+02    51     0    303
3p3(2Po)4s_3Po           9.0    2012443.2100    26.9680   1.112E+02    52     0    304
3p_3d3(d)_3Do           15.0    2016033.3910    26.8604   1.116E+02    52     0    305
3s_3p2(2De)4f_1Fo        7.0    2017838.4540    26.8063   1.118E+02    53     0    306
3s_3p2(2De)4f_3Do       15.0    2021468.5260    26.6975   1.123E+02    52     0    307
3s_3p2(2Pe)4d_1De        5.0    2021847.4890    26.6861   1.123E+02    51     0    308
3p3(2Po)4s_1Po           3.0    2025587.2610    26.5740   1.128E+02    53     0    309
3s_3p2(2De)4f_1Do        5.0    2029386.8690    26.4601   1.133E+02    53     0    310
3s2_3p_5p_1Pe            3.0    2033056.8310    26.3501   1.138E+02    51     0    311
3s_3p2(2De)4f_3Po        9.0    2033645.2220    26.3324   1.138E+02    52     0    312
3p_3d3(c)_3Go           27.0    2033914.4850    26.3243   1.139E+02    52     0    313
3p_3d3(a)_1Fo            7.0    2036826.5210    26.2370   1.143E+02    53     0    314
3p_3d3(d)_3Fo           21.0    2038711.3660    26.1805   1.145E+02    52     0    315
3s2_3p_5p_3Se            3.0    2038801.1200    26.1778   1.145E+02    50     0    316
3s2_3p_5p_3Pe            9.0    2039229.9470    26.1650   1.146E+02    50     0    317
3p3(2Do)4p_1Pe           3.0    2039349.6200    26.1614   1.146E+02    51     0    318
3s2_3p_5p_3De           15.0    2039509.1840    26.1566   1.146E+02    50     0    319
3p3(2Do)4p_3De          15.0    2041124.7650    26.1082   1.148E+02    50     0    320
3p_3d3(c)_3Po            9.0    2045393.0910    25.9802   1.154E+02    52     0    321
3p_3d3(a)_1Po            3.0    2045732.1640    25.9701   1.154E+02    53     0    322
3p3(4So)4p_5Pe          15.0    2046928.8910    25.9342   1.156E+02    54     0    323
3s_3p2(2De)4f_1Po        3.0    2047267.9630    25.9240   1.156E+02    53     0    324
3p_3d3(b)_1Do            5.0    2047736.6810    25.9100   1.157E+02    53     0    325
3p3(2Do)4p_3Pe           9.0    2047826.4360    25.9073   1.157E+02    50     0    326
3p3(2Do)4p_3Fe          21.0    2050937.9260    25.8140   1.161E+02    50     0    327
3s2_3p_5p_1De            5.0    2051167.2980    25.8071   1.162E+02    51     0    328
3s2_3p_5p_1Se            1.0    2051456.5070    25.7984   1.162E+02    51     0    329
3p_3d3(b)_1Go            9.0    2055196.2790    25.6863   1.167E+02    53     0    330
3p3(2Do)4p_1Fe           7.0    2056652.2970    25.6427   1.169E+02    51     0    331
3p_3d3(b)_1Fo            7.0    2068918.7470    25.2749   1.186E+02    53     0    332
3s_3p2(2Se)4f_3Fo       21.0    2075750.0640    25.0701   1.196E+02    52     0    333
3s2_3d_4d_1Fe            7.0    2078831.6350    24.9778   1.200E+02    51     0    334
3s2_3d_4d_3De           15.0    2084526.0610    24.8070   1.208E+02    55     0    335
3s2_3d_4d_3Ge           27.0    2084875.1060    24.7966   1.209E+02    55     0    336
3p3(2Do)4p_1De           5.0    2085603.1150    24.7748   1.210E+02    51     0    337
3s_3p2(2Se)4f_1Fo        7.0    2086321.1510    24.7532   1.211E+02    53     0    338
3s_3p2(2Pe)4f_3Go       27.0    2087627.5780    24.7141   1.213E+02    52     0    339
3p3(4So)4p_3Pe           9.0    2087817.0600    24.7084   1.213E+02    55     0    340
3s2_3d_4d_1Pe            3.0    2088156.1330    24.6982   1.214E+02    51     0    341
3s_3p2(2Pe)4f_1Do        5.0    2097091.6930    24.4303   1.227E+02    53     0    342
3s_3p2(2Pe)4f_3Fo       21.0    2097939.3750    24.4049   1.228E+02    52     0    343
3s2_3d_4d_3Se            3.0    2098956.5930    24.3744   1.230E+02    55     0    344
3s_3p2(2Pe)4f_3Do       15.0    2099126.1290    24.3693   1.230E+02    52     0    345
3s2_3d_4d_3Fe           21.0    2101060.8380    24.3113   1.233E+02    55     0    346
3p_3d3(e)_3Do           15.0    2102127.9190    24.2794   1.235E+02    52     0    347
3s_3p2(2Pe)4f_1Go        9.0    2103185.0280    24.2477   1.236E+02    53     0    348
3s2_3p_5d_1Fo            7.0    2109557.5990    24.0566   1.246E+02    53     0    349
3p_3d3(a)_3So            3.0    2112339.9890    23.9732   1.251E+02    52     0    350
3s2_3p_5d_3Po            9.0    2112509.5250    23.9681   1.251E+02    52     0    351
3s2_3p_5d_1Do            5.0    2112519.4980    23.9678   1.251E+02    53     0    352
3s2_3p_5d_3Do           15.0    2113127.8340    23.9496   1.252E+02    52     0    353
3p3(2Po)4p_3Se           3.0    2113516.7700    23.9379   1.252E+02    55     0    354
3s2_3d_4d_1De            5.0    2115850.3880    23.8680   1.256E+02    56     0    355
3s2_3p_5d_3Fo           21.0    2115970.0600    23.8644   1.256E+02    52     0    356
3s2_3p_5d_1Po            3.0    2117316.3780    23.8240   1.258E+02    53     0    357
3p3(2Po)4p_3De          15.0    2117785.0960    23.8100   1.259E+02    55     0    358
3s2_3d_4d_3Pe            9.0    2118084.2780    23.8010   1.260E+02    55     0    359
3s2_3d_4d_1Ge            9.0    2118223.8960    23.7968   1.260E+02    56     0    360
3p3(2Po)4p_3Pe           9.0    2124775.9760    23.6004   1.270E+02    55     0    361
3p3(2Po)4p_1Pe           3.0    2125454.1210    23.5801   1.271E+02    56     0    362
3p_3d3(c)_1Do            5.0    2130829.4200    23.4189   1.280E+02    53     0    363
3s_3p2(2Pe)4f_1Fo        7.0    2132125.8740    23.3800   1.282E+02    53     0    364
3p_3d3(c)_1Fo            7.0    2133143.0920    23.3495   1.284E+02    53     0    365
3p3(2Po)4p_1De           5.0    2134479.4370    23.3095   1.286E+02    56     0    366
3s2_3p_5f_1Fe            7.0    2148860.1050    22.8784   1.310E+02    56     0    367
3s2_3p_5f_3Fe           21.0    2151592.6310    22.7964   1.315E+02    55     0    368
3s2_3p_5f_3Ge           27.0    2152121.1860    22.7806   1.316E+02    55     0    369
3s2_3d_4d_1Se            1.0    2152559.9860    22.7674   1.317E+02    56     0    370
3s2_3p_5f_3De           15.0    2157097.5750    22.6314   1.325E+02    55     0    371
3s2_3p_5f_1Ge            9.0    2163779.3000    22.4311   1.337E+02    56     0    372
3s2_3p_5f_1De            5.0    2164347.7460    22.4141   1.338E+02    56     0    373
3s2_3d_4f_1Go            9.0    2166262.5090    22.3566   1.341E+02    57     0    374
3s2_3p_5g_3Go           27.0    2168167.2990    22.2995   1.344E+02    58     0    375
3p3(2Po)4p_1Se           1.0    2169393.9440    22.2628   1.347E+02    56     0    376
3s2_3d_4f_3Fo           21.0    2171448.3250    22.2012   1.350E+02    58     0    377
3s2_3p_5g_1Fo            7.0    2180443.7230    21.9315   1.367E+02    57     0    378
3p_3d3(b)_1Po            3.0    2180842.6320    21.9195   1.368E+02    57     0    379
3s2_3p_5g_1Go            9.0    2182837.1760    21.8598   1.371E+02    57     0    380
3s2_3p_5g_3Fo           21.0    2187913.2930    21.7076   1.381E+02    58     0    381
3s2_3d_4f_1Do            5.0    2189319.4470    21.6654   1.384E+02    57     0    382
3p3(2Do)4d_1Po           3.0    2196031.0910    21.4642   1.397E+02    57     0    383
3p3(2Do)4d_3Fo          21.0    2196260.4630    21.4573   1.397E+02    58     0    384
3p3(2Do)4d_3Do          15.0    2196928.6360    21.4373   1.398E+02    58     0    385
3p3(2Do)4d_3Go          27.0    2197008.4180    21.4349   1.399E+02    58     0    386
3p3(2Do)4d_1Go           9.0    2197746.3990    21.4128   1.400E+02    57     0    387
3p3(2Do)4d_3Po           9.0    2199082.7440    21.3727   1.403E+02    58     0    388
3p3(2Do)4d_1So           1.0    2200040.1260    21.3440   1.405E+02    57     0    389
3p3(4So)4d_5Do          25.0    2200937.6710    21.3171   1.406E+02    59     0    390
3s2_3d_4f_3Do           15.0    2201974.8340    21.2860   1.408E+02    58     0    391
3s2_3d_4f_3Go           27.0    2202563.2250    21.2684   1.410E+02    58     0    392
3s_3p2(4Pe)5s_5Pe       15.0    2203191.5070    21.2495   1.411E+02    54     0    393
3p3(2Do)4d_3So           3.0    2203769.9250    21.2322   1.412E+02    58     0    394
3s2_3d_4f_3Po            9.0    2205166.1060    21.1903   1.415E+02    58     0    395
3p3(2Do)4d_1Fo           7.0    2207679.2330    21.1150   1.420E+02    57     0    396
3p3(2Do)4d_1Do           5.0    2208048.2230    21.1039   1.421E+02    57     0    397
3s2_3d_4f_1Fo            7.0    2211678.2950    20.9951   1.428E+02    57     0    398
3p3(4So)4d_3Do          15.0    2213523.2490    20.9398   1.432E+02    58     0    399
3s_3p2(4Pe)5s_3Pe        9.0    2214969.2940    20.8965   1.435E+02    55     0    400
3s2_3d_4f_1Po            3.0    2225779.7270    20.5724   1.457E+02    57     0    401
3s_3p2(4Pe)5p_3So        3.0    2249514.8110    19.8608   1.509E+02    58     0    402
3s_3p2(4Pe)5p_5Do       25.0    2253962.6460    19.7275   1.520E+02    59     0    403
3s_3p2(4Pe)5p_5So        5.0    2257483.0170    19.6219   1.528E+02    59     0    404
3s_3p2(4Pe)5p_5Po       15.0    2257542.8540    19.6201   1.528E+02    59     0    405
3s_3p2(4Pe)5p_3Do       15.0    2263715.9700    19.4351   1.543E+02    58     0    406
3p3(2Po)4d_3Fo          21.0    2266877.3240    19.3403   1.550E+02    58     0    407
3s_3p2(4Pe)5p_3Po        9.0    2268911.7590    19.2793   1.555E+02    58     0    408
3p3(2Po)4d_1Do           5.0    2268961.6230    19.2778   1.555E+02    57     0    409
3p3(2Po)4d_3Do          15.0    2269839.2230    19.2515   1.557E+02    58     0    410
3p3(2Po)4d_3Po           9.0    2271893.6040    19.1899   1.562E+02    58     0    411
3p3(2Po)4d_1Fo           7.0    2273249.8940    19.1492   1.566E+02    57     0    412
3s_3p2(2De)5s_3De       15.0    2274237.1940    19.1196   1.568E+02    55     0    413
3p3(2Do)4f_3Ge          27.0    2281267.9650    18.9089   1.585E+02    55     0    414
3s_3p2(2De)5s_1De        5.0    2282823.7100    18.8622   1.589E+02    56     0    415
3p3(4So)4f_5Fe          35.0    2282913.4640    18.8595   1.590E+02    60     0    416
3p3(2Po)4d_1Po           3.0    2283003.2190    18.8568   1.590E+02    57     0    417
3p3(2Do)4f_3Fe          21.0    2283721.2550    18.8353   1.592E+02    55     0    418
3p3(2Do)4f_1Pe           3.0    2292577.0340    18.5698   1.614E+02    56     0    419
3s2_3p_6s_3Po            9.0    2293245.2070    18.5498   1.616E+02    58     0    420
3p3(2Do)4f_3De          15.0    2293913.3790    18.5298   1.618E+02    61     0    421
3s2_3p_6s_1Po            3.0    2295708.4690    18.4760   1.623E+02    57     0    422
3p3(2Do)4f_1De           5.0    2298520.7780    18.3916   1.630E+02    56     0    423
3p3(2Do)4f_3Pe           9.0    2301462.7310    18.3034   1.638E+02    61     0    424
3p3(4So)4f_3Fe          21.0    2310717.4190    18.0260   1.663E+02    61     0    425
3p3(2Do)4f_1Fe           7.0    2311146.2470    18.0131   1.664E+02    56     0    426
3p3(2Do)4f_1Ge           9.0    2312333.0010    17.9776   1.668E+02    56     0    427
3s2_3p_6p_1Pe            3.0    2317668.4080    17.8176   1.683E+02    56     0    428
3s2_3p_6p_3Se            3.0    2321846.9800    17.6923   1.694E+02    61     0    429
3s2_3p_6p_3De           15.0    2322046.4340    17.6864   1.695E+02    61     0    430
3s2_3p_6p_3Pe            9.0    2322545.0700    17.6714   1.696E+02    61     0    431
3s_3p2(4Pe)5d_5Pe       15.0    2324778.9610    17.6044   1.703E+02    60     0    432
3s_3p2(2De)5p_3Do       15.0    2325297.5420    17.5889   1.704E+02    58     0    433
3s_3p2(4Pe)5d_3Pe        9.0    2326494.2690    17.5530   1.708E+02    61     0    434
3s_3p2(2De)5p_3Fo       21.0    2326504.2420    17.5527   1.708E+02    58     0    435
3s_3p2(4Pe)5d_5Fe       35.0    2326843.3150    17.5426   1.709E+02    60     0    436
3s2_3p_6p_1De            5.0    2327022.8240    17.5372   1.709E+02    56     0    437
3s_3p2(2De)5p_1Do        5.0    2327242.2240    17.5306   1.710E+02    57     0    438
3s_3p2(4Pe)5d_5De       25.0    2331311.0950    17.4086   1.722E+02    60     0    439
3s_3p2(2De)5p_1Fo        7.0    2331739.9220    17.3958   1.723E+02    57     0    440
3s2_3p_6p_1Se            1.0    2333255.7760    17.3503   1.728E+02    62     0    441
3s_3p2(4Pe)5d_3Fe       21.0    2333355.5030    17.3473   1.728E+02    61     0    442
3s_3p2(2De)5p_3Po        9.0    2334382.6940    17.3165   1.731E+02    58     0    443
3s_3p2(2De)5p_1Po        3.0    2335818.7660    17.2735   1.736E+02    57     0    444
3s_3p2(4Pe)5d_3De       15.0    2337773.4200    17.2149   1.741E+02    61     0    445
3s_3p2(2Se)5s_3Se        3.0    2340545.8380    17.1318   1.750E+02    61     0    446
3s_3p2(2Se)5s_1Se        1.0    2346928.3810    16.9404   1.770E+02    62     0    447
3p3(2Po)4f_3Ge          27.0    2354328.1430    16.7186   1.793E+02    61     0    448
3p3(2Po)4f_3De          15.0    2358666.2780    16.5885   1.807E+02    61     0    449
3p3(2Po)4f_3Fe          21.0    2358965.4590    16.5796   1.808E+02    61     0    450
3s2_3p_6d_1Do            5.0    2359603.7140    16.5604   1.810E+02    57     0    451
3s2_3p_6d_3Do           15.0    2359723.3860    16.5568   1.811E+02    58     0    452
3p3(2Po)4f_1Fe           7.0    2360152.2140    16.5440   1.812E+02    62     0    453
3s2_3p_6d_3Po            9.0    2362894.7130    16.4618   1.821E+02    58     0    454
3s2_3p_6d_3Fo           21.0    2363483.1030    16.4441   1.823E+02    58     0    455
3s2_3p_6d_1Fo            7.0    2364081.4670    16.4262   1.825E+02    57     0    456
3s2_3p_6d_1Po            3.0    2365547.4570    16.3822   1.830E+02    57     0    457
3s_3p2(4Pe)5f_5Go       45.0    2366215.6300    16.3622   1.832E+02    59     0    458
3s_3p2(4Pe)5f_5Do       25.0    2369317.1470    16.2692   1.843E+02    59     0    459
3p3(2Po)4f_1Ge           9.0    2369436.8200    16.2656   1.843E+02    62     0    460
3s_3p2(2Pe)5s_3Pe        9.0    2370902.8100    16.2217   1.848E+02    61     0    461
3s_3p2(4Pe)5f_5Fo       35.0    2372448.5820    16.1753   1.853E+02    59     0    462
3s_3p2(4Pe)5f_3Do       15.0    2373904.6000    16.1317   1.858E+02    58     0    463
3s_3p2(2Pe)5s_1Pe        3.0    2374124.0000    16.1251   1.859E+02    62     0    464
3s_3p2(4Pe)5f_3Go       27.0    2377714.1810    16.0175   1.872E+02    58     0    465
3s2_3p_6f_1Fe            7.0    2385004.2420    15.7989   1.898E+02    62     0    466
3p3(2Po)4f_1De           5.0    2385323.3690    15.7894   1.899E+02    62     0    467
3s2_3p_6f_3Fe           21.0    2386190.9960    15.7634   1.902E+02    61     0    468
3s2_3p_6f_3Ge           27.0    2386320.6420    15.7595   1.902E+02    61     0    469
3s_3p2(4Pe)5f_3Fo       21.0    2387647.0140    15.7197   1.907E+02    63     0    470
3s_3p2(4Pe)5g_5Fe       35.0    2388734.0410    15.6871   1.911E+02    60     0    471
3s2_3p_6f_3De           15.0    2388993.3320    15.6793   1.912E+02    61     0    472
3s_3p2(4Pe)5g_5Ge       45.0    2391845.5310    15.5938   1.923E+02    60     0    473
3s2_3p_6f_1Ge            9.0    2392254.4130    15.5816   1.924E+02    62     0    474
3s_3p2(2Se)5p_3Po        9.0    2392553.5950    15.5726   1.925E+02    63     0    475
3s2_3p_6f_1De            5.0    2392723.1310    15.5675   1.926E+02    62     0    476
3s_3p2(4Pe)5g_3Fe       21.0    2393321.4940    15.5496   1.928E+02    61     0    477
3s_3p2(4Pe)5g_3Ge       27.0    2394737.6210    15.5071   1.933E+02    61     0    478
3s_3p2(2De)5d_3Fe       21.0    2394847.3210    15.5038   1.934E+02    61     0    479
3s_3p2(2De)5d_1Fe        7.0    2395405.7940    15.4871   1.936E+02    62     0    480
3s_3p2(2Se)5p_1Po        3.0    2395515.4940    15.4838   1.936E+02    64     0    481
3s2_3p_6g_1Go            9.0    2395854.5660    15.4737   1.937E+02    64     0    482
3s_3p2(2De)5d_3De       15.0    2396373.1480    15.4581   1.939E+02    61     0    483
3s2_3p_6g_3Go           27.0    2396403.0660    15.4572   1.939E+02    63     0    484
3s2_3p_6g_3Fo           21.0    2399265.2380    15.3714   1.950E+02    63     0    485
3s_3p2(2De)5d_1De        5.0    2399574.3920    15.3621   1.952E+02    62     0    486
3s_3p2(2De)5d_3Ge       27.0    2400083.0010    15.3469   1.953E+02    61     0    487
3s2_3p_6g_1Fo            7.0    2400312.3740    15.3400   1.954E+02    64     0    488
3s_3p2(2De)5d_3Pe        9.0    2403553.5090    15.2428   1.967E+02    61     0    489
3s_3p2(2De)5d_1Ge        9.0    2403992.3090    15.2297   1.968E+02    62     0    490
3s_3p2(2De)5d_1Pe        3.0    2404082.0640    15.2270   1.969E+02    62     0    491
3s_3p2(2De)5d_3Se        3.0    2407213.4990    15.1331   1.981E+02    61     0    492
3s_3p2(2Pe)5p_1So        1.0    2410514.4710    15.0342   1.994E+02    64     0    493
3s_3p2(2De)5d_1Se        1.0    2410943.2980    15.0213   1.996E+02    62     0    494
3s_3p2(2Pe)5p_3Do       15.0    2419759.1860    14.7570   2.032E+02    63     0    495
3s_3p2(2Pe)5p_3So        3.0    2421564.2490    14.7029   2.039E+02    63     0    496
3s_3p2(2Pe)5p_3Po        9.0    2423060.1580    14.6580   2.045E+02    63     0    497
3s_3p2(2Pe)5p_1Do        5.0    2426949.5200    14.5414   2.062E+02    64     0    498
3s_3p2(2Pe)5p_1Po        3.0    2432703.7820    14.3689   2.086E+02    64     0    499
3s_3p2(2De)5f_3Go       27.0    2437909.5440    14.2129   2.109E+02    63     0    500
3s_3p2(2De)5f_3Fo       21.0    2438717.3350    14.1887   2.113E+02    63     0    501
3s_3p2(2De)5f_1Go        9.0    2441280.3250    14.1118   2.124E+02    64     0    502
3s_3p2(2De)5f_1Fo        7.0    2444710.9420    14.0090   2.140E+02    64     0    503
3s_3p2(2De)5f_3Do       15.0    2445548.6510    13.9839   2.144E+02    63     0    504
3s_3p2(2De)5f_1Do        5.0    2449597.5770    13.8625   2.163E+02    64     0    505
3s2_3d_5s_3De           15.0    2449986.5130    13.8508   2.164E+02    61     0    506
3s_3p2(2De)5f_3Po        9.0    2450834.1950    13.8254   2.168E+02    63     0    507
3s2_3d_5s_1De            5.0    2452399.9130    13.7785   2.176E+02    62     0    508
3s_3p2(2De)5g_3Ge       27.0    2455182.3030    13.6951   2.189E+02    61     0    509
3s_3p2(2De)5f_1Po        3.0    2456349.1120    13.6601   2.195E+02    64     0    510
3s_3p2(2De)5g_1Ge        9.0    2457486.0020    13.6260   2.200E+02    62     0    511
3s_3p2(2De)5g_3Fe       21.0    2460318.2560    13.5411   2.214E+02    61     0    512
3s_3p2(2Se)5d_3De       15.0    2462352.6920    13.4801   2.224E+02    61     0    513
3s_3p2(2De)5g_1Fe        7.0    2462771.5460    13.4675   2.226E+02    62     0    514
3s_3p2(2Se)5d_1De        5.0    2464955.5730    13.4021   2.237E+02    62     0    515
3s_3p2(2De)5g_3De       15.0    2466700.7990    13.3497   2.246E+02    61     0    516
3s_3p2(2De)5g_1De        5.0    2469682.6440    13.2603   2.261E+02    62     0    517
3s2_3p_7s_3Po            9.0    2470809.5620    13.2266   2.267E+02    63     0    518
3s2_3p_7s_1Po            3.0    2472395.2250    13.1790   2.275E+02    64     0    519
3s2_3p_7p_1Pe            3.0    2482766.8580    12.8681   2.330E+02    62     0    520
3s2_3p_7p_3Pe            9.0    2484591.8670    12.8134   2.340E+02    61     0    521
3s2_3p_7p_3De           15.0    2484940.9120    12.8029   2.342E+02    61     0    522
3s2_3p_7p_1De            5.0    2487823.0290    12.7165   2.358E+02    62     0    523
3s2_3p_7p_3Se            3.0    2489259.1020    12.6735   2.366E+02    61     0    524
3s_3p2(2Pe)5d_3Fe       21.0    2489428.6380    12.6684   2.366E+02    61     0    525
3s_3p2(2Pe)5d_1Fe        7.0    2492111.3010    12.5879   2.382E+02    62     0    526
3s2_3p_7p_1Se            1.0    2493118.5460    12.5578   2.387E+02    62     0    527
3s_3p2(2Pe)5d_1Pe        3.0    2493726.8820    12.5395   2.391E+02    62     0    528
3s_3p2(2Pe)5d_3Pe        9.0    2493726.8820    12.5395   2.391E+02    61     0    529
3s_3p2(2Pe)5d_3De       15.0    2498463.9260    12.3975   2.418E+02    61     0    530
3s2_3d_5p_3Do           15.0    2499501.0890    12.3664   2.424E+02    63     0    531
3s2_3d_5p_1Do            5.0    2499531.0070    12.3655   2.424E+02    64     0    532
3s2_3d_5p_3Fo           21.0    2501575.4160    12.3042   2.437E+02    63     0    533
3s2_3d_5p_1Fo            7.0    2502742.2250    12.2692   2.443E+02    64     0    534
3s_3p2(2Pe)5d_1De        5.0    2502782.1160    12.2680   2.444E+02    62     0    535
3s_3p2(2Se)5f_3Fo       21.0    2504627.0700    12.2127   2.455E+02    63     0    536
3s2_3d_5p_3Po            9.0    2507628.8600    12.1227   2.473E+02    63     0    537
3s2_3d_5p_1Po            3.0    2508017.7960    12.1111   2.475E+02    64     0    538
3s_3p2(2Se)5f_1Fo        7.0    2510062.2040    12.0498   2.488E+02    64     0    539
3s2_3p_7d_1Do            5.0    2511039.5310    12.0205   2.494E+02    64     0    540
3s_3p2(4Pe)6s_5Pe       15.0    2512166.4490    11.9867   2.501E+02    65     0    541
3s2_3p_7d_3Do           15.0    2512894.4580    11.9649   2.506E+02    63     0    542
3s2_3p_7d_3Fo           21.0    2513203.6120    11.9556   2.508E+02    63     0    543
3s2_3p_7d_3Po            9.0    2513891.7300    11.9350   2.512E+02    63     0    544
3s_3p2(4Pe)6s_3Pe        9.0    2517641.4750    11.8226   2.536E+02    61     0    545
3s2_3p_7d_1Fo            7.0    2518768.3930    11.7888   2.543E+02    64     0    546
3s2_3p_7d_1Po            3.0    2519845.4470    11.7565   2.550E+02    64     0    547
3s_3p2(2Se)5g_3Ge       27.0    2522308.7100    11.6827   2.566E+02    61     0    548
3s_3p2(2Se)5g_1Ge        9.0    2523814.5910    11.6375   2.576E+02    62     0    549
3s_3p2(2Pe)5f_3Go       27.0    2525490.0090    11.5873   2.587E+02    63     0    550
3s2_3p_7f_1Fe            7.0    2526257.9080    11.5643   2.592E+02    62     0    551
3s2_3p_7f_3Fe           21.0    2526995.8900    11.5421   2.597E+02    66     0    552
3s2_3p_7f_3Ge           27.0    2527185.3720    11.5365   2.599E+02    66     0    553
3s2_3p_7g_1Go            9.0    2527414.7440    11.5296   2.600E+02    64     0    554
3s2_3p_7f_3De           15.0    2528621.4440    11.4934   2.608E+02    66     0    555
3s2_3p_7f_1Ge            9.0    2530665.8530    11.4321   2.622E+02    62     0    556
3s2_3p_7f_1De            5.0    2530885.2530    11.4255   2.624E+02    62     0    557
3s2_3p_7g_3Fo           21.0    2531383.8890    11.4106   2.627E+02    63     0    558
3s_3p2(4Pe)6p_3So        3.0    2532809.9880    11.3678   2.637E+02    63     0    559
3s2_3p_7g_1Fo            7.0    2533897.0150    11.3352   2.645E+02    64     0    560
3s_3p2(2Pe)5f_1Do        5.0    2534784.5880    11.3086   2.651E+02    64     0    561
3s_3p2(2Pe)5f_3Do       15.0    2535402.8970    11.2901   2.655E+02    63     0    562
3s2_3p_7g_3Go           27.0    2537846.2140    11.2168   2.673E+02    63     0    563
3s_3p2(4Pe)6p_5So        5.0    2539551.5500    11.1657   2.685E+02    67     0    564
3s_3p2(4Pe)6p_5Do       25.0    2539900.5950    11.1553   2.687E+02    67     0    565
3s_3p2(2Pe)5f_3Fo       21.0    2541236.9400    11.1152   2.697E+02    63     0    566
3s_3p2(4Pe)6p_5Po       15.0    2542204.2950    11.0862   2.704E+02    67     0    567
3s_3p2(2Pe)5f_1Go        9.0    2542533.3940    11.0763   2.707E+02    64     0    568
3s_3p2(4Pe)6p_3Do       15.0    2543680.2580    11.0419   2.715E+02    63     0    569
3s_3p2(4Pe)6p_3Po        9.0    2548387.3840    10.9008   2.750E+02    63     0    570
3s_3p2(2Pe)5f_1Fo        7.0    2549743.6740    10.8602   2.760E+02    64     0    571
3s_3p2(2Pe)5g_1Fe        7.0    2549773.5920    10.8593   2.761E+02    62     0    572
3s_3p2(2Pe)5g_3Fe       21.0    2549833.4290    10.8575   2.761E+02    66     0    573
3s_3p2(2Pe)5g_3Ge       27.0    2555787.1450    10.6790   2.807E+02    66     0    574
3p3(2Do)5s_3Do          15.0    2556804.3630    10.6485   2.815E+02    63     0    575
3s_3p2(2Pe)5g_1Ge        9.0    2557163.3810    10.6377   2.818E+02    62     0    576
3p3(2Do)5s_1Do           5.0    2559247.6800    10.5752   2.835E+02    64     0    577
3p3(4So)5s_5So           5.0    2563426.2520    10.4500   2.869E+02    67     0    578
3s2_3d_5d_1Fe            7.0    2566527.7690    10.3570   2.895E+02    62     0    579
3s2_3d_5d_3De           15.0    2568572.1770    10.2957   2.912E+02    66     0    580
3s2_3d_5d_3Ge           27.0    2569719.0410    10.2613   2.922E+02    66     0    581
3s2_3d_5d_1Pe            3.0    2570706.3400    10.2317   2.930E+02    68     0    582
3s2_3d_5d_3Se            3.0    2573947.4760    10.1346   2.958E+02    66     0    583
3s2_3d_5d_3Fe           21.0    2574446.1120    10.1196   2.962E+02    66     0    584
3p3(4So)5s_3So           3.0    2575473.3030    10.0888   2.972E+02    63     0    585
3s_3p2(4Pe)6d_5Pe       15.0    2577487.7930    10.0284   2.989E+02    65     0    586
3s_3p2(4Pe)6d_3Pe        9.0    2577767.0290    10.0201   2.992E+02    66     0    587
3s2_3d_5d_1De            5.0    2579252.9650     9.9755   3.005E+02    68     0    588
3s_3p2(4Pe)6d_5Fe       35.0    2579851.3290     9.9576   3.011E+02    65     0    589
3s2_3d_5d_3Pe            9.0    2580339.9920     9.9429   3.015E+02    66     0    590
3s2_3p_8s_3Po            9.0    2581217.5920     9.9166   3.023E+02    63     0    591
3s_3p2(2De)6s_3De       15.0    2581277.4280     9.9148   3.024E+02    66     0    592
3s_3p2(4Pe)6d_3Fe       21.0    2581945.6010     9.8948   3.030E+02    66     0    593
3s2_3d_5d_1Ge            9.0    2582055.3010     9.8915   3.031E+02    68     0    594
3s2_3p_8s_1Po            3.0    2582115.1370     9.8897   3.031E+02    64     0    595
3s_3p2(4Pe)6d_5De       25.0    2582573.8820     9.8759   3.036E+02    65     0    596
3s_3p2(2De)6s_1De        5.0    2584817.7450     9.8087   3.056E+02    68     0    597
3s_3p2(4Pe)6d_3De       15.0    2586174.0360     9.7680   3.069E+02    66     0    598
3s2_3d_5d_1Se            1.0    2587560.2440     9.7265   3.082E+02    68     0    599
3s2_3p_8p_1Pe            3.0    2591928.2980     9.5955   3.124E+02    68     0    600
3s2_3p_8p_3De           15.0    2593404.2610     9.5513   3.139E+02    66     0    601
3s2_3p_8p_3Pe            9.0    2594202.0790     9.5273   3.147E+02    66     0    602
3s2_3p_8p_3Se            3.0    2594531.1790     9.5175   3.150E+02    66     0    603
3s2_3p_8p_1De            5.0    2595558.3690     9.4867   3.160E+02    68     0    604
3s_3p2(4Pe)6f_5Go       45.0    2602499.3850     9.2786   3.231E+02    67     0    605
3p3(2Do)5p_1Pe           3.0    2603666.1940     9.2436   3.243E+02    68     0    606
3s2_3p_8p_1Se            1.0    2603955.4030     9.2349   3.246E+02    68     0    607
3s_3p2(4Pe)6f_5Do       25.0    2604055.1300     9.2320   3.247E+02    67     0    608
3p3(2Do)5p_3De          15.0    2604174.8030     9.2284   3.249E+02    66     0    609
3p3(2Do)5p_3Fe          21.0    2605261.8300     9.1958   3.260E+02    66     0    610
3s_3p2(4Pe)6f_5Fo       35.0    2605481.2300     9.1892   3.262E+02    67     0    611
3s_3p2(4Pe)6f_3Do       15.0    2606358.8300     9.1629   3.272E+02    63     0    612
3p3(2Do)5p_1Fe           7.0    2606757.7390     9.1509   3.276E+02    68     0    613
3s2_3p_8d_3Fo           21.0    2606817.5750     9.1491   3.277E+02    63     0    614
3s2_3p_8d_1Do            5.0    2607036.9750     9.1426   3.279E+02    64     0    615
3s2_3p_8d_3Do           15.0    2607425.9110     9.1309   3.283E+02    63     0    616
3s2_3p_8d_3Po            9.0    2607974.4110     9.1145   3.289E+02    63     0    617
3p3(2Do)5p_3Pe           9.0    2608064.1650     9.1118   3.290E+02    66     0    618
3s_3p2(4Pe)6f_3Go       27.0    2608343.4020     9.1034   3.293E+02    63     0    619
3s2_3p_8d_1Po            3.0    2608502.9650     9.0986   3.295E+02    64     0    620
3s2_3p_8d_1Fo            7.0    2609290.8100     9.0750   3.304E+02    64     0    621
3s2_3d_5f_1Go            9.0    2609420.4560     9.0711   3.305E+02    64     0    622
3s_3p2(2De)6p_3Do       15.0    2610607.2100     9.0355   3.318E+02    63     0    623
3s_3p2(2De)6p_1Po        3.0    2611085.9010     9.0212   3.323E+02    64     0    624
3s_3p2(2De)6p_3Fo       21.0    2611285.3550     9.0152   3.325E+02    63     0    625
3p3(4So)5p_5Pe          15.0    2611963.5010     8.9949   3.333E+02    65     0    626
3s_3p2(2De)6p_1Fo        7.0    2612631.6730     8.9748   3.340E+02    64     0    627
3s_3p2(2De)6p_3Po        9.0    2612801.2090     8.9698   3.342E+02    63     0    628
3s_3p2(4Pe)6f_3Fo       21.0    2613140.2820     8.9596   3.346E+02    63     0    629
3s_3p2(4Pe)6g_5Fe       35.0    2613449.4370     8.9503   3.350E+02    65     0    630
3s_3p2(2De)6p_1Do        5.0    2613469.3820     8.9497   3.350E+02    64     0    631
3s2_3d_5f_3Fo           21.0    2613918.1550     8.9363   3.355E+02    63     0    632
3s_3p2(4Pe)6g_3Fe       21.0    2614436.7360     8.9207   3.361E+02    66     0    633
3s_3p2(4Pe)6g_5Ge       45.0    2615952.5900     8.8753   3.378E+02    65     0    634
3s2_3d_5f_3Go           27.0    2616780.3260     8.8505   3.387E+02    63     0    635
3s2_3d_5f_1Do            5.0    2617308.8810     8.8346   3.393E+02    64     0    636
3s2_3p_8f_1Fe            7.0    2617408.6080     8.8316   3.395E+02    68     0    637
3s_3p2(4Pe)6g_3Ge       27.0    2617598.0900     8.8259   3.397E+02    66     0    638
3s2_3p_8f_3Fe           21.0    2617987.0260     8.8143   3.401E+02    66     0    639
3s2_3p_8f_3Ge           27.0    2618425.8260     8.8011   3.406E+02    66     0    640
3s2_3p_8f_3De           15.0    2618924.4620     8.7862   3.412E+02    66     0    641
3s2_3p_8f_1Ge            9.0    2620210.9440     8.7476   3.427E+02    68     0    642
3s2_3p_8f_1De            5.0    2620310.6710     8.7446   3.428E+02    68     0    643
3s2_3d_5f_1Fo            7.0    2620370.5070     8.7428   3.429E+02    64     0    644
3p3(2Do)5p_1De           5.0    2620829.2520     8.7291   3.434E+02    68     0    645
3s2_3d_5f_3Do           15.0    2622335.1340     8.6839   3.452E+02    63     0    646
3s2_3p_8g_1Go            9.0    2622444.8340     8.6806   3.454E+02    64     0    647
3s2_3p_8g_3Fo           21.0    2623691.4240     8.6433   3.469E+02    63     0    648
3s2_3d_5f_3Po            9.0    2623771.2060     8.6409   3.469E+02    63     0    649
3s2_3p_8g_3Go           27.0    2624688.6970     8.6134   3.481E+02    63     0    650
3p3(4So)5p_3Pe           9.0    2624818.3420     8.6095   3.482E+02    66     0    651
3p3(2Po)5s_3Po           9.0    2625765.7510     8.5811   3.494E+02    63     0    652
3s2_3p_8g_1Fo            7.0    2627032.2870     8.5431   3.509E+02    64     0    653
3s2_3d_5g_3Ge           27.0    2629625.1950     8.4654   3.541E+02    66     0    654
3s2_3d_5g_1Ge            9.0    2631021.3770     8.4235   3.559E+02    68     0    655
3s2_3d_5g_1Fe            7.0    2631370.4220     8.4131   3.563E+02    68     0    656
3s2_3d_5g_3Fe           21.0    2631729.4400     8.4023   3.568E+02    66     0    657
3p3(2Po)5s_1Po           3.0    2631938.8670     8.3960   3.571E+02    64     0    658
3s2_3d_5f_1Po            3.0    2633484.6400     8.3497   3.590E+02    64     0    659
3s2_3d_5g_3De           15.0    2635947.9020     8.2758   3.623E+02    66     0    660
3s2_3d_5g_1De            5.0    2637294.2200     8.2355   3.640E+02    68     0    661
3s_3p2(2Se)6s_3Se        3.0    2643218.0180     8.0579   3.720E+02    66     0    662
3s_3p2(2Se)6s_1Se        1.0    2646578.8260     7.9571   3.768E+02    68     0    663
3s_3p2(2De)6d_3Fe       21.0    2649201.6530     7.8785   3.805E+02    66     0    664
3s_3p2(2De)6d_3De       15.0    2649550.6980     7.8680   3.810E+02    66     0    665
3s_3p2(2De)6d_1Pe        3.0    2649809.9890     7.8603   3.814E+02    68     0    666
3s_3p2(2De)6d_1Fe        7.0    2650408.3530     7.8423   3.823E+02    68     0    667
3s_3p2(2De)6d_3Ge       27.0    2651116.4160     7.8211   3.833E+02    66     0    668
3s_3p2(2De)6d_1De        5.0    2651445.5160     7.8112   3.838E+02    68     0    669
3s_3p2(2De)6d_3Pe        9.0    2651924.2070     7.7969   3.845E+02    66     0    670
3s_3p2(2De)6d_1Ge        9.0    2652741.9700     7.7724   3.857E+02    68     0    671
3s2_3p_9s_3Po            9.0    2654437.3330     7.7215   3.883E+02    69     0    672
3s_3p2(2De)6d_3Se        3.0    2654686.6510     7.7141   3.886E+02    66     0    673
3s2_3p_9s_1Po            3.0    2654856.1880     7.7090   3.889E+02    70     0    674
3s_3p2(2De)6d_1Se        1.0    2658755.5230     7.5921   3.949E+02    68     0    675
3s2_3p_9p_1Pe            3.0    2661398.2950     7.5129   3.990E+02    68     0    676
3s2_3p_9p_3De           15.0    2662465.3760     7.4809   4.007E+02    66     0    677
3s2_3p_9p_3Pe            9.0    2662495.2940     7.4800   4.008E+02    66     0    678
3s2_3p_9p_1De            5.0    2663632.1850     7.4459   4.026E+02    68     0    679
3s2_3p_9p_3Se            3.0    2664061.0120     7.4330   4.033E+02    66     0    680
3s2_3p_9p_1Se            1.0    2665556.9210     7.3882   4.058E+02    68     0    681
3s_3p2(2Pe)6s_3Pe        9.0    2672278.5370     7.1867   4.172E+02    66     0    682
3s2_3p_9d_3Do           15.0    2672358.3190     7.1843   4.173E+02    69     0    683
3s2_3p_9d_3Po            9.0    2672507.9090     7.1798   4.176E+02    69     0    684
3s2_3p_9d_1Do            5.0    2672547.8000     7.1786   4.176E+02    70     0    685
3s_3p2(2De)6f_3Go       27.0    2672567.7460     7.1780   4.177E+02    69     0    686
3s_3p2(2De)6f_3Fo       21.0    2672767.2000     7.1720   4.180E+02    69     0    687
3s2_3p_9d_1Po            3.0    2673355.5910     7.1544   4.190E+02    70     0    688
3s2_3p_9d_3Fo           21.0    2673624.8550     7.1463   4.195E+02    69     0    689
3s_3p2(2De)6f_1Go        9.0    2673654.7730     7.1454   4.196E+02    70     0    690
3s2_3p_9d_1Fo            7.0    2674063.6540     7.1332   4.203E+02    70     0    691
3p3(2Po)5p_3De          15.0    2674123.4910     7.1314   4.204E+02    66     0    692
3p3(2Po)5p_1Pe           3.0    2675589.4810     7.0874   4.230E+02    68     0    693
3s_3p2(2Se)6p_3Po        9.0    2675818.8540     7.0805   4.234E+02    69     0    694
3s_3p2(2De)6f_1Fo        7.0    2675878.6900     7.0787   4.235E+02    70     0    695
3p3(2Do)5d_1So           1.0    2676128.0080     7.0713   4.240E+02    70     0    696
3p3(2Do)5d_3Do          15.0    2676407.2450     7.0629   4.245E+02    69     0    697
3p3(2Po)5p_3Se           3.0    2676566.8080     7.0581   4.247E+02    66     0    698
3p3(2Do)5d_3Go          27.0    2676716.3990     7.0536   4.250E+02    69     0    699
3p3(2Do)5d_1Po           3.0    2676985.6630     7.0456   4.255E+02    70     0    700
3p3(2Do)5d_3Fo          21.0    2677254.9260     7.0375   4.260E+02    69     0    701
3p3(2Do)5d_3So           3.0    2677633.8900     7.0261   4.267E+02    69     0    702
3s_3p2(2De)6f_3Do       15.0    2677643.8620     7.0258   4.267E+02    69     0    703
3p3(2Do)5d_3Po           9.0    2678042.7710     7.0139   4.274E+02    69     0    704
3p3(2Do)5d_1Go           9.0    2678052.7440     7.0136   4.274E+02    70     0    705
3s_3p2(2De)6f_1Do        5.0    2678371.8710     7.0040   4.280E+02    70     0    706
3s_3p2(2Se)6p_1Po        3.0    2678571.3260     6.9980   4.284E+02    70     0    707
3s2_3p_9f_1Fe            7.0    2679728.1620     6.9633   4.305E+02    68     0    708
3p3(2Po)5p_1De           5.0    2679897.6980     6.9583   4.308E+02    68     0    709
3s2_3p_9f_3Fe           21.0    2680087.1800     6.9526   4.312E+02    66     0    710
3s2_3p_9f_3Ge           27.0    2680196.8800     6.9493   4.314E+02    66     0    711
3s_3p2(2De)6f_3Po        9.0    2680336.4980     6.9451   4.317E+02    69     0    712
3s2_3p_9f_3De           15.0    2680795.2430     6.9313   4.325E+02    66     0    713
3s2_3p_9f_1Ge            9.0    2681453.4430     6.9116   4.338E+02    68     0    714
3s2_3p_9f_1De            5.0    2681662.8700     6.9053   4.341E+02    68     0    715
3p3(4So)5d_5Do          25.0    2681752.6250     6.9026   4.343E+02    67     0    716
3p3(2Do)5d_1Do           5.0    2682061.7790     6.8934   4.349E+02    70     0    717
3s_3p2(2De)6g_3Ge       27.0    2682400.8520     6.8832   4.355E+02    66     0    718
3s_3p2(2Pe)6s_1Pe        3.0    2682450.7160     6.8817   4.356E+02    68     0    719
3p3(2Do)5d_1Fo           7.0    2682739.9250     6.8730   4.362E+02    70     0    720
3s2_3p_9g_1Go            9.0    2682889.5150     6.8686   4.365E+02    70     0    721
3s_3p2(2De)6f_1Po        3.0    2683088.9700     6.8626   4.369E+02    70     0    722
3s2_3p_9g_3Go           27.0    2683118.8880     6.8617   4.369E+02    69     0    723
3p3(2Po)5p_3Pe           9.0    2683168.7520     6.8602   4.370E+02    66     0    724
3s_3p2(2De)6g_1Ge        9.0    2683218.6150     6.8587   4.371E+02    68     0    725
3s2_3p_9g_3Fo           21.0    2683717.2520     6.8437   4.381E+02    69     0    726
3s2_3p_9g_1Fo            7.0    2684325.5880     6.8255   4.392E+02    70     0    727
3s_3p2(2De)6g_3Fe       21.0    2684614.7970     6.8168   4.398E+02    66     0    728
3s_3p2(2De)6g_1Fe        7.0    2685153.3240     6.8007   4.408E+02    68     0    729
3p3(4So)5d_3Do          15.0    2686559.4780     6.7585   4.436E+02    69     0    730
3s_3p2(2De)6g_3De       15.0    2687307.4320     6.7361   4.451E+02    66     0    731
3s_3p2(2De)6g_1De        5.0    2688015.4960     6.7149   4.465E+02    68     0    732
3s_3p2(4Pe)7s_5Pe       15.0    2688992.8230     6.6856   4.484E+02    65     0    733
3s_3p2(4Pe)7s_3Pe        9.0    2692393.5220     6.5836   4.554E+02    66     0    734
3p3(2Po)5p_1Se           1.0    2696721.6840     6.4539   4.645E+02    68     0    735
3s_3p2(2Pe)6p_1So        1.0    2701708.0460     6.3044   4.755E+02    70     0    736
3s_3p2(2Pe)6p_3Do       15.0    2703822.2640     6.2410   4.804E+02    69     0    737
3s2_3p10s_3Po            9.0    2703902.0450     6.2386   4.805E+02    69     0    738
3s_3p2(4Pe)7p_3So        3.0    2703902.0450     6.2386   4.805E+02    69     0    739
3s2_3p10s_1Po            3.0    2704849.4540     6.2102   4.827E+02    70     0    740
3s_3p2(4Pe)7p_5Do       25.0    2706465.0360     6.1618   4.865E+02    67     0    741
3s_3p2(2Pe)6p_1Do        5.0    2706804.1080     6.1516   4.873E+02    70     0    742
3s_3p2(4Pe)7p_5Po       15.0    2706953.6990     6.1471   4.877E+02    67     0    743
3s_3p2(4Pe)7p_5So        5.0    2707043.4540     6.1444   4.879E+02    67     0    744
3s_3p2(2Pe)6p_3So        3.0    2708439.6350     6.1026   4.913E+02    69     0    745
3s_3p2(2Pe)6p_3Po        9.0    2708639.0890     6.0966   4.917E+02    69     0    746
3s_3p2(4Pe)7p_3Do       15.0    2709756.0350     6.0631   4.945E+02    69     0    747
3s_3p2(4Pe)7p_3Po        9.0    2711012.5980     6.0255   4.975E+02    69     0    748
3s2_3p10p_3De           15.0    2711042.5160     6.0246   4.976E+02    66     0    749
3s2_3p10p_1Pe            3.0    2711451.3980     6.0123   4.986E+02    68     0    750
3s2_3p10p_3Pe            9.0    2712059.7340     5.9941   5.001E+02    66     0    751
3s2_3p10p_1De            5.0    2712109.5970     5.9926   5.003E+02    68     0    752
3s_3p2(2Pe)6p_1Po        3.0    2712269.1610     5.9878   5.007E+02    70     0    753
3s2_3p10p_3Se            3.0    2712279.1340     5.9875   5.007E+02    66     0    754
3s2_3p10p_1Se            1.0    2713635.4240     5.9468   5.041E+02    68     0    755
3s_3p2(2Se)6d_3De       15.0    2715260.9780     5.8981   5.083E+02    66     0    756
3s_3p2(2Se)6d_1De        5.0    2716607.2960     5.8577   5.118E+02    68     0    757
3p3(2Do)5f_3Ge          27.0    2717405.1140     5.8338   5.139E+02    66     0    758
3p3(2Do)5f_3Fe          21.0    2718013.4500     5.8156   5.155E+02    66     0    759
3s2_3p10d_3Fo           21.0    2719619.0590     5.7674   5.198E+02    69     0    760
3s2_3p10d_3Do           15.0    2719788.5950     5.7624   5.203E+02    69     0    761
3s2_3p10d_1Do            5.0    2719868.3770     5.7600   5.205E+02    70     0    762
3s2_3p10d_1Fo            7.0    2719898.2950     5.7591   5.206E+02    70     0    763
3p3(2Do)5f_1Pe           3.0    2720167.5590     5.7510   5.213E+02    68     0    764
3s2_3p10d_3Po            9.0    2720367.0130     5.7450   5.218E+02    69     0    765
3p3(4So)5f_5Fe          35.0    2720586.4130     5.7384   5.224E+02    65     0    766
3s2_3p10d_1Po            3.0    2720785.8680     5.7325   5.230E+02    70     0    767
3p3(2Do)5f_3De          15.0    2721404.1760     5.7139   5.247E+02    66     0    768
3p3(2Do)5f_3Pe           9.0    2723398.7210     5.6541   5.302E+02    66     0    769
3p3(2Do)5f_1De           5.0    2723937.2480     5.6380   5.317E+02    68     0    770
3s2_3p10f_1Fe            7.0    2724176.5940     5.6308   5.324E+02    68     0    771
3s2_3p10f_3Fe           21.0    2724445.8570     5.6227   5.332E+02    66     0    772
3s2_3p10f_3Ge           27.0    2724575.5030     5.6188   5.335E+02    66     0    773
3s2_3p10f_3De           15.0    2725153.9210     5.6015   5.352E+02    66     0    774
3s2_3p10f_1Ge            9.0    2725512.9390     5.5907   5.362E+02    68     0    775
3s2_3p10f_1De            5.0    2725981.6570     5.5767   5.376E+02    68     0    776
3s2_3p10g_1Go            9.0    2726290.8110     5.5674   5.385E+02    70     0    777
3s2_3p10g_3Go           27.0    2726410.4840     5.5638   5.388E+02    69     0    778
3s2_3p10g_3Fo           21.0    2726809.3930     5.5519   5.400E+02    69     0    779
3s_3p2(4Pe)7d_5Pe       15.0    2729871.0190     5.4601   5.491E+02    65     0    780
3s_3p2(4Pe)7d_5Fe       35.0    2731327.0370     5.4164   5.535E+02    65     0    781
3s_3p2(4Pe)7d_5De       25.0    2731516.5190     5.4108   5.541E+02    65     0    782
3p3(4So)5g_5Go          45.0    2741479.2700     5.1121   5.864E+02    67     0    783
3s_3p2(4Pe)7f_5Go       45.0    2744491.0330     5.0218   5.970E+02    67     0    784
3s_3p2(4Pe)7f_5Do       25.0    2744800.1870     5.0125   5.981E+02    67     0    785
3s_3p2(4Pe)7f_5Fo       35.0    2745647.8690     4.9871   6.011E+02    67     0    786
3s_3p2(4Pe)7g_5Fe       35.0    2751262.5130     4.8188   6.221E+02    65     0    787
3s_3p2(4Pe)7g_5Ge       45.0    2752060.3310     4.7949   6.252E+02    65     0    788
3s_3p2(4Pe)8s_5Pe       15.0    2799051.8070     3.3861   8.854E+02    71     0    789
3s_3p2(4Pe)8p_3So        3.0    2809034.5040     3.0868   9.712E+02    69     0    790
3s_3p2(4Pe)8p_5Do       25.0    2810141.4770     3.0536   9.818E+02    72     0    791
3s_3p2(4Pe)8p_5So        5.0    2810709.9220     3.0366   9.873E+02    72     0    792
3s_3p2(4Pe)8p_5Po       15.0    2810909.3760     3.0306   9.892E+02    72     0    793
3s_3p2(4Pe)8d_5Pe       15.0    2825718.8720     2.5866   1.159E+03    71     0    794
3s_3p2(4Pe)8d_5Fe       35.0    2826047.9720     2.5768   1.163E+03    71     0    795
3s_3p2(4Pe)8d_5De       25.0    2826985.4080     2.5487   1.176E+03    71     0    796
3s_3p2(4Pe)8f_5Go       45.0    2835192.9600     2.3026   1.302E+03    72     0    797
3s_3p2(4Pe)8f_5Do       25.0    2835731.4870     2.2865   1.311E+03    72     0    798
3s_3p2(4Pe)8f_5Fo       35.0    2836329.8510     2.2685   1.322E+03    72     0    799
3s_3p2(4Pe)8g_5Fe       35.0    2839630.8220     2.1696   1.382E+03    71     0    800
3s_3p2(4Pe)8g_5Ge       45.0    2840538.3400     2.1424   1.399E+03    71     0    801
3s_3p2(2Pe)7p_1So        1.0    2866746.6600     1.3567   2.210E+03    70     0    802
3s_3p2(2Pe)7p_3So        3.0    2867674.1230     1.3289   2.256E+03    69     0    803
3p3(4So)6s_5So           5.0    2867684.0960     1.3286   2.257E+03    72     0    804
3p3(4So)6s_3So           3.0    2872062.1220     1.1973   2.504E+03    69     0    805
3s_3p2(4Pe)9s_5Pe       15.0    2872421.1400     1.1865   2.527E+03    71     0    806
3s_3p2(4Pe)9p_5Do       25.0    2880120.0830     0.9557   3.137E+03    72     0    807
3s_3p2(4Pe)9p_5Po       15.0    2880728.4190     0.9375   3.198E+03    72     0    808
3s_3p2(4Pe)9p_5So        5.0    2881137.3010     0.9252   3.240E+03    72     0    809
3s_3p2(4Pe)9p_3So        3.0    2882523.5090     0.8837   3.393E+03    69     0    810
3s_3p2(4Pe)9d_5Pe       15.0    2889843.4890     0.6642   4.513E+03    71     0    811
3s_3p2(4Pe)9d_5Fe       35.0    2891129.9700     0.6257   4.792E+03    71     0    812
3s_3p2(4Pe)9d_5De       25.0    2891828.0610     0.6047   4.957E+03    71     0    813
3p3(4So)6p_5Pe          15.0    2896724.6690     0.4579   6.547E+03    71     0    814
3s_3p2(4Pe)9f_5Go       45.0    2897532.4590     0.4337   6.912E+03    72     0    815
3s_3p2(4Pe)9f_5Do       25.0    2897891.4770     0.4230   7.088E+03    72     0    816
3s_3p2(4Pe)9f_5Fo       35.0    2898320.3040     0.4101   7.310E+03    72     0    817
3s_3p2(4Pe)9g_5Fe       35.0    2900544.2220     0.3434   8.729E+03    71     0    818
3s_3p2(4Pe)9g_5Ge       45.0    2901232.3400     0.3228   9.287E+03    71     0    819
3s_3p2(4Pe)10s_5P       15.0    2924099.7970    -0.3627  -8.265E+03    73     0    820
3s_3p2(4Pe)10p_5D       25.0    2928976.4590    -0.5089  -5.891E+03    73     0    821
3s_3p2(4Pe)10p_3S        3.0    2929355.4220    -0.5203  -5.762E+03    74     0    822
3p3(2Do)6d_1So           1.0    2929475.0950    -0.5239  -5.722E+03    75     0    823
3s_3p2(4Pe)10p_5S        5.0    2929854.0590    -0.5353  -5.601E+03    73     0    824
3s_3p2(4Pe)10p_5P       15.0    2929874.0040    -0.5358  -5.595E+03    73     0    825
3p3(2Do)6d_3So           3.0    2930332.7490    -0.5496  -5.455E+03    76     0    826
