*************************************************i*****************************************
                                                                                
                 Super level assignments for NeVI
                 E%LS option with /\E=5% & some fudging
                                                                                
                             g        E(cm^-1)    10^15 Hz     Lam(A)     SL           ID 
*******************************************************************************************

20-Jun-2001                            !Date
432                                    !Number of energy levels
6                                      !Entry number of link to super level
  
2s2_2p2_3Pe[0]              1.0          0.0000    30.5189   9.823E+01     1     0      1
2s2_2p2_3Pe[1]              3.0        412.4000    30.5065   9.827E+01     1     0      2
2s2_2p2_3Pe[2]              5.0       1110.1000    30.4856   9.834E+01     1     0      3
2s2_2p2_1De[2]              5.0      30291.5000    29.6108   1.012E+02     2     0      4
2s2_2p2_1Se[0]              1.0      63913.6000    28.6028   1.048E+02     3     0      5
2s_2p3_5So[2]               5.0      88360.0000    27.8699   1.076E+02     4     0      6
2s_2p3_3Do[3]               7.0     175834.0000    25.2475   1.187E+02     5     0      7
2s_2p3_3Do[2]               5.0     175905.0000    25.2454   1.188E+02     5     0      8
2s_2p3_3Do[1]               3.0     175927.0000    25.2447   1.188E+02     5     0      9
2s_2p3_3Po[2]               5.0     208157.0000    24.2785   1.235E+02     6     0     10
2s_2p3_3Po[1]               3.0     208157.0000    24.2785   1.235E+02     6     0     11
2s_2p3_3Po[0]               1.0     208193.0000    24.2774   1.235E+02     6     0     12
2s_2p3_1Do[2]               5.0     270564.0000    22.4076   1.338E+02     7     0     13
2s_2p3_3So[1]               3.0     279365.0000    22.1437   1.354E+02     8     0     14
2s_2p3_1Po[1]               3.0     303812.0000    21.4108   1.400E+02     9     0     15
2p4_3Pe[2]                  5.0     412681.0000    18.1470   1.652E+02    10     0     16
2p4_3Pe[1]                  3.0     413466.0000    18.1235   1.654E+02    10     0     17
2p4_3Pe[0]                  1.0     413803.0000    18.1134   1.655E+02    10     0     18
2p4_1De                     5.0     436634.4310    17.4289   1.720E+02    11     0     19
2p4_1Se                     1.0     502753.3320    15.4467   1.941E+02    12     0     20
2s2_2p_3s_3Po[0]            1.0     596254.0000    12.6436   2.371E+02    13     0     21
2s2_2p_3s_3Po[1]            3.0     596626.0000    12.6325   2.373E+02    13     0     22
2s2_2p_3s_3Po[2]            5.0     597523.0000    12.6056   2.378E+02    13     0     23
2s2_2p_3s_1Po[1]            3.0     605231.0000    12.3745   2.423E+02    14     0     24
2s2_2p_3p_1Pe[1]            3.0     635400.0000    11.4701   2.614E+02    15     0     25
2s2_2p_3p_3De[1]            3.0     640421.8000    11.3195   2.648E+02    16     0     26
2s2_2p_3p_3De[2]            5.0     640868.5000    11.3061   2.652E+02    16     0     27
2s2_2p_3p_3De[3]            7.0     641646.0000    11.2828   2.657E+02    16     0     28
2s2_2p_3p_3Se[1]            3.0     646370.0000    11.1412   2.691E+02    16     0     29
2s2_2p_3p_3Pe[0]            1.0     650700.0000    11.0114   2.723E+02    16     0     30
2s2_2p_3p_3Pe[1]            3.0     651100.0000    10.9994   2.726E+02    16     0     31
2s2_2p_3p_3Pe[2]            5.0     651600.0000    10.9844   2.729E+02    16     0     32
2s2_2p_3p_1De[2]            5.0     663500.0000    10.6276   2.821E+02    15     0     33
2s2_2p_3p_1Se[0]            1.0     678500.0000    10.1780   2.946E+02    17     0     34
2s2_2p_3d_3Fo[2]            5.0     690000.0000     9.8332   3.049E+02    18     0     35
2s2_2p_3d_1Do[2]            5.0     690691.0000     9.8125   3.055E+02    19     0     36
2s2_2p_3d_3Fo[3]            7.0     690900.0000     9.8062   3.057E+02    18     0     37
2s2_2p_3d_3Fo[4]            9.0     691500.0000     9.7882   3.063E+02    18     0     38
2s_2p2(4Pe)3s_5Pe[1]        3.0     697025.0000     9.6226   3.116E+02    20     0     39
2s_2p2(4Pe)3s_5Pe[2]        5.0     697577.0000     9.6060   3.121E+02    20     0     40
2s_2p2(4Pe)3s_5Pe[3]        7.0     698031.0000     9.5924   3.125E+02    20     0     41
2s2_2p_3d_3Do[1]            3.0     698231.0000     9.5864   3.127E+02    18     0     42
2s2_2p_3d_3Do[2]            5.0     698382.0000     9.5819   3.129E+02    18     0     43
2s2_2p_3d_3Do[3]            7.0     698735.0000     9.5713   3.132E+02    18     0     44
2s2_2p_3d_3Po[2]            5.0     701765.0000     9.4805   3.162E+02    18     0     45
2s2_2p_3d_3Po[1]            3.0     702074.0000     9.4712   3.165E+02    18     0     46
2s2_2p_3d_1Po[1]            3.0     702412.0000     9.4611   3.169E+02    19     0     47
2s2_2p_3d_3Po[0]            1.0     702459.0000     9.4597   3.169E+02    18     0     48
2s2_2p_3d_1Fo[3]            7.0     709956.0000     9.2349   3.246E+02    19     0     49
2s_2p2(4Pe)3s_3Pe[0]        1.0     719350.0000     8.9533   3.348E+02    21     0     50
2s_2p2(4Pe)3s_3Pe[1]        3.0     719527.0000     8.9480   3.350E+02    21     0     51
2s_2p2(4Pe)3s_3Pe[2]        5.0     720011.0000     8.9335   3.356E+02    21     0     52
2s_2p2(4Pe)3p_3So[1]        3.0     737160.0000     8.4194   3.561E+02    22     0     53
2s_2p2(4Pe)3p_5Do[1]        3.0     741728.0000     8.2824   3.620E+02    23     0     54
2s_2p2(4Pe)3p_5Do[2]        5.0     742016.0000     8.2738   3.623E+02    23     0     55
2s_2p2(4Pe)3p_5Do[3]        7.0     742429.0000     8.2614   3.629E+02    23     0     56
2s_2p2(4Pe)3p_5Do[4]        9.0     742898.0000     8.2474   3.635E+02    23     0     57
2s_2p2(4Pe)3p_5Po          15.0     743534.9450     8.2283   3.643E+02    23     0     58
2s_2p2(4Pe)3p_5So           5.0     757494.6900     7.8098   3.839E+02    23     0     59
2s_2p2(4Pe)3p_3Do[2]        5.0     758050.0000     7.7931   3.847E+02    22     0     60
2s_2p2(4Pe)3p_3Do[3]        7.0     758460.0000     7.7808   3.853E+02    22     0     61
2s_2p2(4Pe)3p_3Po[0]        1.0     765440.0000     7.5716   3.959E+02    22     0     62
2s_2p2(4Pe)3p_3Po[1]        3.0     765640.0000     7.5656   3.963E+02    22     0     63
2s_2p2(4Pe)3p_3Po[2]        5.0     766000.0000     7.5548   3.968E+02    22     0     64
2s_2p2(2De)3s_3De[3]        7.0     778040.0000     7.1938   4.167E+02    24     0     65
2s_2p2(4Pe)3d_5Fe          35.0     785200.3060     6.9792   4.296E+02    25     0     66
2s_2p2(2De)3s_1De           5.0     792238.1450     6.7682   4.429E+02    26     0     67
2s2_2p_4s_3Po[0]            1.0     795279.0000     6.6770   4.490E+02    27     0     68
2s2_2p_4s_3Po[1]            3.0     795279.0000     6.6770   4.490E+02    27     0     69
2s2_2p_4s_3Po[2]            5.0     795279.0000     6.6770   4.490E+02    27     0     70
2s_2p2(4Pe)3d_5De[3]        7.0     795320.0000     6.6758   4.491E+02    25     0     71
2s_2p2(4Pe)3d_5Pe[3]        7.0     798633.0000     6.5765   4.559E+02    25     0     72
2s_2p2(4Pe)3d_5Pe[2]        5.0     798804.0000     6.5713   4.562E+02    25     0     73
2s_2p2(4Pe)3d_5Pe[1]        3.0     799011.0000     6.5651   4.566E+02    25     0     74
2s_2p2(4Pe)3d_3Pe[2]        5.0     800820.0000     6.5109   4.604E+02    24     0     75
2s_2p2(4Pe)3d_3Pe[1]        3.0     801310.0000     6.4962   4.615E+02    24     0     76
2s_2p2(4Pe)3d_3Pe[0]        1.0     801550.0000     6.4890   4.620E+02    24     0     77
2s2_2p_4s_1Po[1]            3.0     805284.0000     6.3771   4.701E+02    28     0     78
2s_2p2(4Pe)3d_3Fe[2]        5.0     805570.0000     6.3685   4.707E+02    24     0     79
2s_2p2(4Pe)3d_3Fe[3]        7.0     805940.0000     6.3574   4.716E+02    24     0     80
2s_2p2(4Pe)3d_3Fe[4]        9.0     806390.0000     6.3439   4.726E+02    24     0     81
2s2_2p_4p_1Pe               3.0     815611.3230     6.0675   4.941E+02    26     0     82
2s_2p2(4Pe)3d_3De[1]        3.0     816130.0000     6.0519   4.954E+02    24     0     83
2s_2p2(4Pe)3d_3De[2]        5.0     816280.0000     6.0474   4.957E+02    24     0     84
2s_2p2(4Pe)3d_3De[3]        7.0     816320.0000     6.0462   4.958E+02    24     0     85
2s2_2p_4p_3Se               3.0     818406.6700     5.9837   5.010E+02    29     0     86
2s2_2p_4p_3De              15.0     819635.9430     5.9468   5.041E+02    29     0     87
2s_2p2(4Pe)4s_5Pe[3]        7.0     822494.0000     5.8611   5.115E+02    25     0     88
2s_2p2(4Pe)4s_5Pe[2]        5.0     822494.0000     5.8611   5.115E+02    25     0     89
2s_2p2(4Pe)4s_5Pe[1]        3.0     822494.0000     5.8611   5.115E+02    25     0     90
2s2_2p_4p_3Pe               9.0     823301.7750     5.8369   5.136E+02    29     0     91
2s_2p2(2De)3p_3Fo          21.0     824144.2770     5.8116   5.158E+02    27     0     92
2p3(2Do)3d_1Do              5.0     824860.8530     5.7902   5.178E+02    28     0     93
2s_2p2(2De)3p_1Fo[3]        7.0     825080.0000     5.7836   5.183E+02    28     0     94
2s2_2p_4p_1De               5.0     827531.2740     5.7101   5.250E+02    26     0     95
2s_2p2(2De)3p_3Do          15.0     829808.9270     5.6418   5.314E+02    27     0     96
2s2_2p_4p_1Se               1.0     831693.8120     5.5853   5.368E+02    26     0     97
2s_2p2(2Se)3s_3Se           3.0     834502.1520     5.5011   5.450E+02    29     0     98
2s_2p2(2De)3p_1Po           3.0     834990.8630     5.4865   5.464E+02    28     0     99
2s2_2p_4d_3Fo              21.0     837251.5260     5.4187   5.533E+02    30     0    100
2s_2p2(2De)3p_3Po           9.0     838197.9660     5.3903   5.562E+02    30     0    101
2s2_2p_4d_1Do[2]            5.0     838623.0000     5.3776   5.575E+02    28     0    102
2s2_2p_4d_3Do[1]            3.0     842020.0000     5.2757   5.682E+02    30     0    103
2s2_2p_4d_3Do[2]            5.0     842020.0000     5.2757   5.682E+02    30     0    104
2s2_2p_4d_3Do[3]            7.0     842020.0000     5.2757   5.682E+02    30     0    105
2s2_2p_4d_3Po[2]            5.0     842914.0000     5.2489   5.711E+02    30     0    106
2s2_2p_4d_3Po[0]            1.0     842914.0000     5.2489   5.711E+02    30     0    107
2s2_2p_4d_3Po[1]            3.0     842914.0000     5.2489   5.711E+02    30     0    108
2s2_2p_4f_1Fe               7.0     843680.7240     5.2260   5.737E+02    31     0    109
2s2_2p_4f_3Fe              21.0     843839.6300     5.2212   5.742E+02    29     0    110
2s2_2p_4f_3Ge              27.0     844629.1630     5.1975   5.768E+02    29     0    111
2s2_2p_4d_1Po               3.0     845442.6820     5.1731   5.795E+02    28     0    112
2s_2p2(2Se)3s_1Se           1.0     845626.5730     5.1676   5.801E+02    31     0    113
2s2_2p_4f_3De              15.0     845893.4160     5.1596   5.810E+02    29     0    114
2s2_2p_4f_1Ge               9.0     845964.3740     5.1575   5.813E+02    31     0    115
2s2_2p_4f_1De               5.0     846250.2050     5.1489   5.822E+02    31     0    116
2s2_2p_4d_1Fo[3]            7.0     846487.0000     5.1418   5.830E+02    32     0    117
2s_2p2(2Pe)3s_3Pe           9.0     851387.1670     4.9949   6.002E+02    29     0    118
2s_2p2(2Pe)3s_1Pe           3.0     858746.8150     4.7743   6.279E+02    31     0    119
2s_2p2(4Pe)4d_5Pe[1]        3.0     864800.0000     4.5928   6.527E+02    33     0    120
2s_2p2(4Pe)4d_5Pe[2]        5.0     864800.0000     4.5928   6.527E+02    33     0    121
2s_2p2(4Pe)4d_5Pe[3]        7.0     864800.0000     4.5928   6.527E+02    33     0    122
2s_2p2(2De)3d_3Fe[4]        9.0     870230.0000     4.4300   6.767E+02    34     0    123
2s_2p2(2De)3d_3Ge          27.0     873338.1860     4.3369   6.913E+02    34     0    124
2s_2p2(2De)3d_3De[2]        5.0     876510.0000     4.2418   7.068E+02    34     0    125
2s_2p2(2De)3d_3De[3]        7.0     876610.0000     4.2388   7.073E+02    34     0    126
2s_2p2(2Se)3p_3Po           9.0     880489.9570     4.1224   7.272E+02    35     0    127
2s_2p2(2De)3d_1Ge           9.0     881027.6390     4.1063   7.301E+02    31     0    128
2s_2p2(2De)3d_3Se[1]        3.0     883150.0000     4.0427   7.416E+02    34     0    129
2s_2p2(2De)3d_3Pe           9.0     884300.7030     4.0082   7.479E+02    34     0    130
2s_2p2(2Se)3p_1Po           3.0     884374.6600     4.0060   7.484E+02    32     0    131
2s_2p2(2Pe)3p_1So           1.0     884628.5090     3.9984   7.498E+02    32     0    132
2s2_2p_5s_1Po               3.0     886954.1340     3.9287   7.631E+02    32     0    133
2s2_2p_5s_3Po               9.0     887151.0180     3.9228   7.642E+02    35     0    134
2s_2p2(2De)3d_1Fe[3]        7.0     887280.0000     3.9189   7.650E+02    36     0    135
2s_2p2(2De)3d_1De           5.0     887985.5240     3.8977   7.691E+02    36     0    136
2s_2p2(2De)3d_1Pe           3.0     890109.2680     3.8341   7.819E+02    36     0    137
2s_2p2(2Pe)3p_3Do          15.0     892665.7570     3.7574   7.979E+02    35     0    138
2s2_2p_5p_3De              15.0     894757.5200     3.6947   8.114E+02    34     0    139
2s2_2p_5p_1Pe               3.0     895812.8960     3.6631   8.184E+02    36     0    140
2s2_2p_5p_3Pe               9.0     896074.7410     3.6552   8.202E+02    34     0    141
2s2_2p_5p_3Se               3.0     897030.1760     3.6266   8.267E+02    34     0    142
2s_2p2(2De)3d_1Se           1.0     898178.4970     3.5922   8.346E+02    36     0    143
2s2_2p_5p_1De               5.0     898445.3390     3.5842   8.364E+02    36     0    144
2s_2p2(2Pe)3p_3Po           9.0     898616.2380     3.5790   8.376E+02    35     0    145
2s2_2p_5p_1Se               1.0     902281.0710     3.4692   8.642E+02    36     0    146
2s_2p2(2Pe)3p_3So           3.0     903218.5160     3.4411   8.712E+02    35     0    147
2s2_2p_5d_1Do               5.0     903375.4230     3.4364   8.724E+02    37     0    148
2s2_2p_5d_3Fo              21.0     903376.4230     3.4363   8.724E+02    35     0    149
2s2_2p_5f_3Fe              21.0     906429.6170     3.3448   8.963E+02    34     0    150
2s_2p2(4Pe)4s_3Pe           9.0     906518.5650     3.3421   8.970E+02    34     0    151
2s2_2p_5d_3Do[3]            7.0     906740.0000     3.3355   8.988E+02    35     0    152
2s2_2p_5f_3De              15.0     906785.4070     3.3341   8.992E+02    34     0    153
2s2_2p_5f_1Fe               7.0     906886.3470     3.3311   9.000E+02    36     0    154
2s2_2p_5d_3Po[2]            5.0     907240.0000     3.3205   9.029E+02    35     0    155
2s2_2p_5f_1De               5.0     907252.1310     3.3201   9.030E+02    36     0    156
2s2_2p_5d_1Po               3.0     907620.9130     3.3091   9.060E+02    37     0    157
2s2_2p_5g_1Go               9.0     908086.6370     3.2951   9.098E+02    37     0    158
2s2_2p_5g_3Go              27.0     908088.6360     3.2951   9.098E+02    35     0    159
2s2_2p_5g_3Ho              33.0     908308.5060     3.2885   9.116E+02    35     0    160
2s2_2p_5g_1Ho              11.0     908315.5020     3.2883   9.117E+02    37     0    161
2s2_2p_5g_3Fo              21.0     908355.4780     3.2871   9.120E+02    35     0    162
2s2_2p_5g_1Fo               7.0     908358.4770     3.2870   9.121E+02    37     0    163
2s2_2p_5d_1Fo[3]            7.0     908570.0000     3.2806   9.138E+02    37     0    164
2s2_2p_5f_1Ge               9.0     908624.3190     3.2790   9.143E+02    36     0    165
2s2_2p_5f_3Ge              27.0     908720.2630     3.2761   9.151E+02    34     0    166
2s_2p2(2Pe)3p_1Do           5.0     910653.1200     3.2182   9.316E+02    37     0    167
2s_2p2(4Pe)4p_3So           3.0     910719.0810     3.2162   9.321E+02    35     0    168
2s_2p2(4Pe)4p_5Do          25.0     916031.9390     3.0569   9.807E+02    38     0    169
2s_2p2(4Pe)4p_5Po          15.0     917765.9140     3.0049   9.977E+02    38     0    170
2s_2p2(2Pe)3p_1Po           3.0     920446.3290     2.9246   1.025E+03    37     0    171
2s_2p2(4Pe)4p_5So           5.0     921370.7820     2.8969   1.035E+03    38     0    172
2p3(4So)3s_5So              5.0     925973.0600     2.7589   1.087E+03    38     0    173
2s_2p2(4Pe)4p_3Po           9.0     926247.8980     2.7507   1.090E+03    39     0    174
2s_2p2(4Pe)4p_3Do[2]        5.0     926270.0000     2.7500   1.090E+03    39     0    175
2s_2p2(4Pe)4p_3Do[3]        7.0     926270.0000     2.7500   1.090E+03    39     0    176
2s_2p2(2Se)3d_3De          15.0     928679.4600     2.6778   1.120E+03    40     0    177
2s2_2p_6s_3Po               9.0     930367.4620     2.6272   1.141E+03    39     0    178
2s2_2p_6s_1Po               3.0     931782.6250     2.5847   1.160E+03    37     0    179
2s_2p2(4Pe)4d_5Fe          35.0     932879.9760     2.5518   1.175E+03    41     0    180
2s2_2p_6p_1Pe               3.0     933752.4600     2.5257   1.187E+03    42     0    181
2s2_2p_6p_3De              15.0     933845.4050     2.5229   1.188E+03    40     0    182
2s2_2p_6p_3Se               3.0     934801.8390     2.4942   1.202E+03    40     0    183
2s_2p2(2Se)3d_1De           5.0     934834.8200     2.4932   1.202E+03    42     0    184
2s_2p2(4Pe)4d_5De          25.0     934891.7860     2.4915   1.203E+03    41     0    185
2s2_2p_6p_3Pe               9.0     935335.5240     2.4782   1.210E+03    40     0    186
2s_2p2(2Pe)3d_3Fe          21.0     935994.1340     2.4585   1.219E+03    40     0    187
2s2_2p_6p_1De               5.0     936005.1280     2.4581   1.220E+03    42     0    188
2s_2p2(4Pe)4d_3Pe           9.0     937497.2450     2.4134   1.242E+03    40     0    189
2s2_2p_6p_1Se               1.0     937701.1250     2.4073   1.245E+03    42     0    190
2s2_2p_6d_3Fo              21.0     938952.3850     2.3698   1.265E+03    39     0    191
2s2_2p_6d_1Do               5.0     939064.3190     2.3664   1.267E+03    37     0    192
2s2_2p_6f_1Fe               7.0     939451.0900     2.3548   1.273E+03    42     0    193
2s2_2p_6d_3Do              15.0     939873.8400     2.3422   1.280E+03    39     0    194
2s2_2p_6d_3Po               9.0     940011.7580     2.3380   1.282E+03    39     0    195
2s2_2p_6f_3De              15.0     940552.4390     2.3218   1.291E+03    40     0    196
2s_2p2(4Pe)4d_3Fe          21.0     940860.2570     2.3126   1.296E+03    40     0    197
2s_2p2(4Pe)4f_5Do          25.0     941193.0600     2.3026   1.302E+03    38     0    198
2s2_2p_6d_1Po               3.0     941304.9940     2.2993   1.304E+03    37     0    199
2s_2p2(4Pe)4f_3Do          15.0     941322.9830     2.2987   1.304E+03    39     0    200
2s2_2p_6g_1Go               9.0     941645.7920     2.2890   1.310E+03    37     0    201
2s2_2p_6g_3Go              27.0     941646.7920     2.2890   1.310E+03    39     0    202
2s2_2p_6g_3Ho              33.0     941809.6950     2.2841   1.313E+03    39     0    203
2s2_2p_6f_3Ge              27.0     941812.6930     2.2840   1.313E+03    40     0    204
2s2_2p_6g_1Ho              11.0     941817.6910     2.2839   1.313E+03    37     0    205
2s2_2p_6h_1He              11.0     941822.6880     2.2837   1.313E+03    42     0    206
2s2_2p_6h_3He              33.0     941822.6880     2.2837   1.313E+03    40     0    207
2s2_2p_6f_1Ge               9.0     941829.6830     2.2835   1.313E+03    42     0    208
2s2_2p_6h_1Ge               9.0     941829.6830     2.2835   1.313E+03    42     0    209
2s2_2p_6h_3Ie              39.0     941841.6760     2.2832   1.313E+03    40     0    210
2s2_2p_6h_1Ie              13.0     941842.6760     2.2831   1.313E+03    42     0    211
2s2_2p_6g_3Fo              21.0     941842.6760     2.2831   1.313E+03    39     0    212
2s2_2p_6g_1Fo               7.0     941845.6740     2.2830   1.313E+03    37     0    213
2s2_2p_6h_3Ge              27.0     941865.6620     2.2825   1.313E+03    40     0    214
2s_2p2(4Pe)4f_5Go          45.0     942314.3970     2.2690   1.321E+03    38     0    215
2s_2p2(4Pe)4f_3Go          27.0     942668.1880     2.2584   1.327E+03    39     0    216
2s2_2p_6d_1Fo[3]            7.0     942950.0000     2.2499   1.332E+03    37     0    217
2s2_2p_6f_1De               5.0     943581.6470     2.2310   1.344E+03    42     0    218
2s_2p2(4Pe)4f_5Fo          35.0     943835.4970     2.2234   1.348E+03    38     0    219
2s_2p2(4Pe)4f_3Fo          21.0     944267.2420     2.2105   1.356E+03    39     0    220
2s_2p2(4Pe)4d_3De          15.0     944332.2040     2.2085   1.357E+03    40     0    221
2s_2p2(2Pe)3d_1Pe           3.0     944654.0130     2.1989   1.363E+03    42     0    222
2s2_2p_6f_3Fe              21.0     945585.4620     2.1709   1.381E+03    40     0    223
2s_2p2(2Pe)3d_3De          15.0     949440.1830     2.0554   1.459E+03    40     0    224
2p3(4So)3s_3So              3.0     951066.2210     2.0066   1.494E+03    39     0    225
2s_2p2(2Pe)3d_1Fe           7.0     952608.3090     1.9604   1.529E+03    42     0    226
2s_2p2(2Pe)3d_3Pe           9.0     952717.2450     1.9571   1.532E+03    40     0    227
2s2_2p_7s_3Po               9.0     954606.1280     1.9005   1.577E+03    39     0    228
2s2_2p_7s_1Po               3.0     955147.8080     1.8843   1.591E+03    43     0    229
2s2_2p_7p_1Pe               3.0     957267.5540     1.8207   1.647E+03    42     0    230
2s2_2p_7p_3De              15.0     957555.3840     1.8121   1.654E+03    40     0    231
2s2_2p_7p_3Se               3.0     957634.3370     1.8097   1.657E+03    40     0    232
2s2_2p_7p_1De               5.0     957851.2090     1.8032   1.663E+03    42     0    233
2s2_2p_7p_3Pe               9.0     958206.9990     1.7925   1.672E+03    40     0    234
2s2_2p_7p_1Se               1.0     959426.2780     1.7560   1.707E+03    42     0    235
2s2_2p_7d_3Fo              21.0     960238.7970     1.7316   1.731E+03    39     0    236
2s2_2p_7d_1Do               5.0     960293.7650     1.7300   1.733E+03    43     0    237
2s2_2p_7f_1De               5.0     960761.4880     1.7160   1.747E+03    42     0    238
2s2_2p_7d_3Do              15.0     960806.4610     1.7146   1.748E+03    39     0    239
2s2_2p_7d_3Po               9.0     960874.4210     1.7126   1.751E+03    39     0    240
2s2_2p_7d_1Fo               7.0     961586.0010     1.6912   1.773E+03    43     0    241
2s2_2p_7d_1Po               3.0     961678.9460     1.6885   1.776E+03    43     0    242
2s2_2p_7g_1Go               9.0     961901.8140     1.6818   1.783E+03    43     0    243
2s2_2p_7g_3Go              27.0     961902.8130     1.6818   1.783E+03    39     0    244
2s2_2p_7f_3Ge              27.0     961984.7650     1.6793   1.785E+03    40     0    245
2s2_2p_7h_3He              33.0     962026.7400     1.6780   1.787E+03    40     0    246
2s2_2p_7h_1He              11.0     962026.7400     1.6780   1.787E+03    42     0    247
2s2_2p_7f_1Ge               9.0     962029.7380     1.6779   1.787E+03    42     0    248
2s2_2p_7g_3Fo              21.0     962036.7340     1.6777   1.787E+03    39     0    249
2s2_2p_7g_1Fo               7.0     962039.7320     1.6776   1.787E+03    43     0    250
2s2_2p_7i_1Io              13.0     962044.7290     1.6775   1.787E+03    43     0    251
2s2_2p_7i_3Io              39.0     962044.7290     1.6775   1.787E+03    39     0    252
2s2_2p_7h_3Ie              39.0     962047.7270     1.6774   1.787E+03    40     0    253
2s2_2p_7g_3Ho              33.0     962047.7270     1.6774   1.787E+03    39     0    254
2s2_2p_7h_1Ie              13.0     962047.7270     1.6774   1.787E+03    42     0    255
2s2_2p_7i_3Ho              33.0     962047.7270     1.6774   1.787E+03    39     0    256
2s2_2p_7i_1Ho              11.0     962047.7270     1.6774   1.787E+03    43     0    257
2s2_2p_7g_1Ho              11.0     962047.7270     1.6774   1.787E+03    43     0    258
2s2_2p_7h_3Ge              27.0     962054.7230     1.6772   1.787E+03    40     0    259
2s2_2p_7h_1Ge               9.0     962068.7150     1.6768   1.788E+03    42     0    260
2s2_2p_7f_3Fe              21.0     962456.4860     1.6652   1.800E+03    40     0    261
2s2_2p_7f_3De              15.0     962937.2010     1.6507   1.816E+03    40     0    262
2s2_2p_7f_1Fe               7.0     963193.0500     1.6431   1.825E+03    42     0    263
2s_2p2(2Pe)3d_1De           5.0     965476.7000     1.5746   1.904E+03    42     0    264
2p3(4So)3p_5Pe             15.0     967259.6450     1.5212   1.971E+03    41     0    265
2p3(2Do)3s_3Do             15.0     969898.0850     1.4421   2.079E+03    39     0    266
2s2_2p_8s_3Po               9.0     970193.9100     1.4332   2.092E+03    39     0    267
2s2_2p_8s_1Po               3.0     970531.7100     1.4231   2.107E+03    43     0    268
2s2_2p_8p_1Pe               3.0     971931.8820     1.3811   2.171E+03    42     0    269
2s2_2p_8p_3De              15.0     971991.8470     1.3793   2.174E+03    40     0    270
2s2_2p_8p_3Se               3.0     972220.7120     1.3724   2.184E+03    40     0    271
2s2_2p_8p_3Pe               9.0     972422.5920     1.3664   2.194E+03    40     0    272
2s2_2p_8p_1De               5.0     972916.3000     1.3516   2.218E+03    42     0    273
2s_2p2(2De)4p_1Do           5.0     973210.1270     1.3428   2.233E+03    43     0    274
2s2_2p_8p_1Se               1.0     973403.0130     1.3370   2.242E+03    42     0    275
2s2_2p_8d_3Fo              21.0     973952.6870     1.3205   2.270E+03    44     0    276
2s2_2p_8d_1Do               5.0     974010.6530     1.3188   2.273E+03    43     0    277
2s2_2p_8d_3Do              15.0     974328.4650     1.3092   2.290E+03    44     0    278
2s2_2p_8d_3Po               9.0     974370.4400     1.3080   2.292E+03    44     0    279
2s2_2p_8d_1Fo               7.0     974841.1620     1.2939   2.317E+03    43     0    280
2s2_2p_8d_1Po               3.0     974904.1250     1.2920   2.320E+03    43     0    281
2s2_2p_8g_1Go               9.0     975053.0370     1.2875   2.328E+03    43     0    282
2s2_2p_8g_3Go              27.0     975054.0360     1.2875   2.329E+03    44     0    283
2s2_2p_8f_3Ge              27.0     975098.0100     1.2862   2.331E+03    40     0    284
2s2_2p_8g_3Ho              33.0     975127.9920     1.2853   2.333E+03    44     0    285
2s2_2p_8g_1Ho              11.0     975132.9890     1.2851   2.333E+03    43     0    286
2s2_2p_8z3Z                45.0     975135.0264     1.2851   2.333E+03    45     0    287
2s2_2p_8z1Z                15.0     975135.0264     1.2851   2.333E+03    46     0    288
2s2_2p_8h_1He              11.0     975142.9840     1.2848   2.333E+03    42     0    289
2s2_2p_8h_3He              33.0     975142.9840     1.2848   2.333E+03    47     0    290
2s2_2p_8f_1Ge               9.0     975144.9820     1.2848   2.333E+03    42     0    291
2s2_2p_8g_3Fo              21.0     975146.9810     1.2847   2.334E+03    44     0    292
2s2_2p_8g_1Fo               7.0     975149.9790     1.2846   2.334E+03    43     0    293
2s2_2p_8i_3Io              39.0     975158.9740     1.2843   2.334E+03    44     0    294
2s2_2p_8i_1Io              13.0     975158.9740     1.2843   2.334E+03    43     0    295
2s2_2p_8h_1Ie              13.0     975160.9730     1.2843   2.334E+03    42     0    296
2s2_2p_8h_3Ie              39.0     975160.9730     1.2843   2.334E+03    47     0    297
2s2_2p_8i_1Ho              11.0     975161.9720     1.2843   2.334E+03    43     0    298
2s2_2p_8i_3Ho              33.0     975161.9720     1.2843   2.334E+03    44     0    299
2s2_2p_8h_3Ge              27.0     975165.9700     1.2841   2.335E+03    47     0    300
2s2_2p_8h_1Ge               9.0     975172.9660     1.2839   2.335E+03    42     0    301
2s2_2p_8f_3Fe              21.0     975249.9200     1.2816   2.339E+03    47     0    302
2s2_2p_8f_1Fe               7.0     975409.8260     1.2768   2.348E+03    42     0    303
2s2_2p_8f_3De              15.0     975482.7830     1.2746   2.352E+03    47     0    304
2s2_2p_8f_1De               5.0     975723.6400     1.2674   2.365E+03    42     0    305
2p3(4So)3p_3Pe              9.0     978366.0780     1.1882   2.523E+03    47     0    306
2s2_2p_9s_3Po               9.0     980669.7150     1.1191   2.679E+03    44     0    307
2s_2p2(2De)4s_3De          15.0     980672.7140     1.1190   2.679E+03    47     0    308
2s2_2p_9s_1Po               3.0     980912.5720     1.1119   2.696E+03    43     0    309
2s2_2p_9p_1Pe               3.0     981886.9950     1.0826   2.769E+03    48     0    310
2s2_2p_9p_3Se               3.0     982094.8730     1.0764   2.785E+03    47     0    311
2s2_2p_9p_3Pe               9.0     982218.7990     1.0727   2.795E+03    47     0    312
2s2_2p_9p_1De               5.0     982407.6880     1.0670   2.810E+03    48     0    313
2s2_2p_9p_3De              15.0     982651.5430     1.0597   2.829E+03    47     0    314
2s2_2p_9p_1Se               1.0     982916.3870     1.0518   2.850E+03    48     0    315
2s2_2p_9d_3Fo              21.0     983304.1570     1.0402   2.882E+03    44     0    316
2s2_2p_9d_1Do               5.0     983330.1420     1.0394   2.884E+03    43     0    317
2s2_2p_9d_3Do              15.0     983566.0030     1.0323   2.904E+03    44     0    318
2s2_2p_9d_3Po               9.0     983594.9850     1.0314   2.907E+03    44     0    319
2s_2p2(4Pe)5s_5Pe          15.0     983699.9230     1.0283   2.915E+03    49     0    320
2s2_2p_9d_1Fo               7.0     983918.7940     1.0217   2.934E+03    43     0    321
2s2_2p_9d_1Po               3.0     983966.7660     1.0203   2.938E+03    43     0    322
2s2_2p_9g_1Go               9.0     984069.7050     1.0172   2.947E+03    43     0    323
2s2_2p_9g_3Go              27.0     984070.7040     1.0172   2.947E+03    44     0    324
2s2_2p_9f_3Ge              27.0     984095.6890     1.0164   2.949E+03    47     0    325
2s2_2p_9g_3Ho              33.0     984122.6730     1.0156   2.952E+03    44     0    326
2s2_2p_9g_1Ho              11.0     984126.6710     1.0155   2.952E+03    43     0    327
2s2_2p_9z3Z                96.0     984131.3789     1.0154   2.953E+03    45     0    328
2s2_2p_9z1Z                32.0     984131.3789     1.0154   2.953E+03    46     0    329
2s2_2p_9h_1He              11.0     984137.6650     1.0152   2.953E+03    48     0    330
2s2_2p_9h_3He              33.0     984137.6650     1.0152   2.953E+03    47     0    331
2s2_2p_9f_1Ge               9.0     984137.6650     1.0152   2.953E+03    48     0    332
2s2_2p_9g_3Fo              21.0     984138.6640     1.0151   2.953E+03    44     0    333
2s2_2p_9g_1Fo               7.0     984140.6630     1.0151   2.953E+03    43     0    334
2s2_2p_9i_1Io              13.0     984149.6570     1.0148   2.954E+03    43     0    335
2s2_2p_9i_3Io              39.0     984149.6570     1.0148   2.954E+03    44     0    336
2s2_2p_9h_1Ie              13.0     984151.6560     1.0147   2.954E+03    48     0    337
2s2_2p_9h_3Ie              39.0     984151.6560     1.0147   2.954E+03    47     0    338
2s2_2p_9i_3Ho              33.0     984152.6560     1.0147   2.954E+03    44     0    339
2s2_2p_9i_1Ho              11.0     984152.6560     1.0147   2.954E+03    43     0    340
2s2_2p_9h_3Ge              27.0     984154.6550     1.0147   2.955E+03    47     0    341
2s2_2p_9h_1Ge               9.0     984159.6520     1.0145   2.955E+03    48     0    342
2s2_2p_9f_3Fe              21.0     984162.6500     1.0144   2.955E+03    47     0    343
2s2_2p_9f_1Fe               7.0     984228.6110     1.0124   2.961E+03    48     0    344
2s2_2p_9f_3De              15.0     984323.5550     1.0096   2.969E+03    47     0    345
2s2_2p_9f_1De               5.0     984391.5140     1.0076   2.975E+03    48     0    346
2s_2p2(2De)4s_1De           5.0     985278.9900     0.9810   3.056E+03    48     0    347
2s_2p2(4Pe)5s_3Pe           9.0     987198.8540     0.9234   3.247E+03    47     0    348
2s2_2p_10s_3Po              9.0     988040.3570     0.8982   3.338E+03    44     0    349
2s2_2p_10s_1Po              3.0     988230.2440     0.8925   3.359E+03    43     0    350
2s2_2p_10p_1Pe              3.0     988934.8280     0.8714   3.441E+03    48     0    351
2s2_2p_10p_3Se              3.0     989086.7380     0.8668   3.459E+03    47     0    352
2s2_2p_10p_3De             15.0     989114.7210     0.8660   3.462E+03    47     0    353
2s2_2p_10p_3Pe              9.0     989446.5250     0.8560   3.502E+03    47     0    354
2s2_2p_10p_1De              5.0     989485.5020     0.8548   3.507E+03    48     0    355
2s2_2p_10p_1Se              1.0     989681.3860     0.8490   3.531E+03    48     0    356
2s2_2p_10d_3Fo             21.0     989964.2190     0.8405   3.567E+03    44     0    357
2s2_2p_10d_1Do              5.0     989983.2080     0.8399   3.569E+03    43     0    358
2s2_2p_10d_3Do             15.0     990155.1060     0.8348   3.591E+03    44     0    359
2s2_2p_10d_3Po              9.0     990176.0940     0.8341   3.594E+03    44     0    360
2s2_2p_10d_1Fo              7.0     990405.9580     0.8272   3.624E+03    43     0    361
2s2_2p_10d_1Po              3.0     990444.9350     0.8261   3.629E+03    43     0    362
2s2_2p_10g_1Go              9.0     990518.8910     0.8239   3.639E+03    43     0    363
2s2_2p_10g_3Go             27.0     990519.8900     0.8238   3.639E+03    44     0    364
2s2_2p_10f_3Ge             27.0     990533.8820     0.8234   3.641E+03    47     0    365
2s2_2p_10g_3Ho             33.0     990557.8680     0.8227   3.644E+03    44     0    366
2s2_2p_10g_1Ho             11.0     990561.8660     0.8226   3.645E+03    43     0    367
2s2_2p_10z1Z               51.0     990566.4169     0.8224   3.645E+03    46     0    368
2s2_2p_10z3Z              153.0     990566.4169     0.8224   3.645E+03    45     0    369
2s2_2p_10f_3Fe             21.0     990569.8610     0.8223   3.646E+03    47     0    370
2s2_2p_10f_1Ge              9.0     990570.8600     0.8223   3.646E+03    48     0    371
2s2_2p_10g_3Fo             21.0     990570.8600     0.8223   3.646E+03    44     0    372
2s2_2p_10h_1He             11.0     990571.8600     0.8223   3.646E+03    48     0    373
2s2_2p_10h_3He             33.0     990571.8600     0.8223   3.646E+03    47     0    374
2s2_2p_10g_1Fo              7.0     990572.8590     0.8222   3.646E+03    43     0    375
2s2_2p_10i_3Io             39.0     990580.8540     0.8220   3.647E+03    44     0    376
2s2_2p_10i_1Io             13.0     990580.8540     0.8220   3.647E+03    43     0    377
2s_2p2(4Pe)5p_5Do          25.0     991338.4060     0.7993   3.751E+03    50     0    378
2s_2p2(4Pe)5p_3So           3.0     992202.8950     0.7734   3.876E+03    44     0    379
2s_2p2(4Pe)5p_5Po          15.0     992368.7970     0.7684   3.901E+03    50     0    380
2s_2p2(4Pe)5p_5So           5.0     994604.4750     0.7014   4.274E+03    50     0    381
2s2_2p_11w3W              363.0     995327.6173     0.6797   4.411E+03    51    51    382
2s2_2p_11w1W              121.0     995327.6173     0.6797   4.411E+03    52    52    383
2s2_2p_12w1W              144.0     998948.9006     0.5711   5.249E+03    53    52    384
2s2_2p_12w3W              432.0     998948.9006     0.5711   5.249E+03    54    51    385
2s_2p2(4Pe)5d_5Fe          35.0     999589.5270     0.5519   5.432E+03    49     0    386
2s_2p2(4Pe)5d_5De          25.0    1000512.9810     0.5242   5.719E+03    49     0    387
2s_2p2(4Pe)5f_5Do          25.0    1001542.3720     0.4934   6.076E+03    50     0    388
2s2_2p_13w3W              507.0    1001767.1106     0.4866   6.160E+03    54    51    389
2s2_2p_13w1W              169.0    1001767.1106     0.4866   6.160E+03    53    52    390
2s2_2p_14w3W              588.0    1004003.2739     0.4196   7.145E+03    54    51    391
2s2_2p_14w1W              196.0    1004003.2739     0.4196   7.145E+03    53    52    392
2s_2p2(4Pe)5f_5Go          45.0    1004390.6880     0.4080   7.348E+03    50     0    393
2s_2p2(4Pe)5g_5Fe          35.0    1004770.4630     0.3966   7.559E+03    49     0    394
2s_2p2(4Pe)5g_5He          55.0    1004850.4160     0.3942   7.605E+03    49     0    395
2s_2p2(4Pe)5f_5Fo          35.0    1005090.2740     0.3870   7.746E+03    50     0    396
2s_2p2(4Pe)5g_5Ge          45.0    1005090.2740     0.3870   7.746E+03    49     0    397
2s2_2p_15w1W              225.0    1005807.2964     0.3655   8.202E+03    53    52    398
2s2_2p_15w3W              675.0    1005807.2964     0.3655   8.202E+03    54    51    399
2s_2p2(4Pe)5d_5Pe[2]        5.0    1006720.0000     0.3382   8.865E+03    49     0    400
2s_2p2(4Pe)5d_5Pe[3]        7.0    1006720.0000     0.3382   8.865E+03    49     0    401
2s2_2p_16w1W              256.0    1007283.7566     0.3213   9.332E+03    55    52    402
2s2_2p_16w3W              768.0    1007283.7566     0.3213   9.332E+03    56    51    403
2s2_2p_17w1W              289.0    1008507.4107     0.2846   1.053E+04    55    52    404
2s2_2p_17w3W              867.0    1008507.4107     0.2846   1.053E+04    56    51    405
2s2_2p_18w1W              324.0    1009532.8447     0.2538   1.181E+04    55    52    406
2s2_2p_18w3W              972.0    1009532.8447     0.2538   1.181E+04    56    51    407
2s2_2p_19w1W              361.0    1010400.6695     0.2278   1.316E+04    55    52    408
2s2_2p_19w3W             1083.0    1010400.6695     0.2278   1.316E+04    56    51    409
2s2_2p_20w3W             1200.0    1011141.6042     0.2056   1.458E+04    56    51    410
2s2_2p_20w1W              400.0    1011141.6042     0.2056   1.458E+04    55    52    411
2s2_2p_21w3W             1323.0    1011779.2329     0.1865   1.608E+04    57    51    412
2s2_2p_21w1W              441.0    1011779.2329     0.1865   1.608E+04    58    52    413
2s2_2p_22w3W             1452.0    1012331.9043     0.1699   1.764E+04    57    51    414
2s2_2p_22w1W              484.0    1012331.9043     0.1699   1.764E+04    58    52    415
2s2_2p_23w3W             1587.0    1012814.0675     0.1555   1.928E+04    57    51    416
2s2_2p_23w1W              529.0    1012814.0675     0.1555   1.928E+04    58    52    417
2s2_2p_24w3W             1728.0    1013237.2252     0.1428   2.100E+04    57    51    418
2s2_2p_24w1W              576.0    1013237.2252     0.1428   2.100E+04    58    52    419
2s2_2p_25w1W              625.0    1013610.6267     0.1316   2.278E+04    58    52    420
2s2_2p_25w3W             1875.0    1013610.6267     0.1316   2.278E+04    57    51    421
2s2_2p_26w1W              676.0    1013941.7777     0.1217   2.464E+04    58    52    422
2s2_2p_26w3W             2028.0    1013941.7777     0.1217   2.464E+04    57    51    423
2s2_2p_27w1W              729.0    1014236.8199     0.1128   2.657E+04    58    52    424
2s2_2p_27w3W             2187.0    1014236.8199     0.1128   2.657E+04    57    51    425
2s2_2p_28w1W              784.0    1014500.8185     0.1049   2.858E+04    58    52    426
2s2_2p_28w3W             2352.0    1014500.8185     0.1049   2.858E+04    57    51    427
2s2_2p_29w1W              841.0    1014737.9806     0.0978   3.066E+04    58    52    428
2s2_2p_29w3W             2523.0    1014737.9806     0.0978   3.066E+04    57    51    429
2s2_2p_30w3W             2700.0    1014951.8241     0.0914   3.281E+04    59    51    430
2s2_2p_30w1W              900.0    1014951.8241     0.0914   3.281E+04    60    52    431
2p3(4So)3d_5Do             25.0    1015803.9390     0.0658   4.554E+04    50     0    432
