********************************************************************************
                                               
                Super level assignments for Nk VII
                E%LS option with E%=5%

********************************************************************************

11-Jun-2001                            !Date
1000                                   !Number of energy levels
6                                      !Entry number of link to super level
  
3d4_5De[0]                1.0          0.0000    32.0778   9.346E+01     1     0      1
3d4_5De[1]                3.0        279.0000    32.0694   9.348E+01     1     0      2
3d4_5De[2]                5.0        804.0000    32.0537   9.353E+01     1     0      3
3d4_5De[3]                7.0       1520.0000    32.0322   9.359E+01     1     0      4
3d4_5De[4]                9.0       2392.0000    32.0061   9.367E+01     1     0      5
3d4_3P2e[0]               1.0      30077.0000    31.1761   9.616E+01     2     0      6
3d4_3He[4]                9.0      31672.0000    31.1283   9.631E+01     3     0      7
3d4_3P2e[1]               3.0      31836.0000    31.1234   9.632E+01     2     0      8
3d4_3He[5]               11.0      32286.0000    31.1099   9.637E+01     3     0      9
3d4_3He[6]               13.0      32877.0000    31.0922   9.642E+01     3     0     10
3d4_3F2e[2]               5.0      34247.0000    31.0511   9.655E+01     4     0     11
3d4_3F2e[3]               7.0      34317.0000    31.0490   9.655E+01     4     0     12
3d4_3P2e[2]               5.0      34555.0000    31.0419   9.658E+01     2     0     13
3d4_3F2e[4]               9.0      34576.0000    31.0412   9.658E+01     4     0     14
3d4_3Ge[3]                7.0      38160.0000    30.9338   9.691E+01     5     0     15
3d4_3Ge[4]                9.0      38746.0000    30.9162   9.697E+01     5     0     16
3d4_3Ge[5]               11.0      39247.0000    30.9012   9.702E+01     5     0     17
3d4(3D)_3De[3]            7.0      46604.5390    30.6806   9.771E+01     6     0     18
3d4(3D)_3De[2]            5.0      46812.8600    30.6744   9.773E+01     6     0     19
3d4(3D)_3De[1]            3.0      47114.7620    30.6653   9.776E+01     6     0     20
3d4(1I)_1Ie[6]           13.0      48157.6370    30.6341   9.786E+01     7     0     21
3d4(1G)_1Ge[4]            9.0      48738.8800    30.6166   9.792E+01     7     0     22
3d4(1S)_1Se[0]            1.0      53826.7550    30.4641   9.841E+01     8     0     23
3d4(1D)_1De[2]            5.0      57278.9540    30.3606   9.874E+01     9     0     24
3d4(1F)_1Fe[3]            7.0      65745.0320    30.1068   9.958E+01    10     0     25
3d4(3P)_3Pe[2]            5.0      75713.6220    29.8080   1.006E+02    11     0     26
3d4(3F)_3Fe[4]            9.0      76830.9830    29.7745   1.007E+02    11     0     27
3d4(3F)_3Fe[2]            5.0      77017.9050    29.7689   1.007E+02    11     0     28
3d4(3F)_3Fe[3]            7.0      77130.5890    29.7655   1.007E+02    11     0     29
3d4(3P)_3Pe[1]            3.0      77541.7250    29.7532   1.008E+02    11     0     30
3d4(3P)_3Pe[0]            1.0      78482.3330    29.7250   1.009E+02    11     0     31
3d4(1G)_1Gbe[4]           9.0      88092.6470    29.4368   1.018E+02    12     0     32
3d4(1D)_1Dbe[2]           5.0     115297.9970    28.6212   1.047E+02    13     0     33
3d4(1S)_1Sbe[0]           1.0     148689.9210    27.6202   1.085E+02    14     0     34
3d3(4F)4s_5Fe[1]          3.0     371975.6600    20.9262   1.433E+02    15     0     35
3d3(4F)4s_5Fe[2]          5.0     372532.6580    20.9095   1.434E+02    15     0     36
3d3(4F)4s_5Fe[3]          7.0     373364.3300    20.8846   1.435E+02    15     0     37
3d3(4F)4s_5Fe[4]          9.0     374451.0690    20.8520   1.438E+02    15     0     38
3d3(4F)4s_5Fe[5]         11.0     375759.3240    20.8128   1.440E+02    15     0     39
3d3(4F)4s_3Fe[2]          5.0     382000.0030    20.6257   1.453E+02    16     0     40
3d3(4F)4s_3Fe[3]          7.0     383419.0870    20.5832   1.456E+02    16     0     41
3d3(4F)4s_3Fe[4]          9.0     385135.8340    20.5317   1.460E+02    16     0     42
3d3(4P)4s_5Pe[1]          3.0     394592.5130    20.2482   1.481E+02    17     0     43
3d3(4P)4s_5Pe[2]          5.0     394932.8460    20.2380   1.481E+02    17     0     44
3d3(4P)4s_5Pe[3]          7.0     396066.0900    20.2040   1.484E+02    17     0     45
3d3(2G)4s_3Ge[3]          7.0     400191.5970    20.0804   1.493E+02    18     0     46
3d3(2G)4s_3Ge[4]          9.0     400654.1230    20.0665   1.494E+02    18     0     47
3d3(2G)4s_3Ge[5]         11.0     401421.0400    20.0435   1.496E+02    18     0     48
3d3(4P)4s_3Pe[0]          1.0     403232.8150    19.9892   1.500E+02    18     0     49
3d3(4P)4s_3Pe[1]          3.0     403622.8110    19.9775   1.501E+02    18     0     50
3d3(4P)4s_3Pe[2]          5.0     405119.7540    19.9326   1.504E+02    18     0     51
3d3(2G)4s_1Ge[4]          9.0     405511.6660    19.9209   1.505E+02    19     0     52
3d3(2P)4s_3Pe[1]          3.0     405955.1880    19.9076   1.506E+02    18     0     53
3d3(2P)4s_3Pe[2]          5.0     406071.3000    19.9041   1.506E+02    18     0     54
3d3(2P)4s_3Pe[0]          1.0     406415.3620    19.8938   1.507E+02    18     0     55
3d3(2D)4s_3De[1]          3.0     408252.9920    19.8387   1.511E+02    18     0     56
3d3(2H)4s_3He[4]          9.0     409724.4930    19.7946   1.515E+02    18     0     57
3d3(2H)4s_3He[5]         11.0     409753.8350    19.7937   1.515E+02    18     0     58
3d3(2H)4s_3He[6]         13.0     410223.8710    19.7796   1.516E+02    18     0     59
3d3(2D)4s_3De[2]          5.0     410230.9000    19.7794   1.516E+02    18     0     60
3d3(2D)4s_3De[3]          7.0     410281.5470    19.7779   1.516E+02    18     0     61
3d3(2P)4s_1Pe[1]          3.0     412457.1420    19.7126   1.521E+02    19     0     62
3d3(2H)4s_1He[5]         11.0     414715.1340    19.6449   1.526E+02    19     0     63
3d3(2D)4s_1De[2]          5.0     414774.0510    19.6432   1.526E+02    19     0     64
3d3(2F)4s_3Fe[4]          9.0     429719.7950    19.1951   1.562E+02    20     0     65
3d3(2F)4s_3Fe[3]          7.0     429992.3520    19.1869   1.562E+02    20     0     66
3d3(2F)4s_3Fe[2]          5.0     430232.3840    19.1798   1.563E+02    20     0     67
3d3(2F)4s_1Fe[3]          7.0     434533.5310    19.0508   1.574E+02    21     0     68
3d3(2D)4s_3Dbe[3]         7.0     459471.3320    18.3032   1.638E+02    22     0     69
3d3(2D)4s_3Dbe[2]         5.0     459815.3300    18.2929   1.639E+02    22     0     70
3d3(2D)4s_3Dbe[1]         3.0     460077.7940    18.2850   1.640E+02    22     0     71
3d3(4F)4p_5Go[2]          5.0     463058.2420    18.1957   1.648E+02    23     0     72
3d3(4F)4p_5Go[3]          7.0     464169.0370    18.1624   1.651E+02    23     0     73
3d3(2D)4s_1Dbe[2]         5.0     464335.7640    18.1574   1.651E+02    24     0     74
3d3(4F)4p_5Go[4]          9.0     465620.4400    18.1188   1.655E+02    23     0     75
3d3(4F)4p_3Do[1]          3.0     467015.0000    18.0770   1.658E+02    25     0     76
3d3(4F)4p_5Go[5]         11.0     467417.6140    18.0650   1.660E+02    23     0     77
3d3(4F)4p_5Do[2]          5.0     467705.0000    18.0563   1.660E+02    23     0     78
3d3(4F)4p_5Do[3]          7.0     468690.0000    18.0268   1.663E+02    23     0     79
3d3(4F)4p_5Do[0]          1.0     468734.3190    18.0255   1.663E+02    23     0     80
3d3(4F)4p_5Do[1]          3.0     469175.0000    18.0123   1.664E+02    23     0     81
3d3(4F)4p_5Go[6]         13.0     469648.7970    17.9981   1.666E+02    23     0     82
3d3(4F)4p_5Do[4]          9.0     469844.0000    17.9922   1.666E+02    23     0     83
3d3(4F)4p_5Fo[2]          5.0     470056.0000    17.9859   1.667E+02    23     0     84
3d3(4F)4p_5Fo[3]          7.0     471096.0000    17.9547   1.670E+02    23     0     85
3d3(4F)4p_5Fo[1]          3.0     471250.0000    17.9501   1.670E+02    23     0     86
3d3(4F)4p_3Do[2]          5.0     471976.0000    17.9283   1.672E+02    25     0     87
3d3(4F)4p_5Fo[4]          9.0     472067.0000    17.9256   1.672E+02    23     0     88
3d3(4F)4p_5Fo[5]         11.0     472907.0000    17.9004   1.675E+02    23     0     89
3d3(4F)4p_3Do[3]          7.0     473360.0000    17.8868   1.676E+02    25     0     90
3d3(4F)4p_3Go[3]          7.0     476258.0000    17.7999   1.684E+02    25     0     91
3d3(4F)4p_3Go[4]          9.0     477261.0000    17.7699   1.687E+02    25     0     92
3d3(4F)4p_3Go[5]         11.0     478534.0000    17.7317   1.691E+02    25     0     93
3d3(4F)4p_3Fo[2]          5.0     479950.0000    17.6893   1.695E+02    25     0     94
3d3(4F)4p_3Fo[3]          7.0     481091.0000    17.6550   1.698E+02    25     0     95
3d3(4F)4p_3Fo[4]          9.0     482229.0000    17.6209   1.701E+02    25     0     96
3d3(4p)4p_5Po[1]          3.0     486151.0000    17.5034   1.713E+02    26     0     97
3d3(4p)4p_5Po[2]          5.0     487207.0000    17.4717   1.716E+02    26     0     98
3d3(4P)4p_5Do[0]          1.0     488144.4900    17.4436   1.719E+02    26     0     99
3d3(4p)4p_5Po[3]          7.0     488665.0000    17.4280   1.720E+02    26     0    100
3d3(4P)4p_5Do[1]          3.0     488827.9400    17.4231   1.721E+02    26     0    101
3d3(4P)4p_3Po[2]          5.0     489276.0900    17.4097   1.722E+02    27     0    102
3d3(2G)4p_3Ho[4]          9.0     490500.5620    17.3730   1.726E+02    27     0    103
3d3(4P)4p_5Dbo[0]         1.0     491160.6000    17.3532   1.728E+02    26     0    104
3d3(4P)4p_5Do[2]          5.0     491834.4390    17.3330   1.730E+02    26     0    105
3d3(2G)4p_3Ho[5]         11.0     491957.5640    17.3293   1.730E+02    27     0    106
3d3(4P)4p_3Po[1]          3.0     492028.4340    17.3272   1.730E+02    27     0    107
3d3(4P)4p_5Do[3]          7.0     492097.1180    17.3251   1.730E+02    26     0    108
3d3(2G)4p_3Go[3]          7.0     493743.0000    17.2758   1.735E+02    27     0    109
3d3(4P)4p_5Do[4]          9.0     493974.6950    17.2688   1.736E+02    26     0    110
3d3(2P)4p_1So[0]          1.0     494507.4640    17.2528   1.738E+02    28     0    111
3d3(2G)4p_3Ho[6]         13.0     494557.0620    17.2513   1.738E+02    27     0    112
3d3(2G)4p_3Go[4]          9.0     495087.0000    17.2355   1.739E+02    27     0    113
3d3(2G)4p_3Fo[2]          5.0     496055.9930    17.2064   1.742E+02    27     0    114
3d3(2P)4p_3Po[1]          3.0     496139.1650    17.2039   1.743E+02    27     0    115
3d3(2G)4p_1Go[4]          9.0     496273.5070    17.1999   1.743E+02    28     0    116
3d3(2G)4p_3Go[5]         11.0     496340.0000    17.1979   1.743E+02    27     0    117
3d3(2G)4p_3Fo[3]          7.0     497310.6090    17.1688   1.746E+02    27     0    118
3d3(2P)4p_3Po[0]          1.0     497503.7930    17.1630   1.747E+02    27     0    119
3d3(2P)4p_3Po[2]          5.0     498140.6500    17.1439   1.749E+02    27     0    120
3d3(2P)4p_3Do[1]          3.0     498687.0410    17.1275   1.750E+02    27     0    121
3d3(2G)4p_3Fo[4]          9.0     498905.9170    17.1210   1.751E+02    27     0    122
3d3(2G)4p_3Fbo[2]         5.0     499038.1540    17.1170   1.751E+02    27     0    123
3d3(2G)4p_1Ho[5]         11.0     499615.9810    17.0997   1.753E+02    28     0    124
3d3(2G)4p_1Fo[3]          7.0     499898.7130    17.0912   1.754E+02    28     0    125
3d3(4P)4p_5So[2]          5.0     500567.1910    17.0712   1.756E+02    26     0    126
3d3(2H)4p_3Ho[5]         11.0     500990.9190    17.0585   1.757E+02    27     0    127
3d3(2P)4p_3Do[2]          5.0     501208.5480    17.0519   1.758E+02    27     0    128
3d3(2G)4p_1Gbo[4]         9.0     501514.2190    17.0428   1.759E+02    28     0    129
3d3(2H)4p_3Ho[6]         13.0     501819.5770    17.0336   1.760E+02    27     0    130
3d3(2P)4p_3Do[3]          7.0     502154.6120    17.0236   1.761E+02    27     0    131
3d3(2P)4p_3So[1]          3.0     502740.2510    17.0060   1.763E+02    27     0    132
3d3(2P)4p_3Sbo[1]         3.0     503207.6630    16.9920   1.764E+02    27     0    133
3d3(2D)4p_3Fo[2]          5.0     503374.4070    16.9870   1.765E+02    27     0    134
3d3(2D)4p_3Fo[3]          7.0     503963.1900    16.9694   1.767E+02    27     0    135
3d3(2H)4p_3Io[5]         11.0     504400.2950    16.9563   1.768E+02    27     0    136
3d3(4P)4p_3Do[3]          7.0     504678.5670    16.9479   1.769E+02    27     0    137
3d3(4P)4p_3Do[2]          5.0     504702.4530    16.9472   1.769E+02    27     0    138
3d3(4P)4p_3Do[1]          3.0     504801.5260    16.9442   1.769E+02    27     0    139
3d3(2H)4p_3Io[6]         13.0     505560.1900    16.9215   1.772E+02    27     0    140
3d3(2D)4p_3Fo[4]          9.0     505985.2620    16.9087   1.773E+02    27     0    141
3d3(2D)4p_3Do[1]          3.0     506575.2420    16.8910   1.775E+02    27     0    142
3d3(2H)4p_3Io[7]         15.0     507446.9000    16.8649   1.778E+02    27     0    143
3d3(2H)4p_1Ho[5]         11.0     507783.6140    16.8548   1.779E+02    28     0    144
3d3(2H)4p_1Go[4]          9.0     507871.4820    16.8522   1.779E+02    28     0    145
3d3(2D)4p_3Do[2]          5.0     508057.1060    16.8466   1.780E+02    27     0    146
3d3(2D)4p_3Do[3]          7.0     509192.8960    16.8126   1.783E+02    27     0    147
3d3(2D)4p_3Po[2]          5.0     509221.8990    16.8117   1.783E+02    27     0    148
3d3(2D)4p_3Po[1]          3.0     509760.7670    16.7955   1.785E+02    27     0    149
3d3(2D)4p_3Po[0]          1.0     510297.1860    16.7795   1.787E+02    27     0    150
3d3(2D)4p_1Fo[3]          7.0     510613.3130    16.7700   1.788E+02    28     0    151
3d3(2H)4p_1Io[6]         13.0     511262.9500    16.7505   1.790E+02    28     0    152
3d3(2H)4p_3Go[5]         11.0     511464.0000    16.7445   1.790E+02    27     0    153
3d3(2H)4p_3Go[4]          9.0     511698.0000    16.7375   1.791E+02    27     0    154
3d3(2H)4p_3Go[3]          7.0     511991.0000    16.7287   1.792E+02    27     0    155
3d3(2D)4p_1Do[2]          5.0     515514.9810    16.6230   1.803E+02    28     0    156
3d3(4P)4p_3So[1]          3.0     515531.7850    16.6225   1.804E+02    29     0    157
3d3(2P)4p_1Po[1]          3.0     517166.1980    16.5735   1.809E+02    28     0    158
3d3(2F)4p_3Fo[2]          5.0     522426.2980    16.4158   1.826E+02    29     0    159
3d3(2F)4p_3Fo[3]          7.0     522624.7150    16.4099   1.827E+02    29     0    160
3d3(2F)4p_3Fo[4]          9.0     523227.2090    16.3918   1.829E+02    29     0    161
3d3(2F)4p_3Go[3]          7.0     527271.1440    16.2706   1.843E+02    29     0    162
3d3(2F)4p_3Go[4]          9.0     528324.0810    16.2390   1.846E+02    29     0    163
3d3(2F)4p_3Do[3]          7.0     528864.2720    16.2228   1.848E+02    29     0    164
3d3(2F)4p_3Go[5]         11.0     529115.5570    16.2153   1.849E+02    29     0    165
3d3(2F)4p_1Do[2]          5.0     529749.5200    16.1963   1.851E+02    30     0    166
3d3(2F)4p_3Do[2]          5.0     530395.5690    16.1769   1.853E+02    29     0    167
3d3(2F)4p_3Do[1]          3.0     531214.4870    16.1524   1.856E+02    29     0    168
3d3(2F)4p_1Go[4]          9.0     534844.8570    16.0435   1.869E+02    30     0    169
3d3(2F)4p_1Fo[3]          7.0     534856.6390    16.0432   1.869E+02    30     0    170
3d3(2D)4p_3Dbo[1]         3.0     552817.3720    15.5047   1.934E+02    31     0    171
3d3(2D)4p_3Dbo[2]         5.0     552902.7750    15.5022   1.934E+02    31     0    172
3d3(2D)4p_3Dbo[3]         7.0     553533.8900    15.4833   1.936E+02    31     0    173
3d3(2D)4p_1Dbo[2]         5.0     556178.9450    15.4040   1.946E+02    30     0    174
3d3(2D)4p_3Fbo[3]         7.0     558106.3390    15.3462   1.954E+02    31     0    175
3d3(2D)4p_3Fbo[2]         5.0     558399.5350    15.3374   1.955E+02    31     0    176
3d3(2D)4p_3Fbo[4]         9.0     559434.8990    15.3064   1.959E+02    31     0    177
3d3(2D)4p_3Pbo[2]         5.0     562801.6730    15.2054   1.972E+02    31     0    178
3d3(2D)4p_3Pbo[1]         3.0     564180.5710    15.1641   1.977E+02    31     0    179
3d3(2D)4p_1Fbo[3]         7.0     564728.9610    15.1476   1.979E+02    32     0    180
3d3(2D)4p_3Pbo[0]         1.0     564863.6300    15.1436   1.980E+02    31     0    181
3d3(2D)4p_1Po[1]          3.0     573122.4120    14.8960   2.013E+02    32     0    182
3d3(4F)4d_5He[3]          7.0     607892.7310    13.8536   2.164E+02    33     0    183
3d3(4F)4d_5He[4]          9.0     608661.9290    13.8306   2.168E+02    33     0    184
3d3(4F)4d_5Pe[1]          3.0     609349.3460    13.8100   2.171E+02    33     0    185
3d3(4F)4d_5He[5]         11.0     609608.4530    13.8022   2.172E+02    33     0    186
3d3(4F)4d_5Fe[1]          3.0     609652.6950    13.8009   2.172E+02    33     0    187
3d3(4F)4d_5Pe[2]          5.0     610108.9250    13.7872   2.174E+02    33     0    188
3d3(4F)4d_5Fe[2]          5.0     610522.0310    13.7748   2.176E+02    33     0    189
3d3(4F)4d_5He[6]         13.0     610721.2600    13.7688   2.177E+02    33     0    190
3d3(4F)4d_5Fe[3]          7.0     611130.5650    13.7566   2.179E+02    33     0    191
3d3(4F)4d_5Fbe[1]         3.0     611131.8780    13.7565   2.179E+02    33     0    192
3d3(4F)4d_5Ge[2]          5.0     611523.6200    13.7448   2.181E+02    33     0    193
3d3(4F)4d_5Pe[3]          7.0     611560.9480    13.7437   2.181E+02    33     0    194
3d3(4F)4d_5Gbe[2]         5.0     611785.3720    13.7369   2.182E+02    33     0    195
3d3(4F)4d_5He[7]         15.0     611983.8320    13.7310   2.183E+02    33     0    196
3d3(4F)4d_5Fe[4]          9.0     612003.1540    13.7304   2.183E+02    33     0    197
3d3(4F)4d_5Ge[3]          7.0     612421.3930    13.7179   2.185E+02    33     0    198
3d3(4F)4d_3De[3]          7.0     612989.4340    13.7008   2.188E+02    34     0    199
3d3(4F)4d_5Fe[5]         11.0     613061.4260    13.6987   2.188E+02    33     0    200
3d3(4F)4d_5Ge[4]          9.0     613319.7840    13.6909   2.190E+02    33     0    201
3d3(4F)4d_5Ge[5]         11.0     614254.0170    13.6629   2.194E+02    33     0    202
3d3(4F)4d_5Ge[6]         13.0     615034.6770    13.6395   2.198E+02    33     0    203
3d3(4F)4d_3Pe[0]          1.0     618665.7720    13.5307   2.216E+02    34     0    204
3d3(4F)4d_3He[4]          9.0     619134.9890    13.5166   2.218E+02    34     0    205
3d3(4F)4d_3Pe[1]          3.0     619427.2580    13.5078   2.219E+02    34     0    206
3d3(4F)4d_3Ge[3]          7.0     620135.2710    13.4866   2.223E+02    34     0    207
3d3(4F)4d_3He[5]         11.0     620447.5400    13.4772   2.224E+02    34     0    208
3d3(4F)4d_3Pe[2]          5.0     621083.1730    13.4582   2.228E+02    34     0    209
3d3(4F)4d_3Ge[4]          9.0     621428.6170    13.4478   2.229E+02    34     0    210
3d3(4F)4d_3Fe[2]          5.0     621818.5040    13.4361   2.231E+02    34     0    211
3d3(4F)4d_3He[6]         13.0     621996.7340    13.4308   2.232E+02    34     0    212
3d3(4F)4d_3Fe[3]          7.0     622641.7210    13.4115   2.235E+02    34     0    213
3d3(4F)4d_3Ge[5]         11.0     622935.4920    13.4027   2.237E+02    34     0    214
3d3(4F)4d_3Fe[4]          9.0     623615.3290    13.3823   2.240E+02    34     0    215
3d3(4F)4d_5De[0]          1.0     624596.4700    13.3529   2.245E+02    33     0    216
3d3(4F)4d_5De[1]          3.0     624786.9740    13.3472   2.246E+02    33     0    217
3d3(4F)4d_5De[2]          5.0     625170.6050    13.3356   2.248E+02    33     0    218
3d3(4F)4d_5De[3]          7.0     625733.3890    13.3188   2.251E+02    33     0    219
3d3(4F)4d_5De[4]          9.0     626475.5220    13.2965   2.255E+02    33     0    220
3d3(4P)4d_5Fe[1]          3.0     633924.0150    13.0732   2.293E+02    33     0    221
3d3(4P)4d_5Fe[2]          5.0     634125.9990    13.0672   2.294E+02    33     0    222
3d3(4P)4d_5Fe[3]          7.0     634418.7830    13.0584   2.296E+02    33     0    223
3d3(4P)4d_3De[1]          3.0     634891.3600    13.0442   2.298E+02    34     0    224
3d3(2G)4d_1Fe[3]          7.0     635025.3270    13.0402   2.299E+02    35     0    225
3d3(4P)4d_5Fe[4]          9.0     635216.2750    13.0345   2.300E+02    33     0    226
3d3(4P)4d_3De[2]          5.0     635429.2070    13.0281   2.301E+02    34     0    227
3d3(2G)4d_3Ie[5]         11.0     635535.4130    13.0249   2.302E+02    34     0    228
3d3(4P)4d_3De[3]          7.0     635619.4030    13.0224   2.302E+02    34     0    229
3d3(4P)4d_5Fe[5]         11.0     636040.1070    13.0098   2.304E+02    33     0    230
3d3(2G)4d_3Ie[6]         13.0     636572.1910    12.9938   2.307E+02    34     0    231
3d3(2G)4d_1He[5]         11.0     636800.7310    12.9870   2.308E+02    35     0    232
3d3(2G)4d_3Ge[4]          9.0     636977.1110    12.9817   2.309E+02    34     0    233
3d3(2G)4d_3Ge[3]          7.0     637468.0090    12.9670   2.312E+02    34     0    234
3d3(2G)4d_3Ge[5]         11.0     637657.5810    12.9613   2.313E+02    34     0    235
3d3(2G)4d_3Ie[7]         15.0     637727.7780    12.9592   2.313E+02    34     0    236
3d3(2G)4d_3He[4]          9.0     638183.0690    12.9455   2.316E+02    34     0    237
3d3(4P)4d_5Pe[3]          7.0     638241.8250    12.9438   2.316E+02    36     0    238
3d3(4P)4d_5Pe[2]          5.0     638346.6460    12.9406   2.317E+02    36     0    239
3d3(4P)4d_5Pe[1]          3.0     638593.5800    12.9332   2.318E+02    36     0    240
3d3(2G)4d_3He[5]         11.0     639023.5450    12.9203   2.320E+02    34     0    241
3d3(2P)4d_1Pe[1]          3.0     639668.5840    12.9010   2.324E+02    35     0    242
3d3(2G)4d_3He[6]         13.0     639837.8780    12.8959   2.325E+02    34     0    243
3d3(2P)4d_3Fe[2]          5.0     640038.7930    12.8899   2.326E+02    34     0    244
3d3(2G)4d_1De[2]          5.0     640841.5150    12.8658   2.330E+02    35     0    245
3d3(2P)4d_3Fe[3]          7.0     640874.4780    12.8649   2.330E+02    34     0    246
3d3(2G)4d_3De[3]          7.0     641462.1090    12.8472   2.334E+02    34     0    247
3d3(2G)4d_3De[1]          3.0     641730.6750    12.8392   2.335E+02    34     0    248
3d3(2P)4d_3Fe[4]          9.0     641768.5100    12.8381   2.335E+02    34     0    249
3d3(2G)4d_3De[2]          5.0     641799.8060    12.8371   2.335E+02    34     0    250
3d3(2P)4d_3De[1]          3.0     642199.8740    12.8251   2.338E+02    37     0    251
3d3(2P)4d_3De[2]          5.0     642988.2580    12.8015   2.342E+02    37     0    252
3d3(2D)4d_3Se[1]          3.0     643289.1550    12.7925   2.344E+02    34     0    253
3d3(2G)4d_1Ie[6]         13.0     643423.4050    12.7884   2.344E+02    35     0    254
3d3(2P)4d_1Fe[3]          7.0     643433.3440    12.7881   2.344E+02    35     0    255
3d3(4P)4d_3Fe[4]          9.0     643564.8880    12.7842   2.345E+02    37     0    256
3d3(2H)4d_3Ie[5]         11.0     643879.0320    12.7748   2.347E+02    37     0    257
3d3(4P)4d_3Fe[3]          7.0     644163.1870    12.7663   2.348E+02    37     0    258
3d3(2H)4d_3Ie[6]         13.0     644432.8520    12.7582   2.350E+02    37     0    259
3d3(4P)4d_3Fe[2]          5.0     644548.7370    12.7547   2.350E+02    37     0    260
3d3(2H)4d_3Ie[7]         15.0     644611.8990    12.7528   2.351E+02    37     0    261
3d3(2G)4d_1Ge[4]          9.0     645000.8920    12.7412   2.353E+02    35     0    262
3d3(2H)4d_1He[5]         11.0     645098.6250    12.7382   2.353E+02    35     0    263
3d3(4P)4d_3Pe[1]          3.0     645112.5620    12.7378   2.354E+02    37     0    264
3d3(2P)4d_3De[3]          7.0     645370.8400    12.7301   2.355E+02    37     0    265
3d3(4P)4d_3Pe[2]          5.0     645702.1960    12.7201   2.357E+02    37     0    266
3d3(4P)4d_3Pe[0]          1.0     645711.1390    12.7199   2.357E+02    37     0    267
3d3(2D)4d_3Ge[4]          9.0     647031.1930    12.6803   2.364E+02    37     0    268
3d3(2D)4d_3Ge[3]          7.0     647077.7040    12.6789   2.365E+02    37     0    269
3d3(2D)4d_3Ge[5]         11.0     647399.3330    12.6692   2.366E+02    37     0    270
3d3(4P)4d_5De[0]          1.0     647462.8910    12.6673   2.367E+02    36     0    271
3d3(4P)4d_5De[1]          3.0     647622.2790    12.6626   2.368E+02    36     0    272
3d3(4P)4d_5De[2]          5.0     648058.7240    12.6495   2.370E+02    36     0    273
3d3(2D)4d_3Fe[2]          5.0     648277.6090    12.6429   2.371E+02    37     0    274
3d3(2P)4d_1Pbe[1]         3.0     648463.9450    12.6373   2.372E+02    35     0    275
3d3(4P)4d_5De[3]          7.0     648592.1160    12.6335   2.373E+02    36     0    276
3d3(2H)4d_3Ke[6]         13.0     648659.2020    12.6315   2.373E+02    37     0    277
3d3(2D)4d_3Fe[3]          7.0     649089.6210    12.6186   2.376E+02    37     0    278
3d3(2H)4d_3Ke[7]         15.0     649105.1820    12.6181   2.376E+02    37     0    279
3d3(4P)4d_5De[4]          9.0     649152.8740    12.6167   2.376E+02    36     0    280
3d3(4P)4d_3Pbe[2]         5.0     649275.9350    12.6130   2.377E+02    37     0    281
3d3(2H)4d_3Ke[8]         17.0     649801.0890    12.5972   2.380E+02    37     0    282
3d3(2D)4d_3Fe[4]          9.0     650054.3080    12.5897   2.381E+02    37     0    283
3d3(2P)4d_3Pe[1]          3.0     651102.5150    12.5582   2.387E+02    37     0    284
3d3(2D)4d_1De[2]          5.0     651207.4160    12.5551   2.388E+02    35     0    285
3d3(2H)4d_1Ge[4]          9.0     651608.3590    12.5431   2.390E+02    35     0    286
3d3(2P)4d_3Pe[0]          1.0     651807.3870    12.5371   2.391E+02    37     0    287
3d3(2H)4d_1Fe[3]          7.0     652096.5660    12.5284   2.393E+02    35     0    288
3d3(2H)4d_1Ke[7]         15.0     652105.2310    12.5282   2.393E+02    35     0    289
3d3(2H)4d_3Ge[3]          7.0     658290.4710    12.3427   2.429E+02    37     0    290
3d3(2H)4d_3Ge[4]          9.0     658961.2880    12.3226   2.433E+02    37     0    291
3d3(2H)4d_3Fe[2]          5.0     659158.0690    12.3167   2.434E+02    37     0    292
3d3(2H)4d_3Fe[3]          7.0     659322.5680    12.3118   2.435E+02    37     0    293
3d3(2H)4d_3Fe[4]          9.0     659648.9180    12.3020   2.437E+02    37     0    294
3d3(2H)4d_3Ge[5]         11.0     659923.1320    12.2938   2.439E+02    37     0    295
3d3(2F)4d_3De[3]          7.0     662830.0810    12.2066   2.456E+02    37     0    296
3d3(2G)4d_3Fe[2]          5.0     663641.0320    12.1823   2.461E+02    37     0    297
3d3(2F)4d_3De[2]          5.0     663982.2500    12.1721   2.463E+02    37     0    298
3d3(2F)4d_1Fe[3]          7.0     664066.7480    12.1696   2.463E+02    35     0    299
3d3(2F)4d_3De[1]          3.0     664312.2050    12.1622   2.465E+02    37     0    300
3d3(2G)4d_3Fe[3]          7.0     664406.4860    12.1594   2.466E+02    37     0    301
3d3(2H)4d_3He[4]          9.0     664509.2900    12.1563   2.466E+02    37     0    302
3d3(2H)4d_3He[5]         11.0     664881.2870    12.1452   2.468E+02    37     0    303
3d3(2G)4d_3Fe[4]          9.0     664914.9550    12.1441   2.469E+02    37     0    304
3d3(2H)4d_3He[6]         13.0     665148.4970    12.1371   2.470E+02    37     0    305
3d3(2D)4d_3Pe[0]          1.0     665655.1870    12.1220   2.473E+02    37     0    306
3d3(2D)4d_3Pe[1]          3.0     667140.3830    12.0774   2.482E+02    37     0    307
3d3(2D)4d_3Pe[2]          5.0     668977.8800    12.0223   2.494E+02    37     0    308
3d3(2F)4d_1Pe[1]          3.0     669656.9400    12.0020   2.498E+02    38     0    309
3d3(2P)4d_1De[2]          5.0     670286.2170    11.9831   2.502E+02    38     0    310
3d3(2F)4d_1He[5]         11.0     670880.3420    11.9653   2.506E+02    38     0    311
3d3(2F)4d_3He[4]          9.0     673145.3090    11.8974   2.520E+02    37     0    312
3d3(2F)4d_3He[6]         13.0     673441.4710    11.8885   2.522E+02    37     0    313
3d3(2F)4d_3He[5]         11.0     673483.3360    11.8873   2.522E+02    37     0    314
3d3(2G)4d_1Gbe[4]         9.0     675236.1360    11.8347   2.533E+02    38     0    315
3d3(2F)4d_3Ge[3]          7.0     676680.3230    11.7914   2.542E+02    39     0    316
3d3(2F)4d_3Ge[4]          9.0     676903.0930    11.7847   2.544E+02    39     0    317
3d3(2H)4d_1Ie[6]         13.0     677133.1240    11.7779   2.545E+02    38     0    318
3d3(2F)4d_3Ge[5]         11.0     677163.0160    11.7770   2.546E+02    39     0    319
3d3(2F)4d_3Dbe[1]         3.0     677865.7830    11.7559   2.550E+02    39     0    320
3d3(2F)4d_3Dbe[2]         5.0     677895.9530    11.7550   2.550E+02    39     0    321
3d3(2F)4d_3Dbe[3]         7.0     678034.3400    11.7508   2.551E+02    39     0    322
3d3(2F)4d_3Fe[2]          5.0     678909.3150    11.7246   2.557E+02    39     0    323
3d3(2F)4d_3Fe[3]          7.0     679296.8920    11.7130   2.559E+02    39     0    324
3d3(2F)4d_3Fe[4]          9.0     679629.6900    11.7030   2.562E+02    39     0    325
3d3(2D)4d_1Se[0]          1.0     680639.2830    11.6727   2.568E+02    38     0    326
3d3(2F)4d_1Fbe[3]         7.0     685396.9120    11.5301   2.600E+02    38     0    327
3d3(2F)4d_1De[2]          5.0     689596.2040    11.4042   2.629E+02    38     0    328
3d3(2F)4d_3Pe[2]          5.0     691876.2020    11.3359   2.645E+02    39     0    329
3d3(2F)4d_3Pe[1]          3.0     691925.3970    11.3344   2.645E+02    39     0    330
3d3(2F)4d_3Pe[0]          1.0     691973.0660    11.3330   2.645E+02    39     0    331
3d3(2F)4d_1Ge[4]          9.0     694133.4750    11.2682   2.661E+02    38     0    332
3d3(2D)4d_3De[3]          7.0     698826.9490    11.1275   2.694E+02    39     0    333
3d3(2D)4d_3De[1]          3.0     698832.9270    11.1273   2.694E+02    39     0    334
3d3(2D)4d_3De[2]          5.0     698855.0930    11.1266   2.694E+02    39     0    335
3d3(2D)4d_1Fe[3]          7.0     700071.7450    11.0902   2.703E+02    38     0    336
3d3(2D)4d_3Gbe[5]        11.0     701258.6140    11.0546   2.712E+02    39     0    337
3d3(4F)5s_5Fe[1]          3.0     701350.8170    11.0518   2.713E+02    40     0    338
3d3(2D)4d_3Gbe[4]         9.0     701518.8620    11.0468   2.714E+02    39     0    339
3d3(2D)4d_3Gbe[3]         7.0     701653.2910    11.0428   2.715E+02    39     0    340
3d3(4F)5s_5Fe[2]          5.0     701859.8450    11.0366   2.716E+02    40     0    341
3d3(4F)5s_5Fe[3]          7.0     702685.9780    11.0118   2.722E+02    40     0    342
3d3(2D)4d_3Sbe[1]         3.0     703630.2980    10.9835   2.729E+02    39     0    343
3d3(4F)5s_5Fe[4]          9.0     703807.0630    10.9782   2.731E+02    40     0    344
3d3(2D)4d_1Pe[1]          3.0     704020.3100    10.9718   2.732E+02    41     0    345
3d3(4F)5s_3Fe[2]          5.0     704818.3110    10.9479   2.738E+02    39     0    346
3d3(4F)5s_5Fe[5]         11.0     705175.6450    10.9372   2.741E+02    40     0    347
3d3(4F)5s_3Fe[3]          7.0     706258.2370    10.9047   2.749E+02    39     0    348
3d3(4F)5s_3Fe[4]          9.0     707930.2520    10.8546   2.762E+02    39     0    349
3d3(2D)4d_3Fbe[4]         9.0     710117.8710    10.7890   2.779E+02    39     0    350
3d3(2D)4d_3Fbe[3]         7.0     710406.4490    10.7803   2.781E+02    39     0    351
3d3(2D)4d_3Fbe[2]         5.0     710488.1100    10.7779   2.782E+02    39     0    352
3d3(2D)4d_3Pbe[2]         5.0     711087.9700    10.7599   2.786E+02    42     0    353
3d3(2D)4d_3Pbe[1]         3.0     711723.0900    10.7409   2.791E+02    42     0    354
3d3(2D)4d_3Pbe[0]         1.0     712079.0880    10.7302   2.794E+02    42     0    355
3d3(2D)4d_1Ge[4]          9.0     713483.6760    10.6881   2.805E+02    41     0    356
3d3(4F)4f_5Io[4]          9.0     722206.4430    10.4266   2.875E+02    43     0    357
3d3(4F)4f_5Io[5]         11.0     722861.6260    10.4069   2.881E+02    43     0    358
3d3(4F)4f_5Io[6]         13.0     723689.2880    10.3821   2.888E+02    43     0    359
3d3(4F)4f_5So[2]          5.0     723799.7890    10.3788   2.889E+02    43     0    360
3d3(4F)4f_5Ho[3]          7.0     723987.0890    10.3732   2.890E+02    43     0    361
3d3(4P)5s_5Pe[1]          3.0     724299.8550    10.3638   2.893E+02    40     0    362
3d3(4F)4f_5Ho[4]          9.0     724420.8510    10.3602   2.894E+02    43     0    363
3d3(4F)4f_5Go[2]          5.0     724538.7530    10.3567   2.895E+02    43     0    364
3d3(4P)5s_5Pe[2]          5.0     724590.8300    10.3551   2.895E+02    40     0    365
3d3(4F)4f_5Io[7]         15.0     724698.1320    10.3519   2.896E+02    43     0    366
3d3(4F)4f_5Ho[5]         11.0     725091.7180    10.3401   2.899E+02    43     0    367
3d3(4F)4f_5Go[3]          7.0     725232.4090    10.3359   2.901E+02    43     0    368
3d3(4P)5s_5Pe[3]          7.0     725819.9920    10.3183   2.905E+02    40     0    369
3d3(4F)4f_5Io[8]         17.0     725876.1390    10.3166   2.906E+02    43     0    370
3d3(4F)4f_5Go[4]          9.0     725969.0630    10.3138   2.907E+02    43     0    371
3d3(4F)4f_5Ho[6]         13.0     726046.2420    10.3115   2.907E+02    43     0    372
3d3(4F)4f_3Do[2]          5.0     726544.5700    10.2965   2.912E+02    44     0    373
3d3(4F)4f_3Do[1]          3.0     726690.1950    10.2922   2.913E+02    44     0    374
3d3(4F)4f_5Go[5]         11.0     726770.3820    10.2898   2.914E+02    43     0    375
3d3(4F)4f_3Do[3]          7.0     727035.7740    10.2818   2.916E+02    44     0    376
3d3(4P)5s_3Pe[0]          1.0     727140.0190    10.2787   2.917E+02    42     0    377
3d3(4P)5s_3Pe[1]          3.0     727329.7470    10.2730   2.918E+02    42     0    378
3d3(4F)4f_5Po[1]          3.0     727350.2730    10.2724   2.918E+02    43     0    379
3d3(4F)4f_5Ho[7]         15.0     727420.3610    10.2703   2.919E+02    43     0    380
3d3(4F)4f_5Go[6]         13.0     727607.6410    10.2647   2.921E+02    43     0    381
3d3(2D)4d_1Dbe[2]         5.0     727613.1210    10.2645   2.921E+02    41     0    382
3d3(4F)4f_5Po[2]          5.0     727820.7660    10.2583   2.922E+02    43     0    383
3d3(4F)4f_5Po[3]          7.0     728084.0920    10.2504   2.925E+02    43     0    384
3d3(2G)5s_3Ge[3]          7.0     728230.1180    10.2460   2.926E+02    42     0    385
3d3(4F)4f_3Fo[2]          5.0     728473.3750    10.2387   2.928E+02    44     0    386
3d3(2G)5s_3Ge[4]          9.0     728587.8250    10.2353   2.929E+02    42     0    387
3d3(4P)5s_3Pe[2]          5.0     728688.2150    10.2323   2.930E+02    42     0    388
3d3(4F)4f_3Io[5]         11.0     728717.8930    10.2314   2.930E+02    44     0    389
3d3(4F)4f_5Fo[1]          3.0     728913.0900    10.2255   2.932E+02    43     0    390
3d3(4F)4f_3Po[0]          1.0     728975.6560    10.2237   2.932E+02    44     0    391
3d3(4F)4f_5Fo[3]          7.0     729005.2970    10.2228   2.933E+02    43     0    392
3d3(4F)4f_3Fo[4]          9.0     729128.9390    10.2191   2.934E+02    44     0    393
3d3(4F)4f_3Po[1]          3.0     729247.0190    10.2155   2.935E+02    44     0    394
3d3(4F)4f_5Fo[2]          5.0     729351.7080    10.2124   2.936E+02    43     0    395
3d3(2G)5s_3Ge[5]         11.0     729449.7240    10.2094   2.936E+02    42     0    396
3d3(4F)4f_3Ho[4]          9.0     729721.4720    10.2013   2.939E+02    44     0    397
3d3(4F)4f_3Fo[3]          7.0     730035.3630    10.1919   2.941E+02    44     0    398
3d3(4F)4f_3Io[6]         13.0     730179.6640    10.1876   2.943E+02    44     0    399
3d3(4F)4f_5Fo[4]          9.0     730184.5610    10.1874   2.943E+02    43     0    400
3d3(4F)4f_3Po[2]          5.0     730305.4340    10.1838   2.944E+02    44     0    401
3d3(4F)4f_5Do[0]          1.0     730445.9060    10.1796   2.945E+02    43     0    402
3d3(2G)5s_1Ge[4]          9.0     730648.6800    10.1735   2.947E+02    41     0    403
3d3(4F)4f_5Do[1]          3.0     730834.0170    10.1679   2.948E+02    43     0    404
3d3(4F)4f_5Fo[5]         11.0     730990.2420    10.1633   2.950E+02    43     0    405
3d3(4F)4f_3Ho[5]         11.0     731085.3650    10.1604   2.951E+02    44     0    406
3d3(4F)4f_5Do[2]          5.0     731472.4400    10.1488   2.954E+02    43     0    407
3d3(4F)4f_3Io[7]         15.0     731858.8330    10.1372   2.957E+02    44     0    408
3d3(4F)4f_5Do[3]          7.0     731917.7910    10.1354   2.958E+02    43     0    409
3d3(4F)4f_5Do[4]          9.0     732144.8490    10.1286   2.960E+02    43     0    410
3d3(4F)4f_3Go[3]          7.0     732578.5360    10.1156   2.964E+02    44     0    411
3d3(4F)4f_3Ho[6]         13.0     732618.0830    10.1145   2.964E+02    44     0    412
3d3(4F)4f_3So[1]          3.0     733182.0850    10.0975   2.969E+02    44     0    413
3d3(4F)4f_3Go[4]          9.0     733583.8570    10.0855   2.973E+02    44     0    414
3d3(2P)5s_3Pe[1]          3.0     733914.8660    10.0756   2.975E+02    42     0    415
3d3(2P)5s_3Pe[2]          5.0     733987.0150    10.0734   2.976E+02    42     0    416
3d3(2P)5s_3Pe[0]          1.0     734014.6120    10.0726   2.976E+02    42     0    417
3d3(4F)4f_3Go[5]         11.0     734492.5500    10.0583   2.981E+02    44     0    418
3d3(2P)5s_1Pe[1]          3.0     734965.7510    10.0441   2.985E+02    41     0    419
3d3(2H)5s_3He[4]          9.0     737690.8410     9.9624   3.009E+02    42     0    420
3d3(2H)5s_3He[5]         11.0     737899.2840     9.9561   3.011E+02    42     0    421
3d3(2D)5s_3De[2]          5.0     738425.8950     9.9403   3.016E+02    42     0    422
3d3(2H)5s_3He[6]         13.0     738438.7870     9.9400   3.016E+02    42     0    423
3d3(2D)5s_3De[3]          7.0     738511.1580     9.9378   3.017E+02    42     0    424
3d3(2D)5s_3De[1]          3.0     738793.2710     9.9293   3.019E+02    42     0    425
3d3(4F)5p_5Go[2]          5.0     739199.3600     9.9172   3.023E+02    43     0    426
3d3(2H)5s_1He[5]         11.0     739657.5640     9.9034   3.027E+02    45     0    427
3d3(2D)5s_1De[2]          5.0     739870.8900     9.8970   3.029E+02    45     0    428
3d3(4F)5p_5Go[3]          7.0     740112.8720     9.8898   3.031E+02    43     0    429
3d3(4F)5p_5Fo[1]          3.0     740618.6760     9.8746   3.036E+02    43     0    430
3d3(4F)5p_5Go[4]          9.0     741271.9960     9.8550   3.042E+02    43     0    431
3d3(4F)5p_5Do[0]          1.0     741388.1450     9.8515   3.043E+02    43     0    432
3d3(4F)5p_5Fo[2]          5.0     741451.4060     9.8496   3.044E+02    43     0    433
3d3(4F)5p_5Do[1]          3.0     741600.3120     9.8452   3.045E+02    43     0    434
3d3(4F)5p_5Do[2]          5.0     742046.9080     9.8318   3.049E+02    43     0    435
3d3(4F)5p_5Fo[3]          7.0     742614.1780     9.8148   3.055E+02    43     0    436
3d3(4F)5p_5Go[5]         11.0     742639.8660     9.8140   3.055E+02    43     0    437
3d3(4F)5p_5Fbo[3]         7.0     742722.1330     9.8115   3.056E+02    43     0    438
3d3(4F)5p_3Do[1]          3.0     743107.3280     9.8000   3.059E+02    44     0    439
3d3(4F)5p_5Fo[4]          9.0     743650.0560     9.7837   3.064E+02    43     0    440
3d3(4F)5p_5Do[4]          9.0     744045.7500     9.7719   3.068E+02    43     0    441
3d3(4F)5p_3Do[2]          5.0     744089.9370     9.7705   3.068E+02    44     0    442
3d3(4F)5p_3Go[3]          7.0     744091.7260     9.7705   3.068E+02    44     0    443
3d3(4F)5p_5Go[6]         13.0     744185.8780     9.7677   3.069E+02    43     0    444
3d3(4F)5p_5Fo[5]         11.0     744842.6000     9.7480   3.075E+02    43     0    445
3d3(4F)5p_3Go[4]          9.0     745413.8270     9.7308   3.081E+02    44     0    446
3d3(4F)5p_3Do[3]          7.0     745709.7950     9.7220   3.084E+02    44     0    447
3d3(4F)5p_3Fo[2]          5.0     745763.8060     9.7204   3.084E+02    44     0    448
3d3(2D)4d_1Sbe[0]         1.0     746193.6450     9.7075   3.088E+02    45     0    449
3d3(4F)5p_3Go[5]         11.0     747006.0160     9.6831   3.096E+02    44     0    450
3d3(4F)5p_3Fo[3]          7.0     747192.0370     9.6775   3.098E+02    44     0    451
3d3(4P)4f_5Go[2]          5.0     747315.3680     9.6738   3.099E+02    43     0    452
3d3(4P)4f_5Go[3]          7.0     747354.2780     9.6727   3.099E+02    43     0    453
3d3(4P)4f_5Fo[4]          9.0     747433.6510     9.6703   3.100E+02    43     0    454
3d3(4P)4f_5Fo[1]          3.0     747472.3380     9.6691   3.101E+02    43     0    455
3d3(4P)4f_5Fo[5]         11.0     747610.9970     9.6650   3.102E+02    43     0    456
3d3(4P)4f_5Fo[2]          5.0     747612.9070     9.6649   3.102E+02    43     0    457
3d3(4P)4f_5Fo[3]          7.0     747833.6740     9.6583   3.104E+02    43     0    458
3d3(4P)4f_5Fbo[4]         9.0     748061.5120     9.6515   3.106E+02    43     0    459
3d3(4P)4f_3Fo[2]          5.0     748175.2500     9.6481   3.107E+02    44     0    460
3d3(4F)5p_3Fo[4]          9.0     748319.5160     9.6437   3.109E+02    44     0    461
3d3(4P)4f_3Fo[3]          7.0     748721.1550     9.6317   3.113E+02    44     0    462
3d3(4P)4f_5Go[5]         11.0     748808.0920     9.6291   3.113E+02    43     0    463
3d3(4P)4f_3Fo[4]          9.0     748842.4940     9.6281   3.114E+02    44     0    464
3d3(4P)4f_5Go[6]         13.0     749027.1320     9.6225   3.116E+02    43     0    465
3d3(2G)4f_3Ko[6]         13.0     749567.4190     9.6063   3.121E+02    44     0    466
3d3(4P)4f_5Do[4]          9.0     750215.1270     9.5869   3.127E+02    43     0    467
3d3(2G)4f_1Io[6]         13.0     750261.7440     9.5855   3.128E+02    46     0    468
3d3(2G)4f_3Ko[7]         15.0     750276.4840     9.5851   3.128E+02    44     0    469
3d3(4P)4f_5Do[3]          7.0     750461.6080     9.5795   3.130E+02    43     0    470
3d3(2G)4f_3Io[5]         11.0     750465.8140     9.5794   3.130E+02    44     0    471
3d3(4P)4f_5Do[2]          5.0     750715.3090     9.5719   3.132E+02    43     0    472
3d3(2G)4f_3Ho[4]          9.0     750759.5680     9.5706   3.132E+02    44     0    473
3d3(4P)4f_5Do[1]          3.0     750912.5250     9.5660   3.134E+02    43     0    474
3d3(4P)4f_5Do[0]          1.0     751010.4870     9.5631   3.135E+02    43     0    475
3d3(2G)4f_3Ko[8]         17.0     751157.2880     9.5587   3.136E+02    44     0    476
3d3(2G)4f_3Io[6]         13.0     751299.0810     9.5544   3.138E+02    44     0    477
3d3(2G)4f_3Ho[5]         11.0     751312.3870     9.5540   3.138E+02    44     0    478
3d3(2G)4f_3Go[3]          7.0     751776.1500     9.5401   3.142E+02    44     0    479
3d3(2G)4f_3Io[7]         15.0     751985.3650     9.5338   3.145E+02    44     0    480
3d3(2G)4f_3Ho[6]         13.0     752111.0780     9.5301   3.146E+02    44     0    481
3d3(2G)4f_3Go[4]          9.0     752377.5880     9.5221   3.148E+02    44     0    482
3d3(4P)4f_3Go[3]          7.0     752428.8750     9.5205   3.149E+02    44     0    483
3d3(2G)4f_1Do[2]          5.0     752443.3520     9.5201   3.149E+02    46     0    484
3d3(2G)4f_3Go[5]         11.0     752563.9930     9.5165   3.150E+02    44     0    485
3d3(2G)4f_1Fo[3]          7.0     753026.2020     9.5026   3.155E+02    46     0    486
3d3(4P)4f_3Go[4]          9.0     753069.9430     9.5013   3.155E+02    44     0    487
3d3(4P)4f_3Do[2]          5.0     753868.2730     9.4774   3.163E+02    44     0    488
3d3(2G)4f_3Do[1]          3.0     753950.9550     9.4749   3.164E+02    44     0    489
3d3(2G)4f_3Po[0]          1.0     754155.4760     9.4688   3.166E+02    44     0    490
3d3(4P)4f_3Do[3]          7.0     754234.2550     9.4664   3.167E+02    44     0    491
3d3(2G)4f_3Po[1]          3.0     754480.0520     9.4591   3.169E+02    44     0    492
3d3(2G)4f_1Ho[5]         11.0     754548.8360     9.4570   3.170E+02    46     0    493
3d3(2G)4f_1Hbo[5]        11.0     754592.4630     9.4557   3.171E+02    46     0    494
3d3(2G)4f_3Fo[2]          5.0     754636.2560     9.4544   3.171E+02    44     0    495
3d3(2G)4f_1Go[4]          9.0     754841.9460     9.4482   3.173E+02    46     0    496
3d3(2G)4f_1Ko[7]         15.0     754962.5640     9.4446   3.174E+02    46     0    497
3d3(2G)4f_3Po[2]          5.0     755102.2680     9.4404   3.176E+02    44     0    498
3d3(2G)4f_3Fo[3]          7.0     755244.3390     9.4361   3.177E+02    44     0    499
3d3(2P)4f_3Fo[2]          5.0     755662.2380     9.4236   3.181E+02    44     0    500
3d3(2G)4f_3Dbo[1]         3.0     755760.4560     9.4207   3.182E+02    44     0    501
3d3(2G)4f_3Fo[4]          9.0     755942.8150     9.4152   3.184E+02    44     0    502
3d3(2G)4f_3Fbo[3]         7.0     756178.7820     9.4081   3.187E+02    44     0    503
3d3(2G)4f_3Do[2]          5.0     756204.2220     9.4074   3.187E+02    44     0    504
3d3(2P)4f_1Go[4]          9.0     756578.9740     9.3961   3.191E+02    46     0    505
3d3(2P)4f_3Fo[3]          7.0     756826.9320     9.3887   3.193E+02    44     0    506
3d3(2P)4f_1Do[2]          5.0     757190.1770     9.3778   3.197E+02    46     0    507
3d3(2P)4f_3Fo[4]          9.0     758088.4280     9.3509   3.206E+02    44     0    508
3d3(2H)4f_3Ko[6]         13.0     758130.2340     9.3496   3.206E+02    44     0    509
3d3(2H)4f_3Ko[7]         15.0     758293.5080     9.3447   3.208E+02    44     0    510
3d3(2F)5s_3Fe[4]          9.0     758344.5390     9.3432   3.209E+02    47     0    511
3d3(2H)4f_3Ko[8]         17.0     758539.9070     9.3373   3.211E+02    44     0    512
3d3(2F)5s_3Fe[3]          7.0     758590.3870     9.3358   3.211E+02    47     0    513
3d3(2G)4f_1Po[1]          3.0     758706.6380     9.3323   3.212E+02    46     0    514
3d3(2P)4f_3Go[5]         11.0     758793.5270     9.3297   3.213E+02    44     0    515
3d3(2F)5s_3Fe[2]          5.0     758857.6550     9.3278   3.214E+02    47     0    516
3d3(2P)4f_3Go[4]          9.0     758965.1360     9.3246   3.215E+02    44     0    517
3d3(2P)4f_3Do[1]          3.0     759103.2350     9.3205   3.217E+02    44     0    518
3d3(2P)4f_3Go[3]          7.0     759202.2350     9.3175   3.218E+02    44     0    519
3d3(2H)4f_1Ho[5]         11.0     759538.9340     9.3074   3.221E+02    46     0    520
3d3(2P)4f_3Do[2]          5.0     759653.5630     9.3040   3.222E+02    44     0    521
3d3(2P)4f_3Do[3]          7.0     759893.7950     9.2968   3.225E+02    44     0    522
3d3(2F)5s_1Fe[3]          7.0     760055.6290     9.2919   3.226E+02    45     0    523
3d3(2D)4f_1Do[2]          5.0     760469.8420     9.2795   3.231E+02    46     0    524
3d3(2D)4f_3Ho[6]         13.0     760705.8890     9.2724   3.233E+02    44     0    525
3d3(2D)4f_3Ho[4]          9.0     760778.0530     9.2702   3.234E+02    44     0    526
3d3(2D)4f_3Go[3]          7.0     760866.3910     9.2676   3.235E+02    44     0    527
3d3(2D)4f_3Ho[5]         11.0     761016.3600     9.2631   3.236E+02    44     0    528
3d3(2D)4f_3Po[0]          1.0     761021.1070     9.2630   3.236E+02    44     0    529
3d3(2H)4f_3Lo[7]         15.0     761481.8580     9.2491   3.241E+02    44     0    530
3d3(2D)4f_3Go[4]          9.0     761580.1290     9.2462   3.242E+02    44     0    531
3d3(2D)4f_3Po[1]          3.0     761600.3520     9.2456   3.243E+02    44     0    532
3d3(2H)4f_3Lo[8]         17.0     761690.5890     9.2429   3.243E+02    44     0    533
3d3(2D)4f_3Go[5]         11.0     761880.9770     9.2372   3.245E+02    44     0    534
3d3(2H)4f_3Io[5]         11.0     761995.0840     9.2338   3.247E+02    44     0    535
3d3(2D)4f_3Po[2]          5.0     762090.7650     9.2309   3.248E+02    44     0    536
3d3(2H)4f_3Io[7]         15.0     762154.9750     9.2290   3.248E+02    44     0    537
3d3(2H)4f_3Io[6]         13.0     762201.9890     9.2276   3.249E+02    44     0    538
3d3(2H)4f_3Lo[9]         19.0     762245.5140     9.2262   3.249E+02    44     0    539
3d3(2H)4f_3Ho[4]          9.0     762270.4590     9.2255   3.250E+02    48     0    540
3d3(4P)5p_5Po[1]          3.0     762306.3380     9.2244   3.250E+02    49     0    541
3d3(2H)4f_1Io[6]         13.0     762558.1610     9.2169   3.253E+02    46     0    542
3d3(2H)4f_3Ho[5]         11.0     762638.1330     9.2145   3.253E+02    48     0    543
3d3(4P)5p_5Do[0]          1.0     762671.0220     9.2135   3.254E+02    49     0    544
3d3(2H)4f_3Go[3]          7.0     762673.9710     9.2134   3.254E+02    48     0    545
3d3(4P)5p_5Do[1]          3.0     762901.8220     9.2066   3.256E+02    49     0    546
3d3(2H)4f_3Ho[6]         13.0     762968.0420     9.2046   3.257E+02    48     0    547
3d3(2H)4f_1Lo[8]         17.0     762974.6400     9.2044   3.257E+02    46     0    548
3d3(4P)5p_5Po[2]          5.0     763094.3980     9.2008   3.258E+02    49     0    549
3d3(4P)5p_5Do[2]          5.0     763272.7460     9.1955   3.260E+02    49     0    550
3d3(4P)5p_5Po[3]          7.0     763827.3460     9.1788   3.266E+02    49     0    551
3d3(2H)4f_1Go[4]          9.0     763847.3750     9.1782   3.266E+02    46     0    552
3d3(2D)4f_1Fo[3]          7.0     764093.5260     9.1708   3.269E+02    46     0    553
3d3(2H)4f_3Fo[2]          5.0     764352.9170     9.1631   3.272E+02    48     0    554
3d3(2H)4f_1Gbo[4]         9.0     764356.3550     9.1630   3.272E+02    46     0    555
3d3(2D)4f_3Do[3]          7.0     764388.1580     9.1620   3.272E+02    48     0    556
3d3(4P)5p_3Po[0]          1.0     764404.7480     9.1615   3.272E+02    48     0    557
3d3(4P)5p_5Do[3]          7.0     764579.3060     9.1563   3.274E+02    49     0    558
3d3(2H)4f_3Go[4]          9.0     764743.3610     9.1514   3.276E+02    48     0    559
3d3(4P)5p_3Po[2]          5.0     764825.2950     9.1489   3.277E+02    48     0    560
3d3(2H)4f_3Fo[3]          7.0     764852.1130     9.1481   3.277E+02    48     0    561
3d3(4P)5p_3Po[1]          3.0     764898.9590     9.1467   3.278E+02    48     0    562
3d3(2D)4f_3Do[2]          5.0     764940.3570     9.1455   3.278E+02    48     0    563
3d3(2H)4f_3Go[5]         11.0     764995.9640     9.1438   3.279E+02    48     0    564
3d3(2D)4f_3Do[1]          3.0     765338.4780     9.1335   3.282E+02    48     0    565
3d3(2D)4f_3Fo[3]          7.0     765704.4050     9.1226   3.286E+02    50     0    566
3d3(2H)4f_3Fo[4]          9.0     765858.2130     9.1179   3.288E+02    48     0    567
3d3(4P)5p_5Do[4]          9.0     765932.8060     9.1157   3.289E+02    49     0    568
3d3(2D)4f_1Po[1]          3.0     766027.4730     9.1129   3.290E+02    46     0    569
3d3(2G)5p_3Ho[4]          9.0     766070.3600     9.1116   3.290E+02    48     0    570
3d3(2D)4f_3Fo[2]          5.0     766260.9860     9.1059   3.292E+02    50     0    571
3d3(2D)4f_1Ho[5]         11.0     766264.2250     9.1058   3.292E+02    46     0    572
3d3(2G)5p_3Go[3]          7.0     766719.4910     9.0921   3.297E+02    48     0    573
3d3(2H)4f_1Do[2]          5.0     766894.1320     9.0869   3.299E+02    46     0    574
3d3(2P)4f_1Fo[3]          7.0     766895.5780     9.0868   3.299E+02    46     0    575
3d3(2G)5p_3Ho[5]         11.0     767155.0670     9.0791   3.302E+02    48     0    576
3d3(2H)4f_3Do[1]          3.0     767381.1060     9.0723   3.304E+02    48     0    577
3d3(4P)5p_5So[2]          5.0     767527.8440     9.0679   3.306E+02    49     0    578
3d3(2G)5p_3Go[4]          9.0     767750.2680     9.0612   3.309E+02    48     0    579
3d3(2H)4f_3Do[2]          5.0     768081.3740     9.0513   3.312E+02    48     0    580
3d3(4P)5p_3Do[1]          3.0     768087.2220     9.0511   3.312E+02    48     0    581
3d3(2G)5p_1Go[4]          9.0     768299.1590     9.0448   3.315E+02    46     0    582
3d3(2H)4f_3Do[3]          7.0     768338.1810     9.0436   3.315E+02    48     0    583
3d3(2G)5p_3Go[5]         11.0     768390.0190     9.0420   3.316E+02    48     0    584
3d3(4P)5p_3Do[2]          5.0     768459.9380     9.0399   3.316E+02    48     0    585
3d3(2H)4f_1Fo[3]          7.0     768511.2130     9.0384   3.317E+02    46     0    586
3d3(2G)5p_3Fo[3]          7.0     768714.4250     9.0323   3.319E+02    48     0    587
3d3(2G)5p_3Ho[6]         13.0     768821.2720     9.0291   3.320E+02    48     0    588
3d3(2G)5p_3Fo[2]          5.0     768827.9670     9.0289   3.320E+02    48     0    589
3d3(2D)4f_1Go[4]          9.0     768882.1820     9.0273   3.321E+02    46     0    590
3d3(4P)5p_3Do[3]          7.0     769027.7120     9.0229   3.323E+02    48     0    591
3d3(2H)4f_1Ko[7]         15.0     769196.0130     9.0179   3.324E+02    46     0    592
3d3(2G)5p_3Fo[4]          9.0     769863.6500     8.9979   3.332E+02    48     0    593
3d3(2G)5p_1Ho[5]         11.0     769961.8760     8.9949   3.333E+02    46     0    594
3d3(2G)5p_1Fo[3]          7.0     770825.9410     8.9690   3.343E+02    46     0    595
3d3(2P)5p_1So[0]          1.0     771181.9740     8.9583   3.347E+02    46     0    596
3d3(2P)5p_3Po[1]          3.0     771364.6920     8.9529   3.349E+02    48     0    597
3d3(2P)5p_1Sbo[0]         1.0     771994.4730     8.9340   3.356E+02    46     0    598
3d3(2P)5p_3Do[2]          5.0     772136.6690     8.9297   3.357E+02    48     0    599
3d3(2P)5p_3Do[1]          3.0     772251.5720     8.9263   3.359E+02    48     0    600
3d3(4P)5p_3So[1]          3.0     772788.7460     8.9102   3.365E+02    48     0    601
3d3(2P)5p_3Do[3]          7.0     773492.8020     8.8891   3.373E+02    48     0    602
3d3(2P)5p_3Dbo[2]         5.0     773538.7780     8.8877   3.373E+02    48     0    603
3d3(2P)5p_3So[1]          3.0     773997.8720     8.8739   3.378E+02    48     0    604
3d3(2P)5p_3Po[2]          5.0     774481.0670     8.8594   3.384E+02    48     0    605
3d3(2H)5p_3Ho[4]          9.0     775064.3690     8.8419   3.391E+02    48     0    606
3d3(2P)5p_1Po[1]          3.0     775240.5700     8.8367   3.393E+02    46     0    607
3d3(2H)5p_3Ho[5]         11.0     775342.3880     8.8336   3.394E+02    48     0    608
3d3(2H)5p_3Ho[6]         13.0     775771.7460     8.8207   3.399E+02    48     0    609
3d3(2H)5p_3Io[5]         11.0     776531.3100     8.7980   3.408E+02    48     0    610
3d3(2D)5p_3Fo[2]          5.0     776639.8000     8.7947   3.409E+02    48     0    611
3d3(2D)5p_3Fo[3]          7.0     776845.5960     8.7885   3.411E+02    48     0    612
3d3(2D)5p_3Po[2]          5.0     777070.2930     8.7818   3.414E+02    48     0    613
3d3(2D)5p_3Do[1]          3.0     777096.2270     8.7810   3.414E+02    48     0    614
3d3(2H)5p_3Io[6]         13.0     777458.8040     8.7702   3.418E+02    48     0    615
3d3(2H)5p_1Ho[5]         11.0     777668.0410     8.7639   3.421E+02    46     0    616
3d3(2D)5p_3Fo[4]          9.0     777801.5630     8.7599   3.422E+02    48     0    617
3d3(2H)5p_3Io[7]         15.0     778433.7030     8.7409   3.430E+02    48     0    618
3d3(2D)5p_3Do[2]          5.0     778606.5990     8.7358   3.432E+02    48     0    619
3d3(2D)5p_3Po[1]          3.0     778659.2000     8.7342   3.432E+02    48     0    620
3d3(2D)5p_3Po[0]          1.0     778660.0530     8.7342   3.432E+02    48     0    621
3d3(2D)5p_1Fo[3]          7.0     778786.1870     8.7304   3.434E+02    46     0    622
3d3(2H)5p_1Go[4]          9.0     778824.4290     8.7292   3.434E+02    46     0    623
3d3(2H)5p_1Io[6]         13.0     779132.9070     8.7200   3.438E+02    46     0    624
3d3(2D)5p_3Do[3]          7.0     779326.0390     8.7142   3.440E+02    48     0    625
3d3(2H)5p_3Go[3]          7.0     779647.5470     8.7045   3.444E+02    48     0    626
3d3(2H)5p_3Go[5]         11.0     779724.8980     8.7022   3.445E+02    48     0    627
3d3(2H)5p_3Go[4]          9.0     780362.3640     8.6831   3.453E+02    48     0    628
3d3(2D)5p_1Do[2]          5.0     780518.6110     8.6784   3.454E+02    46     0    629
3d3(2P)5p_1Pbo[1]         3.0     780702.5730     8.6729   3.457E+02    46     0    630
3d3(2F)4f_3Ho[6]         13.0     781409.2470     8.6517   3.465E+02    48     0    631
3d3(2F)4f_3Ho[5]         11.0     781519.8220     8.6484   3.466E+02    48     0    632
3d3(2F)4f_3Ho[4]          9.0     781643.6840     8.6447   3.468E+02    48     0    633
3d3(2F)4f_1So[0]          1.0     781790.1140     8.6403   3.470E+02    46     0    634
3d3(2F)4f_3Fo[4]          9.0     782006.1330     8.6338   3.472E+02    48     0    635
3d3(2F)4f_3Go[5]         11.0     782023.6880     8.6333   3.473E+02    48     0    636
3d3(2F)4f_3Fo[3]          7.0     782082.1810     8.6316   3.473E+02    48     0    637
3d3(2F)4f_1Io[6]         13.0     782109.2400     8.6307   3.474E+02    46     0    638
3d3(2F)4f_3Go[4]          9.0     782202.0920     8.6280   3.475E+02    48     0    639
3d3(2F)4f_3Fo[2]          5.0     782253.1160     8.6264   3.475E+02    48     0    640
3d3(2F)4f_3Go[3]          7.0     782257.2720     8.6263   3.475E+02    48     0    641
3d3(2F)4f_3Io[7]         15.0     782287.9100     8.6254   3.476E+02    48     0    642
3d3(2F)4f_3Io[6]         13.0     782711.7210     8.6127   3.481E+02    48     0    643
3d3(2F)4f_3Io[5]         11.0     782785.1440     8.6105   3.482E+02    48     0    644
3d3(2F)4f_3Do[3]          7.0     784193.9760     8.5682   3.499E+02    48     0    645
3d3(2F)4f_3Do[2]          5.0     784307.0810     8.5649   3.500E+02    48     0    646
3d3(2F)4f_3Do[1]          3.0     784381.5200     8.5626   3.501E+02    48     0    647
3d3(2F)4f_1Po[1]          3.0     784975.6200     8.5448   3.508E+02    46     0    648
3d3(2F)4f_1Fo[3]          7.0     786403.3950     8.5020   3.526E+02    46     0    649
3d3(2F)4f_1Go[4]          9.0     786422.6280     8.5014   3.526E+02    46     0    650
3d3(2F)4f_3Po[2]          5.0     786729.3010     8.4922   3.530E+02    48     0    651
3d3(2F)4f_3Po[1]          3.0     787044.4210     8.4828   3.534E+02    48     0    652
3d3(2F)4f_1Do[2]          5.0     787165.0690     8.4792   3.536E+02    46     0    653
3d3(2F)4f_3Po[0]          1.0     787175.8300     8.4789   3.536E+02    48     0    654
3d3(2F)4f_1Ho[5]         11.0     788721.9770     8.4325   3.555E+02    51     0    655
3d3(2D)5s_3Dbe[3]         7.0     788823.7820     8.4295   3.556E+02    47     0    656
3d3(2D)5s_3Dbe[2]         5.0     789125.4140     8.4204   3.560E+02    47     0    657
3d3(2F)4f_3So[1]          3.0     789254.0320     8.4166   3.562E+02    48     0    658
3d3(2D)5s_3Dbe[1]         3.0     789437.8170     8.4110   3.564E+02    47     0    659
3d3(2D)5s_1Dbe[2]         5.0     790561.3540     8.3774   3.579E+02    52     0    660
3d3(2F)5p_3Fo[3]          7.0     796514.2360     8.1989   3.656E+02    48     0    661
3d3(2F)5p_3Fo[4]          9.0     796536.7780     8.1982   3.657E+02    48     0    662
3d3(2F)5p_3Fo[2]          5.0     796692.3010     8.1936   3.659E+02    48     0    663
3d3(2F)5p_3Go[3]          7.0     797918.9320     8.1568   3.675E+02    48     0    664
3d3(2F)5p_3Go[4]          9.0     798195.9820     8.1485   3.679E+02    48     0    665
3d3(2F)5p_3Go[5]         11.0     798539.3670     8.1382   3.684E+02    48     0    666
3d3(2F)5p_3Do[3]          7.0     798789.5100     8.1307   3.687E+02    48     0    667
3d3(2F)5p_3Do[2]          5.0     799599.5160     8.1064   3.698E+02    48     0    668
3d3(2F)5p_1Go[4]          9.0     799865.2420     8.0984   3.702E+02    51     0    669
3d3(2F)5p_1Do[2]          5.0     799897.4140     8.0975   3.702E+02    51     0    670
3d3(2F)5p_3Do[1]          3.0     800122.4590     8.0907   3.705E+02    48     0    671
3d3(4F)5d_5He[3]          7.0     800277.0260     8.0861   3.708E+02    53     0    672
3d3(2F)5p_1Fo[3]          7.0     800410.3440     8.0821   3.709E+02    51     0    673
3d3(4F)5d_5He[4]          9.0     800956.2880     8.0657   3.717E+02    53     0    674
3d3(4F)5d_5Pe[1]          3.0     801070.8280     8.0623   3.718E+02    53     0    675
3d3(4F)5d_5Fe[1]          3.0     801331.2100     8.0545   3.722E+02    53     0    676
3d3(4F)5d_5Ge[2]          5.0     801450.1720     8.0509   3.724E+02    53     0    677
3d3(4F)5d_5He[5]         11.0     801830.4770     8.0395   3.729E+02    53     0    678
3d3(4F)5d_5Ge[3]          7.0     801951.7970     8.0359   3.731E+02    53     0    679
3d3(4F)5d_5Pe[2]          5.0     802008.9870     8.0342   3.731E+02    53     0    680
3d3(4F)5d_5Fe[2]          5.0     802278.9920     8.0261   3.735E+02    53     0    681
3d3(4F)5d_3De[1]          3.0     802697.3580     8.0135   3.741E+02    54     0    682
3d3(4F)5d_5Ge[4]          9.0     802698.0040     8.0135   3.741E+02    53     0    683
3d3(4F)5d_5He[6]         13.0     802905.3490     8.0073   3.744E+02    53     0    684
3d3(4F)5d_5Fe[3]          7.0     803127.0250     8.0007   3.747E+02    53     0    685
3d3(4F)5d_3De[2]          5.0     803386.1370     7.9929   3.751E+02    54     0    686
3d3(4F)5d_5Pe[3]          7.0     803486.3370     7.9899   3.752E+02    53     0    687
3d3(4F)5d_5Ge[5]         11.0     803744.9220     7.9821   3.756E+02    53     0    688
3d3(4F)5d_5Fe[4]          9.0     804047.0280     7.9731   3.760E+02    53     0    689
3d3(4F)5d_5He[7]         15.0     804164.7520     7.9695   3.762E+02    53     0    690
3d3(4F)5d_3De[3]          7.0     804861.6670     7.9486   3.772E+02    54     0    691
3d3(4F)5d_5Fe[5]         11.0     805016.7810     7.9440   3.774E+02    53     0    692
3d3(4F)5d_5Ge[6]         13.0     805230.9960     7.9376   3.777E+02    53     0    693
3d3(4F)5d_3He[4]          9.0     806392.4340     7.9028   3.794E+02    54     0    694
3d3(4F)5d_3Pe[0]          1.0     806397.4470     7.9026   3.794E+02    54     0    695
3d3(4F)5d_3Ge[3]          7.0     807073.2190     7.8823   3.803E+02    54     0    696
3d3(4F)5d_3Pe[1]          3.0     807327.4280     7.8747   3.807E+02    54     0    697
3d3(4F)5d_3He[5]         11.0     807809.7410     7.8603   3.814E+02    54     0    698
3d3(4F)5d_3Fe[2]          5.0     808373.3050     7.8434   3.822E+02    54     0    699
3d3(4F)5d_3Ge[4]          9.0     808389.0190     7.8429   3.822E+02    54     0    700
3d3(4F)5d_3Pe[2]          5.0     809047.9840     7.8231   3.832E+02    54     0    701
3d3(4F)5d_5De[0]          1.0     809343.9040     7.8143   3.836E+02    53     0    702
3d3(4F)5d_3He[6]         13.0     809463.6990     7.8107   3.838E+02    54     0    703
3d3(4F)5d_3Fe[3]          7.0     809488.5260     7.8099   3.839E+02    54     0    704
3d3(4F)5d_5De[1]          3.0     809665.0280     7.8046   3.841E+02    53     0    705
3d3(4F)5d_3Ge[5]         11.0     809993.5880     7.7948   3.846E+02    54     0    706
3d3(2D)4f_1Gbo[4]         9.0     810180.9830     7.7892   3.849E+02    51     0    707
3d3(4F)5d_5De[2]          5.0     810268.5940     7.7866   3.850E+02    53     0    708
3d3(4F)5d_3Fe[4]          9.0     810525.9460     7.7788   3.854E+02    54     0    709
3d3(2D)4f_3Fo[4]          9.0     810938.8720     7.7665   3.860E+02    50     0    710
3d3(2D)4f_3Fbo[3]         7.0     810944.5270     7.7663   3.860E+02    55     0    711
3d3(2D)4f_3Fbo[2]         5.0     810982.8860     7.7651   3.861E+02    55     0    712
3d3(4F)5d_5De[3]          7.0     810989.1750     7.7649   3.861E+02    53     0    713
3d3(4F)5d_5De[4]          9.0     811915.5200     7.7372   3.875E+02    53     0    714
3d3(2D)4f_3Gbo[5]        11.0     812902.4970     7.7076   3.890E+02    55     0    715
3d3(2D)4f_3Hbo[6]        13.0     813091.9630     7.7019   3.892E+02    55     0    716
3d3(2D)4f_3Gbo[4]         9.0     813181.6970     7.6992   3.894E+02    55     0    717
3d3(2D)4f_3Gbo[3]         7.0     813355.1420     7.6940   3.896E+02    55     0    718
3d3(2D)4f_3Hbo[5]        11.0     813496.9620     7.6898   3.899E+02    55     0    719
3d3(2D)4f_3Hbo[4]         9.0     813878.6910     7.6783   3.904E+02    55     0    720
3d3(2D)4f_3Dbo[1]         3.0     814819.4900     7.6501   3.919E+02    55     0    721
3d3(2D)4f_3Dbo[2]         5.0     814834.4850     7.6497   3.919E+02    55     0    722
3d3(2D)4f_3Dbo[3]         7.0     814955.5290     7.6460   3.921E+02    55     0    723
3d2(3F)4s2_3Fe[2]         5.0     815490.6560     7.6300   3.929E+02    54     0    724
3d3(2D)4f_3Pbo[0]         1.0     816166.3800     7.6097   3.940E+02    55     0    725
3d3(2D)4f_3Pbo[1]         3.0     816387.9050     7.6031   3.943E+02    55     0    726
3d3(2D)4f_3Pbo[2]         5.0     816641.1440     7.5955   3.947E+02    55     0    727
3d3(2D)4f_1Hbo[5]        11.0     817219.7740     7.5782   3.956E+02    51     0    728
3d3(2D)4f_1Dbo[2]         5.0     817224.1180     7.5780   3.956E+02    51     0    729
3d3(2D)4f_1Fbo[3]         7.0     817276.8310     7.5765   3.957E+02    51     0    730
3d2(3F)4s2_3Fe[3]         7.0     817338.9840     7.5746   3.958E+02    54     0    731
3d2(3F)4s2_3Fe[4]         9.0     819571.7950     7.5076   3.993E+02    54     0    732
3d3(4P)5d_5Fe[1]          3.0     824251.3730     7.3674   4.069E+02    53     0    733
3d3(4P)5d_5Fe[2]          5.0     824383.8740     7.3634   4.071E+02    53     0    734
3d3(4P)5d_5Fe[3]          7.0     824630.6780     7.3560   4.075E+02    53     0    735
3d3(4P)5d_5Fe[4]          9.0     825174.0760     7.3397   4.085E+02    53     0    736
3d3(2D)4f_1Pbo[1]         3.0     825177.9410     7.3396   4.085E+02    51     0    737
3d3(4P)5d_3De[1]          3.0     825395.9680     7.3330   4.088E+02    54     0    738
3d3(4P)5d_3De[3]          7.0     825684.0630     7.3244   4.093E+02    54     0    739
3d3(4P)5d_3De[2]          5.0     825787.5080     7.3213   4.095E+02    54     0    740
3d3(4P)5d_5Fe[5]         11.0     826012.0020     7.3146   4.099E+02    53     0    741
3d3(4P)5d_5Pe[2]          5.0     826387.7090     7.3033   4.105E+02    53     0    742
3d3(4P)5d_5Pe[3]          7.0     826485.9790     7.3004   4.107E+02    53     0    743
3d3(4P)5d_5Pe[1]          3.0     826637.6020     7.2958   4.109E+02    53     0    744
3d3(2D)5p_3Dbo[2]         5.0     826645.3740     7.2956   4.109E+02    55     0    745
3d3(2D)5p_3Dbo[3]         7.0     826902.8810     7.2879   4.114E+02    55     0    746
3d3(2D)5p_3Dbo[1]         3.0     826906.7540     7.2878   4.114E+02    55     0    747
3d3(4P)5d_5De[0]          1.0     827004.8810     7.2848   4.115E+02    53     0    748
3d3(2G)5d_3Ie[5]         11.0     827295.8980     7.2761   4.120E+02    54     0    749
3d3(2G)5d_1Fe[3]          7.0     827418.1570     7.2724   4.122E+02    52     0    750
3d3(2D)5p_1Dbo[2]         5.0     827437.6960     7.2718   4.123E+02    51     0    751
3d3(4P)5d_5De[1]          3.0     827508.1050     7.2697   4.124E+02    53     0    752
3d3(4P)5d_5De[2]          5.0     827791.8310     7.2612   4.129E+02    53     0    753
3d3(2G)5d_3Ie[6]         13.0     827975.5640     7.2557   4.132E+02    54     0    754
3d3(4P)5d_5De[3]          7.0     828012.0430     7.2546   4.132E+02    53     0    755
3d3(4P)5d_5De[4]          9.0     828070.5830     7.2529   4.133E+02    53     0    756
3d3(2G)5d_1He[5]         11.0     828158.9550     7.2502   4.135E+02    52     0    757
3d3(2G)5d_3He[4]          9.0     828363.2220     7.2441   4.138E+02    54     0    758
3d3(4P)5d_3Fe[2]          5.0     828494.7640     7.2401   4.141E+02    54     0    759
3d3(2G)5d_3Ie[7]         15.0     828860.0360     7.2292   4.147E+02    54     0    760
3d3(2D)5p_3Fbo[3]         7.0     828870.9430     7.2289   4.147E+02    55     0    761
3d3(2G)5d_3Ge[4]          9.0     828909.5600     7.2277   4.148E+02    54     0    762
3d3(2G)5d_3Ge[5]         11.0     828954.8990     7.2264   4.149E+02    54     0    763
3d3(2G)5d_3Ge[3]          7.0     829020.5540     7.2244   4.150E+02    54     0    764
3d3(2D)5p_3Fbo[2]         5.0     829069.5210     7.2229   4.151E+02    55     0    765
3d3(2D)5p_3Fbo[4]         9.0     829342.8550     7.2147   4.155E+02    55     0    766
3d3(4P)5d_3Fe[3]          7.0     829358.6750     7.2142   4.156E+02    54     0    767
3d3(2G)5d_3Gbe[5]        11.0     829595.6430     7.2071   4.160E+02    54     0    768
3d3(2G)5d_3He[6]         13.0     829863.7580     7.1991   4.164E+02    54     0    769
3d3(4P)5d_3Fe[4]          9.0     830247.0950     7.1876   4.171E+02    54     0    770
3d3(2G)5d_1De[2]          5.0     830336.7380     7.1849   4.173E+02    56     0    771
3d3(2G)5d_3De[1]          3.0     830481.7100     7.1806   4.175E+02    54     0    772
3d3(2D)5p_3Pbo[2]         5.0     830493.6630     7.1802   4.175E+02    55     0    773
3d3(2G)5d_3Fe[2]          5.0     830817.2020     7.1705   4.181E+02    54     0    774
3d3(2G)5d_3De[3]          7.0     831027.9810     7.1642   4.185E+02    54     0    775
3d3(4P)5d_3Pe[1]          3.0     831243.4280     7.1577   4.188E+02    54     0    776
3d3(2D)5p_1Fbo[3]         7.0     831246.2170     7.1577   4.188E+02    57     0    777
3d3(2D)5p_3Pbo[1]         3.0     831282.1110     7.1566   4.189E+02    55     0    778
3d3(2G)5d_1Ie[6]         13.0     831466.3360     7.1511   4.192E+02    56     0    779
3d3(4P)5d_3Pe[2]          5.0     831516.4550     7.1496   4.193E+02    54     0    780
3d3(2D)5p_3Pbo[0]         1.0     831647.4540     7.1456   4.195E+02    55     0    781
3d3(2G)5d_3Fe[3]          7.0     831658.0150     7.1453   4.196E+02    54     0    782
3d3(4P)5d_3Pe[0]          1.0     831756.9720     7.1423   4.197E+02    54     0    783
3d3(2G)5d_3Fe[4]          9.0     831771.7340     7.1419   4.198E+02    54     0    784
3d3(2G)5d_1Dbe[2]         5.0     832440.2390     7.1219   4.209E+02    56     0    785
3d3(2P)5d_3De[1]          3.0     832838.7630     7.1099   4.217E+02    54     0    786
3d3(2P)5d_1Pe[1]          3.0     833816.7270     7.0806   4.234E+02    56     0    787
3d3(2D)5p_1Po[1]          3.0     834005.0050     7.0750   4.237E+02    57     0    788
3d3(2P)5d_3De[2]          5.0     834050.3830     7.0736   4.238E+02    54     0    789
3d3(2P)5d_1Fe[3]          7.0     834100.1870     7.0721   4.239E+02    56     0    790
3d3(2G)5d_1Ge[4]          9.0     834156.8730     7.0704   4.240E+02    56     0    791
3d3(2P)5d_3De[3]          7.0     835576.5870     7.0278   4.266E+02    54     0    792
3d3(2D)5d_3Se[1]          3.0     835690.0270     7.0244   4.268E+02    54     0    793
3d3(2H)5d_3Ie[5]         11.0     835860.6170     7.0193   4.271E+02    54     0    794
3d2(1D)4s2_1De[2]         5.0     835889.8730     7.0184   4.271E+02    56     0    795
3d3(2P)5d_3Pe[2]          5.0     836069.8310     7.0131   4.275E+02    54     0    796
3d3(2H)5d_3Ie[6]         13.0     836118.0130     7.0116   4.276E+02    54     0    797
3d2(1D)4s2_1Dbe[2]        5.0     836310.8560     7.0058   4.279E+02    56     0    798
3d3(2H)5d_1He[5]         11.0     836362.8480     7.0043   4.280E+02    56     0    799
3d3(2H)5d_3Ie[7]         15.0     836454.6120     7.0015   4.282E+02    54     0    800
3d3(2G)5d_3Fbe[3]         7.0     836569.2870     6.9981   4.284E+02    54     0    801
3d3(2D)5d_3Ge[4]          9.0     837090.9010     6.9824   4.294E+02    54     0    802
3d3(2D)5d_1Pe[1]          3.0     837126.5050     6.9814   4.294E+02    56     0    803
3d3(2D)5d_3Ge[3]          7.0     837670.3390     6.9651   4.304E+02    54     0    804
3d3(2D)5d_3Ge[5]         11.0     837820.8490     6.9606   4.307E+02    54     0    805
3d3(2H)5d_3Ke[6]         13.0     837862.5540     6.9593   4.308E+02    54     0    806
3d3(2H)5d_3Ke[7]         15.0     838198.6460     6.9492   4.314E+02    54     0    807
3d3(2P)5d_3Fe[4]          9.0     838219.6160     6.9486   4.314E+02    54     0    808
3d2(3P)4s2_3Pe[0]         1.0     838224.1530     6.9485   4.315E+02    54     0    809
3d3(2P)5d_3Pe[1]          3.0     838738.4050     6.9330   4.324E+02    54     0    810
3d3(2H)5d_3Ke[8]         17.0     838790.1790     6.9315   4.325E+02    54     0    811
3d3(2P)5d_3Pe[0]          1.0     838893.3440     6.9284   4.327E+02    54     0    812
3d2(3P)4s2_3Pe[1]         3.0     839232.0040     6.9183   4.333E+02    54     0    813
3d3(2H)5d_1Fe[3]          7.0     839440.1960     6.9120   4.337E+02    56     0    814
3d3(2H)5d_1Ke[7]         15.0     839494.9300     6.9104   4.338E+02    56     0    815
3d3(2D)5d_3Fe[3]          7.0     839867.1850     6.8992   4.345E+02    54     0    816
3d3(2D)5d_3Fe[4]          9.0     840007.1330     6.8950   4.348E+02    54     0    817
3d3(2D)5d_3Fe[2]          5.0     840027.7890     6.8944   4.348E+02    54     0    818
3d3(2D)5d_1De[2]          5.0     840048.8890     6.8938   4.349E+02    56     0    819
3d3(2H)5d_1Ge[4]          9.0     840116.5970     6.8917   4.350E+02    56     0    820
3d2(3P)4s2_3Pe[2]         5.0     841105.0550     6.8621   4.369E+02    54     0    821
3d3(2H)5d_3Ge[3]          7.0     841448.4820     6.8518   4.375E+02    54     0    822
3d3(2D)5d_3Pe[0]          1.0     841910.8640     6.8379   4.384E+02    58     0    823
3d3(4F)6s_5Fe[1]          3.0     841921.4160     6.8376   4.384E+02    59     0    824
3d3(2H)5d_3Ge[4]          9.0     841963.8770     6.8364   4.385E+02    54     0    825
3d3(2H)5d_3Ge[5]         11.0     842146.5290     6.8309   4.389E+02    54     0    826
3d3(4F)6s_5Fe[2]          5.0     842280.9110     6.8268   4.391E+02    59     0    827
3d3(2H)5d_3He[4]          9.0     842755.1670     6.8126   4.401E+02    58     0    828
3d3(2H)5d_3Fe[2]          5.0     842899.2040     6.8083   4.403E+02    58     0    829
3d3(2D)5d_3Pe[1]          3.0     842926.5330     6.8075   4.404E+02    58     0    830
3d3(4F)6s_5Fe[3]          7.0     843056.4310     6.8036   4.406E+02    59     0    831
3d3(2H)5d_3He[5]         11.0     843191.9670     6.7995   4.409E+02    58     0    832
3d3(4F)6s_5Fbe[3]         7.0     843238.7210     6.7981   4.410E+02    59     0    833
3d3(2H)5d_3He[6]         13.0     843273.6050     6.7971   4.411E+02    58     0    834
3d3(2D)5d_3De[2]          5.0     843691.3270     6.7846   4.419E+02    58     0    835
3d3(2H)5d_3Fe[3]          7.0     843990.4520     6.7756   4.425E+02    58     0    836
3d3(4F)6s_3Fe[2]          5.0     844052.6870     6.7737   4.426E+02    58     0    837
3d3(4F)6s_5Fe[4]          9.0     844195.2470     6.7695   4.429E+02    59     0    838
3d3(2D)5d_3De[1]          3.0     844231.6100     6.7684   4.429E+02    58     0    839
3d3(4F)6s_5Fbe[4]         9.0     844503.6420     6.7602   4.435E+02    59     0    840
3d3(2D)5d_3Pe[2]          5.0     844689.5370     6.7546   4.438E+02    58     0    841
3d3(4F)6s_3Fe[3]          7.0     845692.6250     6.7246   4.458E+02    58     0    842
3d3(4F)6s_5Fe[5]         11.0     845756.1140     6.7227   4.459E+02    59     0    843
3d3(2P)5d_1De[2]          5.0     846588.5700     6.6977   4.476E+02    56     0    844
3d3(2D)5d_1Ge[4]          9.0     846659.9410     6.6956   4.477E+02    56     0    845
3d3(4F)6s_3Fe[4]          9.0     847256.7530     6.6777   4.489E+02    58     0    846
3d3(2H)5d_1Fbe[3]         7.0     847510.9340     6.6701   4.495E+02    56     0    847
3d3(2H)5d_1Ie[6]         13.0     848191.4050     6.6497   4.508E+02    56     0    848
3d3(4F)5f_5Io[4]          9.0     849937.2960     6.5973   4.544E+02    60     0    849
3d2(1G)4s2_1Ge[4]         9.0     849991.7660     6.5957   4.545E+02    56     0    850
3d3(4F)5f_5Io[5]         11.0     850544.8360     6.5791   4.557E+02    60     0    851
3d3(2D)5d_1Se[0]          1.0     850733.7430     6.5734   4.561E+02    56     0    852
3d3(4F)5f_5Ho[3]          7.0     850877.7890     6.5691   4.564E+02    60     0    853
3d3(4F)5f_5So[2]          5.0     851239.7830     6.5583   4.571E+02    60     0    854
3d3(4F)5f_5Ho[4]          9.0     851315.4770     6.5560   4.573E+02    60     0    855
3d3(4F)5f_5Io[6]         13.0     851359.8840     6.5547   4.574E+02    60     0    856
3d3(4F)5f_5Go[2]          5.0     851366.6330     6.5545   4.574E+02    60     0    857
3d3(4F)5f_5Ho[5]         11.0     852009.9380     6.5352   4.587E+02    60     0    858
3d3(4F)5f_5Go[3]          7.0     852041.7290     6.5342   4.588E+02    60     0    859
3d3(4F)5f_5Io[7]         15.0     852398.8760     6.5235   4.596E+02    60     0    860
3d3(4F)5f_5Go[4]          9.0     852766.2470     6.5125   4.603E+02    60     0    861
3d3(4F)5f_5Ho[6]         13.0     853004.2270     6.5054   4.608E+02    60     0    862
3d3(4F)5f_3Do[1]          3.0     853005.7630     6.5053   4.608E+02    61     0    863
3d3(4F)5f_3Do[2]          5.0     853071.7230     6.5033   4.610E+02    61     0    864
3d3(4F)5f_5Po[3]          7.0     853305.2430     6.4963   4.615E+02    60     0    865
3d3(4F)5f_5Po[1]          3.0     853510.6220     6.4902   4.619E+02    60     0    866
3d3(4F)5f_5Go[5]         11.0     853608.8900     6.4872   4.621E+02    60     0    867
3d3(4F)5f_5Io[8]         17.0     853639.2670     6.4863   4.622E+02    60     0    868
3d3(4F)5f_5Fo[2]          5.0     853786.0340     6.4819   4.625E+02    60     0    869
3d3(4F)5f_5Pbo[3]         7.0     854281.3350     6.4671   4.636E+02    60     0    870
3d3(4F)5f_5Fo[1]          3.0     854377.1000     6.4642   4.638E+02    60     0    871
3d3(4F)5f_5Ho[7]         15.0     854397.8670     6.4636   4.638E+02    60     0    872
3d3(4F)5f_5Go[6]         13.0     854531.1850     6.4596   4.641E+02    60     0    873
3d3(4F)5f_3Io[5]         11.0     854540.3360     6.4593   4.641E+02    61     0    874
3d3(4F)5f_5Po[2]          5.0     854587.5650     6.4579   4.642E+02    60     0    875
3d3(4F)5f_3Po[0]          1.0     854689.8320     6.4548   4.644E+02    61     0    876
3d3(4F)5f_5Fo[3]          7.0     854763.6580     6.4526   4.646E+02    60     0    877
3d3(4F)5f_3Ho[4]          9.0     854859.8480     6.4497   4.648E+02    61     0    878
3d3(4F)5f_3Po[1]          3.0     855091.6450     6.4428   4.653E+02    61     0    879
3d3(4F)5f_3Hbo[4]         9.0     855112.4900     6.4422   4.654E+02    61     0    880
3d3(4F)5f_3Fo[2]          5.0     855263.5060     6.4376   4.657E+02    61     0    881
3d3(4F)5f_5Do[0]          1.0     855811.5060     6.4212   4.669E+02    60     0    882
3d3(4F)5f_3Io[6]         13.0     856010.6500     6.4152   4.673E+02    61     0    883
3d3(4F)5f_3Do[3]          7.0     856051.9920     6.4140   4.674E+02    61     0    884
3d3(4F)5f_3Fo[4]          9.0     856074.4230     6.4133   4.675E+02    61     0    885
3d3(4F)5f_5Do[1]          3.0     856098.8670     6.4126   4.675E+02    60     0    886
3d3(4F)5f_3Po[2]          5.0     856315.7120     6.4061   4.680E+02    61     0    887
3d3(4F)5f_3Ho[5]         11.0     856435.7340     6.4025   4.682E+02    61     0    888
3d3(4F)5f_5Fo[5]         11.0     856461.3160     6.4017   4.683E+02    60     0    889
3d3(4F)5f_5Do[2]          5.0     856947.9590     6.3871   4.694E+02    60     0    890
3d3(4F)5f_5Do[3]          7.0     857226.8130     6.3788   4.700E+02    60     0    891
3d3(4F)5f_3Go[3]          7.0     857319.3880     6.3760   4.702E+02    61     0    892
3d3(4F)5f_5Do[4]          9.0     857361.1310     6.3748   4.703E+02    60     0    893
3d3(4F)5f_3Io[7]         15.0     857709.0350     6.3643   4.711E+02    61     0    894
3d3(4F)5f_3So[1]          3.0     857962.8970     6.3567   4.716E+02    61     0    895
3d3(4F)5f_3Ho[6]         13.0     858012.1130     6.3552   4.717E+02    61     0    896
3d3(4F)5g_5Pe[3]          7.0     858094.2840     6.3528   4.719E+02    59     0    897
3d3(4F)5g_5Ke[5]         11.0     858105.1030     6.3524   4.719E+02    59     0    898
3d3(4F)5g_3Pe[2]          5.0     858118.4180     6.3521   4.720E+02    58     0    899
3d3(4F)5g_3Ke[6]         13.0     858186.4480     6.3500   4.721E+02    58     0    900
3d3(4F)5f_3Go[4]          9.0     858293.8700     6.3468   4.724E+02    61     0    901
3d3(4F)5g_5Ge[3]          7.0     858296.8730     6.3467   4.724E+02    59     0    902
3d3(4F)5g_5Fe[4]          9.0     858318.4010     6.3461   4.724E+02    59     0    903
3d3(4F)5g_5Ie[4]          9.0     858384.4340     6.3441   4.726E+02    59     0    904
3d3(4F)5g_3Ie[5]         11.0     858426.9590     6.3428   4.727E+02    58     0    905
3d3(2F)5d_1He[5]         11.0     858928.4980     6.3278   4.738E+02    56     0    906
3d3(2F)5d_1Pe[1]          3.0     859014.8830     6.3252   4.740E+02    56     0    907
3d3(4F)5f_3Go[5]         11.0     859045.4450     6.3243   4.740E+02    61     0    908
3d3(4F)5g_5De[2]          5.0     859077.5830     6.3233   4.741E+02    59     0    909
3d3(4F)5g_5Fe[1]          3.0     859091.2330     6.3229   4.741E+02    59     0    910
3d3(4F)5g_5Ke[6]         13.0     859143.0970     6.3213   4.743E+02    59     0    911
3d3(4F)5g_5Ke[7]         15.0     859147.8150     6.3212   4.743E+02    59     0    912
3d3(4F)5g_5Pbe[3]         7.0     859221.9730     6.3190   4.744E+02    59     0    913
3d3(4F)5g_5Ge[2]          5.0     859228.6770     6.3188   4.744E+02    59     0    914
3d3(4F)5g_5He[3]          7.0     859284.1480     6.3171   4.746E+02    59     0    915
3d3(4F)5g_5Ibe[4]         9.0     859300.2140     6.3166   4.746E+02    59     0    916
3d3(2F)5d_3He[6]         13.0     859302.2000     6.3166   4.746E+02    58     0    917
3d3(4F)5g_5Ie[5]         11.0     859333.1400     6.3156   4.747E+02    59     0    918
3d3(4F)5g_3He[4]          9.0     859347.6350     6.3152   4.747E+02    58     0    919
3d3(4F)5g_5He[6]         13.0     859354.2470     6.3150   4.747E+02    59     0    920
3d3(4F)5g_3Ibe[5]        11.0     859358.1870     6.3149   4.747E+02    58     0    921
3d3(2F)5d_3Ge[5]         11.0     859437.0710     6.3125   4.749E+02    58     0    922
3d3(2F)5d_3He[4]          9.0     859463.0430     6.3117   4.750E+02    58     0    923
3d3(2F)5d_3De[3]          7.0     859636.5070     6.3065   4.754E+02    58     0    924
3d3(2F)5d_3Ge[3]          7.0     859786.3470     6.3020   4.757E+02    58     0    925
3d3(2F)5d_3De[2]          5.0     859789.3170     6.3020   4.757E+02    58     0    926
3d3(2F)5d_3Ge[4]          9.0     859811.5640     6.3013   4.758E+02    58     0    927
3d3(2F)5d_3Gbe[5]        11.0     859835.0910     6.3006   4.758E+02    58     0    928
3d3(2F)5d_3De[1]          3.0     859960.9360     6.2968   4.761E+02    58     0    929
3d3(4F)5g_5De[1]          3.0     860337.7060     6.2855   4.770E+02    59     0    930
3d3(4F)5g_5De[0]          1.0     860345.1900     6.2853   4.770E+02    59     0    931
3d3(2F)5d_3Fe[4]          9.0     860362.3470     6.2848   4.770E+02    58     0    932
3d3(4F)5g_5Pe[2]          5.0     860396.5700     6.2838   4.771E+02    59     0    933
3d3(4F)5g_5Ke[8]         17.0     860398.2680     6.2837   4.771E+02    59     0    934
3d3(4F)5g_5Fbe[1]         3.0     860426.4680     6.2829   4.772E+02    59     0    935
3d3(4F)5g_3Ke[7]         15.0     860448.0460     6.2822   4.772E+02    58     0    936
3d3(2F)5d_3Fe[2]          5.0     860450.0850     6.2821   4.772E+02    58     0    937
3d3(2F)5d_3Fe[3]          7.0     860459.2480     6.2819   4.772E+02    58     0    938
3d3(4F)5g_5Gbe[3]         7.0     860497.9610     6.2807   4.773E+02    59     0    939
3d3(4F)5g_5Gbe[2]         5.0     860503.8650     6.2805   4.773E+02    59     0    940
3d3(4F)5g_3De[3]          7.0     860578.3420     6.2783   4.775E+02    58     0    941
3d3(4F)5g_5He[4]          9.0     860587.6600     6.2780   4.775E+02    59     0    942
3d3(4F)5g_5Ie[7]         15.0     860612.3210     6.2773   4.776E+02    59     0    943
3d3(4F)5g_5He[5]         11.0     860641.2650     6.2764   4.776E+02    59     0    944
3d3(4F)5g_5Ie[6]         13.0     860644.5450     6.2763   4.777E+02    59     0    945
3d3(4F)5g_3Fe[4]          9.0     860655.2850     6.2760   4.777E+02    58     0    946
3d3(4F)5g_3Ie[6]         13.0     860687.0410     6.2750   4.778E+02    58     0    947
3d3(4F)5g_3He[5]         11.0     860712.4860     6.2743   4.778E+02    58     0    948
3d3(4F)6p_5Go[2]          5.0     861138.6790     6.2615   4.788E+02    60     0    949
3d3(4F)6p_5Fo[1]          3.0     861811.6180     6.2413   4.803E+02    60     0    950
3d3(4F)5g_5Pe[1]          3.0     861856.9240     6.2400   4.804E+02    59     0    951
3d3(4F)5g_5Ke[9]         19.0     861883.6860     6.2392   4.805E+02    59     0    952
3d3(4F)5g_5Pbe[2]         5.0     861887.9920     6.2390   4.805E+02    59     0    953
3d3(4F)6p_5Go[3]          7.0     861915.1950     6.2382   4.806E+02    60     0    954
3d3(4F)5g_3Pe[1]          3.0     861931.8480     6.2377   4.806E+02    58     0    955
3d3(4F)5g_3Pe[0]          1.0     861936.6200     6.2376   4.806E+02    58     0    956
3d3(4F)5g_5De[3]          7.0     861950.7920     6.2372   4.807E+02    59     0    957
3d3(4F)5g_3De[2]          5.0     861960.6550     6.2369   4.807E+02    58     0    958
3d3(4F)5g_3Ke[8]         17.0     861980.2390     6.2363   4.807E+02    58     0    959
3d3(4F)5g_3Fe[3]          7.0     862054.4380     6.2341   4.809E+02    58     0    960
3d3(4F)5g_5Fbe[4]         9.0     862057.8690     6.2339   4.809E+02    59     0    961
3d3(4F)5g_5Ie[8]         17.0     862115.6670     6.2322   4.810E+02    59     0    962
3d3(4F)6p_5Do[0]          1.0     862174.3440     6.2305   4.812E+02    60     0    963
3d3(4F)5g_3Ie[7]         15.0     862175.8510     6.2304   4.812E+02    58     0    964
3d3(4F)5g_5Ge[5]         11.0     862176.1930     6.2304   4.812E+02    59     0    965
3d3(4F)5g_3Ge[4]          9.0     862193.2430     6.2299   4.812E+02    58     0    966
3d3(4F)5g_5Hbe[6]        13.0     862252.2960     6.2281   4.814E+02    59     0    967
3d3(4F)5g_5He[7]         15.0     862276.0530     6.2274   4.814E+02    59     0    968
3d3(4F)6p_5Do[1]          3.0     862297.9850     6.2267   4.815E+02    60     0    969
3d3(2F)5d_1Fe[3]          7.0     862305.2050     6.2265   4.815E+02    56     0    970
3d3(4F)5g_3Ge[5]         11.0     862324.7270     6.2259   4.815E+02    58     0    971
3d3(4F)5g_3He[6]         13.0     862369.8520     6.2246   4.816E+02    58     0    972
3d3(4F)6p_5Fo[2]          5.0     862614.1200     6.2173   4.822E+02    60     0    973
3d3(4F)6p_5Do[2]          5.0     862718.0440     6.2142   4.824E+02    60     0    974
3d3(4F)6p_5Go[4]          9.0     862904.8190     6.2086   4.829E+02    60     0    975
3d3(4F)6p_5Fo[3]          7.0     863211.0150     6.1994   4.836E+02    60     0    976
3d3(4F)6p_3Do[1]          3.0     863549.6840     6.1892   4.844E+02    61     0    977
3d3(4F)6p_3Go[3]          7.0     863823.7810     6.1810   4.850E+02    61     0    978
3d3(4F)6p_5Do[3]          7.0     863934.0620     6.1777   4.853E+02    60     0    979
3d3(4F)6p_5Go[5]         11.0     864116.4380     6.1722   4.857E+02    60     0    980
3d3(4F)6p_3Fo[2]          5.0     864156.3300     6.1710   4.858E+02    61     0    981
3d3(4F)6p_5Fo[4]          9.0     864295.6840     6.1669   4.861E+02    60     0    982
3d3(4P)6s_5Pe[1]          3.0     864925.6030     6.1480   4.876E+02    59     0    983
3d3(4P)6s_5Pe[2]          5.0     865176.9470     6.1404   4.882E+02    59     0    984
3d3(4F)6p_3Go[4]          9.0     865199.6260     6.1398   4.883E+02    61     0    985
3d3(4F)6p_3Do[2]          5.0     865202.1990     6.1397   4.883E+02    61     0    986
3d3(4F)6p_5Do[4]          9.0     865419.3120     6.1332   4.888E+02    60     0    987
3d3(4F)6p_5Go[6]         13.0     865536.8250     6.1297   4.891E+02    60     0    988
3d3(4F)6p_3Fo[3]          7.0     865613.0680     6.1274   4.893E+02    61     0    989
3d3(4F)6p_5Fo[5]         11.0     865700.0670     6.1248   4.895E+02    60     0    990
3d3(4P)6s_3Pe[0]          1.0     865817.4630     6.1212   4.898E+02    58     0    991
3d3(2F)5d_3Pe[2]          5.0     865879.0880     6.1194   4.899E+02    58     0    992
3d3(4P)6s_3Pe[1]          3.0     865883.5270     6.1193   4.899E+02    58     0    993
3d3(4P)6s_5Pe[3]          7.0     866466.2010     6.1018   4.913E+02    59     0    994
3d3(4F)6p_3Do[3]          7.0     866788.3950     6.0921   4.921E+02    61     0    995
3d3(4F)6p_3Go[5]         11.0     866827.0580     6.0910   4.922E+02    61     0    996
3d3(2F)5d_3Pe[1]          3.0     866916.9650     6.0883   4.924E+02    58     0    997
3d3(2F)5d_3Pe[0]          1.0     866987.9520     6.0861   4.926E+02    58     0    998
3d3(2F)5d_1De[2]          5.0     867009.8560     6.0855   4.926E+02    56     0    999
3d3(4F)6p_3Fo[4]          9.0     867447.7950     6.0724   4.937E+02    61     0   1000
