********************************************************************************
                                                                                
Super level assignments for MgIX.
                                                                                
                    g        E(cm^-1)    10^15 Hz     eV       Lam(A)       ID  
********************************************************************************
                                                                                
25-Oct-2002                            !Date
242                                    !Number of energy levels
6                                      !Entry number of link to super level
  
2s2_1Se[0]          1.0          0.0000    79.2861   3.781E+01     1     0      1
2s_2p_3Po[0]        1.0     140504.0000    75.0739   3.993E+01     2     0      2
2s_2p_3Po[1]        3.0     141631.0000    75.0401   3.995E+01     2     0      3
2s_2p_3Po[2]        5.0     144091.0000    74.9664   3.999E+01     2     0      4
2s_2p_1Po[1]        3.0     271687.0000    71.1411   4.214E+01     3     0      5
2p2_3Pe[0]          1.0     365856.0000    68.3180   4.388E+01     4     0      6
2p2_3Pe[1]          3.0     367159.0000    68.2790   4.391E+01     4     0      7
2p2_3Pe[2]          5.0     369330.0000    68.2139   4.395E+01     4     0      8
2p2_1De[2]          5.0     405100.0000    67.1415   4.465E+01     5     0      9
2p2_1Se[0]          1.0     499633.0000    64.3075   4.662E+01     6     0     10
2s_3s_3Se[1]        3.0    1532450.0000    33.3444   8.991E+01     7     0     11
2s_3s_1Se[0]        1.0    1558080.0000    32.5760   9.203E+01     8     0     12
2s_3p_1Po[1]        3.0    1593600.0000    31.5112   9.514E+01     9     0     13
2s_3p_3Po           9.0    1602943.6570    31.2311   9.599E+01    10     0     14
2s_3d_3De[1]        3.0    1631040.0000    30.3888   9.865E+01    11     0     15
2s_3d_3De[2]        5.0    1631170.0000    30.3849   9.867E+01    11     0     16
2s_3d_3De[3]        7.0    1631320.0000    30.3804   9.868E+01    11     0     17
2s_3d_1De[2]        5.0    1654580.0000    29.6831   1.010E+02    12     0     18
2p_3s_3Po[0]        1.0    1710140.0000    28.0174   1.070E+02    13     0     19
2p_3s_3Po[1]        3.0    1711250.0000    27.9841   1.071E+02    13     0     20
2p_3s_3Po[2]        5.0    1713900.0000    27.9047   1.074E+02    13     0     21
2p_3s_1Po[1]        3.0    1743040.0000    27.0311   1.109E+02    14     0     22
2p_3p_1Pe[1]        3.0    1748120.0000    26.8788   1.115E+02    15     0     23
2p_3p_3De[1]        3.0    1755470.0000    26.6584   1.125E+02    16     0     24
2p_3p_3De[2]        5.0    1756470.0000    26.6285   1.126E+02    16     0     25
2p_3p_3De[3]        7.0    1758970.0000    26.5535   1.129E+02    16     0     26
2p_3p_3Se[1]        3.0    1770380.0000    26.2115   1.144E+02    16     0     27
2p_3p_3Pe[0]        1.0    1778540.0000    25.9668   1.155E+02    16     0     28
2p_3p_3Pe[1]        3.0    1778690.0000    25.9623   1.155E+02    16     0     29
2p_3p_3Pe[2]        5.0    1779990.0000    25.9234   1.156E+02    16     0     30
2p_3d_3Fo          21.0    1788998.3250    25.6533   1.169E+02    17     0     31
2p_3d_1Do[2]        5.0    1789640.0000    25.6341   1.170E+02    18     0     32
2p_3p_1De[2]        5.0    1795870.0000    25.4473   1.178E+02    19     0     33
2p_3d_3Do[1]        3.0    1807320.0000    25.1040   1.194E+02    20     0     34
2p_3d_3Do[2]        5.0    1807860.0000    25.0878   1.195E+02    20     0     35
2p_3d_3Do[3]        7.0    1808860.0000    25.0579   1.196E+02    20     0     36
2p_3d_3Po[2]        5.0    1815220.0000    24.8672   1.206E+02    20     0     37
2p_3d_3Po[1]        3.0    1816210.0000    24.8375   1.207E+02    20     0     38
2p_3d_3Po[0]        1.0    1816730.0000    24.8219   1.208E+02    20     0     39
2p_3p_1Se           1.0    1828680.3050    24.4637   1.225E+02    19     0     40
2p_3d_1Fo[3]        7.0    1834690.0000    24.2835   1.235E+02    18     0     41
2p_3d_1Po[1]        3.0    1841560.0000    24.0775   1.245E+02    21     0     42
2s_4s_3Se           3.0    2044508.8920    17.9933   1.666E+02    22     0     43
2s_4s_1Se           1.0    2054158.3080    17.7040   1.693E+02    23     0     44
2s_4p_1Po[1]        3.0    2068680.0000    17.2686   1.736E+02    24     0     45
2s_4p_3Po           9.0    2069119.8760    17.2555   1.737E+02    25     0     46
2s_4d_3De[1]        3.0    2079970.0000    16.9302   1.771E+02    22     0     47
2s_4d_3De[2]        5.0    2079970.0000    16.9302   1.771E+02    22     0     48
2s_4d_3De[3]        7.0    2080050.0000    16.9278   1.771E+02    22     0     49
2s_4d_1De[2]        5.0    2087890.0000    16.6927   1.796E+02    23     0     50
2s_4f_3Fo          21.0    2091104.6280    16.5964   1.806E+02    25     0     51
2s_4f_1Fo           7.0    2093133.9900    16.5355   1.813E+02    26     0     52
2p_4s_3Po           9.0    2208608.6510    13.0737   2.293E+02    27     0     53
2p_4s_1Po           3.0    2213333.8800    12.9320   2.318E+02    28     0     54
2p_4p_1Pe           3.0    2224127.2990    12.6085   2.378E+02    29     0     55
2p_4p_3De[1]        3.0    2229730.0000    12.4405   2.410E+02    30     0     56
2p_4p_3De[3]        7.0    2229730.0000    12.4405   2.410E+02    30     0     57
2p_4p_3De[2]        5.0    2229730.0000    12.4405   2.410E+02    30     0     58
2p_4p_3Se           3.0    2230314.8630    12.4230   2.413E+02    30     0     59
2p_4p_3Pe[0]        1.0    2235350.0000    12.2720   2.443E+02    30     0     60
2p_4p_3Pe[1]        3.0    2235350.0000    12.2720   2.443E+02    30     0     61
2p_4p_3Pe[2]        5.0    2235350.0000    12.2720   2.443E+02    30     0     62
2p_4d_3Fo          21.0    2239108.7630    12.1593   2.466E+02    27     0     63
2p_4p_1De[2]        5.0    2241080.0000    12.1002   2.478E+02    29     0     64
2p_4d_1Do[2]        5.0    2241210.0000    12.0963   2.478E+02    28     0     65
2p_4p_1Se           1.0    2245992.6770    11.9529   2.508E+02    29     0     66
2p_4f_1Fe           7.0    2247266.0020    11.9148   2.516E+02    29     0     67
2p_4f_3Fe          21.0    2247614.1770    11.9043   2.518E+02    30     0     68
2p_4d_3Do[2]        5.0    2248250.0000    11.8853   2.522E+02    27     0     69
2p_4d_3Do[1]        3.0    2248250.0000    11.8853   2.522E+02    27     0     70
2p_4d_3Do[3]        7.0    2248250.0000    11.8853   2.522E+02    27     0     71
2p_4f_3Ge          27.0    2248688.5450    11.8721   2.525E+02    30     0     72
2p_4d_3Po[2]        5.0    2249450.0000    11.8493   2.530E+02    27     0     73
2p_4d_3Po[1]        3.0    2249970.0000    11.8337   2.533E+02    27     0     74
2p_4f_1Ge           9.0    2250001.6610    11.8328   2.534E+02    29     0     75
2p_4d_3Po[0]        1.0    2250200.0000    11.8268   2.535E+02    27     0     76
2p_4f_3De          15.0    2253244.6610    11.7355   2.555E+02    30     0     77
2p_4f_1De           5.0    2254557.7770    11.6962   2.563E+02    29     0     78
2p_4d_1Fo[3]        7.0    2256570.0000    11.6358   2.576E+02    28     0     79
2p_4d_1Po[1]        3.0    2258310.0000    11.5837   2.588E+02    28     0     80
2s_5s_3Se           3.0    2269031.9010    11.2622   2.662E+02    31     0     81
2s_5s_1Se           1.0    2276542.5290    11.0371   2.716E+02    32     0     82
2s_5p_3Po           9.0    2280442.0870    10.9202   2.745E+02    33     0     83
2s_5p_1Po[1]        3.0    2280870.0000    10.9073   2.749E+02    24     0     84
2s_5d_3De[3]        7.0    2284920.0000    10.7859   2.779E+02    34     0     85
2s_5d_3De[2]        5.0    2284920.0000    10.7859   2.779E+02    34     0     86
2s_5d_3De[1]        3.0    2284920.0000    10.7859   2.779E+02    34     0     87
2s_5d_1De[2]        5.0    2288380.0000    10.6822   2.806E+02    35     0     88
2s_5f_3Fo          21.0    2290399.8860    10.6217   2.822E+02    33     0     89
2s_5g_3Ge          27.0    2292130.8120    10.5698   2.836E+02    36     0     90
2s_5g_1Ge           9.0    2292250.1860    10.5662   2.837E+02    37     0     91
2s_5f_1Fo           7.0    2292289.9780    10.5650   2.838E+02    26     0     92
2s_6s_3Se           3.0    2385431.7120     7.7727   3.857E+02    31     0     93
2s_6s_1Se           1.0    2387610.2910     7.7074   3.890E+02    32     0     94
2s_6p_1Po[1]        3.0    2392170.0000     7.5707   3.960E+02    38     0     95
2s_6p_3Po           9.0    2392454.8950     7.5621   3.964E+02    39     0     96
2s_6d_3De[3]        7.0    2395290.0000     7.4771   4.009E+02    34     0     97
2s_6d_3De[2]        5.0    2395290.0000     7.4771   4.009E+02    34     0     98
2s_6d_3De[1]        3.0    2395290.0000     7.4771   4.009E+02    34     0     99
2s_6d_1De[2]        5.0    2397490.0000     7.4112   4.045E+02    35     0    100
2s_6z_3Z           33.0    2397796.6210     7.4020   4.050E+02    40     0    101
2s_6z_1Z           11.0    2397796.6210     7.4020   4.050E+02    41     0    102
2s_6f_3Fo          21.0    2398622.5630     7.3772   4.064E+02    42     0    103
2s_6g_3Ge          27.0    2399070.2160     7.3638   4.071E+02    36     0    104
2s_6g_1Ge           9.0    2399090.1120     7.3632   4.071E+02    37     0    105
2s_6f_1Fo           7.0    2399249.2780     7.3584   4.074E+02    43     0    106
2p_5s_3Po           9.0    2428744.6570     6.4742   4.631E+02    44     0    107
2p_5s_1Po           3.0    2430992.8720     6.4068   4.679E+02    45     0    108
2p_5p_1Pe           3.0    2436812.3650     6.2323   4.810E+02    46     0    109
2p_5p_3De          15.0    2438026.0030     6.1959   4.839E+02    47     0    110
2p_5p_3Se           3.0    2439488.3370     6.1521   4.873E+02    47     0    111
2p_5p_3Pe[0]        1.0    2443950.0000     6.0183   4.981E+02    47     0    112
2p_5p_3Pe[1]        3.0    2443950.0000     6.0183   4.981E+02    47     0    113
2p_5p_3Pe[2]        5.0    2443950.0000     6.0183   4.981E+02    47     0    114
2p_5d_3Fo          21.0    2444173.7750     6.0116   4.987E+02    48     0    115
2p_5d_1Do           5.0    2444233.4620     6.0098   4.988E+02    45     0    116
2p_5p_1De[2]        5.0    2446550.0000     5.9404   5.047E+02    46     0    117
2p_5p_1Se           1.0    2446670.6860     5.9368   5.050E+02    46     0    118
2p_5d_3Po           9.0    2447645.5750     5.9075   5.075E+02    48     0    119
2p_5f_1Fe           7.0    2448063.3850     5.8950   5.086E+02    46     0    120
2p_5f_3Fe          21.0    2448282.2380     5.8885   5.091E+02    47     0    121
2p_5f_3Ge          27.0    2448889.0570     5.8703   5.107E+02    47     0    122
2p_5f_1Ge           9.0    2449744.5720     5.8446   5.129E+02    46     0    123
2p_5g_3Fo          21.0    2450669.7220     5.8169   5.154E+02    48     0    124
2p_5g_1Fo           7.0    2450689.6180     5.8163   5.154E+02    45     0    125
2p_5f_3De          15.0    2450808.9920     5.8127   5.158E+02    47     0    126
2p_5d_3Do[1]        3.0    2451620.0000     5.7884   5.179E+02    48     0    127
2p_5d_3Do[3]        7.0    2451620.0000     5.7884   5.179E+02    48     0    128
2p_5d_3Do[2]        5.0    2451620.0000     5.7884   5.179E+02    48     0    129
2p_5f_1De           5.0    2451744.0900     5.7847   5.183E+02    46     0    130
2p_5d_1Po           3.0    2452360.8570     5.7662   5.199E+02    45     0    131
2p_5d_1Fo[3]        7.0    2454530.0000     5.7012   5.258E+02    45     0    132
2s_7s_3Se           3.0    2456777.7030     5.6338   5.321E+02    49     0    133
2s_7s_1Se           1.0    2459801.8500     5.5431   5.408E+02    50     0    134
2s_7p_3Po           9.0    2460727.0000     5.5154   5.436E+02    39     0    135
2s_7p_1Po[1]        3.0    2460750.0000     5.5147   5.436E+02    38     0    136
2s_7d_3De[3]        7.0    2462300.0000     5.4682   5.482E+02    47     0    137
2s_7d_3De[1]        3.0    2462300.0000     5.4682   5.482E+02    47     0    138
2s_7d_3De[2]        5.0    2462300.0000     5.4682   5.482E+02    47     0    139
2s_7d_1De[2]        5.0    2462990.0000     5.4475   5.503E+02    51     0    140
2s_7z_3Z           72.0    2463301.5991     5.4382   5.513E+02    40     0    141
2s_7z_1Z           24.0    2463301.5991     5.4382   5.513E+02    41     0    142
2s_7f_3Fo          21.0    2463950.1040     5.4187   5.533E+02    42     0    143
2s_7g_3Ge          27.0    2464546.9750     5.4009   5.551E+02    52     0    144
2s_7g_1Ge           9.0    2464626.5580     5.3985   5.553E+02    53     0    145
2s_7f_1Fo           7.0    2464686.2450     5.3967   5.555E+02    43     0    146
2s_8s_3Se           3.0    2501065.5380     4.3061   6.962E+02    49     0    147
2s_8s_1Se           1.0    2502070.2710     4.2759   7.011E+02    50     0    148
2s_8p_3Po           9.0    2503890.7280     4.2214   7.102E+02    39     0    149
2s_8p_1Po           3.0    2504159.3200     4.2133   7.115E+02    38     0    150
2s_8d_3De          15.0    2505412.7490     4.1757   7.179E+02    47     0    151
2s_8z_3Z          117.0    2505816.8493     4.1636   7.200E+02    40     0    152
2s_8z_1Z           39.0    2505816.8493     4.1636   7.200E+02    41     0    153
2s_8d_1De           5.0    2506168.7860     4.1531   7.219E+02    51     0    154
2s_8f_3Fo          21.0    2506327.9520     4.1483   7.227E+02    42     0    155
2s_8g_3Ge          27.0    2506576.6480     4.1408   7.240E+02    52     0    156
2s_8g_1Ge           9.0    2506586.5960     4.1405   7.240E+02    53     0    157
2s_8f_1Fo           7.0    2506636.3350     4.1390   7.243E+02    43     0    158
2s_9s_3Se           3.0    2531565.6510     3.3917   8.839E+02    54     0    159
2s_9s_1Se           1.0    2532132.6780     3.3747   8.884E+02    55     0    160
2s_9p_1Po           3.0    2533595.0130     3.3308   9.000E+02    56     0    161
2s_9p_3Po           9.0    2533614.9080     3.3302   9.002E+02    57     0    162
2s_9d_3De          15.0    2534739.0160     3.2965   9.094E+02    54     0    163
2s_9z_3Z          168.0    2534965.1649     3.2898   9.113E+02    58     0    164
2s_9z_1Z           56.0    2534965.1649     3.2898   9.113E+02    59     0    165
2s_9d_1De           5.0    2535266.2520     3.2807   9.138E+02    55     0    166
2s_9f_3Fo          21.0    2535375.6780     3.2775   9.147E+02    60     0    167
2s_9g_3Ge          27.0    2535514.9480     3.2733   9.159E+02    61     0    168
2s_9g_1Ge           9.0    2535524.8960     3.2730   9.160E+02    62     0    169
2s_9f_1Fo           7.0    2535544.7920     3.2724   9.161E+02    56     0    170
2p_6s_3Po           9.0    2545910.4530     2.9616   1.012E+03    44     0    171
2p_6s_1Po           3.0    2547004.7170     2.9288   1.024E+03    63     0    172
2p_6p_1Pe           3.0    2550605.8390     2.8209   1.063E+03    64     0    173
2p_6p_3De          15.0    2551232.5530     2.8021   1.070E+03    65     0    174
2p_6p_3Se           3.0    2551322.0840     2.7994   1.071E+03    65     0    175
2s_10s_1Se          1.0    2552864.0010     2.7532   1.089E+03    55     0    176
2p_6p_3Pe           9.0    2552983.3750     2.7496   1.090E+03    65     0    177
2p_6p_1De           5.0    2554395.9700     2.7072   1.107E+03    64     0    178
2s_10p_3Po          9.0    2554535.2400     2.7031   1.109E+03    57     0    179
2s_10s_3Se          3.0    2554584.9790     2.7016   1.110E+03    54     0    180
2p_6d_3Fo          21.0    2554714.3010     2.6977   1.111E+03    66     0    181
2p_6d_1Do           5.0    2554803.8320     2.6950   1.112E+03    63     0    182
2s_10p_1Po          3.0    2555191.7980     2.6834   1.117E+03    56     0    183
2s_10d_3De         15.0    2555719.0350     2.6676   1.124E+03    54     0    184
2s_10z_3Z         225.0    2555814.7835     2.6647   1.125E+03    58     0    185
2s_10z_1Z          75.0    2555814.7835     2.6647   1.125E+03    59     0    186
2s_10g_3Ge         27.0    2555868.2520     2.6631   1.126E+03    62     0    187
2s_10g_1Ge          9.0    2555927.9390     2.6613   1.126E+03    61     0    188
2s_10f_1Fo          7.0    2556007.5220     2.6589   1.127E+03    56     0    189
2s_10d_1De          5.0    2556146.7920     2.6548   1.129E+03    55     0    190
2s_10f_3Fo         21.0    2556206.4790     2.6530   1.130E+03    60     0    191
2p_6d_3Do          15.0    2556475.0710     2.6449   1.133E+03    66     0    192
2p_6f_1Fe           7.0    2556962.5160     2.6303   1.140E+03    64     0    193
2p_6f_3Fe          21.0    2557091.8380     2.6264   1.141E+03    65     0    194
2p_6d_3Po           9.0    2557231.1080     2.6223   1.143E+03    66     0    195
2p_6f_3Ge          27.0    2557917.5100     2.6017   1.152E+03    65     0    196
2s_11w_3W         363.0    2571241.1434     2.2022   1.361E+03    67     0    197
2s_11w_1W         121.0    2571241.1434     2.2022   1.361E+03    68     0    198
2s_12w_3W         432.0    2582974.1552     1.8505   1.620E+03    67     0    199
2s_12w_1W         144.0    2582974.1552     1.8505   1.620E+03    68     0    200
2s_13w_3W         507.0    2592105.1974     1.5768   1.901E+03    67     0    201
2s_13w_1W         169.0    2592105.1974     1.5768   1.901E+03    68     0    202
2s_14w_3W         588.0    2599350.3998     1.3595   2.205E+03    67     0    203
2s_14w_1W         196.0    2599350.3998     1.3595   2.205E+03    68     0    204
2s_15w_3W         675.0    2605195.4594     1.1843   2.531E+03    67     0    205
2s_15w_1W         225.0    2605195.4594     1.1843   2.531E+03    68     0    206
2s_16w_3W         768.0    2609979.2123     1.0409   2.880E+03    69     0    207
2s_16w_1W         256.0    2609979.2123     1.0409   2.880E+03    70     0    208
2s_17w_3W         867.0    2613943.8697     0.9220   3.251E+03    69     0    209
2s_17w_1W         289.0    2613943.8697     0.9220   3.251E+03    70     0    210
2s_18w_3W         972.0    2617266.2912     0.8224   3.645E+03    69     0    211
2s_18w_1W         324.0    2617266.2912     0.8224   3.645E+03    70     0    212
2p_7p_1Pe           3.0    2618579.5080     0.7831   3.828E+03    71     0    213
2p_7p_3Pe           9.0    2620011.9990     0.7401   4.051E+03    72     0    214
2s_19w_3W        1083.0    2620078.0564     0.7381   4.061E+03    69     0    215
2s_19w_1W         361.0    2620078.0564     0.7381   4.061E+03    70     0    216
2p_7d_1Do           5.0    2621185.8460     0.7049   4.253E+03    63     0    217
2p_7d_3Do          15.0    2622210.4740     0.6742   4.447E+03    66     0    218
2s_20w_3W        1200.0    2622478.6959     0.6662   4.500E+03    69     0    219
2s_20w_1W         400.0    2622478.6959     0.6662   4.500E+03    70     0    220
2p_7f_1Fe           7.0    2622518.8580     0.6650   4.508E+03    71     0    221
2p_7f_3Fe          21.0    2622608.3880     0.6623   4.527E+03    72     0    222
2s_21w_3W        1323.0    2624544.6221     0.6042   4.961E+03    73     0    223
2s_21w_1W         441.0    2624544.6221     0.6042   4.961E+03    74     0    224
2s_22w_3W        1452.0    2626335.2859     0.5506   5.445E+03    73     0    225
2s_22w_1W         484.0    2626335.2859     0.5506   5.445E+03    74     0    226
2s_23w_3W        1587.0    2627897.5016     0.5037   5.951E+03    73     0    227
2s_23w_1W         529.0    2627897.5016     0.5037   5.951E+03    74     0    228
2s_24w_3W        1728.0    2629268.5388     0.4626   6.480E+03    73     0    229
2s_24w_1W         576.0    2629268.5388     0.4626   6.480E+03    74     0    230
2s_25w_3W        1875.0    2630478.3654     0.4264   7.032E+03    73     0    231
2s_25w_1W         625.0    2630478.3654     0.4264   7.032E+03    74     0    232
2s_26w_3W        2028.0    2631551.2993     0.3942   7.605E+03    73     0    233
2s_26w_1W         676.0    2631551.2993     0.3942   7.605E+03    74     0    234
2s_27w_3W        2187.0    2632507.2405     0.3655   8.202E+03    73     0    235
2s_27w_1W         729.0    2632507.2405     0.3655   8.202E+03    74     0    236
2s_28w_3W        2352.0    2633362.5999     0.3399   8.820E+03    73     0    237
2s_28w_1W         784.0    2633362.5999     0.3399   8.820E+03    74     0    238
2s_29w_3W        2523.0    2634131.0087     0.3169   9.462E+03    73     0    239
2s_29w_1W         841.0    2634131.0087     0.3169   9.462E+03    74     0    240
2s_30w_3W        2700.0    2634823.8648     0.2961   1.013E+04    73     0    241
2s_30w_1W         900.0    2634823.8648     0.2961   1.013E+04    74     0    242
