2s2s1Se                            1.0      1.0           0.00000
2s2p3Po                            9.0      9.0       52419.42889
2s2p1Po                            3.0      3.0      102352.04000
2p2p3Pe                            9.0      9.0      137477.66111
2p2p1De                            5.0      5.0      145876.13000
2p2p1Se                            1.0      1.0      182519.88000
2s3s3Se                            3.0      3.0      238213.00000
2s3s1Se                            1.0      1.0      247170.26000
2s3p1Po                            3.0      3.0      258931.29000
2s3p3Po                            9.0      9.0      259717.85667
2s3d3De                           15.0     15.0      270013.02133
2s3d1De                            5.0      5.0      276482.86000
2p3s3Po                            9.0      9.0      308283.30667
2s4s3Se                            3.0      3.0      309457.17000
2p3s1Po                            3.0      3.0      310006.32000
2s4s1Se                            1.0      1.0      311721.51000
2s4p3Po                            9.0      9.0      317798.92111
2p3p1Pe                            3.0      3.0      319720.35000
2s4d3De                           15.0     15.0      321434.53200
2s4f3Fo                           21.0     21.0      322011.77095
2s4p1Po                            3.0      3.0      322404.20000
2s4f1Fo                            7.0      7.0      322702.02000
2p3p3De                           15.0     15.0      323114.65000
2s4d1De                            5.0      5.0      324212.19000
2p3p3Se                            3.0      3.0      327278.27000
2p3p3Pe                            9.0     11.0      329791.73778
2p3d1Do                            5.0      5.0      332691.28000
2p3p1De                            5.0      5.0      333118.21000
2p3d3Fo                           21.0     21.0      333421.00286
2p3d3Do                           15.0     15.0      337675.24467
2s5s1Se                            1.0      1.0      338514.33000
2s5s3Se                            3.0      3.0      339934.72000
2p3d3Po                            9.0      9.0      340114.84667
2p3d1Fo                            7.0      7.0      341370.94000
2s5p1Po                            3.0      3.0      343258.03000
2s5p3Po                            9.0      9.0      344234.72000
2p3p1Se                            1.0      1.0      345095.43000
2s5d3De                           15.0     15.0      345496.89000
2s5g3Ge                           27.0     27.0      346579.30000
2s5g1Ge                            9.0      9.0      346579.31000
2s5d1De                            5.0      5.0      346658.34000
2p3d1Po                            3.0      3.0      346712.73000
2s5f3Fo                           21.0     21.0      347153.86000
2s5f1Fo                            7.0      7.0      348859.99000
2s6s3Se                            3.0      3.0      354858.03000
2s6s1Se                            1.0      1.0      355756.64763
2s6p3Po                            9.0      9.0      357050.17000
2s6p1Po                            3.0      3.0      357109.68000
2s6d3De                           15.0     15.0      358097.78000
2s6g1Ge                            9.0      9.0      358692.18000
2s6g3Ge                           27.0     27.0      358692.31000
2s6d1De                            5.0      5.0      358732.93000
2s6h1Ho                           11.0     11.0      358776.00000
2s6h3Ho                           33.0     33.0      358776.30000
2s6f3Fo                           21.0     21.0      358850.43000
2s6f1Fo                            7.0      7.0      359121.95000
2s7s3Se                            3.0      3.0      363613.00000
2s7s1Se                            1.0      1.0      364028.10498
2s7p1Po                            3.0      3.0      364896.00000
2s7p3Po                            9.0      9.0      364925.00000
2s7d3De                           15.0     15.0      365638.00000
2s7g3Ge                           27.0     27.0      366001.98184
2s7g1Ge                            9.0      9.0      366002.03123
2s7d1De                            5.0      5.0      366027.00000
2s7h3Ho                           33.0     33.0      366054.00000
2s7h1Ho                           11.0     11.0      366065.11153
2s7i1Ie                           13.0     13.0      366082.12849
2s7i3Ie                           39.0     39.0      366082.12849
2s7f3Fo                           21.0     21.0      366118.00000
2s7f1Fo                            7.0      7.0      366162.72945
2s8s3Se                            3.0      3.0      369159.40392
2s8s1Se                            1.0      1.0      369399.27102
2s8p1Po                            3.0      3.0      369926.70805
2s8p3Po                            9.0      9.0      370053.98468
2s8d3De                           15.0     15.0      370509.28479
2s8g3Ge                           27.0     27.0      370744.61887
2s8g1Ge                            9.0      9.0      370744.67813
2s8d1De                            5.0      5.0      370775.26499
2s8f3Fo                           21.0     21.0      370781.68484
2s8h3Ho                           33.0     33.0      370794.84015
2s8h1Ho                           11.0     11.0      370794.84015
2s8i1Ie                           13.0     13.0      370806.23747
2s8i3Ie                           39.0     39.0      370806.23747
2s8z1Z                            15.0     15.0      370809.89588
2s8z3Z                            45.0     45.0      370809.89588
2s8f1Fo                            7.0      7.0      370818.48415
2s9s3Se                            3.0      3.0      372889.53156
2s9s1Se                            1.0      1.0      373043.97805
2s9p1Po                            3.0      3.0      373338.41204
2s9p3Po                            9.0      9.0      373512.67050
2s9d3De                           15.0     15.0      373836.07185
2s9g3Ge                           27.0     27.0      373996.70606
2s9g1Ge                            9.0      9.0      373996.78507
2s9f3Fo                           21.0     21.0      374017.91060
2s9d1De                            5.0      5.0      374020.32518
2s9f1Fo                            7.0      7.0      374033.94981
2s9h3Ho                           33.0     33.0      374037.26826
2s9h1Ho                           11.0     11.0      374037.26826
2s9i1Ie                           13.0     13.0      374045.57428
2s9i3Ie                           39.0     39.0      374045.57428
2s9z3Z                            96.0     96.0      374048.52267
2s9z1Z                            32.0     32.0      374048.52267
2s10s3Se                           3.0      3.0      375518.16875
2s10s1Se                           1.0      1.0      375625.33711
2s10p1Po                           3.0      3.0      375722.72788
2s10p3Po                           9.0      9.0      375955.93832
2s10d3De                          15.0     15.0      376209.41505
2s10g3Ge                          27.0     27.0      376323.10196
2s10g1Ge                           9.0      9.0      376323.20072
2s10f3Fo                          21.0     21.0      376335.50666
2s10d1De                           5.0      5.0      376342.31132
2s10f1Fo                           7.0      7.0      376342.59789
2s10h1Ho                          11.0     11.0      376356.46430
2s10h3Ho                          33.0     33.0      376356.46430
2s10i3Ie                          39.0     39.0      376362.76541
2s10i1Ie                          13.0     13.0      376362.76541
2s10z3Z                          153.0    153.0      376365.09337
2s10z1Z                           51.0     51.0      376365.09337
2s11s3Se                           3.0      3.0      377451.47825
2s11s1Se                           1.0      1.0      377533.81524
2s11p1Po                           3.0      3.0      377598.85467
2s11p3Po                           9.0      9.0      377774.00186
2s11d3De                          15.0     15.0      377959.06727
2s11g3Ge                          27.0     27.0      378053.80738
2s11g1Ge                           9.0      9.0      378053.80738
2s11d1De                           5.0      5.0      378064.23360
2s11h3Ho                          33.0     33.0      378073.15452
2s11h1Ho                          11.0     11.0      378073.15452
2s11i3Ie                          39.0     39.0      378077.60951
2s11i1Ie                          13.0     13.0      378077.60951
2s11z3Z                          216.0    216.0      378079.09369
2s11z1Z                           72.0     72.0      378079.09369
2s11f3Fo                          21.0     21.0      378086.50855
2s11f1Fo                           7.0      7.0      378093.91331
2s12s3Se                           3.0      3.0      378901.59257
2s12s1Se                           1.0      1.0      378964.45659
2s12p1Po                           3.0      3.0      379014.16810
2s12p3Po                           9.0      9.0      379148.27763
2s12d3De                          15.0     15.0      379290.36529
2s12g3Ge                          27.0     27.0      379363.25837
2s12g1Ge                           9.0      9.0      379363.25837
2s12d1De                           5.0      5.0      379371.28675
2s12h3Ho                          33.0     33.0      379378.15704
2s12h1Ho                          11.0     11.0      379378.15704
2s12i3Ie                          39.0     39.0      379381.58832
2s12i1Ie                          13.0     13.0      379381.58832
2s12z3Z                          285.0    285.0      379382.73150
2s12z1Z                           95.0     95.0      379382.73150
2s12f3Fo                          21.0     21.0      379388.44316
2s12f1Fo                           7.0      7.0      379394.14768
2s13s3Se                           3.0      3.0      380020.34830
2s13s1Se                           1.0      1.0      380069.42623
2s13p1Po                           3.0      3.0      380108.27160
2s13p3Po                           9.0      9.0      380213.22495
2s13d3De                          15.0     15.0      380324.67602
2s13g3Ge                          27.0     27.0      380381.95463
2s13g1Ge                           9.0      9.0      380381.95463
2s13d1De                           5.0      5.0      380388.26752
2s13h3Ho                          33.0     33.0      380393.67046
2s13h1Ho                          11.0     11.0      380393.67046
2s13i3Ie                          39.0     39.0      380396.36912
2s13i1Ie                          13.0     13.0      380396.36912
2s13z3Z                          360.0    360.0      380397.26826
2s13z1Z                          120.0    120.0      380397.26826
2s13f3Fo                          21.0     21.0      380401.76085
2s13f1Fo                           7.0      7.0      380406.24826
2s14s3Se                           3.0      3.0      380901.51761
2s14s1Se                           1.0      1.0      380940.56305
2s14p1Po                           3.0      3.0      380971.49187
2s14p3Po                           9.0      9.0      381055.16371
2p4p1Pe                            3.0      3.0      381105.40000
2s14d3De                          15.0     15.0      381144.18929
2s14g3Ge                          27.0     27.0      381190.01289
2s14g1Ge                           9.0      9.0      381190.01289
2s14d1De                           5.0      5.0      381195.06622
2s14h3Ho                          33.0     33.0      381199.39162
2s14h1Ho                          11.0     11.0      381199.39162
2s14i3Ie                          39.0     39.0      381201.55223
2s14i1Ie                          13.0     13.0      381201.55223
2s14z3Z                          441.0    441.0      381202.27213
2s14z1Z                          147.0    147.0      381202.27213
2s14f3Fo                          21.0     21.0      381205.86929
2s14f1Fo                           7.0      7.0      381209.46260
2s15w3W                          675.0    675.0      381851.70816
2s15w1W                          225.0    225.0      381851.70816
2s16w3W                          768.0    768.0      382383.22397
2s16w1W                          256.0    256.0      382383.22397
2s17w3W                          867.0    867.0      382823.73127
2s17w1W                          289.0    289.0      382823.73127
2s18w3W                          972.0    972.0      383192.88067
2s18w1W                          324.0    324.0      383192.88067
2s19w3W                         1083.0   1083.0      383505.29179
2s19w1W                          361.0    361.0      383505.29179
2s20w3W                         1200.0   1200.0      383772.02334
2s20w1W                          400.0    400.0      383772.02334
2s21w3W                         1323.0   1323.0      384001.56539
2s21w1W                          441.0    441.0      384001.56539
2s22w3W                         1452.0   1452.0      384200.52342
2s22w1W                          484.0    484.0      384200.52342
2s23w3W                         1587.0   1587.0      384374.09893
2s23w1W                          529.0    529.0      384374.09893
2p4p3Pe                            9.0      9.0      384387.00000
2s24w3W                         1728.0   1728.0      384526.43288
2s24w1W                          576.0    576.0      384526.43288
2s25w3W                         1875.0   1875.0      384660.85494
2s25w1W                          625.0    625.0      384660.85494
2s26w3W                         2028.0   2028.0      384780.06707
2s26w1W                          676.0    676.0      384780.06707
2s27w3W                         2187.0   2187.0      384886.28030
2s27w1W                          729.0    729.0      384886.28030
2s28w3W                         2352.0   2352.0      384981.31803
2s28w1W                          784.0    784.0      384981.31803
2s29w3W                         2523.0   2523.0      385066.69481
2s29w1W                          841.0    841.0      385066.69481
2s30w3W                         2700.0   2700.0      385143.67704
2s30w1W                          900.0    900.0      385143.67704
2p4d1Do                            5.0      5.0      385817.20000
