
********************************************************************************

                 Energy Levels and statistical weights for SiIII     

********************************************************************************

12-NOV-1996                                      !Date
148                                              !Number of energy levels
270139.3000                                      !Ionization energy
6                                                !Entry number of link to super level

3s21Se[0]        1.0          0.00000000     8.0985   3.701E+02     1     0
3s3p3Po[0]       1.0      52724.69000000     6.5179   4.599E+02     2     0
3s3p3Po[1]       3.0      52853.28000000     6.5140   4.602E+02     2     0
3s3p3Po[2]       5.0      53115.01000000     6.5062   4.607E+02     2     0
3s3p1Po[1]       3.0      82884.41000000     5.6137   5.340E+02     3     0
3p21De[2]        5.0     122214.52000000     4.4346   6.760E+02     4     0
3p23Pe[0]        1.0     129708.45000000     4.2100   7.120E+02     5     0
3p23Pe[1]        3.0     129841.97000000     4.2060   7.127E+02     5     0
3p23Pe[2]        5.0     130100.52000000     4.1982   7.140E+02     5     0
3s3d3De[3]       7.0     142943.74000000     3.8132   7.861E+02     6     0
3s3d3De[2]       5.0     142945.84000000     3.8131   7.862E+02     6     0
3s3d3De[1]       3.0     142948.25000000     3.8130   7.862E+02     6     0
3s4s3Se[1]       3.0     153377.05000000     3.5004   8.564E+02     7     0
3p21Se[0]        1.0     153444.23000000     3.4984   8.569E+02     8     0
3s4s1Se[0]       1.0     159069.61000000     3.3297   9.003E+02     9     0
3s3d1De[2]       5.0     165765.00000000     3.1290   9.580E+02    10     0
3s4p3Po[0]       1.0     175230.01000000     2.8453   1.053E+03    11     0
3s4p3Po[1]       3.0     175263.10000000     2.8443   1.054E+03    11     0
3s4p3Po[2]       5.0     175336.26000000     2.8421   1.054E+03    11     0
3s4p1Po[1]       3.0     176487.19000000     2.8076   1.067E+03    12     0
3p3d3Fo[2]       5.0     198923.15000000     2.1350   1.404E+03    13     0
3p3d3Fo[3]       7.0     199026.49000000     2.1319   1.406E+03    13     0
3p3d3Fo[4]       9.0     199164.10000000     2.1277   1.408E+03    13     0
3s4d3De[1]       3.0     201597.73000000     2.0548   1.458E+03    14     0
3s4d3De[2]       5.0     201598.28000000     2.0548   1.458E+03    14     0
3s4d3De[3]       7.0     201599.48000000     2.0547   1.459E+03    14     0
3s4d1De[2]       5.0     204330.79000000     1.9728   1.519E+03    15     0
3s4f1Fo[3]       7.0     204828.06000000     1.9579   1.531E+03    16     0
3p3d1Do[2]       5.0     205029.09000000     1.9519   1.535E+03    17     0
3s5s3Se[1]       3.0     206176.08000000     1.9175   1.563E+03    18     0
3s5s1Se[0]       1.0     207874.09000000     1.8666   1.606E+03    19     0
3s4f3Fo[2]       5.0     209531.40000000     1.8169   1.649E+03    20     0
3s4f3Fo[3]       7.0     209559.33000000     1.8161   1.650E+03    20     0
3s4f3Fo[4]       9.0     209599.70000000     1.8149   1.651E+03    20     0
3s5p1Po[1]       3.0     214532.17000000     1.6670   1.798E+03    21     0
3s5p3Po[2]       5.0     214989.27000000     1.6533   1.813E+03    22     0
3s5p3Po[1]       3.0     214994.65000000     1.6531   1.813E+03    22     0
3s5p3Po[0]       1.0     214995.46000000     1.6531   1.813E+03    22     0
3p3d3Po[2]       5.0     216190.24000000     1.6173   1.853E+03    23     0
3p3d3Po[1]       3.0     216288.69000000     1.6144   1.856E+03    23     0
3p3d3Po[0]       1.0     216350.26000000     1.6125   1.859E+03    23     0
3p3d3Do[1]       3.0     217385.77000000     1.5815   1.895E+03    24     0
3p3d3Do[2]       5.0     217439.92000000     1.5798   1.897E+03    24     0
3p3d3Do[3]       7.0     217489.49000000     1.5784   1.899E+03    24     0
3s5f1Fo[3]       7.0     225526.33000000     1.3374   2.241E+03    25     0
3p4s3Po[0]       1.0     226400.00000000     1.3112   2.286E+03    26     0
3p4s3Po[1]       3.0     226527.42000000     1.3074   2.292E+03    26     0
3p4s3Po[2]       5.0     226820.28000000     1.2986   2.308E+03    26     0
3s5d3De[1]       3.0     227081.19000000     1.2908   2.322E+03    27     0
3s5d3De[2]       5.0     227084.21000000     1.2907   2.322E+03    27     0
3s5d3De[3]       7.0     227088.72000000     1.2906   2.322E+03    27     0
3s5d1De[2]       5.0     227665.09000000     1.2733   2.354E+03    28     0
3p4s1Po[1]       3.0     228699.75000000     1.2423   2.413E+03    29     0
3s6s3Se[1]       3.0     229623.19000000     1.2146   2.468E+03    30     0
3s5f3Fo[2]       5.0     230267.70000000     1.1953   2.508E+03    31     0
3s5f3Fo[3]       7.0     230268.62000000     1.1952   2.508E+03    32     0
3s5f3Fo[4]       9.0     230270.66000000     1.1952   2.508E+03    33     0
3s5g3Ge[3]       7.0     230301.22000000     1.1943   2.510E+03    34     0
3s5g3Ge[4]       9.0     230301.66000000     1.1943   2.510E+03    34     0
3s5g3Ge[5]      11.0     230302.35000000     1.1942   2.510E+03    34     0
3s5g1Ge[4]       9.0     230302.01000000     1.1942   2.510E+03    35     0
3s6s1Se[0]       1.0     230364.46000000     1.1924   2.514E+03    36     0
3s6p1Po[1]       3.0     234387.64000000     1.0718   2.797E+03    37     0
3s6p3Po[0]       1.0     234415.07000000     1.0709   2.799E+03    38     0
3s6p3Po[1]       3.0     234428.40000000     1.0705   2.800E+03    38     0
3s6p3Po[2]       5.0     234442.18000000     1.0701   2.801E+03    38     0
3p3d1Fo[3]       7.0     235413.93000000     1.0410   2.879E+03    39     0
3p3d1Po[1]       3.0     235951.09000000     1.0249   2.924E+03    40     0
3s6d3De[1]       3.0     240262.28000000     0.8956   3.347E+03    41     0
3s6d3De[2]       5.0     240284.28000000     0.8950   3.349E+03    41     0
3s6d3De[3]       7.0     240314.63000000     0.8941   3.352E+03    41     0
3s6d1De[2]       5.0     240549.77000000     0.8870   3.379E+03    42     0
3s7s3Se[1]       3.0     242145.10000000     0.8392   3.572E+03    43     0
3s6f3Fo[2]       5.0     242410.88000000     0.8312   3.606E+03    44     0
3s6f3Fo[3]       7.0     242411.27000000     0.8312   3.606E+03    44     0
3s6f3Fo[4]       9.0     242411.70000000     0.8312   3.606E+03    44     0
3s6g3Ge[3]       7.0     242473.66000000     0.8293   3.614E+03    45     0
3s6g3Ge[4]       9.0     242473.86000000     0.8293   3.614E+03    45     0
3s6g3Ge[5]      11.0     242474.81000000     0.8293   3.614E+03    45     0
3s6g1Ge[4]       9.0     242474.27000000     0.8293   3.614E+03    46     0
3s7s1Se[0]       1.0     242537.95000000     0.8274   3.623E+03    47     0
6z3Z            33.0     242639.38000000     0.8244   3.636E+03    48     0
6z1Z            11.0     242639.38000000     0.8244   3.636E+03    49     0
3p4p1Pe[1]       3.0     242885.30000000     0.8170   3.669E+03    50     0
3s6f1Fo[3]       7.0     243868.50000000     0.7875   3.806E+03    51     0
3p4p3De[1]       3.0     244736.93000000     0.7615   3.936E+03    52     0
3p4p3De[2]       5.0     244866.05000000     0.7576   3.956E+03    52     0
3s7p3Po[0]       1.0     244928.72000000     0.7557   3.966E+03    53     0
3p4p3De[3]       7.0     245086.58000000     0.7510   3.991E+03    52     0
3s7p3Po[1]       3.0     244933.36000000     0.7556   3.967E+03    53     0
3s7p3Po[2]       5.0     244943.31000000     0.7553   3.968E+03    53     0
3p4p3Pe[0]       1.0     247871.66000000     0.6675   4.490E+03    54     0
3p4p3Pe[1]       3.0     247953.69000000     0.6651   4.507E+03    54     0
3p4p3Pe[2]       5.0     248168.04000000     0.6586   4.551E+03    54     0
3p4p1De[2]       5.0     247935.39000000     0.6656   4.503E+03    55     0
3p4p3Se[1]       3.0     248772.86000000     0.6405   4.680E+03    56     0
3s7d3De[1]       3.0     249093.50000000     0.6309   4.751E+03    57     0
3s7d3De[2]       5.0     249103.90000000     0.6306   4.753E+03    57     0
3s7d3De[3]       7.0     249121.14000000     0.6301   4.757E+03    57     0
3s8s3Se          3.0     249766.19000000     0.6107   4.908E+03    58     0
3s7f3Fo[2]       5.0     249774.48000000     0.6105   4.910E+03    59     0
3s7f3Fo[3]       7.0     249774.70000000     0.6105   4.910E+03    59     0
3s7f3Fo[4]       9.0     249774.98000000     0.6105   4.910E+03    59     0
3s7g3Ge[3]       7.0     249817.32000000     0.6092   4.920E+03    60     0
3s7g3Ge[4]       9.0     249817.85000000     0.6092   4.920E+03    60     0
3s7g3Ge[5]      11.0     249818.93000000     0.6091   4.921E+03    60     0
3s7g1Ge[4]       9.0     249817.94000000     0.6092   4.920E+03    61     0
3s8s1Se          3.0     249857.26000000     0.6080   4.930E+03    62     0
7z3Z            72.0     249966.49000000     0.6047   4.957E+03    63     0
7z1Z            24.0     249966.49000000     0.6047   4.957E+03    64     0
3s7f1Fo[3]       7.0     250366.22000000     0.5927   5.057E+03    65     0
3s7d1De[2]       5.0     250636.55000000     0.5846   5.127E+03    66     0
3p4p1Se[0]       1.0     258978.66000000     0.3345   8.960E+03    67     0
3s8p3Po          9.0     251265.86000000     0.5658   5.298E+03    68     0
3s8p1Po          3.0     251427.50300000     0.5609   5.344E+03    69     0
3s8d3De         15.0     254004.79300000     0.4837   6.197E+03    70     0
3s9s3Se          3.0     254338.06900000     0.4737   6.328E+03    71     0
3s9s1Se          1.0     254372.99100000     0.4726   6.342E+03    72     0
3s8f3Fo         21.0     254557.61000000     0.4671   6.417E+03    73     0
3s8g1Ge          9.0     254584.90000000     0.4663   6.429E+03    74     0
3s8g3Ge         27.0     254585.57500000     0.4662   6.429E+03    75     0
8z1Z            39.0     254707.79169941     0.4626   6.480E+03    76     0
8z3Z           117.0     254707.79169941     0.4626   6.480E+03    77     0
3s8d1De          5.0     254767.05000000     0.4608   6.505E+03    78     0
3s8f1Fo          7.0     254855.72000000     0.4581   6.542E+03    79     0
3s9p3Po          9.0     255489.52300000     0.4391   6.826E+03    80     0
3s9p1Po          3.0     255573.33800000     0.4366   6.865E+03    81     0
3s10s1Se         1.0     257300.52000000     0.3848   7.788E+03    82     0
3s9d3De         15.0     257415.90000000     0.3814   7.859E+03    83     0
3s10s3Se         3.0     257603.84900000     0.3758   7.977E+03    84     0
3s9g1Ge          9.0     257617.81900000     0.3753   7.986E+03    85     0
3s9f3Fo         21.0     257831.70000000     0.3689   8.125E+03    86     0
3s9d1De          5.0     257848.80000000     0.3684   8.136E+03    87     0
3s9g3Ge         27.0     257853.90000000     0.3683   8.139E+03    88     0
9z1Z            56.0     257946.50331805     0.3655   8.201E+03    89     0
9z3Z           168.0     257946.50331805     0.3655   8.201E+03    90     0
3s9f1Fo          7.0     258013.67000000     0.3635   8.246E+03    91     0
3s10p3Po         9.0     258420.04500000     0.3513   8.532E+03    92     0
3s10p1Po         3.0     258468.93700000     0.3498   8.568E+03    93     0
3p4p1Se          1.0     258978.96000000     0.3345   8.960E+03    94     0
3s10d3De        15.0     259647.33200000     0.3145   9.531E+03    95     0
3s10d1De         5.0     259826.93500000     0.3091   9.697E+03    96     0
3s10f3Fo        21.0     259927.71200000     0.3061   9.792E+03    97     0
3s11s3Se         3.0     259939.68600000     0.3057   9.804E+03    98     0
3s10g1Ge         9.0     259943.67700000     0.3056   9.808E+03    99     0
3s10g3Ge        27.0     259944.67500000     0.3056   9.809E+03   100     0
10z1Z           75.0     260263.13468762     0.2960   1.012E+04   101     0
10z3Z          225.0     260263.13468762     0.2960   1.012E+04   102     0
