(3d3 4F)4F1.5 ==> (3d2 3F)3F2.0
1.0100e+00 1.3772e-18 
1.1396e+00 1.8841e-18 
1.2857e+00 2.4724e-18 
1.4505e+00 3.0588e-18 
1.6366e+00 3.5783e-18 
1.8465e+00 3.9851e-18 
2.0832e+00 4.2552e-18 
2.3504e+00 4.3813e-18 
2.6519e+00 4.3714e-18 
2.9920e+00 4.2406e-18 
3.3757e+00 4.0101e-18 
3.8086e+00 3.7032e-18 
4.2970e+00 3.3440e-18 
4.8481e+00 2.9562e-18 
5.4699e+00 2.5612e-18 
6.1714e+00 2.1756e-18 
6.9629e+00 1.8128e-18 
7.8559e+00 1.4814e-18 
8.8633e+00 1.1871e-18 
1.0000e+01 9.3281e-19
(3d3 4F)4F2.5 ==> (3d2 3F)3F2.0 
1.0100e+00 8.3407e-19 
1.1395e+00 1.1407e-18 
1.2857e+00 1.4968e-18 
1.4506e+00 1.8521e-18 
1.6366e+00 2.1671e-18 
1.8465e+00 2.4141e-18 
2.0833e+00 2.5785e-18 
2.3504e+00 2.6558e-18 
2.6519e+00 2.6507e-18 
2.9919e+00 2.5723e-18 
3.3756e+00 2.4332e-18 
3.8087e+00 2.2477e-18 
4.2971e+00 2.0303e-18 
4.8482e+00 1.7955e-18 
5.4699e+00 1.5560e-18 
6.1714e+00 1.3222e-18 
6.9629e+00 1.1020e-18 
7.8558e+00 9.0086e-19 
8.8633e+00 7.2211e-19 
1.0000e+01 5.6759e-19
(3d3 4F)4F3.5 ==> (3d2 3F)3F2.0
1.0100e+00 3.3128e-19 
1.1395e+00 4.5292e-19 
1.2857e+00 5.9425e-19 
1.4506e+00 7.3537e-19 
1.6365e+00 8.6071e-19 
1.8465e+00 9.5919e-19 
2.0833e+00 1.0250e-18 
2.3504e+00 1.0562e-18 
2.6519e+00 1.0546e-18 
2.9920e+00 1.0238e-18 
3.3757e+00 9.6893e-19 
3.8086e+00 8.9545e-19 
4.2971e+00 8.0921e-19 
4.8481e+00 7.1592e-19 
5.4699e+00 6.2068e-19 
6.1714e+00 5.2763e-19 
6.9629e+00 4.3996e-19 
7.8558e+00 3.5981e-19 
8.8633e+00 2.8853e-19 
1.0000e+01 2.2689e-19
(3d3 4F)4F4.5 ==> (3d2 3F)3F2.0
1.0100e+00 1.6995e-20 
1.1395e+00 2.3224e-20 
1.2857e+00 3.0467e-20 
1.4506e+00 3.7708e-20 
1.6366e+00 4.4153e-20 
1.8465e+00 4.9227e-20 
2.0832e+00 5.2633e-20 
2.3504e+00 5.4264e-20 
2.6519e+00 5.4213e-20 
2.9920e+00 5.2663e-20 
3.3757e+00 4.9866e-20 
3.8086e+00 4.6111e-20 
4.2970e+00 4.1694e-20 
4.8482e+00 3.6906e-20 
5.4699e+00 3.2015e-20 
6.1714e+00 2.7229e-20 
6.9628e+00 2.2716e-20 
7.8558e+00 1.8588e-20 
8.8633e+00 1.4914e-20 
1.0000e+01 1.1734e-20
(3d3 4F)4F1.5 ==> (3d2 3F)3F3.0 
1.0100e+00 5.7783e-19 
1.1395e+00 7.9097e-19 
1.2856e+00 1.0382e-18 
1.4506e+00 1.2841e-18 
1.6366e+00 1.5015e-18 
1.8464e+00 1.6711e-18 
2.0833e+00 1.7833e-18 
2.3505e+00 1.8348e-18 
2.6519e+00 1.8293e-18 
2.9919e+00 1.7733e-18 
3.3757e+00 1.6757e-18 
3.8086e+00 1.5464e-18 
4.2970e+00 1.3955e-18 
4.8481e+00 1.2328e-18 
5.4699e+00 1.0673e-18 
6.1714e+00 9.0607e-19 
6.9629e+00 7.5448e-19 
7.8558e+00 6.1617e-19 
8.8633e+00 4.9342e-19 
1.0000e+01 3.8747e-19
(3d3 4F)4F2.5 ==> (3d2 3F)3F3.0
1.0100e+00 8.9816e-19 
1.1396e+00 1.2291e-18 
1.2857e+00 1.6131e-18 
1.4506e+00 1.9954e-18 
1.6366e+00 2.3338e-18 
1.8465e+00 2.5982e-18 
2.0833e+00 2.7734e-18 
2.3504e+00 2.8545e-18 
2.6519e+00 2.8469e-18 
2.9920e+00 2.7607e-18 
3.3757e+00 2.6096e-18 
3.8086e+00 2.4090e-18 
4.2971e+00 2.1746e-18 
4.8481e+00 1.9217e-18 
5.4699e+00 1.6643e-18 
6.1714e+00 1.4132e-18 
6.9629e+00 1.1772e-18 
7.8559e+00 9.6164e-19 
8.8633e+00 7.7032e-19 
1.0000e+01 6.0509e-19
(3d3 4F)4F3.5 ==> (3d2 3F)3F3.0 
1.0100e+00 9.0745e-19 
1.1395e+00 1.2414e-18 
1.2856e+00 1.6290e-18 
1.4506e+00 2.0154e-18 
1.6365e+00 2.3578e-18 
1.8465e+00 2.6260e-18 
2.0832e+00 2.8041e-18 
2.3504e+00 2.8875e-18 
2.6519e+00 2.8811e-18 
2.9920e+00 2.7952e-18 
3.3757e+00 2.6434e-18 
3.8086e+00 2.4412e-18 
4.2971e+00 2.2046e-18 
4.8482e+00 1.9491e-18 
5.4699e+00 1.6888e-18 
6.1714e+00 1.4346e-18 
6.9629e+00 1.1954e-18 
7.8559e+00 9.7699e-19 
8.8633e+00 7.8294e-19 
1.0000e+01 6.1526e-19
(3d3 4F)4F4.5 ==> (3d2 3F)3F3.0 
1.0100e+00 3.5668e-19 
1.1395e+00 4.8770e-19 
1.2856e+00 6.3990e-19 
1.4506e+00 7.9183e-19 
1.6366e+00 9.2670e-19 
1.8465e+00 1.0326e-18 
2.0833e+00 1.1033e-18 
2.3504e+00 1.1367e-18 
2.6519e+00 1.1348e-18 
2.9920e+00 1.1016e-18 
3.3757e+00 1.0423e-18 
3.8087e+00 9.6315e-19 
4.2970e+00 8.7027e-19 
4.8481e+00 7.6983e-19 
5.4699e+00 6.6734e-19 
6.1714e+00 5.6721e-19 
6.9629e+00 4.7290e-19 
7.8558e+00 3.8669e-19 
8.8633e+00 3.1005e-19 
1.0000e+01 2.4378e-19
(3d3 4F)4F1.5 ==> (3d2 3F)3F4.0
1.0100e+00 2.5995e-20 
1.1396e+00 3.5611e-20 
1.2857e+00 4.6748e-20 
1.4506e+00 5.7805e-20 
1.6366e+00 6.7551e-20 
1.8465e+00 7.5127e-20 
2.0833e+00 8.0094e-20 
2.3504e+00 8.2338e-20 
2.6519e+00 8.2018e-20 
2.9920e+00 7.9437e-20 
3.3757e+00 7.4998e-20 
3.8086e+00 6.9146e-20 
4.2970e+00 6.2341e-20 
4.8482e+00 5.5027e-20 
5.4699e+00 4.7603e-20 
6.1714e+00 4.0375e-20 
6.9629e+00 3.3592e-20 
7.8559e+00 2.7410e-20 
8.8633e+00 2.1931e-20 
9.9999e+00 1.7207e-20
(3d3 4F)4F2.5 ==> (3d2 3F)3F4.0
1.0100e+00 2.4832e-19 
1.1395e+00 3.4008e-19 
1.2857e+00 4.4641e-19 
1.4506e+00 5.5206e-19 
1.6365e+00 6.4528e-19 
1.8465e+00 7.1784e-19 
2.0833e+00 7.6555e-19 
2.3504e+00 7.8724e-19 
2.6519e+00 7.8444e-19 
2.9920e+00 7.6000e-19 
3.3757e+00 7.1776e-19 
3.8086e+00 6.6198e-19 
4.2971e+00 5.9702e-19 
4.8482e+00 5.2715e-19 
5.4699e+00 4.5615e-19 
6.1714e+00 3.8701e-19 
6.9629e+00 3.2209e-19 
7.8558e+00 2.6290e-19 
8.8633e+00 2.1041e-19 
1.0000e+01 1.6514e-19
(3d3 4F)4F3.5 ==> (3d2 3F)3F4.0 
1.0100e+00 7.4137e-19 
1.1396e+00 1.0150e-18 
1.2857e+00 1.3322e-18 
1.4506e+00 1.6476e-18 
1.6366e+00 1.9265e-18 
1.8465e+00 2.1439e-18 
2.0833e+00 2.2874e-18 
2.3504e+00 2.3532e-18 
2.6519e+00 2.3459e-18 
2.9919e+00 2.2738e-18 
3.3757e+00 2.1484e-18 
3.8086e+00 1.9824e-18 
4.2971e+00 1.7886e-18 
4.8482e+00 1.5799e-18 
5.4699e+00 1.3677e-18 
6.1714e+00 1.1609e-18 
6.9629e+00 9.6656e-19 
7.8558e+00 7.8926e-19 
8.8633e+00 6.3196e-19 
9.9998e+00 4.9620e-19
(3d3 4F)4F4.5 ==> (3d2 3F)3F4.0 
1.0100e+00 1.6062e-18 
1.1395e+00 2.1979e-18 
1.2857e+00 2.8844e-18 
1.4505e+00 3.5681e-18 
1.6366e+00 4.1735e-18 
1.8465e+00 4.6467e-18 
2.0832e+00 4.9605e-18 
2.3504e+00 5.1060e-18 
2.6519e+00 5.0930e-18 
2.9920e+00 4.9393e-18 
3.3756e+00 4.6694e-18 
3.8086e+00 4.3109e-18 
4.2970e+00 3.8918e-18 
4.8481e+00 3.4395e-18 
5.4699e+00 2.9792e-18 
6.1714e+00 2.5299e-18 
6.9629e+00 2.1075e-18 
7.8558e+00 1.7218e-18 
8.8633e+00 1.3794e-18 
9.9999e+00 1.0836e-18

