********************************************************************************
                                                                                
 Super level assignments for Fe IV
 E%LS option with %E=5.0D0

********************************************************************************
                                                                                
11-Jan-2001                            !Date
1000                                   !Number of energy levels
6                                      !Entry number of link to super level
  
3d5_6Se[5/2]                 6.0          0.0000    13.2508   2.262E+02     1     0      1
3d5_4Ge[11/2]               12.0      32245.5000    12.2841   2.440E+02     2     0      2
3d5_4Ge[9/2]                10.0      32292.8000    12.2827   2.441E+02     2     0      3
3d5_4Ge[5/2]                 6.0      32301.2000    12.2825   2.441E+02     2     0      4
3d5_4Ge[7/2]                 8.0      32305.7000    12.2823   2.441E+02     2     0      5
3d5_4Pe[5/2]                 6.0      35253.8000    12.1939   2.459E+02     3     0      6
3d5_4Pe[3/2]                 4.0      35333.3000    12.1916   2.459E+02     3     0      7
3d5_4Pe[1/2]                 2.0      35406.6000    12.1894   2.459E+02     3     0      8
3d5_4De[7/2]                 8.0      38779.4000    12.0882   2.480E+02     4     0      9
3d5_4De[1/2]                 2.0      38896.7000    12.0847   2.481E+02     4     0     10
3d5_4De[5/2]                 6.0      38935.1000    12.0836   2.481E+02     4     0     11
3d5_4De[3/2]                 4.0      38938.2000    12.0835   2.481E+02     4     0     12
3d5_2Ie[11/2]               12.0      47078.6000    11.8394   2.532E+02     5     0     13
3d5_2Ie[13/2]               14.0      47090.5000    11.8391   2.532E+02     5     0     14
3d5_2D3e[5/2]                6.0      49541.5000    11.7656   2.548E+02     6     0     15
3d5_2D3e[3/2]                4.0      50051.4000    11.7503   2.551E+02     6     0     16
3d5_2F2e[7/2]                8.0      51394.2000    11.7101   2.560E+02     7     0     17
3d5_2F2e[5/2]                6.0      52166.7000    11.6869   2.565E+02     7     0     18
3d5_4Fe[9/2]                10.0      52620.7000    11.6733   2.568E+02     8     0     19
3d5_4Fe[7/2]                 8.0      52695.4000    11.6711   2.569E+02     8     0     20
3d5_4Fe[3/2]                 4.0      52837.1000    11.6668   2.570E+02     8     0     21
3d5_4Fe[5/2]                 6.0      52838.0000    11.6668   2.570E+02     8     0     22
3d5_2He[9/2]                10.0      56058.3000    11.5702   2.591E+02     9     0     23
3d5_2He[11/2]               12.0      56368.8000    11.5609   2.593E+02     9     0     24
3d5_2G2e[7/2]                8.0      57408.0000    11.5298   2.600E+02     9     0     25
3d5_2G2e[9/2]               10.0      57721.2000    11.5204   2.602E+02     9     0     26
3d5_2F1e[5/2]                6.0      61156.5000    11.4174   2.626E+02    10     0     27
3d5_2F1e[7/2]                8.0      61254.4000    11.4145   2.626E+02    10     0     28
3d5_2Se[1/2]                 2.0      66720.1000    11.2506   2.665E+02    11     0     29
3d5_2D2e[3/2]                4.0      74096.6000    11.0295   2.718E+02    12     0     30
3d5_2D2e[5/2]                6.0      74133.1000    11.0284   2.718E+02    12     0     31
3d5_2G1e[9/2]               10.0      82894.9000    10.7657   2.785E+02    13     0     32
3d5_2G1e[7/2]                8.0      82897.3000    10.7656   2.785E+02    13     0     33
3d5_2Pe[3/2]                 4.0     100118.0000    10.2494   2.925E+02    14     0     34
3d5_2Pe[1/2]                 2.0     100126.0000    10.2491   2.925E+02    14     0     35
3d5_2D1e[5/2]                6.0     108242.1000    10.0058   2.996E+02    15     0     36
3d5_2D1e[3/2]                4.0     108258.3000    10.0053   2.996E+02    15     0     37
3d4(5D)4s_6De[1/2]           2.0     127766.1500     9.4205   3.182E+02    16     0     38
3d4(5D)4s_6De[3/2]           4.0     127929.1200     9.4156   3.184E+02    16     0     39
3d4(5D)4s_6De[5/2]           6.0     128191.5400     9.4077   3.187E+02    16     0     40
3d4(5D)4s_6De[7/2]           8.0     128541.8500     9.3972   3.190E+02    16     0     41
3d4(5D)4s_6De[9/2]          10.0     128967.6700     9.3845   3.195E+02    16     0     42
3d4(5D)4s_4De[1/2]           2.0     137700.8100     9.1227   3.286E+02    17     0     43
3d4(5D)4s_4De[3/2]           4.0     137949.2900     9.1152   3.289E+02    17     0     44
3d4(5D)4s_4De[5/2]           6.0     138338.8300     9.1035   3.293E+02    17     0     45
3d4(5D)4s_4De[7/2]           8.0     138844.0300     9.0884   3.299E+02    17     0     46
3d4(3P2)4s_4Pe[1/2]          2.0     153651.7400     8.6445   3.468E+02    18     0     47
3d4(3H)4s_4He[7/2]           8.0     154185.8500     8.6285   3.474E+02    18     0     48
3d4(3H)4s_4He[9/2]          10.0     154325.9600     8.6243   3.476E+02    18     0     49
3d4(3P2)4s_4Pe[3/2]          4.0     154474.8500     8.6198   3.478E+02    18     0     50
3d4(3H)4s_4He[11/2]         12.0     154512.6700     8.6187   3.478E+02    18     0     51
3d4(3H)4s_4He[13/2]         14.0     154731.2900     8.6121   3.481E+02    18     0     52
3d4(3P2)4s_4Pe[5/2]          6.0     155744.8700     8.5817   3.493E+02    18     0     53
3d4(3F2)4s_4Fe[3/2]          4.0     156012.2900     8.5737   3.497E+02    18     0     54
3d4(3F2)4s_4Fe[5/2]          6.0     156049.3200     8.5726   3.497E+02    18     0     55
3d4(3F2)4s_4Fe[7/2]          8.0     156123.7700     8.5704   3.498E+02    18     0     56
3d4(3F2)4s_4Fe[9/2]         10.0     156224.8800     8.5673   3.499E+02    18     0     57
3d4(3G)4s_4Ge[5/2]           6.0     158738.6900     8.4920   3.530E+02    18     0     58
3d4(3G)4s_4Ge[7/2]           8.0     159010.3900     8.4838   3.534E+02    18     0     59
3d4(3G)4s_4Ge[9/2]          10.0     159227.9000     8.4773   3.536E+02    18     0     60
3d4(3G)4s_4Ge[11/2]         12.0     159342.8800     8.4738   3.538E+02    18     0     61
3d4(3P2)4s_2Pe[1/2]          2.0     160015.8800     8.4537   3.546E+02    19     0     62
3d4(3H)4s_2He[9/2]          10.0     160311.6400     8.4448   3.550E+02    19     0     63
3d4(3H)4s_2He[11/2]         12.0     160778.6000     8.4308   3.556E+02    19     0     64
3d4(3P2)4s_2Pe[3/2]          4.0     161571.5900     8.4070   3.566E+02    19     0     65
3d4(3F2)4s_2Fe[5/2]          6.0     162074.4200     8.3920   3.572E+02    19     0     66
3d4(3F2)4s_2Fe[7/2]          8.0     162087.8100     8.3916   3.573E+02    19     0     67
3d4(3G)4s_2Ge[7/2]           8.0     164950.5000     8.3057   3.609E+02    19     0     68
3d4(3G)4s_2Ge[9/2]          10.0     165392.5800     8.2925   3.615E+02    19     0     69
3d4(3D)4s_4De[7/2]           8.0     165493.1000     8.2895   3.617E+02    20     0     70
3d4(3D)4s_4De[5/2]           6.0     165600.9600     8.2862   3.618E+02    20     0     71
3d4(3D)4s_4De[3/2]           4.0     165720.9400     8.2826   3.620E+02    20     0     72
3d4(3D)4s_4De[1/2]           2.0     165804.4700     8.2801   3.621E+02    20     0     73
3d4(1G2)4s_2Ge[9/2]         10.0     167712.5000     8.2229   3.646E+02    19     0     74
3d4(1G2)4s_2Ge[7/2]          8.0     167795.9200     8.2204   3.647E+02    19     0     75
3d4(1I)4s_2Ie[13/2]         14.0     168526.3700     8.1985   3.657E+02    21     0     76
3d4(1I)4s_2Ie[11/2]         12.0     168566.4300     8.1973   3.657E+02    21     0     77
3d4(1S2)4s_2Se[1/2]          2.0     170729.4900     8.1325   3.686E+02    21     0     78
3d4(3D)4s_2De[5/2]           6.0     171345.3300     8.1140   3.695E+02    21     0     79
3d4(3D)4s_2De[3/2]           4.0     171476.3900     8.1101   3.697E+02    21     0     80
3d4(1D2)4s_2De[5/2]          6.0     177005.9700     7.9443   3.774E+02    22     0     81
3d4(1D2)4s_2De[3/2]          4.0     177066.7200     7.9425   3.775E+02    22     0     82
3d4(1F)4s_2Fe[5/2]           6.0     183159.6100     7.7598   3.863E+02    22     0     83
3d4(1F)4s_2Fe[7/2]           8.0     183164.4900     7.7597   3.863E+02    22     0     84
3d4(5D)4p_6Fo[1/2]           2.0     187878.8100     7.6184   3.935E+02    23     0     85
3d4(5D)4p_6Fo[3/2]           4.0     188086.0500     7.6121   3.938E+02    23     0     86
3d4(5D)4p_6Fo[5/2]           6.0     188428.7800     7.6019   3.944E+02    23     0     87
3d4(5D)4p_6Fo[7/2]           8.0     188904.5500     7.5876   3.951E+02    23     0     88
3d4(5D)4p_6Fo[9/2]          10.0     189515.8800     7.5693   3.961E+02    23     0     89
3d4(5D)4p_6Po[3/2]           4.0     189885.1100     7.5582   3.966E+02    23     0     90
3d4(3P1)4s_4Pe[5/2]          6.0     189975.0100     7.5555   3.968E+02    24     0     91
3d4(5D)4p_6Po[5/2]           6.0     190008.2800     7.5545   3.968E+02    23     0     92
3d4(5D)4p_6Po[7/2]           8.0     190226.8700     7.5480   3.972E+02    23     0     93
3d4(5D)4p_6Fo[11/2]         12.0     190276.8500     7.5465   3.973E+02    23     0     94
3d4(3F1)4s_4Fe[9/2]         10.0     190318.3400     7.5452   3.973E+02    24     0     95
3d4(3F1)4s_4Fe[3/2]          4.0     190406.4500     7.5426   3.975E+02    24     0     96
3d4(3F1)4s_4Fe[7/2]          8.0     190424.1400     7.5421   3.975E+02    24     0     97
3d4(3F1)4s_4Fe[5/2]          6.0     190435.4700     7.5417   3.975E+02    24     0     98
3d4(3P1)4s_4Pe[3/2]          4.0     190811.7900     7.5304   3.981E+02    24     0     99
3d4(5D)4p_4Po[1/2]           2.0     191021.1800     7.5242   3.984E+02    25     0    100
3d4(3P1)4s_4Pe[1/2]          2.0     191337.8200     7.5147   3.989E+02    24     0    101
3d4(5D)4p_4Po[3/2]           4.0     191694.1100     7.5040   3.995E+02    25     0    102
3d4(5D)4p_6Do[5/2]           6.0     192595.2800     7.4770   4.010E+02    23     0    103
3d4(5D)4p_6Do[1/2]           2.0     193120.3400     7.4612   4.018E+02    23     0    104
3d4(5D)4p_6Do[3/2]           4.0     193271.2700     7.4567   4.020E+02    23     0    105
3d4(5D)4p_6Do[7/2]           8.0     193386.1700     7.4533   4.022E+02    23     0    106
3d4(5D)4p_4Po[5/2]           6.0     193549.2500     7.4484   4.025E+02    25     0    107
3d4(5D)4p_6Do[9/2]          10.0     193789.1900     7.4412   4.029E+02    23     0    108
3d4(3P1)4s_2Pe[3/2]          4.0     195864.1500     7.3790   4.063E+02    26     0    109
3d4(3F1)4s_2Fe[7/2]          8.0     196131.1900     7.3710   4.067E+02    26     0    110
3d4(5D)4p_4Fo[3/2]           4.0     196186.8800     7.3693   4.068E+02    25     0    111
3d4(3F1)4s_2Fe[5/2]          6.0     196220.7100     7.3683   4.069E+02    26     0    112
3d4(5D)4p_4Fo[5/2]           6.0     196334.6300     7.3649   4.071E+02    25     0    113
3d4(5D)4p_4Fo[7/2]           8.0     196549.5900     7.3584   4.074E+02    25     0    114
3d4(5D)4p_4Fo[9/2]          10.0     196846.8200     7.3495   4.079E+02    25     0    115
3d4(3P1)4s_2Pe[1/2]          2.0     196875.6200     7.3486   4.080E+02    26     0    116
3d4(1G1)4s_2Ge[9/2]         10.0     201178.0500     7.2197   4.152E+02    26     0    117
3d4(1G1)4s_2Ge[7/2]          8.0     201212.2200     7.2186   4.153E+02    26     0    118
3d4(5D)4p_4Do[1/2]           2.0     201919.3800     7.1974   4.165E+02    27     0    119
3d4(5D)4p_4Do[3/2]           4.0     202085.2200     7.1925   4.168E+02    27     0    120
3d4(5D)4p_4Do[5/2]           6.0     202328.5300     7.1852   4.172E+02    27     0    121
3d4(5D)4p_4Do[7/2]           8.0     202608.3300     7.1768   4.177E+02    27     0    122
3d4(3H)4p_4Ho[7/2]           8.0     212135.7900     6.8912   4.350E+02    28     0    123
3d4(3H)4p_4Ho[9/2]          10.0     212374.0400     6.8840   4.355E+02    28     0    124
3d4(3H)4p_4Ho[11/2]         12.0     212714.3700     6.8738   4.361E+02    28     0    125
3d4(3P2)4p_4Do[1/2]          2.0     212812.6600     6.8709   4.363E+02    28     0    126
3d4(3H)4p_4Ho[13/2]         14.0     213162.5900     6.8604   4.370E+02    28     0    127
3d4(3P2)4p_4Do[3/2]          4.0     213445.0500     6.8519   4.375E+02    28     0    128
3d4(3P2)4p_4Do[5/2]          6.0     214317.2100     6.8258   4.392E+02    28     0    129
3d4(3F2)4p_4Go[5/2]          6.0     214821.7400     6.8106   4.402E+02    28     0    130
3d4(3F2)4p_4Go[7/2]          8.0     215033.8100     6.8043   4.406E+02    28     0    131
3d4(3H)4p_4Io[9/2]          10.0     215155.6900     6.8006   4.408E+02    28     0    132
3d4(3P2)4p_4Do[7/2]          8.0     215220.6700     6.7987   4.410E+02    28     0    133
3d4(3F2)4p_4Go[9/2]         10.0     215385.2300     6.7937   4.413E+02    28     0    134
3d4(3H)4p_4Io[11/2]         12.0     215808.9100     6.7810   4.421E+02    28     0    135
3d4(3P2)4p_4Po[1/2]          2.0     215860.5000     6.7795   4.422E+02    28     0    136
3d4(3F2)4p_4Go[11/2]        12.0     216002.7200     6.7752   4.425E+02    28     0    137
3d4(3H)4p_2Go[7/2]           8.0     216111.6900     6.7720   4.427E+02    29     0    138
3d4(3H)4p_4Io[13/2]         14.0     216367.8000     6.7643   4.432E+02    28     0    139
3d4(3H)4p_2Go[9/2]          10.0     216428.4400     6.7625   4.433E+02    29     0    140
3d4(3H)4p_4Io[15/2]         16.0     216877.8300     6.7490   4.442E+02    28     0    141
3d4(3P2)4p_4Po[3/2]          4.0     217031.8900     6.7444   4.445E+02    28     0    142
3d4(3F2)4p_4Fo[3/2]          4.0     217466.1900     6.7314   4.454E+02    28     0    143
3d4(3P2)4po[1/2]             2.0     217607.7100     6.7271   4.456E+02    28     0    144
3d4(3H)4p_4Go[5/2]           6.0     217845.2900     6.7200   4.461E+02    28     0    145
3d4(3P2)4p_4Po[5/2]          6.0     218023.8100     6.7146   4.465E+02    28     0    146
3d4(3H)4p_4Go[7/2]           8.0     218159.7700     6.7106   4.467E+02    28     0    147
3d4(3F2)4po[5/2]             6.0     218195.6600     6.7095   4.468E+02    28     0    148
3d4(3H)4p_4Go[9/2]          10.0     218238.5100     6.7082   4.469E+02    28     0    149
3d4(3H)4p_4Go[11/2]         12.0     218375.1200     6.7041   4.472E+02    28     0    150
3d4(3F2)4p_4Fo[7/2]          8.0     218478.3600     6.7010   4.474E+02    28     0    151
3d4(3F2)4p_4Fo[9/2]         10.0     218601.0300     6.6973   4.476E+02    28     0    152
3d4(3P2)4po[3/2]             4.0     218613.8800     6.6969   4.477E+02    28     0    153
3d4(3F2)4p_2Do[5/2]          6.0     218871.2100     6.6892   4.482E+02    29     0    154
3d4(3F2)4po[3/2]             4.0     219091.6700     6.6826   4.486E+02    28     0    155
3d4(3P2)4p_2Po[1/2]          2.0     219333.9000     6.6754   4.491E+02    29     0    156
3d4(3H)4p_2Io[11/2]         12.0     219564.4600     6.6684   4.496E+02    29     0    157
3d4(3F2)4p_4Do[5/2]          6.0     219590.8400     6.6677   4.496E+02    28     0    158
3d4(3H)4p_2Io[13/2]         14.0     219640.7600     6.6662   4.497E+02    29     0    159
3d4(3F2)4p_4Do[7/2]          8.0     219700.5300     6.6644   4.498E+02    28     0    160
3d4(3F2)4p_4Do[3/2]          4.0     219826.6100     6.6606   4.501E+02    28     0    161
3d4(3F2)4p_4Do[1/2]          2.0     220059.3300     6.6536   4.506E+02    28     0    162
3d4(3G)4p_2Fo[5/2]           6.0     220197.2500     6.6495   4.509E+02    29     0    163
3d4(3P2)4p_2Po[3/2]          4.0     220360.4400     6.6446   4.512E+02    29     0    164
3d4(3H)4p_2Ho[9/2]          10.0     220461.3300     6.6416   4.514E+02    29     0    165
3d4(3G)4p_2Fo[7/2]           8.0     220649.2200     6.6359   4.518E+02    29     0    166
3d4(3G)4p_4Ho[7/2]           8.0     220658.0400     6.6357   4.518E+02    28     0    167
3d4(3G)4p_4Ho[9/2]          10.0     221104.1700     6.6223   4.527E+02    28     0    168
3d4(3H)4p_2Ho[11/2]         12.0     221161.0200     6.6206   4.528E+02    29     0    169
3d4(3G)4p_4Fo[3/2]           4.0     221219.2900     6.6188   4.529E+02    28     0    170
3d4(3G)4p_4Fo[9/2]          10.0     221239.2100     6.6182   4.530E+02    28     0    171
3d4(3G)4p_4Fo[5/2]           6.0     221320.5400     6.6158   4.531E+02    28     0    172
3d4(3G)4p_4Fo[7/2]           8.0     221346.0600     6.6150   4.532E+02    28     0    173
3d4(3G)4p_4Ho[11/2]         12.0     221647.4900     6.6060   4.538E+02    28     0    174
3d4(3P2)4p_2Do[3/2]          4.0     222020.0900     6.5948   4.546E+02    29     0    175
3d4(3G)4p_4Ho[13/2]         14.0     222154.9900     6.5908   4.549E+02    28     0    176
3d4(1D1)4s_2De[5/2]          6.0     222840.5800     6.5702   4.563E+02    30     0    177
3d4(1D1)4s_2De[3/2]          4.0     222851.6800     6.5699   4.563E+02    30     0    178
3d4(3P2)4p_2Do[5/2]          6.0     222880.2300     6.5690   4.564E+02    29     0    179
3d4(3F2)4p_2Go[7/2]          8.0     223398.6200     6.5535   4.575E+02    29     0    180
3d4(3F2)4p_2Fo[5/2]          6.0     223478.9600     6.5511   4.576E+02    29     0    181
3d4(3G)4p_2Ho[11/2]         12.0     223550.1400     6.5490   4.578E+02    29     0    182
3d4(3G)4po[9/2]             10.0     223629.5900     6.5466   4.579E+02    31     0    183
3d4(3G)4p_2Ho[9/2]          10.0     223745.8200     6.5431   4.582E+02    29     0    184
3d4(3G)4p_4Go[5/2]           6.0     224045.9600     6.5341   4.588E+02    31     0    185
3d4(3F2)4p_2Fo[7/2]          8.0     224046.0200     6.5341   4.588E+02    29     0    186
3d4(3G)4p_4Go[7/2]           8.0     224230.6000     6.5286   4.592E+02    31     0    187
3d4(3G)4p_4Go[9/2]          10.0     224576.4300     6.5182   4.599E+02    31     0    188
3d4(3G)4p_4Go[11/2]         12.0     224870.8500     6.5094   4.606E+02    31     0    189
3d4(3D)4p_4Do[1/2]           2.0     226851.9300     6.4500   4.648E+02    31     0    190
3d4(3D)4p_4Do[3/2]           4.0     226892.1000     6.4488   4.649E+02    31     0    191
3d4(3D)4p_4Do[5/2]           6.0     226983.5800     6.4460   4.651E+02    31     0    192
3d4(3D)4p_4Do[7/2]           8.0     227258.8000     6.4378   4.657E+02    31     0    193
3d4(3G)4p_2Go[7/2]           8.0     227604.7300     6.4274   4.664E+02    32     0    194
3d4(3G)4p_2Go[9/2]          10.0     227660.2500     6.4257   4.665E+02    32     0    195
3d4(3D)4p_4Po[5/2]           6.0     227919.0500     6.4180   4.671E+02    31     0    196
3d4(1G2)4p_2Fo[7/2]          8.0     228193.6700     6.4098   4.677E+02    32     0    197
3d4(1I)4p_2Io[13/2]         14.0     228204.3300     6.4094   4.677E+02    32     0    198
3d4(1I)4p_2Io[11/2]         12.0     228315.0300     6.4061   4.680E+02    32     0    199
3d4(3D)4p_4Po[3/2]           4.0     228589.6700     6.3979   4.686E+02    31     0    200
3d4(1G2)4p_2Ho[9/2]         10.0     228793.8600     6.3918   4.690E+02    32     0    201
3d4(3D)4p_4Fo[3/2]           4.0     228862.6100     6.3897   4.692E+02    31     0    202
3d4(1S2)4p_2Po[1/2]          2.0     228946.5900     6.3872   4.694E+02    32     0    203
3d4(3D)4p_4Po[1/2]           2.0     229037.0200     6.3845   4.696E+02    31     0    204
3d4(3D)4p_4Fo[5/2]           6.0     229062.5800     6.3837   4.696E+02    31     0    205
3d4(1G2)4p_2Fo[5/2]          6.0     229138.9000     6.3814   4.698E+02    32     0    206
3d4(3D)4p_4Fo[7/2]           8.0     229288.0200     6.3769   4.701E+02    31     0    207
3d4(1G2)4p_2Ho[11/2]        12.0     229306.6100     6.3764   4.702E+02    32     0    208
3d4(3D)4p_2Po[3/2]           4.0     229428.9100     6.3727   4.704E+02    32     0    209
3d4(1I)4p_2Ko[13/2]         14.0     229472.8300     6.3714   4.705E+02    32     0    210
3d4(3D)4p_4Fo[9/2]          10.0     229494.7400     6.3707   4.706E+02    31     0    211
3d4(1I)4p_2Ko[15/2]         16.0     230195.0200     6.3498   4.721E+02    32     0    212
3d4(1G2)4p_2Go[7/2]          8.0     231473.3200     6.3114   4.750E+02    32     0    213
3d4(1G2)4p_2Go[9/2]         10.0     231804.0000     6.3015   4.757E+02    32     0    214
3d4(1I)4p_2Ho[11/2]         12.0     233272.8400     6.2575   4.791E+02    32     0    215
3d4(3D)4p_2Fo[7/2]           8.0     233780.8600     6.2423   4.803E+02    32     0    216
3d4(1S2)4p_2Po[3/2]          4.0     233786.7200     6.2421   4.803E+02    32     0    217
3d4(1I)4p_2Ho[9/2]          10.0     233802.1200     6.2416   4.803E+02    32     0    218
3d4(3D)4p_2Po[1/2]           2.0     233927.1200     6.2379   4.806E+02    32     0    219
3d4(3D)4p_2Fo[5/2]           6.0     234106.7200     6.2325   4.810E+02    32     0    220
3d4(3D)4p_2Do[5/2]           6.0     234472.0000     6.2215   4.819E+02    32     0    221
3d4(3D)4p_2Do[3/2]           4.0     234984.3500     6.2062   4.831E+02    32     0    222
3d4(1D2)4p_2Do[3/2]          4.0     236918.7900     6.1482   4.876E+02    32     0    223
3d4(1D2)4p_2Do[5/2]          6.0     237283.0900     6.1373   4.885E+02    32     0    224
3d4(1D2)4p_2Fo[5/2]          6.0     238512.8400     6.1004   4.914E+02    33     0    225
3d4(1D2)4p_2Fo[7/2]          8.0     239071.4000     6.0836   4.928E+02    33     0    226
3d4(1D)4p_2Po[1/2]           2.0     241766.4110     6.0029   4.994E+02    33     0    227
3d4(1D2)4p_2Po[3/2]          4.0     242259.2500     5.9881   5.006E+02    33     0    228
3d4(1F)4p_2Fo[5/2]           6.0     242614.6000     5.9774   5.015E+02    33     0    229
3d4(1F)4p_2Fo[7/2]           8.0     242965.6200     5.9669   5.024E+02    33     0    230
3d4(1F)4p_2Go[7/2]           8.0     244759.2500     5.9131   5.070E+02    33     0    231
3d4(1F)4p_2Go[9/2]          10.0     245742.2900     5.8837   5.095E+02    33     0    232
3d4(1F)4p_2Do[5/2]           6.0     246990.8000     5.8462   5.128E+02    33     0    233
3d4(1F)4p_2Do[3/2]           4.0     248077.9700     5.8136   5.157E+02    33     0    234
3d4(1S)4s_2Se[1/2]           2.0     249093.3930     5.7832   5.184E+02    34     0    235
3d4(3F1)4p_4Fo[5/2]          6.0     250195.0700     5.7502   5.214E+02    35     0    236
3d4(3F1)4p_4Fo[3/2]          4.0     250249.3900     5.7485   5.215E+02    35     0    237
3d4(3F1)4p_4Fo[7/2]          8.0     250279.0600     5.7476   5.216E+02    35     0    238
3d4(3F1)4p_4Fo[9/2]         10.0     250502.2900     5.7410   5.222E+02    35     0    239
3d4(3P1)4p_4Po[3/2]          4.0     250891.0500     5.7293   5.233E+02    35     0    240
3d4(3P1)4po[5/2]             6.0     251014.0200     5.7256   5.236E+02    35     0    241
3d4(3P1)4p_4Po[1/2]          2.0     251156.9400     5.7213   5.240E+02    35     0    242
3d4(3P1)4p_4Do[7/2]          8.0     251658.3400     5.7063   5.254E+02    35     0    243
3d4(3P1)4po[3/2]             4.0     251944.0300     5.6977   5.262E+02    35     0    244
3d4(3P1)4p_4Po[5/2]          6.0     251958.9400     5.6973   5.262E+02    35     0    245
3d4(3P1)4p_4Do[1/2]          2.0     251984.2000     5.6965   5.263E+02    35     0    246
3d4(3F1)4p_4Go[5/2]          6.0     252884.4800     5.6695   5.288E+02    35     0    247
3d4(3F1)4p_4Go[7/2]          8.0     253254.3700     5.6585   5.298E+02    35     0    248
3d4(3P1)4p_2Do[5/2]          6.0     253575.6500     5.6488   5.307E+02    36     0    249
3d4(3F1)4p_4Go[9/2]         10.0     253827.4300     5.6413   5.314E+02    35     0    250
3d4(3P1)4p_2Do[3/2]          4.0     253868.4300     5.6400   5.315E+02    36     0    251
3d4(3F1)4p_2Fo[7/2]          8.0     253923.5900     5.6384   5.317E+02    36     0    252
3d4(3F1)4p_4Go[11/2]        12.0     254164.8400     5.6312   5.324E+02    35     0    253
3d4(3F1)4p_2Fo[5/2]          6.0     254169.1300     5.6310   5.324E+02    36     0    254
3d4(3P1)4p_4So[3/2]          4.0     257503.2600     5.5311   5.420E+02    35     0    255
3d4(3F1)4p_2Go[9/2]         10.0     258566.0200     5.4992   5.452E+02    36     0    256
3d4(3F1)4p_4Do[7/2]          8.0     258591.9200     5.4984   5.452E+02    35     0    257
3d4(3F1)4p_4Do[5/2]          6.0     258986.6400     5.4866   5.464E+02    35     0    258
3d4(3P1)4p_2Po[3/2]          4.0     259011.4800     5.4859   5.465E+02    36     0    259
3d4(3F1)4p_2Go[7/2]          8.0     259039.7200     5.4850   5.466E+02    36     0    260
3d4(3F1)4p_4Do[3/2]          4.0     259183.8200     5.4807   5.470E+02    35     0    261
3d4(3F1)4p_4Do[1/2]          2.0     259254.3400     5.4786   5.472E+02    35     0    262
3d4(3P1)4p_2Po[1/2]          2.0     259581.6400     5.4688   5.482E+02    36     0    263
3d4(3P2)4p_2So[1/2]          2.0     262348.3600     5.3858   5.566E+02    36     0    264
3d4(1G1)4p_2Ho[9/2]         10.0     262557.7700     5.3795   5.573E+02    36     0    265
3d4(1G1)4p_2Go[7/2]          8.0     262995.0100     5.3664   5.586E+02    36     0    266
3d4(1G1)4p_2Go[9/2]         10.0     263876.9100     5.3400   5.614E+02    36     0    267
3d4(1G1)4p_2Ho[11/2]        12.0     264011.5400     5.3360   5.618E+02    36     0    268
3d4(1G1)4p_2Fo[7/2]          8.0     265084.7700     5.3038   5.652E+02    36     0    269
3d4(1G1)4p_2Fo[5/2]          6.0     265369.4800     5.2952   5.662E+02    36     0    270
3d4(3F1)4p_2Do[5/2]          6.0     266181.0900     5.2709   5.688E+02    37     0    271
3d4(3F1)4p_2Do[3/2]          4.0     266335.2400     5.2663   5.693E+02    37     0    272
3d4(5D)4d_4Se[3/2]           4.0     270837.3830     5.1313   5.842E+02    38     0    273
3d4(5D)4d_6Ge[3/2]           4.0     271904.1720     5.0993   5.879E+02    39     0    274
3d4(5D)4d_6Ge[5/2]           6.0     272030.1100     5.0956   5.883E+02    39     0    275
3d4(5D)4d_6Pe[3/2]           4.0     272063.5930     5.0946   5.885E+02    39     0    276
3d4(5D)4d_6Pe[5/2]           6.0     272128.0190     5.0926   5.887E+02    39     0    277
3d4(5D)4d_6Ge[7/2]           8.0     272205.6190     5.0903   5.889E+02    39     0    278
3d4(5D)4d_6Pe[7/2]           8.0     272305.5810     5.0873   5.893E+02    39     0    279
3d4(5D)4d_6Ge[9/2]          10.0     272429.8310     5.0836   5.897E+02    39     0    280
3d4(5D)4d_6Ge[11/2]         12.0     272701.4330     5.0754   5.907E+02    39     0    281
3d4(5D)4d_6Ge[13/2]         14.0     273018.7660     5.0659   5.918E+02    39     0    282
3d4(5D)4d_6De[1/2]           2.0     274603.4580     5.0184   5.974E+02    39     0    283
3d4(5D)4d_6De[3/2]           4.0     274632.9550     5.0175   5.975E+02    39     0    284
3d4(5D)4d_6De[5/2]           6.0     274721.0130     5.0149   5.978E+02    39     0    285
3d4(5D)4d_6Fe[1/2]           2.0     274831.4940     5.0116   5.982E+02    39     0    286
3d4(5D)4d_6De[7/2]           8.0     274874.5940     5.0103   5.984E+02    39     0    287
3d4(5D)4d_6Fe[3/2]           4.0     274970.1020     5.0074   5.987E+02    39     0    288
3d4(5D)4d_6De[9/2]          10.0     275099.0860     5.0036   5.992E+02    39     0    289
3d4(5D)4d_6Fe[5/2]           6.0     275150.8550     5.0020   5.993E+02    39     0    290
3d4(5D)4d_6Fe[7/2]           8.0     275351.1270     4.9960   6.001E+02    39     0    291
3d4(5D)4d_6Fe[9/2]          10.0     275545.1760     4.9902   6.008E+02    39     0    292
3d4(5D)4d_6Fe[11/2]         12.0     275671.5980     4.9864   6.012E+02    39     0    293
3d4(5D)4d_4Ge[5/2]           6.0     278165.9430     4.9116   6.104E+02    38     0    294
3d4(5D)4d_4Ge[7/2]           8.0     278385.6560     4.9050   6.112E+02    38     0    295
3d4(5D)4d_4Ge[9/2]          10.0     278667.6710     4.8966   6.122E+02    38     0    296
3d4(5D)4d_4Pe[1/2]           2.0     278789.2290     4.8929   6.127E+02    38     0    297
3d4(5D)4d_4Pe[3/2]           4.0     278824.4910     4.8919   6.128E+02    38     0    298
3d4(5D)4d_4Pe[5/2]           6.0     278932.2010     4.8886   6.132E+02    38     0    299
3d4(5D)4d_4Ge[11/2]         12.0     279010.9650     4.8863   6.135E+02    38     0    300
3d4(5D)4d_4De[1/2]           2.0     279511.7330     4.8713   6.154E+02    38     0    301
3d4(5D)4d_4De[3/2]           4.0     279660.4720     4.8668   6.160E+02    38     0    302
3d4(5D)4d_4De[5/2]           6.0     279841.3690     4.8614   6.167E+02    38     0    303
3d4(5D)4d_4De[7/2]           8.0     279998.4580     4.8567   6.173E+02    38     0    304
3d4(1D1)4p_2Po[3/2]          4.0     280758.3700     4.8339   6.202E+02    40     0    305
3d4(1D1)4p_2Po[1/2]          2.0     281446.3000     4.8133   6.228E+02    40     0    306
3d4(5D)4d_4Fe[3/2]           4.0     281586.8680     4.8091   6.234E+02    38     0    307
3d4(5D)4d_4Fe[5/2]           6.0     281766.5390     4.8037   6.241E+02    38     0    308
3d4(5D)4d_4Fe[7/2]           8.0     281990.2980     4.7970   6.250E+02    38     0    309
3d4(5D)4d_4Fe[9/2]          10.0     282238.1450     4.7895   6.259E+02    38     0    310
3d4(1D1)4p_2Fo[5/2]          6.0     285052.7700     4.7052   6.372E+02    40     0    311
3d4(1D1)4p_2Fo[7/2]          8.0     286084.7200     4.6742   6.414E+02    40     0    312
3d4(1D1)4p_2Do[3/2]          4.0     289400.7200     4.5748   6.553E+02    40     0    313
3d4(1D1)4p_2Do[5/2]          6.0     289818.7700     4.5623   6.571E+02    40     0    314
3d4(5D)5s_6De[1/2]           2.0     289983.2330     4.5573   6.578E+02    41     0    315
3d4(5D)5s_6De[3/2]           4.0     290119.5800     4.5533   6.584E+02    41     0    316
3d4(5D)5s_6De[5/2]           6.0     290344.1120     4.5465   6.594E+02    41     0    317
3d4(5D)5s_6De[7/2]           8.0     290652.2050     4.5373   6.607E+02    41     0    318
3d4(5D)5s_6De[9/2]          10.0     291037.5540     4.5257   6.624E+02    41     0    319
3d4(5D)5s_4De[1/2]           2.0     292209.7450     4.4906   6.676E+02    42     0    320
3d4(5D)5s_4De[3/2]           4.0     292417.8280     4.4844   6.685E+02    42     0    321
3d4(5D)5s_4De[5/2]           6.0     292748.8910     4.4744   6.700E+02    42     0    322
3d4(5D)4d_6Se[5/2]           6.0     292764.9500     4.4740   6.701E+02    41     0    323
3d4(5D)5s_4De[7/2]           8.0     293186.6810     4.4613   6.720E+02    42     0    324
3d4(3H)4d_4Ie[9/2]          10.0     296785.1440     4.3534   6.886E+02    42     0    325
3d4(3H)4d_4Ie[11/2]         12.0     296986.5460     4.3474   6.896E+02    42     0    326
3d4(3P)4d_4Fe[3/2]           4.0     297160.0800     4.3422   6.904E+02    42     0    327
3d4(3H)4d_4Ie[13/2]         14.0     297232.7700     4.3400   6.908E+02    42     0    328
3d4(3P)4d_4Fe[5/2]           6.0     297416.5650     4.3345   6.916E+02    42     0    329
3d4(3H)4d_4Ie[15/2]         16.0     297525.7910     4.3312   6.922E+02    42     0    330
3d4(3H)4d_4He[7/2]           8.0     297632.2260     4.3280   6.927E+02    42     0    331
3d4(3P)4d_4Fe[7/2]           8.0     297814.3960     4.3226   6.936E+02    42     0    332
3d4(3H)4d_4He[9/2]          10.0     297815.6590     4.3225   6.936E+02    42     0    333
3d4(3P)4d_4De[1/2]           2.0     297846.4550     4.3216   6.937E+02    42     0    334
3d4(3P)4d_4De[3/2]           4.0     298026.9090     4.3162   6.946E+02    42     0    335
3d4(3H)4d_4He[11/2]         12.0     298040.9480     4.3158   6.946E+02    42     0    336
3d4(3H)4d_2Ge[9/2]          10.0     298094.6810     4.3142   6.949E+02    43     0    337
3d4(3H)4d_2Ge[7/2]           8.0     298199.1660     4.3110   6.954E+02    43     0    338
3d4(3H)4d_4He[13/2]         14.0     298207.4950     4.3108   6.954E+02    42     0    339
3d4(3P)4d_4De[5/2]           6.0     298429.7640     4.3041   6.965E+02    42     0    340
3d4(3P)4d_2Pe[3/2]           4.0     298482.6440     4.3025   6.968E+02    43     0    341
3d4(3P)4d_4Fe[9/2]          10.0     298601.3490     4.2990   6.974E+02    42     0    342
3d4(3H)4d_4Ke[11/2]         12.0     298631.8920     4.2981   6.975E+02    42     0    343
3d4(3P)4d_4De[7/2]           8.0     298814.8660     4.2926   6.984E+02    42     0    344
3d4(3F)4d_2Pe[1/2]           2.0     298823.0220     4.2923   6.984E+02    43     0    345
3d4(3H)4d_4Ke[13/2]         14.0     298827.1420     4.2922   6.985E+02    42     0    346
3d4(3H)4d_4Ke[15/2]         16.0     299043.4890     4.2857   6.995E+02    42     0    347
3d4(3H)4d_4Ke[17/2]         18.0     299272.5670     4.2789   7.006E+02    42     0    348
3d4(3H)4d_4Fe[3/2]           4.0     299340.0440     4.2768   7.010E+02    42     0    349
3d4(3H)4d_4Fe[5/2]           6.0     299439.0510     4.2739   7.015E+02    42     0    350
3d4(3F)4d_4He[7/2]           8.0     299593.6450     4.2692   7.022E+02    42     0    351
3d4(3H)4d_4Fe[7/2]           8.0     299617.1970     4.2685   7.023E+02    42     0    352
3d4(3F)4d_4He[9/2]          10.0     299773.3300     4.2638   7.031E+02    42     0    353
3d4(3P)4d_4Pe[5/2]           6.0     299837.2620     4.2619   7.034E+02    42     0    354
3d4(3H)4d_4Fe[9/2]          10.0     299961.3820     4.2582   7.040E+02    42     0    355
3d4(3F)4d_4He[11/2]         12.0     299969.3700     4.2580   7.041E+02    42     0    356
3d4(3P)4d_4Pe[3/2]           4.0     300143.4050     4.2528   7.049E+02    42     0    357
3d4(3F)4d_4He[13/2]         14.0     300172.5660     4.2519   7.051E+02    42     0    358
3d4(3P)4d_4Pe[1/2]           2.0     300315.1950     4.2476   7.058E+02    42     0    359
3d4(3F)4d_4Ge[5/2]           6.0     300404.6270     4.2449   7.062E+02    42     0    360
3d4(3F)4d_4Ge[7/2]           8.0     300558.0560     4.2403   7.070E+02    42     0    361
3d4(3H)4d_2Fe[5/2]           6.0     300599.5280     4.2391   7.072E+02    43     0    362
3d4(3F)4d_4Ge[9/2]          10.0     300689.4190     4.2364   7.077E+02    42     0    363
3d4(3H)4d_2Ke[13/2]         14.0     300819.3880     4.2325   7.083E+02    43     0    364
3d4(3F)4d_4Ge[11/2]         12.0     300821.3950     4.2324   7.083E+02    42     0    365
3d4(3P)4d_2De[3/2]           4.0     300955.9640     4.2284   7.090E+02    43     0    366
3d4(3H)4d_2He[9/2]          10.0     300964.6260     4.2281   7.090E+02    43     0    367
3d4(3H)4d_2Ke[15/2]         16.0     301116.7040     4.2236   7.098E+02    43     0    368
3d4(3H)4d_2He[11/2]         12.0     301188.2190     4.2214   7.102E+02    43     0    369
3d4(3G)4d_4Fe[3/2]           4.0     301189.9000     4.2214   7.102E+02    42     0    370
3d4(3F)4d_4Fe[5/2]           6.0     301283.8800     4.2186   7.107E+02    44     0    371
3d4(3H)4d_2Fe[7/2]           8.0     301310.6930     4.2178   7.108E+02    43     0    372
3d4(3P)4d_2De[5/2]           6.0     301352.3480     4.2165   7.110E+02    43     0    373
3d4(3F)4d_4Fe[7/2]           8.0     301506.7890     4.2119   7.118E+02    44     0    374
3d4(3F)4d_4Fe[9/2]          10.0     301818.7750     4.2025   7.134E+02    44     0    375
3d4(3F)4d_4De[1/2]           2.0     302059.9560     4.1953   7.146E+02    45     0    376
3d4(3F)4d_4De[3/2]           4.0     302180.0730     4.1917   7.152E+02    45     0    377
3d4(3H)4d_2Ie[11/2]         12.0     302182.6590     4.1916   7.152E+02    43     0    378
3d4(3G)4d_4Ge[5/2]           6.0     302200.2140     4.1911   7.153E+02    42     0    379
3d4(3G)4d_4De[7/2]           8.0     302256.7100     4.1894   7.156E+02    44     0    380
3d4(3F)4d_4De[5/2]           6.0     302279.0450     4.1887   7.157E+02    45     0    381
3d4(3G)4d_4Ge[7/2]           8.0     302563.3040     4.1802   7.172E+02    42     0    382
3d4(3H)4d_2Ie[13/2]         14.0     302618.7770     4.1785   7.175E+02    43     0    383
3d4(3G)4d_4Ge[9/2]          10.0     302890.8630     4.1704   7.189E+02    42     0    384
3d4(3F)4d_2Pe[3/2]           4.0     303104.6540     4.1640   7.200E+02    43     0    385
3d4(3F)4d_2Fe[5/2]           6.0     303136.5380     4.1630   7.201E+02    43     0    386
3d4(3G)4d_4Ge[11/2]         12.0     303169.5710     4.1620   7.203E+02    42     0    387
3d3(4F)4s2_4Fe[3/2]          4.0     303254.0440     4.1595   7.207E+02    42     0    388
3d4(3F)4d_2Fe[7/2]           8.0     303390.7770     4.1554   7.215E+02    43     0    389
3d3(4F)4s2_4Fe[5/2]          6.0     303497.2610     4.1522   7.220E+02    42     0    390
3d4(3F)4d_2Pbe[1/2]          2.0     303573.7130     4.1499   7.224E+02    46     0    391
3d4(3G)4d_4Ie[9/2]          10.0     303675.5030     4.1469   7.229E+02    42     0    392
3d4(3F)4d_2Ge[7/2]           8.0     303764.9730     4.1442   7.234E+02    43     0    393
3d3(4F)4s2_4Fe[7/2]          8.0     303851.5260     4.1416   7.239E+02    42     0    394
3d4(3G)4d_4Ie[11/2]         12.0     303921.0450     4.1395   7.242E+02    42     0    395
3d4(3F)4d_2Ge[9/2]          10.0     304090.5000     4.1344   7.251E+02    43     0    396
3d4(3G)4d_4Ie[13/2]         14.0     304155.0600     4.1325   7.255E+02    42     0    397
3d4(3F)4d_2He[9/2]          10.0     304256.6790     4.1294   7.260E+02    43     0    398
3d3(4F)4s2_4Fe[9/2]         10.0     304314.0310     4.1277   7.263E+02    42     0    399
3d4(3G)4d_4He[7/2]           8.0     304330.2820     4.1272   7.264E+02    42     0    400
3d4(3G)4d_4Ie[15/2]         16.0     304444.1080     4.1238   7.270E+02    42     0    401
3d4(3G)4d_4He[9/2]          10.0     304455.8900     4.1235   7.270E+02    42     0    402
3d4(3F)4d_2He[11/2]         12.0     304583.4680     4.1196   7.277E+02    43     0    403
3d4(3G)4d_4He[11/2]         12.0     304610.7140     4.1188   7.279E+02    42     0    404
3d4(3G)4d_4He[13/2]         14.0     304776.7920     4.1138   7.287E+02    42     0    405
3d4(3G)4d_2De[5/2]           6.0     305020.1780     4.1066   7.300E+02    43     0    406
3d4(3G)4d_2De[3/2]           4.0     305258.7370     4.0994   7.313E+02    43     0    407
3d4(3G)4d_2Dbe[5/2]          6.0     305260.8360     4.0993   7.313E+02    43     0    408
3d4(3G)4d_2Fe[7/2]           8.0     305848.1570     4.0817   7.345E+02    43     0    409
3d4(3F)4d_2De[3/2]           4.0     305889.8890     4.0805   7.347E+02    43     0    410
3d4(3G)4d_2Ie[11/2]         12.0     306219.9550     4.0706   7.365E+02    43     0    411
3d4(3F)4d_2De[5/2]           6.0     306221.2630     4.0705   7.365E+02    43     0    412
3d4(3G)4d_2Ie[13/2]         14.0     306616.7740     4.0587   7.386E+02    43     0    413
3d4(3G)4d_2Fe[5/2]           6.0     306936.4990     4.0491   7.404E+02    43     0    414
3d4(3G)4d_2He[9/2]          10.0     307059.4730     4.0454   7.411E+02    43     0    415
3d4(3G)4d_2Fbe[7/2]          8.0     307124.7860     4.0435   7.414E+02    43     0    416
3d4(3G)4d_2He[11/2]         12.0     307219.7090     4.0406   7.419E+02    43     0    417
3d4(3D)4d_4Fe[3/2]           4.0     307955.0960     4.0186   7.460E+02    44     0    418
3d4(3D)4d_4Fe[5/2]           6.0     308062.9690     4.0153   7.466E+02    44     0    419
3d4(3G)4d_4De[1/2]           2.0     308115.1580     4.0138   7.469E+02    44     0    420
3d4(3D)4d_4Fe[7/2]           8.0     308210.8280     4.0109   7.474E+02    44     0    421
3d4(3G)4d_4De[3/2]           4.0     308247.4140     4.0098   7.476E+02    44     0    422
3d4(3D)4d_4Fe[9/2]          10.0     308326.9990     4.0074   7.481E+02    44     0    423
3d4(3D)4d_4De[5/2]           6.0     308425.3740     4.0045   7.486E+02    47     0    424
3d4(3D)4d_4De[7/2]           8.0     308681.0140     3.9968   7.501E+02    47     0    425
3d4(3D)4d_4Pe[5/2]           6.0     309441.4130     3.9740   7.544E+02    44     0    426
3d4(3D)4d_4Pe[3/2]           4.0     309593.4510     3.9694   7.552E+02    44     0    427
3d4(3D)4d_4Pe[1/2]           2.0     309738.8630     3.9651   7.561E+02    44     0    428
3d4(3G)4d_2Ge[7/2]           8.0     310200.3950     3.9513   7.587E+02    46     0    429
3d4(1G)4d_2Ge[9/2]          10.0     310237.2990     3.9501   7.589E+02    48     0    430
3d4(1I)4d_2Ke[13/2]         14.0     310861.0430     3.9314   7.625E+02    43     0    431
3d4(1I)4d_2Ke[15/2]         16.0     310933.2600     3.9293   7.630E+02    43     0    432
3d4(3D)4d_4Ge[11/2]         12.0     311117.9400     3.9237   7.640E+02    44     0    433
3d4(3D)4d_4Ge[9/2]          10.0     311151.1490     3.9227   7.642E+02    44     0    434
3d4(3D)4d_4Ge[7/2]           8.0     311170.1400     3.9222   7.644E+02    44     0    435
3d4(3D)4d_4Ge[5/2]           6.0     311171.7390     3.9221   7.644E+02    44     0    436
3d4(3D)4d_4Se[3/2]           4.0     311325.0820     3.9175   7.653E+02    44     0    437
3d4(1G)4d_2Ie[11/2]         12.0     311591.2230     3.9096   7.668E+02    43     0    438
3d4(1G)4d_2Ie[13/2]         14.0     311673.1600     3.9071   7.673E+02    43     0    439
3d4(5D)5p_6Fo[1/2]           2.0     311762.6150     3.9044   7.678E+02    49     0    440
3d4(1G)4d_2He[9/2]          10.0     311816.9350     3.9028   7.681E+02    43     0    441
3d4(1G)4d_2He[11/2]         12.0     311826.4790     3.9025   7.682E+02    43     0    442
3d4(5D)5p_6Fo[3/2]           4.0     311891.7910     3.9005   7.686E+02    49     0    443
3d4(5D)5p_6Fo[5/2]           6.0     312104.7030     3.8942   7.699E+02    49     0    444
3d4(1I)4d_2Le[15/2]         16.0     312193.0820     3.8915   7.704E+02    43     0    445
3d4(1I)4d_2Le[17/2]         18.0     312314.2370     3.8879   7.711E+02    43     0    446
3d4(5D)5p_6Po[3/2]           4.0     312323.4310     3.8876   7.711E+02    49     0    447
3d4(5D)5p_6Fo[7/2]           8.0     312397.2930     3.8854   7.716E+02    49     0    448
3d4(5D)5p_6Po[5/2]           6.0     312562.4110     3.8804   7.726E+02    49     0    449
3d4(3D)4d_2Ge[7/2]           8.0     312579.8070     3.8799   7.727E+02    43     0    450
3d4(3D)4d_2Ge[9/2]          10.0     312628.3650     3.8785   7.730E+02    43     0    451
3d4(5D)5p_6Fo[9/2]          10.0     312764.4750     3.8744   7.738E+02    49     0    452
3d4(5D)5p_4Po[1/2]           2.0     312803.2910     3.8732   7.740E+02    50     0    453
3d4(1S)4p_2Po[1/2]           2.0     312849.4100     3.8718   7.743E+02    51     0    454
3d4(5D)5p_6Po[7/2]           8.0     312918.1090     3.8698   7.747E+02    49     0    455
3d4(5D)5p_6Do[3/2]           4.0     313125.5640     3.8636   7.759E+02    49     0    456
3d4(5D)5p_6Fo[11/2]         12.0     313201.1010     3.8613   7.764E+02    49     0    457
3d4(3D)4d_2Fe[5/2]           6.0     313281.2280     3.8589   7.769E+02    46     0    458
3d4(3D)4d_2Fe[7/2]           8.0     313324.8260     3.8576   7.772E+02    46     0    459
3d4(5D)5p_6Do[5/2]           6.0     313510.1500     3.8520   7.783E+02    49     0    460
3d4(5D)5p_6Do[1/2]           2.0     313537.9790     3.8512   7.784E+02    49     0    461
3d4(3D)4d_2Pe[3/2]           4.0     313658.8180     3.8476   7.792E+02    46     0    462
3d4(5D)5p_4Po[3/2]           4.0     313726.5970     3.8455   7.796E+02    50     0    463
3d4(5D)5p_6Do[7/2]           8.0     313855.1150     3.8417   7.804E+02    49     0    464
3d4(3D)4d_2Pe[1/2]           2.0     313952.4270     3.8388   7.810E+02    46     0    465
3d4(1G)4d_2De[5/2]           6.0     314070.1330     3.8352   7.817E+02    52     0    466
3d4(5D)5p_4Po[5/2]           6.0     314128.9090     3.8335   7.820E+02    50     0    467
3d4(3D)4d_2Pbe[3/2]          4.0     314169.1830     3.8323   7.823E+02    46     0    468
3d4(5D)5p_6Do[9/2]          10.0     314187.1910     3.8317   7.824E+02    49     0    469
3d4(1S)4p_2Po[3/2]           4.0     314199.7920     3.8314   7.825E+02    51     0    470
3d4(5D)5p_4Fo[3/2]           4.0     314453.4820     3.8237   7.840E+02    50     0    471
3d4(3P)5s_4Pe[1/2]           2.0     314609.6740     3.8191   7.850E+02    44     0    472
3d4(5D)5p_4Fo[5/2]           6.0     314627.8230     3.8185   7.851E+02    50     0    473
3d4(3D)4d_4Fbe[3/2]          4.0     314798.5510     3.8134   7.862E+02    44     0    474
3d4(5D)5p_4Fo[7/2]           8.0     314879.0070     3.8110   7.867E+02    50     0    475
3d4(3D)4d_4Fbe[5/2]          6.0     314917.8170     3.8098   7.869E+02    44     0    476
3d4(3D)4d_4Fbe[7/2]          8.0     315100.1880     3.8044   7.880E+02    44     0    477
3d4(5D)5p_4Fo[9/2]          10.0     315227.1850     3.8006   7.888E+02    50     0    478
3d4(3P)5s_4Pe[3/2]           4.0     315256.3050     3.7997   7.890E+02    44     0    479
3d4(3H)5s_4He[7/2]           8.0     315264.6220     3.7994   7.890E+02    44     0    480
3d4(3D)4d_4Fbe[9/2]         10.0     315353.2070     3.7968   7.896E+02    44     0    481
3d4(3H)5s_4He[9/2]          10.0     315401.8000     3.7953   7.899E+02    44     0    482
3d4(3G)4d_2Gbe[7/2]          8.0     315474.4530     3.7931   7.904E+02    46     0    483
3d4(3H)5s_4He[11/2]         12.0     315583.1270     3.7899   7.910E+02    44     0    484
3d4(3G)4d_2Ge[9/2]          10.0     315664.0380     3.7875   7.915E+02    46     0    485
3d4(3H)5s_4He[13/2]         14.0     315801.8280     3.7833   7.924E+02    44     0    486
3d4(3D)4d_2De[5/2]           6.0     315839.9940     3.7822   7.926E+02    46     0    487
3d4(3D)4d_2De[3/2]           4.0     315960.4350     3.7786   7.934E+02    46     0    488
3d4(3P)5s_2Pe[1/2]           2.0     316113.6610     3.7740   7.944E+02    46     0    489
3d4(5D)5p_4Do[1/2]           2.0     316171.8360     3.7722   7.947E+02    50     0    490
3d4(5D)5p_4Do[3/2]           4.0     316350.9470     3.7669   7.959E+02    50     0    491
3d4(3P)5s_4Pe[5/2]           6.0     316393.5510     3.7656   7.961E+02    44     0    492
3d4(5D)5p_4Do[5/2]           6.0     316615.2910     3.7589   7.975E+02    50     0    493
3d4(3D)4d_2Se[1/2]           2.0     316621.0670     3.7588   7.976E+02    46     0    494
3d4(3H)5s_2He[9/2]          10.0     316692.1120     3.7566   7.980E+02    46     0    495
3d4(5D)5p_4Do[7/2]           8.0     316918.8620     3.7498   7.995E+02    50     0    496
3d4(3H)4d_4Ge[11/2]         12.0     316925.4100     3.7496   7.995E+02    44     0    497
3d4(3H)4d_4Ge[5/2]           6.0     316937.1470     3.7493   7.996E+02    44     0    498
3d4(3H)4d_4Ge[7/2]           8.0     316977.0910     3.7481   7.999E+02    44     0    499
3d4(3H)4d_4Ge[9/2]          10.0     316992.1070     3.7476   7.999E+02    44     0    500
3d4(3H)5s_2He[11/2]         12.0     317061.4930     3.7456   8.004E+02    46     0    501
3d4(3F)5s_4Fe[3/2]           4.0     317205.4440     3.7412   8.013E+02    45     0    502
3d4(3D)4d_4Pbe[1/2]          2.0     317244.8680     3.7401   8.016E+02    45     0    503
3d4(3F)5s_4Fe[5/2]           6.0     317257.4560     3.7397   8.017E+02    45     0    504
3d4(3P)5s_2Pe[3/2]           4.0     317294.2990     3.7386   8.019E+02    46     0    505
3d4(3F)5s_4Fe[7/2]           8.0     317331.4740     3.7375   8.021E+02    45     0    506
3d4(3P)5s_2Pbe[3/2]          4.0     317372.3620     3.7362   8.024E+02    53     0    507
3d4(3F)5s_4Fe[9/2]          10.0     317443.8610     3.7341   8.029E+02    45     0    508
3d4(3D)4d_4Pbe[5/2]          6.0     317565.3460     3.7305   8.036E+02    45     0    509
3d4(1I)4d_2Ge[7/2]           8.0     317571.2260     3.7303   8.037E+02    46     0    510
3d4(1I)4d_2Ge[9/2]          10.0     317806.1670     3.7232   8.052E+02    46     0    511
3d4(3F)5s_2Fe[5/2]           6.0     318627.1810     3.6986   8.106E+02    46     0    512
3d4(3F)5s_2Fe[7/2]           8.0     318773.5780     3.6942   8.115E+02    46     0    513
3d4(3D)4d_4De[1/2]           2.0     319784.3380     3.6639   8.182E+02    47     0    514
3d4(3D)4d_4De[3/2]           4.0     319853.0400     3.6619   8.187E+02    47     0    515
3d4(3D)4d_4Dbe[5/2]          6.0     319880.6490     3.6610   8.189E+02    47     0    516
3d4(3D)4d_4Dbe[7/2]          8.0     319896.1510     3.6606   8.190E+02    47     0    517
3d4(3G)5s_4Ge[5/2]           6.0     320450.1960     3.6440   8.227E+02    47     0    518
3d4(3G)5s_4Gbe[5/2]          6.0     320568.9670     3.6404   8.235E+02    47     0    519
3d4(3G)5s_4Ge[7/2]           8.0     320630.2890     3.6386   8.239E+02    47     0    520
3d4(1D)4d_2Pe[1/2]           2.0     320795.7200     3.6336   8.251E+02    48     0    521
3d4(1D)4d_2Fe[7/2]           8.0     320809.7950     3.6332   8.251E+02    48     0    522
3d4(3G)5s_4Ge[9/2]          10.0     320832.1130     3.6325   8.253E+02    47     0    523
3d4(1D)4d_2Pe[3/2]           4.0     320853.5730     3.6319   8.254E+02    48     0    524
3d4(3G)5s_4Ge[11/2]         12.0     321037.0380     3.6264   8.267E+02    47     0    525
3d4(1F)4d_2De[3/2]           4.0     321379.6330     3.6161   8.290E+02    48     0    526
3d4(1F)4d_2De[5/2]           6.0     321435.0160     3.6144   8.294E+02    48     0    527
3d3(4P)4s2_4Pe[1/2]          2.0     321753.4810     3.6049   8.316E+02    47     0    528
3d3(4P)4s2_4Pe[3/2]          4.0     321878.9720     3.6011   8.325E+02    47     0    529
3d4(3G)5s_2Ge[7/2]           8.0     322129.6160     3.5936   8.342E+02    48     0    530
3d3(4P)4s2_4Pe[5/2]          6.0     322226.7160     3.5907   8.349E+02    47     0    531
3d4(3G)5s_2Ge[9/2]          10.0     322476.3350     3.5832   8.367E+02    48     0    532
3d4(1I)4d_2He[9/2]          10.0     322496.3280     3.5826   8.368E+02    48     0    533
3d4(1I)4d_2He[11/2]         12.0     322607.9570     3.5793   8.376E+02    48     0    534
3d4(1D)4d_2Ge[7/2]           8.0     323330.7170     3.5576   8.427E+02    48     0    535
3d4(1D)4d_2Ge[9/2]          10.0     323345.8510     3.5572   8.428E+02    48     0    536
3d3(2G)4s2_2Ge[7/2]          8.0     324591.1360     3.5198   8.517E+02    48     0    537
3d3(2G)4s2_2Ge[9/2]         10.0     325110.4870     3.5043   8.555E+02    48     0    538
3d4(1I)4d_2Ie[13/2]         14.0     326221.1470     3.4710   8.637E+02    48     0    539
3d4(1I)4d_2Ie[11/2]         12.0     326228.8880     3.4707   8.638E+02    48     0    540
3d3(2P)4s2_2Pe[3/2]          4.0     327062.0940     3.4458   8.700E+02    52     0    541
3d4(1D)4d_2De[5/2]           6.0     327165.0210     3.4427   8.708E+02    52     0    542
3d3(2P)4s2_2Pe[1/2]          2.0     327324.0860     3.4379   8.720E+02    52     0    543
3d3(2P)4s2_2Pbe[3/2]         4.0     327742.9040     3.4253   8.752E+02    52     0    544
3d4(3D)5s_4De[7/2]           8.0     327775.9460     3.4244   8.755E+02    54     0    545
3d4(3D)5s_4De[5/2]           6.0     327849.4020     3.4221   8.760E+02    54     0    546
3d4(3D)5s_4De[3/2]           4.0     327926.2890     3.4198   8.766E+02    54     0    547
3d4(1G)4d_2Fe[7/2]           8.0     327957.0020     3.4189   8.769E+02    52     0    548
3d4(3D)5s_4De[1/2]           2.0     327982.7400     3.4182   8.771E+02    54     0    549
3d4(1F)4d_2He[9/2]          10.0     328085.6420     3.4151   8.779E+02    52     0    550
3d4(1G)5s_2Ge[7/2]           8.0     328288.5030     3.4090   8.794E+02    52     0    551
3d4(5D)4f_6Ho[5/2]           6.0     328295.8370     3.4088   8.795E+02    55     0    552
3d4(1G)5s_2Ge[9/2]          10.0     328303.6710     3.4085   8.795E+02    52     0    553
3d4(1I)5s_2Ie[11/2]         12.0     328331.9470     3.4077   8.798E+02    52     0    554
3d4(1I)5s_2Ie[13/2]         14.0     328341.3110     3.4074   8.798E+02    52     0    555
3d4(5D)4f_6Ho[7/2]           8.0     328407.2280     3.4054   8.803E+02    55     0    556
3d4(5D)4f_4Po[5/2]           6.0     328464.3790     3.4037   8.808E+02    56     0    557
3d4(1G)4d_2Fe[5/2]           6.0     328478.2200     3.4033   8.809E+02    52     0    558
3d4(1F)4d_2He[11/2]         12.0     328493.8620     3.4028   8.810E+02    52     0    559
3d4(5D)4f_6Ho[9/2]          10.0     328556.9050     3.4009   8.815E+02    55     0    560
3d4(5D)4f_6Ho[11/2]         12.0     328749.9110     3.3952   8.830E+02    55     0    561
3d4(5D)4f_4Po[3/2]           4.0     328767.6740     3.3946   8.831E+02    56     0    562
3d4(5D)4f_6Do[7/2]           8.0     328802.4510     3.3936   8.834E+02    55     0    563
3d4(5D)4f_6Do[5/2]           6.0     328913.6140     3.3902   8.843E+02    55     0    564
3d4(5D)4f_4Po[1/2]           2.0     328959.1510     3.3889   8.846E+02    56     0    565
3d4(5D)4f_6Ho[13/2]         14.0     328990.0930     3.3880   8.849E+02    55     0    566
3d4(5D)4f_6Do[9/2]          10.0     329013.6470     3.3872   8.851E+02    55     0    567
3d4(5D)4f_6Do[3/2]           4.0     329077.5590     3.3853   8.856E+02    55     0    568
3d4(5D)4f_6Do[1/2]           2.0     329238.0460     3.3805   8.868E+02    55     0    569
3d4(5D)4f_6Ho[15/2]         16.0     329279.2950     3.3793   8.871E+02    55     0    570
3d4(3D)5s_2De[5/2]           6.0     329348.9340     3.3772   8.877E+02    52     0    571
3d4(5D)4f_4Ho[7/2]           8.0     329375.3360     3.3764   8.879E+02    56     0    572
3d4(5D)4f_4Hbo[7/2]          8.0     329394.5590     3.3758   8.881E+02    56     0    573
3d4(5D)4f_6Go[3/2]           4.0     329418.3250     3.3751   8.882E+02    55     0    574
3d4(5D)4f_6Go[5/2]           6.0     329429.2030     3.3748   8.883E+02    55     0    575
3d4(3D)5s_2De[3/2]           4.0     329466.3460     3.3737   8.886E+02    52     0    576
3d4(5D)4f_6Fo[1/2]           2.0     329549.7840     3.3712   8.893E+02    55     0    577
3d4(5D)4f_4Ho[9/2]          10.0     329603.5020     3.3696   8.897E+02    56     0    578
3d4(5D)4f_6Go[7/2]           8.0     329626.9180     3.3689   8.899E+02    55     0    579
3d4(5D)4f_4Hbo[9/2]         10.0     329664.8520     3.3677   8.902E+02    56     0    580
3d4(5D)4f_6Fo[3/2]           4.0     329701.8320     3.3666   8.905E+02    55     0    581
3d4(5D)4f_6Po[5/2]           6.0     329722.1070     3.3660   8.906E+02    55     0    582
3d4(5D)4f_6Fo[11/2]         12.0     329724.1890     3.3659   8.907E+02    55     0    583
3d4(5D)4f_6Po[3/2]           4.0     329907.4920     3.3604   8.921E+02    55     0    584
3d4(5D)4f_6Fo[5/2]           6.0     329926.3590     3.3599   8.923E+02    55     0    585
3d4(5D)4f_4Ho[11/2]         12.0     329932.7600     3.3597   8.923E+02    56     0    586
3d4(5D)4f_6Fo[7/2]           8.0     330048.5370     3.3562   8.932E+02    55     0    587
3d4(5D)4f_4Do[7/2]           8.0     330080.3250     3.3553   8.935E+02    56     0    588
3d4(5D)4f_4Do[5/2]           6.0     330095.9080     3.3548   8.936E+02    56     0    589
3d4(5D)4f_6Fo[9/2]          10.0     330164.3410     3.3527   8.942E+02    55     0    590
3d4(5D)4f_4Do[3/2]           4.0     330183.5370     3.3522   8.943E+02    56     0    591
3d4(5D)4f_6Go[13/2]         14.0     330193.8380     3.3519   8.944E+02    55     0    592
3d4(5D)4f_6Go[11/2]         12.0     330247.9950     3.3502   8.948E+02    55     0    593
3d4(5D)4f_4Do[1/2]           2.0     330299.7890     3.3487   8.953E+02    56     0    594
3d4(5D)4f_4Ho[13/2]         14.0     330340.8620     3.3475   8.956E+02    56     0    595
3d4(5D)4f_4Go[5/2]           6.0     330540.9550     3.3415   8.972E+02    56     0    596
3d3(2D)4s2_2De[3/2]          4.0     330559.7870     3.3409   8.973E+02    53     0    597
3d4(5D)4f_4Go[7/2]           8.0     330614.2220     3.3393   8.978E+02    56     0    598
3d4(5D)4f_4Fo[3/2]           4.0     330627.7120     3.3389   8.979E+02    56     0    599
3d4(5D)4f_4Fo[9/2]          10.0     330661.9910     3.3378   8.982E+02    56     0    600
3d4(5D)4f_4Fo[5/2]           6.0     330890.8710     3.3310   9.000E+02    56     0    601
3d3(2D)4s2_2De[5/2]          6.0     330915.0680     3.3302   9.002E+02    53     0    602
3d4(5D)4f_4Gbo[7/2]          8.0     331079.9330     3.3253   9.016E+02    56     0    603
3d4(1F)4d_2Ge[7/2]           8.0     331155.8260     3.3230   9.022E+02    53     0    604
3d4(5D)4f_4Go[9/2]          10.0     331219.5280     3.3211   9.027E+02    56     0    605
3d4(5D)4f_4Go[11/2]         12.0     331296.5830     3.3188   9.033E+02    56     0    606
3d4(1F)4d_2Ge[9/2]          10.0     331449.9150     3.3142   9.046E+02    53     0    607
3d4(1F)4d_2Pe[3/2]           4.0     331765.0000     3.3048   9.072E+02    53     0    608
3d3(2H)4s2_2He[9/2]         10.0     331788.6250     3.3041   9.073E+02    53     0    609
3d4(1F)4d_2Pe[1/2]           2.0     331816.6190     3.3032   9.076E+02    53     0    610
3d4(1F)4d_2Fe[7/2]           8.0     331820.7650     3.3031   9.076E+02    53     0    611
3d4(1F)4d_2Fe[5/2]           6.0     332047.4300     3.2963   9.095E+02    53     0    612
3d3(2H)4s2_2He[11/2]        12.0     332146.3970     3.2933   9.103E+02    53     0    613
3d4(1S)5s_2Se[1/2]           2.0     332425.7980     3.2850   9.126E+02    53     0    614
3d4(1F)4d_2Dbe[3/2]          4.0     334405.2440     3.2256   9.294E+02    57     0    615
3d4(1F)4d_2Dbe[5/2]          6.0     334435.1310     3.2247   9.297E+02    57     0    616
3d4(3F)4d_4Gbe[11/2]        12.0     334954.6130     3.2091   9.342E+02    54     0    617
3d4(3F)4d_4Gbe[5/2]          6.0     334970.2120     3.2087   9.343E+02    54     0    618
3d4(3F)4d_4Gbe[7/2]          8.0     334974.4520     3.2085   9.344E+02    54     0    619
3d4(3F)4d_4Gbe[9/2]         10.0     334978.8950     3.2084   9.344E+02    54     0    620
3d4(3P)4d_4Dbe[5/2]          6.0     335993.4450     3.1780   9.433E+02    54     0    621
3d4(1D)5s_2De[3/2]           4.0     336029.1050     3.1769   9.437E+02    57     0    622
3d4(3P)4d_4Dbe[7/2]          8.0     336069.7190     3.1757   9.440E+02    54     0    623
3d4(3P)4d_4Pbe[1/2]          2.0     336077.5460     3.1755   9.441E+02    54     0    624
3d4(1D)5s_2De[5/2]           6.0     336092.9000     3.1750   9.442E+02    57     0    625
3d4(1D)5s_2Dbe[3/2]          4.0     336094.0490     3.1750   9.442E+02    57     0    626
3d4(3P)5p_4Do[1/2]           2.0     336205.6570     3.1716   9.452E+02    56     0    627
3d4(3P)4d_4Dbe[1/2]          2.0     336369.2050     3.1667   9.467E+02    54     0    628
3d4(3P)4d_4Pbe[3/2]          4.0     336613.4890     3.1594   9.489E+02    54     0    629
3d4(3D)4d_2Sbe[1/2]          2.0     336627.6780     3.1590   9.490E+02    57     0    630
3d4(3P)5p_4Do[3/2]           4.0     336654.2530     3.1582   9.493E+02    56     0    631
3d4(3H)5p_4Ho[7/2]           8.0     336730.7740     3.1559   9.499E+02    56     0    632
3d4(3F)4d_4Dbe[5/2]          6.0     336758.9560     3.1550   9.502E+02    54     0    633
3d4(3H)5p_4Ho[9/2]          10.0     336868.3430     3.1518   9.512E+02    56     0    634
3d4(3F)4d_4De[7/2]           8.0     336898.1700     3.1509   9.515E+02    45     0    635
3d4(3F)4d_4Dbe[1/2]          2.0     336982.9260     3.1483   9.522E+02    54     0    636
3d4(3F)4d_4Dbe[3/2]          4.0     337001.8710     3.1478   9.524E+02    54     0    637
3d4(3F)4d_4Hbe[13/2]        14.0     337003.3050     3.1477   9.524E+02    54     0    638
3d4(3F)4d_4Dce[5/2]          6.0     337008.6470     3.1476   9.525E+02    54     0    639
3d4(3F)4d_4Hbe[7/2]          8.0     337016.5670     3.1473   9.525E+02    54     0    640
3d4(3F)4d_4Hbe[9/2]         10.0     337042.0580     3.1466   9.528E+02    54     0    641
3d4(3F)4d_4Hbe[11/2]        12.0     337045.8830     3.1464   9.528E+02    54     0    642
3d4(3H)5p_4Ho[11/2]         12.0     337074.1490     3.1456   9.531E+02    56     0    643
3d4(3P)5p_4Po[1/2]           2.0     337201.0250     3.1418   9.542E+02    56     0    644
3d4(3H)5p_4Io[9/2]          10.0     337294.1830     3.1390   9.551E+02    56     0    645
3d4(3P)5p_4Do[5/2]           6.0     337313.9400     3.1384   9.552E+02    56     0    646
3d4(3H)5p_4Ho[13/2]         14.0     337337.2310     3.1377   9.554E+02    56     0    647
3d4(3P)5p_4Po[3/2]           4.0     337556.9450     3.1311   9.575E+02    56     0    648
3d4(3H)5p_4Io[11/2]         12.0     337594.0170     3.1300   9.578E+02    56     0    649
3d4(3P)4d_4Fbe[9/2]         10.0     337776.6630     3.1245   9.595E+02    54     0    650
3d4(3H)5p_4Io[13/2]         14.0     337885.0480     3.1213   9.605E+02    56     0    651
3d4(3F)4d_2Fbe[5/2]          6.0     337911.7080     3.1205   9.607E+02    57     0    652
3d4(3F)4d_2Fbe[7/2]          8.0     338055.3380     3.1162   9.621E+02    57     0    653
3d4(3P)5p_2Po[1/2]           2.0     338131.4540     3.1139   9.628E+02    58     0    654
3d4(3H)5p_2Go[7/2]           8.0     338147.6880     3.1134   9.629E+02    58     0    655
3d4(3H)5p_4Io[15/2]         16.0     338162.8620     3.1130   9.630E+02    56     0    656
3d4(3P)4d_4Fbe[7/2]          8.0     338166.3890     3.1129   9.631E+02    54     0    657
3d4(3H)5p_4Go[9/2]          10.0     338255.3880     3.1102   9.639E+02    56     0    658
3d4(3P)5p_4Do[7/2]           8.0     338268.7620     3.1098   9.640E+02    56     0    659
3d4(3H)5p_4Go[5/2]           6.0     338392.2290     3.1061   9.652E+02    56     0    660
3d4(3P)4d_4Fbe[5/2]          6.0     338420.9790     3.1052   9.654E+02    54     0    661
3d4(3P)5p_4Po[5/2]           6.0     338514.4120     3.1024   9.663E+02    56     0    662
3d4(3H)5p_4Go[11/2]         12.0     338518.1230     3.1023   9.664E+02    56     0    663
3d4(3P)4d_4Fbe[3/2]          4.0     338589.3260     3.1002   9.670E+02    54     0    664
3d4(3H)5p_4Go[7/2]           8.0     338604.8540     3.0997   9.672E+02    56     0    665
3d4(3P)5p_2Po[3/2]           4.0     338613.4800     3.0994   9.672E+02    58     0    666
3d4(3H)5p_2Io[11/2]         12.0     338735.9510     3.0958   9.684E+02    58     0    667
3d4(3H)5p_4Gbo[9/2]         10.0     338782.9330     3.0944   9.688E+02    56     0    668
3d4(3F)5p_4Go[5/2]           6.0     338874.0600     3.0916   9.697E+02    56     0    669
3d4(3P)5p_4So[3/2]           4.0     338923.6640     3.0902   9.702E+02    56     0    670
3d4(3H)5p_2Io[13/2]         14.0     338994.7880     3.0880   9.708E+02    58     0    671
3d4(3F)5p_4Go[7/2]           8.0     339039.1050     3.0867   9.712E+02    56     0    672
3d4(3F)5p_4Go[9/2]          10.0     339267.5610     3.0798   9.734E+02    56     0    673
3d4(3H)5p_2Ho[9/2]          10.0     339330.4410     3.0780   9.740E+02    58     0    674
3d4(3F)5p_4Fo[3/2]           4.0     339432.6750     3.0749   9.750E+02    56     0    675
3d4(3P)5p_2Pbo[1/2]          2.0     339444.2890     3.0745   9.751E+02    58     0    676
3d4(3F)5p_4Go[11/2]         12.0     339559.7440     3.0711   9.762E+02    56     0    677
3d4(3F)5p_4Fo[5/2]           6.0     339570.7200     3.0708   9.763E+02    56     0    678
3d4(3H)5p_2Ho[11/2]         12.0     339689.1020     3.0672   9.774E+02    58     0    679
3d4(3F)5p_4Fo[7/2]           8.0     339720.6050     3.0663   9.777E+02    56     0    680
3d4(3P)5p_2Pbo[3/2]          4.0     339762.3120     3.0650   9.781E+02    58     0    681
3d4(3F)5p_4Fo[9/2]          10.0     339863.1610     3.0620   9.791E+02    56     0    682
3d4(3F)4d_2Pce[1/2]          2.0     339905.8800     3.0607   9.795E+02    57     0    683
3d4(3F)5p_4Do[5/2]           6.0     339944.5320     3.0595   9.799E+02    56     0    684
3d4(3F)5p_4Do[1/2]           2.0     339950.8060     3.0594   9.799E+02    56     0    685
3d4(3F)5p_4Do[3/2]           4.0     339955.9010     3.0592   9.800E+02    56     0    686
3d4(3F)5p_4Do[7/2]           8.0     340023.0530     3.0572   9.806E+02    56     0    687
3d4(3F)4d_2Pbe[3/2]          4.0     340027.4740     3.0571   9.807E+02    46     0    688
3d4(3P)5p_2Do[5/2]           6.0     340045.8240     3.0565   9.808E+02    58     0    689
3d4(3F)5p_2Do[3/2]           4.0     340462.6640     3.0440   9.849E+02    58     0    690
3d4(3F)4d_2Hbe[11/2]        12.0     340588.1870     3.0402   9.861E+02    57     0    691
3d4(3F)5p_2Do[5/2]           6.0     340614.1010     3.0395   9.863E+02    58     0    692
3d4(3P)4d_2Fe[7/2]           8.0     340745.9660     3.0355   9.876E+02    57     0    693
3d4(3P)4d_2Dbe[5/2]          6.0     340752.5060     3.0353   9.877E+02    57     0    694
3d4(3F)4d_2Hbe[9/2]         10.0     340906.6040     3.0307   9.892E+02    57     0    695
3d4(3F)5p_2Fo[5/2]           6.0     341065.6990     3.0259   9.907E+02    58     0    696
3d4(3F)5p_2Go[7/2]           8.0     341084.7410     3.0254   9.909E+02    58     0    697
3d4(3F)5p_2Fo[7/2]           8.0     341161.2290     3.0231   9.917E+02    58     0    698
3d4(3P)4d_2Dbe[3/2]          4.0     341168.0180     3.0229   9.917E+02    57     0    699
3d4(3F)5p_2Go[9/2]          10.0     341250.0870     3.0204   9.926E+02    58     0    700
3d4(3P)4d_2Fe[5/2]           6.0     341414.8810     3.0155   9.942E+02    57     0    701
3d4(3F)4d_4Fbe[9/2]         10.0     341672.2190     3.0078   9.967E+02    54     0    702
3d3(4F)4s4p_6Go[3/2]         4.0     341721.1570     3.0063   9.972E+02    55     0    703
3d4(3F)4d_4Fe[3/2]           4.0     341727.9980     3.0061   9.973E+02    44     0    704
3d4(3F)4d_4Fbe[7/2]          8.0     341752.6590     3.0053   9.975E+02    54     0    705
3d4(3F)4d_4Fbe[5/2]          6.0     341770.3820     3.0048   9.977E+02    54     0    706
3d3(4F)4s4p_6Go[5/2]         6.0     342040.9310     2.9967   1.000E+03    55     0    707
3d4(3F)4d_4Pe[1/2]           2.0     342195.9940     2.9920   1.002E+03    54     0    708
3d4(3F)4d_4Pe[3/2]           4.0     342265.0150     2.9900   1.003E+03    54     0    709
3d4(3G)5p_4Ho[7/2]           8.0     342363.6810     2.9870   1.004E+03    56     0    710
3d4(3F)4d_4Pe[5/2]           6.0     342369.1850     2.9869   1.004E+03    54     0    711
3d3(4F)4s4p_6Go[7/2]         8.0     342486.8760     2.9833   1.005E+03    55     0    712
3d4(3F)4d_2Gbe[9/2]         10.0     342610.2910     2.9796   1.006E+03    57     0    713
3d4(3G)5p_4Ho[9/2]          10.0     342622.6530     2.9793   1.006E+03    56     0    714
3d4(3F)4d_2Gbe[7/2]          8.0     342687.0970     2.9773   1.007E+03    57     0    715
3d4(3G)5p_4Go[5/2]           6.0     342850.7870     2.9724   1.009E+03    56     0    716
3d4(3G)5p_4Ho[11/2]         12.0     342917.3660     2.9704   1.009E+03    56     0    717
3d4(3G)5p_4Go[7/2]           8.0     342987.0300     2.9683   1.010E+03    56     0    718
3d3(4F)4s4p_6Go[9/2]        10.0     343056.9610     2.9662   1.011E+03    55     0    719
3d4(3G)5p_4Fo[3/2]           4.0     343076.6660     2.9656   1.011E+03    56     0    720
3d4(3G)5p_4Fo[9/2]          10.0     343173.6200     2.9627   1.012E+03    56     0    721
3d4(3G)5p_4Ho[13/2]         14.0     343233.0210     2.9610   1.012E+03    56     0    722
3d4(3G)5p_4Fo[5/2]           6.0     343262.6340     2.9601   1.013E+03    56     0    723
3d4(3G)5p_4Fo[7/2]           8.0     343424.3130     2.9552   1.014E+03    56     0    724
3d4(3G)5p_4Fbo[9/2]         10.0     343538.9100     2.9518   1.016E+03    56     0    725
3d4(3G)5p_4Go[11/2]         12.0     343554.8570     2.9513   1.016E+03    56     0    726
3d4(1F)5s_2Fe[5/2]           6.0     343578.1570     2.9506   1.016E+03    57     0    727
3d4(1F)5s_2Fe[7/2]           8.0     343595.9210     2.9501   1.016E+03    57     0    728
3d3(4F)4s4p_6Go[11/2]       12.0     343755.8160     2.9453   1.018E+03    55     0    729
3d4(3G)5p_2Fo[5/2]           6.0     343808.2250     2.9437   1.018E+03    58     0    730
3d4(3G)5p_2Ho[9/2]          10.0     343962.4550     2.9391   1.020E+03    58     0    731
3d4(3G)5p_2Ho[11/2]         12.0     344272.6720     2.9298   1.023E+03    58     0    732
3d4(3G)5p_2Fo[7/2]           8.0     344273.2080     2.9298   1.023E+03    58     0    733
3d3(4F)4s4p_6Go[13/2]       14.0     344579.5130     2.9206   1.026E+03    55     0    734
3d4(3G)5p_2Go[7/2]           8.0     344657.6200     2.9183   1.027E+03    58     0    735
3d4(3F)4d_2Dbe[3/2]          4.0     344702.0790     2.9169   1.028E+03    57     0    736
3d4(5D)5d_4Se[3/2]           4.0     344739.1860     2.9158   1.028E+03    59     0    737
3d4(5D)5d_6Ge[3/2]           4.0     344808.0190     2.9137   1.029E+03    60     0    738
3d4(5D)5d_6Ge[5/2]           6.0     344919.1330     2.9104   1.030E+03    60     0    739
3d4(3G)5p_2Go[9/2]          10.0     344975.3780     2.9087   1.031E+03    58     0    740
3d4(3F)4d_2Dbe[5/2]          6.0     345054.6430     2.9063   1.032E+03    57     0    741
3d4(5D)5d_6Ge[7/2]           8.0     345077.8300     2.9057   1.032E+03    60     0    742
3d3(4F)4s4p_6Do[1/2]         2.0     345111.6480     2.9046   1.032E+03    61     0    743
3d3(4F)4s4p_6Do[3/2]         4.0     345125.1230     2.9042   1.032E+03    61     0    744
3d4(5D)5d_6Pe[5/2]           6.0     345139.5470     2.9038   1.032E+03    60     0    745
3d4(5D)5d_6Pe[3/2]           4.0     345149.9260     2.9035   1.033E+03    60     0    746
3d3(4F)4s4p_6Do[5/2]         6.0     345239.5830     2.9008   1.033E+03    61     0    747
3d4(5D)5d_6Ge[9/2]          10.0     345287.0070     2.8994   1.034E+03    60     0    748
3d4(5D)5d_6Pe[7/2]           8.0     345312.5290     2.8986   1.034E+03    60     0    749
3d3(4F)4s4p_6Fo[1/2]         2.0     345354.0200     2.8974   1.035E+03    61     0    750
3d3(4F)4s4p_6Do[7/2]         8.0     345461.5420     2.8942   1.036E+03    61     0    751
3d4(5D)5d_6Ge[11/2]         12.0     345547.7590     2.8916   1.037E+03    60     0    752
3d3(4F)4s4p_6Fo[3/2]         4.0     345590.6450     2.8903   1.037E+03    61     0    753
3d3(4F)4s4p_6Do[9/2]        10.0     345792.8620     2.8842   1.039E+03    61     0    754
3d4(5D)5d_6Ge[13/2]         14.0     345860.2980     2.8822   1.040E+03    60     0    755
3d4(5D)5d_6Fe[1/2]           2.0     345871.9560     2.8818   1.040E+03    60     0    756
3d4(5D)5d_6Fe[3/2]           4.0     345893.9950     2.8812   1.041E+03    60     0    757
3d3(4F)4s4p_6Fo[5/2]         6.0     345894.7560     2.8812   1.041E+03    61     0    758
3d4(5D)5d_6Fe[5/2]           6.0     345983.3100     2.8785   1.041E+03    60     0    759
3d4(1G)4d_2Ibe[11/2]        12.0     346016.2040     2.8775   1.042E+03    57     0    760
3d4(5D)5d_6De[1/2]           2.0     346045.4220     2.8766   1.042E+03    60     0    761
3d4(1G)4d_2Ibe[13/2]        14.0     346110.4750     2.8747   1.043E+03    57     0    762
3d4(5D)5d_6Fe[7/2]           8.0     346129.8210     2.8741   1.043E+03    60     0    763
3d4(5D)5d_6De[3/2]           4.0     346215.3900     2.8716   1.044E+03    60     0    764
3d3(4F)4s4p_6Fo[7/2]         8.0     346258.7190     2.8703   1.044E+03    61     0    765
3d4(5D)5d_6De[9/2]          10.0     346314.1230     2.8686   1.045E+03    60     0    766
3d4(5D)5d_6De[5/2]           6.0     346410.6860     2.8657   1.046E+03    60     0    767
3d3(2F)4s2_2Fe[7/2]          8.0     346456.3220     2.8643   1.047E+03    57     0    768
3d3(2F)4s2_2Fe[5/2]          6.0     346586.5370     2.8604   1.048E+03    57     0    769
3d4(5D)5d_6De[7/2]           8.0     346605.1810     2.8599   1.048E+03    60     0    770
3d3(4F)4s4p_6Fo[9/2]        10.0     346674.0880     2.8578   1.049E+03    61     0    771
3d4(5D)5d_6Fe[9/2]          10.0     346757.7990     2.8553   1.050E+03    60     0    772
3d4(5D)5d_6Fe[11/2]         12.0     346780.3440     2.8546   1.050E+03    60     0    773
3d3(4F)4s4p_6Fo[11/2]       12.0     347129.0310     2.8442   1.054E+03    61     0    774
3d4(3F)4d_2Pde[1/2]          2.0     348189.1220     2.8124   1.066E+03    57     0    775
3d4(1G)4d_2Hbe[9/2]         10.0     348408.8290     2.8058   1.068E+03    57     0    776
3d4(1G)4d_2Hbe[11/2]        12.0     348517.6740     2.8025   1.070E+03    57     0    777
3d4(3F)4d_2Pce[3/2]          4.0     348596.6380     2.8002   1.071E+03    57     0    778
3d4(5D)5d_4Ge[5/2]           6.0     348769.1420     2.7950   1.073E+03    59     0    779
3d4(5D)5d_4Ge[7/2]           8.0     348991.0430     2.7883   1.075E+03    59     0    780
3d4(1G)4d_2Fbe[7/2]          8.0     349171.3140     2.7829   1.077E+03    57     0    781
3d3(2F)4s2_2Fbe[5/2]         6.0     349257.5490     2.7803   1.078E+03    57     0    782
3d4(5D)5d_4Ge[9/2]          10.0     349274.9930     2.7798   1.078E+03    59     0    783
3d4(5D)5d_4Pe[1/2]           2.0     349394.7650     2.7762   1.080E+03    59     0    784
3d4(5D)5d_4Pe[3/2]           4.0     349406.1670     2.7759   1.080E+03    59     0    785
3d4(5D)5d_4Pe[5/2]           6.0     349489.4200     2.7734   1.081E+03    59     0    786
3d4(5D)5d_4Ge[11/2]         12.0     349619.1180     2.7695   1.082E+03    59     0    787
3d4(3D)5p_4Do[5/2]           6.0     349688.6760     2.7674   1.083E+03    62     0    788
3d4(3D)5p_4Do[3/2]           4.0     349735.6610     2.7660   1.084E+03    62     0    789
3d4(3D)5p_4Do[7/2]           8.0     349739.0780     2.7659   1.084E+03    62     0    790
3d4(3D)5p_4Do[1/2]           2.0     349815.2360     2.7636   1.085E+03    62     0    791
3d4(5D)5d_4De[1/2]           2.0     349818.3590     2.7635   1.085E+03    59     0    792
3d4(1I)5p_2Io[13/2]         14.0     349852.2400     2.7625   1.085E+03    58     0    793
3d4(1I)5p_2Io[11/2]         12.0     349868.8430     2.7620   1.085E+03    58     0    794
3d4(1G)5p_2Ho[9/2]          10.0     349931.6700     2.7601   1.086E+03    58     0    795
3d4(5D)5d_4De[3/2]           4.0     349997.1100     2.7582   1.087E+03    59     0    796
3d4(3D)5p_4Fo[5/2]           6.0     350051.1120     2.7566   1.088E+03    62     0    797
3d4(3D)5p_4Fo[3/2]           4.0     350065.2830     2.7561   1.088E+03    62     0    798
3d4(1G)5p_2Fo[7/2]           8.0     350100.8580     2.7551   1.088E+03    58     0    799
3d4(5D)5d_4De[5/2]           6.0     350162.8480     2.7532   1.089E+03    59     0    800
3d4(1G)5p_2Ho[11/2]         12.0     350210.5220     2.7518   1.089E+03    58     0    801
3d4(3D)5p_4Fo[7/2]           8.0     350227.7350     2.7513   1.090E+03    62     0    802
3d4(3D)5p_4Fo[9/2]          10.0     350237.5910     2.7510   1.090E+03    62     0    803
3d4(5D)5d_4De[7/2]           8.0     350245.9200     2.7507   1.090E+03    59     0    804
3d4(3D)5p_4Po[5/2]           6.0     350252.9460     2.7505   1.090E+03    62     0    805
3d3(4F)4s4p_4Do[1/2]         2.0     350383.9570     2.7466   1.092E+03    62     0    806
3d4(1I)5p_2Ko[13/2]         14.0     350391.6770     2.7463   1.092E+03    58     0    807
3d4(3D)5p_4Po[3/2]           4.0     350440.8370     2.7449   1.092E+03    62     0    808
3d4(1G)5p_2Fo[5/2]           6.0     350483.4530     2.7436   1.093E+03    58     0    809
3d4(3D)5p_4Pbo[3/2]          4.0     350510.4820     2.7428   1.093E+03    62     0    810
3d4(3D)5p_4Po[1/2]           2.0     350619.5710     2.7395   1.094E+03    62     0    811
3d4(1I)5p_2Ko[15/2]         16.0     350651.4330     2.7386   1.095E+03    58     0    812
3d3(4F)4s4p_4Do[5/2]         6.0     350772.0200     2.7349   1.096E+03    62     0    813
3d4(1G)5p_2Go[7/2]           8.0     350931.6640     2.7302   1.098E+03    58     0    814
3d4(1G)5p_2Go[9/2]          10.0     351015.1810     2.7277   1.099E+03    58     0    815
3d3(4F)4s4p_4Do[7/2]         8.0     351275.1050     2.7199   1.102E+03    62     0    816
3d4(3D)5p_2Po[3/2]           4.0     351301.1530     2.7191   1.103E+03    58     0    817
3d3(4F)4s4p_4Go[5/2]         6.0     351304.4890     2.7190   1.103E+03    62     0    818
3d4(3D)5p_2Po[1/2]           2.0     351403.9760     2.7160   1.104E+03    58     0    819
3d4(1I)5p_2Ho[11/2]         12.0     351467.4340     2.7141   1.105E+03    58     0    820
3d4(5D)6s_6De[1/2]           2.0     351568.4140     2.7111   1.106E+03    60     0    821
3d4(3D)5p_2Fo[7/2]           8.0     351579.7530     2.7107   1.106E+03    58     0    822
3d4(1I)5p_2Ho[9/2]          10.0     351665.5250     2.7082   1.107E+03    58     0    823
3d4(3D)5p_2Do[5/2]           6.0     351678.8310     2.7078   1.107E+03    58     0    824
3d4(5D)6s_6De[3/2]           4.0     351702.0090     2.7071   1.107E+03    60     0    825
3d3(4F)4s4p_4Go[7/2]         8.0     351776.1150     2.7048   1.108E+03    62     0    826
3d4(3D)5p_2Do[3/2]           4.0     351780.5090     2.7047   1.108E+03    58     0    827
3d4(3D)5p_2Fo[5/2]           6.0     351781.4060     2.7047   1.108E+03    58     0    828
3d4(5D)6s_6De[5/2]           6.0     351925.2670     2.7004   1.110E+03    60     0    829
3d4(5D)5d_4Fe[3/2]           4.0     352094.7480     2.6953   1.112E+03    59     0    830
3d4(5D)5d_4Fe[5/2]           6.0     352210.5680     2.6918   1.114E+03    59     0    831
3d4(5D)6s_6De[7/2]           8.0     352235.0450     2.6911   1.114E+03    60     0    832
3d4(3P)5s_4Pbe[5/2]          6.0     352258.7790     2.6904   1.114E+03    59     0    833
3d4(5D)5d_4Fe[7/2]           8.0     352331.4510     2.6882   1.115E+03    59     0    834
3d3(4F)4s4p_4Go[9/2]        10.0     352372.2580     2.6870   1.116E+03    62     0    835
3d4(3F)5s_4Fbe[9/2]         10.0     352393.1190     2.6863   1.116E+03    59     0    836
3d4(5D)6s_6De[9/2]          10.0     352627.5250     2.6793   1.119E+03    60     0    837
3d4(5D)6s_4De[1/2]           2.0     352640.4280     2.6789   1.119E+03    59     0    838
3d4(3P)4f_4Go[5/2]           6.0     352784.1100     2.6746   1.121E+03    62     0    839
3d4(3F)5s_4Fbe[3/2]          4.0     352800.0210     2.6741   1.121E+03    59     0    840
3d4(3P)5s_4Pbe[3/2]          4.0     352829.0600     2.6733   1.121E+03    59     0    841
3d4(3F)5s_4Fbe[5/2]          6.0     352832.6780     2.6732   1.121E+03    59     0    842
3d4(5D)6s_4De[3/2]           4.0     352856.0380     2.6725   1.122E+03    59     0    843
3d4(3F)5s_4Fbe[7/2]          8.0     352865.1110     2.6722   1.122E+03    59     0    844
3d4(5D)5d_4Fe[9/2]          10.0     352911.0410     2.6708   1.122E+03    59     0    845
3d4(3P)4f_4Go[7/2]           8.0     352955.1770     2.6695   1.123E+03    62     0    846
3d3(4F)4s4p_4Go[11/2]       12.0     353099.7840     2.6652   1.125E+03    62     0    847
3d3(4F)4s4p_2Do[3/2]         4.0     353112.4770     2.6648   1.125E+03    58     0    848
3d4(5D)6s_4De[5/2]           6.0     353189.1570     2.6625   1.126E+03    59     0    849
3d4(3H)4f_4Ko[11/2]         12.0     353193.2310     2.6624   1.126E+03    62     0    850
3d4(3H)4f_4Io[9/2]          10.0     353308.2730     2.6589   1.128E+03    62     0    851
3d4(3P)5s_4Pbe[1/2]          2.0     353320.0470     2.6586   1.128E+03    59     0    852
3d4(3H)4f_4Ko[13/2]         14.0     353344.8530     2.6578   1.128E+03    62     0    853
3d4(1G)4d_2Gbe[9/2]         10.0     353446.1550     2.6548   1.129E+03    63     0    854
3d4(1G)4d_2Ge[7/2]           8.0     353448.3510     2.6547   1.129E+03    48     0    855
3d4(3H)4f_4Io[11/2]         12.0     353449.2740     2.6547   1.129E+03    62     0    856
3d4(3P)4f_4Go[9/2]          10.0     353474.7240     2.6539   1.130E+03    62     0    857
3d4(3P)4f_4Fo[3/2]           4.0     353494.0470     2.6533   1.130E+03    62     0    858
3d4(3P)4f_2Do[5/2]           6.0     353530.6180     2.6522   1.130E+03    58     0    859
3d4(3H)4f_4Ko[15/2]         16.0     353538.7770     2.6520   1.130E+03    62     0    860
3d4(3P)4f_4Gbo[7/2]          8.0     353612.2950     2.6498   1.131E+03    62     0    861
3d4(3H)4f_4Io[13/2]         14.0     353626.2090     2.6494   1.132E+03    62     0    862
3d4(5D)6s_4De[7/2]           8.0     353626.4490     2.6494   1.132E+03    59     0    863
3d4(3P)4f_4Fo[5/2]           6.0     353678.8390     2.6478   1.132E+03    62     0    864
3d4(3H)4f_4Ho[7/2]           8.0     353690.9620     2.6474   1.132E+03    62     0    865
3d4(3H)4f_4Lo[13/2]         14.0     353769.6570     2.6451   1.133E+03    62     0    866
3d4(3H)4f_4Ko[17/2]         18.0     353775.8980     2.6449   1.133E+03    62     0    867
3d4(3P)5s_2Pce[3/2]          4.0     353805.3590     2.6440   1.134E+03    63     0    868
3d4(3H)4f_4Ho[9/2]          10.0     353814.4860     2.6437   1.134E+03    62     0    869
3d4(3H)4f_4Io[15/2]         16.0     353829.4150     2.6433   1.134E+03    62     0    870
3d4(3H)4f_2Go[7/2]           8.0     353865.9680     2.6422   1.135E+03    58     0    871
3d4(3H)4f_4Lo[15/2]         16.0     353866.9920     2.6422   1.135E+03    62     0    872
3d4(3H)4f_4Fo[5/2]           6.0     353920.1980     2.6406   1.135E+03    62     0    873
3d4(3H)4f_4Ho[11/2]         12.0     353971.0440     2.6390   1.136E+03    62     0    874
3d4(3H)4f_2Go[9/2]          10.0     354000.5830     2.6382   1.136E+03    58     0    875
3d4(3H)4f_4Lo[17/2]         18.0     354069.8280     2.6361   1.137E+03    62     0    876
3d4(3F)5s_2Fbe[7/2]          8.0     354086.6790     2.6356   1.137E+03    63     0    877
3d4(3H)4f_4Fo[3/2]           4.0     354137.8510     2.6340   1.138E+03    62     0    878
3d4(3F)5s_2Fbe[5/2]          6.0     354149.4870     2.6337   1.138E+03    63     0    879
3d4(3H)4f_2Lo[15/2]         16.0     354162.8600     2.6333   1.138E+03    58     0    880
3d4(3H)4f_4Go[5/2]           6.0     354175.7220     2.6329   1.139E+03    62     0    881
3d4(3H)4f_4Ho[13/2]         14.0     354190.9570     2.6324   1.139E+03    62     0    882
3d4(3H)4f_4Go[7/2]           8.0     354191.3540     2.6324   1.139E+03    62     0    883
3d4(3H)4f_4Gbo[5/2]          6.0     354259.0700     2.6304   1.140E+03    62     0    884
3d4(5D)5d_6Se[5/2]           6.0     354297.8280     2.6292   1.140E+03    60     0    885
3d4(3H)4f_2Gbo[7/2]          8.0     354301.5540     2.6291   1.140E+03    58     0    886
3d4(3H)4f_4Lo[19/2]         20.0     354303.7640     2.6291   1.140E+03    62     0    887
3d4(3H)4f_2Io[11/2]         12.0     354314.2540     2.6288   1.140E+03    58     0    888
3d4(3H)4f_2Ho[9/2]          10.0     354335.4930     2.6281   1.141E+03    58     0    889
3d4(1S)5p_2Po[1/2]           2.0     354346.7460     2.6278   1.141E+03    58     0    890
3d4(3H)4f_4Gbo[7/2]          8.0     354380.6820     2.6268   1.141E+03    62     0    891
3d4(3H)4f_4Do[1/2]           2.0     354414.8450     2.6257   1.142E+03    62     0    892
3d4(3H)4f_2Ko[13/2]         14.0     354439.9570     2.6250   1.142E+03    58     0    893
3d4(3H)4f_4Go[11/2]         12.0     354462.2900     2.6243   1.142E+03    62     0    894
3d4(3H)4f_4Go[9/2]          10.0     354487.5930     2.6236   1.143E+03    62     0    895
3d4(3H)4f_4Do[3/2]           4.0     354489.6600     2.6235   1.143E+03    62     0    896
3d4(3H)4f_2Lo[17/2]         18.0     354491.2050     2.6234   1.143E+03    58     0    897
3d4(3H)4f_2Fo[5/2]           6.0     354492.7200     2.6234   1.143E+03    58     0    898
3d4(3H)4f_4Fo[9/2]          10.0     354525.4650     2.6224   1.143E+03    62     0    899
3d4(3H)4f_2Ho[11/2]         12.0     354529.3910     2.6223   1.143E+03    58     0    900
3d4(3P)5s_2Pbe[1/2]          2.0     354563.5220     2.6213   1.144E+03    53     0    901
3d4(3H)4f_2Fo[7/2]           8.0     354584.9450     2.6206   1.144E+03    58     0    902
3d4(3H)4f_4Do[5/2]           6.0     354637.2070     2.6191   1.145E+03    62     0    903
3d4(1S)5p_2Po[3/2]           4.0     354710.5330     2.6169   1.146E+03    58     0    904
3d4(3H)4f_4Fbo[9/2]         10.0     354738.1290     2.6160   1.146E+03    62     0    905
3d4(3H)4f_2Io[13/2]         14.0     354753.3280     2.6156   1.146E+03    58     0    906
3d4(3P)4f_4Fo[7/2]           8.0     354758.4710     2.6154   1.146E+03    62     0    907
3d4(3H)4f_4Gbo[11/2]        12.0     354769.4150     2.6151   1.146E+03    62     0    908
3d4(3P)4f_2Do[3/2]           4.0     354798.7130     2.6142   1.147E+03    58     0    909
3d4(3H)4f_4Do[7/2]           8.0     354800.1450     2.6142   1.147E+03    62     0    910
3d4(3H)4f_2Ko[15/2]         16.0     354808.7490     2.6139   1.147E+03    58     0    911
3d4(3H)4f_4Fbo[3/2]          4.0     354824.8650     2.6134   1.147E+03    62     0    912
3d4(3P)4f_4Do[5/2]           6.0     354882.1840     2.6117   1.148E+03    62     0    913
3d4(3H)4f_4Fbo[5/2]          6.0     355020.7290     2.6076   1.150E+03    62     0    914
3d4(3P)4f_4Dbo[5/2]          6.0     355093.4140     2.6054   1.151E+03    62     0    915
3d4(3P)4f_4Do[3/2]           4.0     355130.7360     2.6043   1.151E+03    62     0    916
3d4(3P)4f_4Do[1/2]           2.0     355214.3670     2.6018   1.152E+03    62     0    917
3d4(3P)4f_2Fo[7/2]           8.0     355228.6380     2.6013   1.152E+03    64     0    918
3d4(3H)4f_4Fo[7/2]           8.0     355264.6250     2.6003   1.153E+03    62     0    919
3d4(3F)4f_4Io[9/2]          10.0     355283.9800     2.5997   1.153E+03    62     0    920
3d4(3F)4f_4Io[11/2]         12.0     355370.8810     2.5971   1.154E+03    62     0    921
3d4(3P)4f_2Go[9/2]          10.0     355433.2760     2.5952   1.155E+03    64     0    922
3d4(3F)4f_4Io[13/2]         14.0     355468.2420     2.5942   1.156E+03    62     0    923
3d4(3F)4f_2So[1/2]           2.0     355521.1260     2.5926   1.156E+03    64     0    924
3d3(4F)4s4p_4Fo[9/2]        10.0     355573.9260     2.5910   1.157E+03    62     0    925
3d4(3F)4f_4Io[15/2]         16.0     355578.7420     2.5908   1.157E+03    62     0    926
3d4(3H)4f_2Do[3/2]           4.0     355623.5970     2.5895   1.158E+03    64     0    927
3d4(3F)4f_4Ho[7/2]           8.0     355626.4020     2.5894   1.158E+03    62     0    928
3d4(3F)4f_4Ho[9/2]          10.0     355710.2770     2.5869   1.159E+03    62     0    929
3d4(3F)4f_4Do[5/2]           6.0     355718.8580     2.5866   1.159E+03    62     0    930
3d4(3F)4f_4Do[3/2]           4.0     355735.2300     2.5862   1.159E+03    62     0    931
3d4(3F)4f_4Do[7/2]           8.0     355748.7330     2.5857   1.159E+03    62     0    932
3d4(3F)4f_4Do[1/2]           2.0     355781.3230     2.5848   1.160E+03    62     0    933
3d4(3F)4f_4Ho[11/2]         12.0     355804.3400     2.5841   1.160E+03    62     0    934
3d4(3F)4f_4Go[5/2]           6.0     355819.4890     2.5836   1.160E+03    62     0    935
3d4(3F)4f_4Go[7/2]           8.0     355868.5240     2.5822   1.161E+03    62     0    936
3d4(3F)4f_4Ho[13/2]         14.0     355914.2400     2.5808   1.162E+03    62     0    937
3d4(3F)4f_4Go[9/2]          10.0     355918.4720     2.5807   1.162E+03    62     0    938
3d4(3F)4f_2Po[3/2]           4.0     355930.5980     2.5803   1.162E+03    64     0    939
3d4(3F)4f_4Fo[3/2]           4.0     355961.8480     2.5794   1.162E+03    62     0    940
3d4(3F)4f_4Fo[5/2]           6.0     355970.3410     2.5791   1.162E+03    62     0    941
3d4(3F)4f_4Go[11/2]         12.0     356004.8350     2.5781   1.163E+03    62     0    942
3d4(3F)4f_2Po[1/2]           2.0     356029.7500     2.5773   1.163E+03    64     0    943
3d4(3H)4f_2Do[5/2]           6.0     356047.2340     2.5768   1.163E+03    64     0    944
3d4(3F)4f_4Po[3/2]           4.0     356049.4210     2.5767   1.163E+03    62     0    945
3d4(3F)4f_4Fo[7/2]           8.0     356051.0220     2.5767   1.163E+03    62     0    946
3d4(3F)4f_4Fo[9/2]          10.0     356054.1980     2.5766   1.164E+03    62     0    947
3d4(3F)4f_4Po[5/2]           6.0     356086.9840     2.5756   1.164E+03    62     0    948
3d4(3F)4f_4Po[1/2]           2.0     356105.5720     2.5751   1.164E+03    62     0    949
3d4(3F)4f_2Io[11/2]         12.0     356174.6320     2.5730   1.165E+03    64     0    950
3d4(3F)4f_2Go[7/2]           8.0     356193.7100     2.5724   1.165E+03    64     0    951
3d4(3F)4f_2Ho[9/2]          10.0     356243.0030     2.5709   1.166E+03    64     0    952
3d4(3F)4f_2Io[13/2]         14.0     356360.1400     2.5674   1.168E+03    64     0    953
3d4(3F)4f_4So[3/2]           4.0     356382.0330     2.5668   1.168E+03    62     0    954
3d4(3F)4f_2Ho[11/2]         12.0     356403.3030     2.5661   1.168E+03    64     0    955
3d4(3F)4f_2Go[9/2]          10.0     356437.1590     2.5651   1.169E+03    64     0    956
3d4(3F)4f_2Fo[5/2]           6.0     356459.6700     2.5644   1.169E+03    64     0    957
3d4(3F)4f_2Do[3/2]           4.0     356541.8240     2.5620   1.170E+03    64     0    958
3d4(3F)4f_2Do[5/2]           6.0     356559.4140     2.5614   1.170E+03    64     0    959
3d4(3F)4f_2Fo[7/2]           8.0     356596.0860     2.5603   1.171E+03    64     0    960
3d4(1D)5p_2Do[3/2]           4.0     357487.4750     2.5336   1.183E+03    64     0    961
3d4(1D)5p_2Do[5/2]           6.0     357569.5830     2.5312   1.184E+03    64     0    962
3d4(1D)5p_2Fo[5/2]           6.0     358108.1730     2.5150   1.192E+03    64     0    963
3d3(4F)4s4p_2Go[7/2]         8.0     358176.2200     2.5130   1.193E+03    64     0    964
3d4(1D)5p_2Fo[7/2]           8.0     358385.8900     2.5067   1.196E+03    64     0    965
3d3(4F)4s4p_2Go[9/2]        10.0     358680.4160     2.4979   1.200E+03    64     0    966
3d4(3G)4f_4Ko[11/2]         12.0     358687.2020     2.4977   1.200E+03    62     0    967
3d4(3G)4f_4Ko[13/2]         14.0     358795.4430     2.4944   1.202E+03    62     0    968
3d4(3G)4f_4Io[9/2]          10.0     358871.0550     2.4921   1.203E+03    62     0    969
3d4(3G)4f_4Io[11/2]         12.0     358976.2880     2.4890   1.204E+03    62     0    970
3d4(1G)4d_2Dbe[5/2]          6.0     358992.9910     2.4885   1.205E+03    63     0    971
3d4(3G)4f_4Ko[15/2]         16.0     358993.8810     2.4885   1.205E+03    62     0    972
3d4(3G)4f_4Ho[7/2]           8.0     359029.0600     2.4874   1.205E+03    62     0    973
3d4(1D)5p_2Po[3/2]           4.0     359034.2820     2.4872   1.205E+03    64     0    974
3d4(3G)4f_2Po[1/2]           2.0     359051.1460     2.4867   1.206E+03    64     0    975
3d4(3G)4f_4Go[5/2]           6.0     359097.4550     2.4854   1.206E+03    62     0    976
3d4(3G)4f_4Po[1/2]           2.0     359132.4490     2.4843   1.207E+03    62     0    977
3d4(3G)4f_4Ho[9/2]          10.0     359143.1100     2.4840   1.207E+03    62     0    978
3d4(3G)4f_4Io[13/2]         14.0     359178.5990     2.4829   1.207E+03    62     0    979
3d4(3G)4f_4Ko[17/2]         18.0     359210.7100     2.4820   1.208E+03    62     0    980
3d4(3G)4f_2Fo[5/2]           6.0     359229.3600     2.4814   1.208E+03    64     0    981
3d4(3G)4f_2Do[3/2]           4.0     359245.0470     2.4809   1.208E+03    64     0    982
3d4(3G)4f_4Do[1/2]           2.0     359249.9160     2.4808   1.208E+03    62     0    983
3d4(3G)4f_4Go[7/2]           8.0     359266.5480     2.4803   1.209E+03    62     0    984
3d4(3G)4f_4Fo[3/2]           4.0     359269.3930     2.4802   1.209E+03    62     0    985
3d4(1G)4d_2De[3/2]           4.0     359276.3340     2.4800   1.209E+03    52     0    986
3d4(3G)4f_4Ho[11/2]         12.0     359328.2370     2.4784   1.210E+03    62     0    987
3d4(3G)4f_2Ko[13/2]         14.0     359409.0140     2.4760   1.211E+03    64     0    988
3d4(3G)4f_4Io[15/2]         16.0     359409.3980     2.4760   1.211E+03    62     0    989
3d4(3G)4f_4Po[3/2]           4.0     359410.0500     2.4760   1.211E+03    62     0    990
3d4(3G)4f_4Go[9/2]          10.0     359441.9840     2.4750   1.211E+03    62     0    991
3d4(3G)4f_2Pbo[1/2]          2.0     359446.2690     2.4749   1.211E+03    64     0    992
3d4(3G)4f_4Fo[5/2]           6.0     359468.9970     2.4742   1.212E+03    62     0    993
3d4(3G)4f_4Ho[13/2]         14.0     359491.7850     2.4735   1.212E+03    62     0    994
3d4(3G)4f_2Fo[7/2]           8.0     359530.4130     2.4724   1.213E+03    64     0    995
3d4(3G)4f_2Dbo[3/2]          4.0     359547.2250     2.4719   1.213E+03    64     0    996
3d4(3G)4f_2Io[11/2]         12.0     359550.5230     2.4718   1.213E+03    64     0    997
3d4(3G)4f_4Do[5/2]           6.0     359562.5020     2.4714   1.213E+03    62     0    998
3d4(3G)4f_4Go[11/2]         12.0     359612.8020     2.4699   1.214E+03    62     0    999
3d4(3G)4f_4Po[5/2]           6.0     359703.7370     2.4672   1.215E+03    62     0   1000
