                                                                                
********************************************************************************
                                                                                
                 Energy Levels and statistical weights for SiIII                
                                                                                
********************************************************************************
                                                                                
22-Dec-1999                            !Date
148                                    !Number of energy levels
6                                      !Entry number of link to super level
  
3s21Se[0]         1.0          0.0000     8.0986   3.702E+02     1     0      1
3s3p3Po[0]        1.0      52724.6900     6.5179   4.600E+02     2     0      2
3s3p3Po[1]        3.0      52853.2800     6.5141   4.602E+02     2     0      3
3s3p3Po[2]        5.0      53115.0100     6.5062   4.608E+02     2     0      4
3s3p1Po[1]        3.0      82884.4100     5.6138   5.340E+02     3     0      5
3p21De[2]         5.0     122214.5200     4.4347   6.760E+02     4     0      6
3p23Pe[0]         1.0     129708.4500     4.2100   7.121E+02     5     0      7
3p23Pe[1]         3.0     129841.9700     4.2060   7.128E+02     5     0      8
3p23Pe[2]         5.0     130100.5200     4.1983   7.141E+02     5     0      9
3s3d3De[3]        7.0     142943.7400     3.8132   7.862E+02     6     0     10
3s3d3De[2]        5.0     142945.8400     3.8132   7.862E+02     6     0     11
3s3d3De[1]        3.0     142948.2500     3.8131   7.862E+02     6     0     12
3s4s3Se[1]        3.0     153377.0500     3.5004   8.564E+02     7     0     13
3p21Se[0]         1.0     153444.2300     3.4984   8.569E+02     8     0     14
3s4s1Se[0]        1.0     159069.6100     3.3298   9.003E+02     9     0     15
3s3d1De[2]        5.0     165765.0000     3.1291   9.581E+02    10     0     16
3s4p3Po[0]        1.0     175230.0100     2.8453   1.054E+03    11     0     17
3s4p3Po[1]        3.0     175263.1000     2.8443   1.054E+03    11     0     18
3s4p3Po[2]        5.0     175336.2600     2.8421   1.055E+03    11     0     19
3s4p1Po[1]        3.0     176487.1900     2.8076   1.068E+03    12     0     20
3p3d3Fo[2]        5.0     198923.1500     2.1350   1.404E+03    13     0     21
3p3d3Fo[3]        7.0     199026.4900     2.1319   1.406E+03    13     0     22
3p3d3Fo[4]        9.0     199164.1000     2.1278   1.409E+03    13     0     23
3s4d3De[1]        3.0     201597.7300     2.0548   1.459E+03    14     0     24
3s4d3De[2]        5.0     201598.2800     2.0548   1.459E+03    14     0     25
3s4d3De[3]        7.0     201599.4800     2.0548   1.459E+03    14     0     26
3s4d1De[2]        5.0     204330.7900     1.9729   1.520E+03    15     0     27
3s4f1Fo[3]        7.0     204828.0600     1.9580   1.531E+03    16     0     28
3p3d1Do[2]        5.0     205029.0900     1.9520   1.536E+03    17     0     29
3s5s3Se[1]        3.0     206176.0800     1.9176   1.563E+03    18     0     30
3s5s1Se[0]        1.0     207874.0900     1.8667   1.606E+03    19     0     31
3s4f3Fo[2]        5.0     209531.4000     1.8170   1.650E+03    20     0     32
3s4f3Fo[3]        7.0     209559.3300     1.8161   1.651E+03    20     0     33
3s4f3Fo[4]        9.0     209599.7000     1.8149   1.652E+03    20     0     34
3s5p1Po[1]        3.0     214532.1700     1.6671   1.798E+03    21     0     35
3s5p3Po[2]        5.0     214989.2700     1.6534   1.813E+03    22     0     36
3s5p3Po[1]        3.0     214994.6500     1.6532   1.813E+03    22     0     37
3s5p3Po[0]        1.0     214995.4600     1.6532   1.813E+03    22     0     38
3p3d3Po[2]        5.0     216190.2400     1.6174   1.854E+03    23     0     39
3p3d3Po[1]        3.0     216288.6900     1.6144   1.857E+03    23     0     40
3p3d3Po[0]        1.0     216350.2600     1.6126   1.859E+03    23     0     41
3p3d3Do[1]        3.0     217385.7700     1.5815   1.896E+03    24     0     42
3p3d3Do[2]        5.0     217439.9200     1.5799   1.898E+03    24     0     43
3p3d3Do[3]        7.0     217489.4900     1.5784   1.899E+03    24     0     44
3s5f1Fo[3]        7.0     225526.3300     1.3375   2.242E+03    25     0     45
3p4s3Po[0]        1.0     226400.0000     1.3113   2.286E+03    26     0     46
3p4s3Po[1]        3.0     226527.4200     1.3075   2.293E+03    26     0     47
3p4s3Po[2]        5.0     226820.2800     1.2987   2.308E+03    26     0     48
3s5d3De[1]        3.0     227081.1900     1.2908   2.322E+03    27     0     49
3s5d3De[2]        5.0     227084.2100     1.2908   2.323E+03    27     0     50
3s5d3De[3]        7.0     227088.7200     1.2906   2.323E+03    27     0     51
3s5d1De[2]        5.0     227665.0900     1.2733   2.354E+03    28     0     52
3p4s1Po[1]        3.0     228699.7500     1.2423   2.413E+03    29     0     53
3s6s3Se[1]        3.0     229623.1900     1.2146   2.468E+03    30     0     54
3s5f3Fo[2]        5.0     230267.7000     1.1953   2.508E+03    31     0     55
3s5f3Fo[3]        7.0     230268.6200     1.1953   2.508E+03    31     0     56
3s5f3Fo[4]        9.0     230270.6600     1.1952   2.508E+03    31     0     57
3s5g3Ge[3]        7.0     230301.2200     1.1943   2.510E+03    32     0     58
3s5g3Ge[4]        9.0     230301.6600     1.1943   2.510E+03    32     0     59
3s5g3Ge[5]       11.0     230302.3500     1.1943   2.510E+03    32     0     60
3s5g1Ge[4]        9.0     230302.0100     1.1943   2.510E+03    33     0     61
3s6s1Se[0]        1.0     230364.4600     1.1924   2.514E+03    34     0     62
3s6p1Po[1]        3.0     234387.6400     1.0718   2.797E+03    35     0     63
3s6p3Po[0]        1.0     234415.0700     1.0710   2.799E+03    36     0     64
3s6p3Po[1]        3.0     234428.4000     1.0706   2.800E+03    36     0     65
3s6p3Po[2]        5.0     234442.1800     1.0702   2.801E+03    36     0     66
3p3d1Fo[3]        7.0     235413.9300     1.0410   2.880E+03    37     0     67
3p3d1Po[1]        3.0     235951.0900     1.0249   2.925E+03    38     0     68
3s6d3De[1]        3.0     240262.2800     0.8957   3.347E+03    39     0     69
3s6d3De[2]        5.0     240284.2800     0.8950   3.350E+03    39     0     70
3s6d3De[3]        7.0     240314.6300     0.8941   3.353E+03    39     0     71
3s6d1De[2]        5.0     240549.7700     0.8871   3.380E+03    40     0     72
3s7s3Se[1]        3.0     242145.1000     0.8392   3.572E+03    41     0     73
3s6f3Fo[2]        5.0     242410.8800     0.8313   3.606E+03    42     0     74
3s6f3Fo[3]        7.0     242411.2700     0.8313   3.606E+03    42     0     75
3s6f3Fo[4]        9.0     242411.7000     0.8313   3.607E+03    42     0     76
3s6g3Ge[3]        7.0     242473.6600     0.8294   3.615E+03    43     0     77
3s6g3Ge[4]        9.0     242473.8600     0.8294   3.615E+03    43     0     78
3s6g3Ge[5]       11.0     242474.8100     0.8294   3.615E+03    43     0     79
3s6g1Ge[4]        9.0     242474.2700     0.8294   3.615E+03    44     0     80
3s7s1Se[0]        1.0     242537.9500     0.8275   3.623E+03    45     0     81
6z3Z             33.0     242639.3800     0.8244   3.636E+03    46     0     82
6z1Z             11.0     242639.3800     0.8244   3.636E+03    47     0     83
3p4p1Pe[1]        3.0     242885.3000     0.8171   3.669E+03    48     0     84
3s6f1Fo[3]        7.0     243868.5000     0.7876   3.807E+03    49     0     85
3p4p3De[1]        3.0     244736.9300     0.7615   3.937E+03    50     0     86
3p4p3De[2]        5.0     244866.0500     0.7577   3.957E+03    50     0     87
3s7p3Po[0]        1.0     244928.7200     0.7558   3.967E+03    51     0     88
3p4p3De[3]        7.0     245086.5800     0.7511   3.992E+03    50     0     89
3s7p3Po[1]        3.0     244933.3600     0.7557   3.967E+03    51     0     90
3s7p3Po[2]        5.0     244943.3100     0.7554   3.969E+03    51     0     91
3p4p3Pe[0]        1.0     247871.6600     0.6676   4.491E+03    52     0     92
3p4p3Pe[1]        3.0     247953.6900     0.6651   4.507E+03    52     0     93
3p4p3Pe[2]        5.0     248168.0400     0.6587   4.551E+03    52     0     94
3p4p1De[2]        5.0     247935.3900     0.6657   4.504E+03    53     0     95
3p4p3Se[1]        3.0     248772.8600     0.6405   4.680E+03    54     0     96
3s7d3De[1]        3.0     249093.5000     0.6309   4.752E+03    55     0     97
3s7d3De[2]        5.0     249103.9000     0.6306   4.754E+03    55     0     98
3s7d3De[3]        7.0     249121.1400     0.6301   4.758E+03    55     0     99
3s8s3Se           3.0     249766.1900     0.6108   4.908E+03    56     0    100
3s7f3Fo[2]        5.0     249774.4800     0.6105   4.910E+03    57     0    101
3s7f3Fo[3]        7.0     249774.7000     0.6105   4.910E+03    57     0    102
3s7f3Fo[4]        9.0     249774.9800     0.6105   4.911E+03    57     0    103
3s7g3Ge[3]        7.0     249817.3200     0.6092   4.921E+03    58     0    104
3s7g3Ge[4]        9.0     249817.8500     0.6092   4.921E+03    58     0    105
3s7g3Ge[5]       11.0     249818.9300     0.6092   4.921E+03    58     0    106
3s7g1Ge[4]        9.0     249817.9400     0.6092   4.921E+03    59     0    107
3s8s1Se           3.0     249857.2600     0.6080   4.930E+03    60     0    108
7z3Z             72.0     249966.4900     0.6048   4.957E+03    61     0    109
7z1Z             24.0     249966.4900     0.6048   4.957E+03    62     0    110
3s7f1Fo[3]        7.0     250366.2200     0.5928   5.057E+03    63     0    111
3s7d1De[2]        5.0     250636.5500     0.5847   5.127E+03    64     0    112
3p4p1Se[0]        1.0     258978.6600     0.3346   8.960E+03    65     0    113
3s8p3Po           9.0     251265.8600     0.5658   5.298E+03    66     0    114
3s8p1Po           3.0     251427.5030     0.5610   5.344E+03    67     0    115
3s8d3De          15.0     254004.7930     0.4837   6.198E+03    68     0    116
3s9s3Se           3.0     254338.0690     0.4737   6.329E+03    69     0    117
3s9s1Se           1.0     254372.9910     0.4727   6.343E+03    70     0    118
3s8f3Fo          21.0     254557.6100     0.4671   6.418E+03    71     0    119
3s8g1Ge           9.0     254584.9000     0.4663   6.429E+03    72     0    120
3s8g3Ge          27.0     254585.5750     0.4663   6.429E+03    73     0    121
8z1Z             39.0     254707.7917     0.4626   6.480E+03    74     0    122
8z3Z            117.0     254707.7917     0.4626   6.480E+03    75     0    123
3s8d1De           5.0     254767.0500     0.4608   6.505E+03    76     0    124
3s8f1Fo           7.0     254855.7200     0.4582   6.543E+03    77     0    125
3s9p3Po           9.0     255489.5230     0.4392   6.826E+03    78     0    126
3s9p1Po           3.0     255573.3380     0.4367   6.865E+03    79     0    127
3s10s1Se          1.0     257300.5200     0.3849   7.789E+03    80     0    128
3s9d3De          15.0     257415.9000     0.3814   7.860E+03    81     0    129
3s10s3Se          3.0     257603.8490     0.3758   7.977E+03    82     0    130
3s9g1Ge           9.0     257617.8190     0.3754   7.986E+03    83     0    131
3s9f3Fo          21.0     257831.7000     0.3690   8.125E+03    84     0    132
3s9d1De           5.0     257848.8000     0.3685   8.136E+03    85     0    133
3s9g3Ge          27.0     257853.9000     0.3683   8.140E+03    86     0    134
9z1Z             56.0     257946.5033     0.3655   8.202E+03    87     0    135
9z3Z            168.0     257946.5033     0.3655   8.202E+03    88     0    136
3s9f1Fo           7.0     258013.6700     0.3635   8.247E+03    89     0    137
3s10p3Po          9.0     258420.0450     0.3513   8.533E+03    90     0    138
3s10p1Po          3.0     258468.9370     0.3499   8.569E+03    91     0    139
3p4p1Se           1.0     258978.9600     0.3346   8.960E+03    92     0    140
3s10d3De         15.0     259647.3320     0.3145   9.531E+03    93     0    141
3s10d1De          5.0     259826.9350     0.3092   9.697E+03    94     0    142
3s10f3Fo         21.0     259927.7120     0.3061   9.793E+03    95     0    143
3s11s3Se          3.0     259939.6860     0.3058   9.804E+03    96     0    144
3s10g1Ge          9.0     259943.6770     0.3057   9.808E+03    97     0    145
3s10g3Ge         27.0     259944.6750     0.3056   9.809E+03    98     0    146
10z1Z            75.0     260263.1347     0.2961   1.013E+04    99     0    147
10z3Z           225.0     260263.1347     0.2961   1.013E+04   100     0    148
