                                                                                
********************************************************************************
                                                                                
                 Super level assignments for CaV 
                 E%LS option with /\E%=10.0%
                 For model construction                 
                                                                                
********************************************************************************
                                                                                
17-Oct-2001                            !Date
613                                    !Number of energy levels
6                                      !Entry number of link to super level
  
3s2_3p4_3Pe[2]               5.0          0.0000    20.4099   1.469E+02     1     0      1
3s2_3p4_3Pe[1]               3.0       2404.7000    20.3378   1.474E+02     1     0      2
3s2_3p4_3Pe[0]               1.0       3275.6000    20.3117   1.476E+02     1     0      3
3s2_3p4_1De[2]               5.0      18830.3000    19.8454   1.511E+02     2     0      4
3s2_3p4_1Se[0]               1.0      43836.5000    19.0957   1.570E+02     3     0      5
3s_3p5_3Po[2]                5.0     154670.8000    15.7730   1.901E+02     4     0      6
3s_3p5_3Po[1]                3.0     156760.2000    15.7103   1.908E+02     4     0      7
3s_3p5_3Po[0]                1.0     157900.5000    15.6761   1.912E+02     4     0      8
3s_3p5_1Po[1]                3.0     197844.5000    14.4786   2.071E+02     5     0      9
3s2_3p3(4So)3d_5Do          25.0     206458.4000    14.2204   2.108E+02     6     0     10
3s2_3p3(2Do)3d_3Do          15.0     223205.4000    13.7183   2.185E+02     7     0     11
3s2_3p3(2Do)3d_1So           1.0     228529.4000    13.5587   2.211E+02     8     0     12
3s2_3p3(2Po)3d_3Fo          21.0     230705.4000    13.4935   2.222E+02     7     0     13
3s2_3p3(2Do)3d_3Go          27.0     245279.4000    13.0566   2.296E+02     7     0     14
3s2_3p3(2Do)3d_1Go           9.0     251130.4000    12.8812   2.327E+02     8     0     15
3s2_3p3(2Do)3d_1Do[2]        5.0     254124.0000    12.7914   2.344E+02     9     0     16
3s2_3p3(2Do)3d_3Fo          21.0     264397.4000    12.4834   2.402E+02    10     0     17
3s2_3p3(2Do)3d_1Fo[3]        7.0     283955.0000    11.8971   2.520E+02    11     0     18
3s2_3p3(2Do)3d_3So[1]        3.0     293785.0000    11.6024   2.584E+02    12     0     19
3s2_3p3(2Po)3d_3Po[2]        5.0     298214.0000    11.4696   2.614E+02    12     0     20
3s2_3p3(2Po)3d_3Po[1]        3.0     299534.0000    11.4301   2.623E+02    12     0     21
3s2_3p3(2Po)3d_3Po[0]        1.0     300594.0000    11.3983   2.630E+02    12     0     22
3s2_3p3(2Do)3d_1Po[1]        3.0     302184.0000    11.3506   2.641E+02    11     0     23
3s2_3p3(2Do)3d_3Po           9.0     303493.4000    11.3114   2.650E+02    12     0     24
3s2_3p3(2Po)3d_3Do[3]        7.0     308188.0000    11.1706   2.684E+02    12     0     25
3s2_3p3(2Po)3d_3Do[2]        5.0     309831.0000    11.1214   2.696E+02    12     0     26
3s2_3p3(2Po)3d_3Do[1]        3.0     310943.0000    11.0880   2.704E+02    12     0     27
3s2_3p3(4So)3d_3Do          15.0     314118.4000    10.9928   2.727E+02    12     0     28
3s2_3p3(2Po)3d_1Do[2]        5.0     318741.0000    10.8543   2.762E+02    13     0     29
3s2_3p3(2Po)3d_1Fo[3]        7.0     329229.0000    10.5398   2.844E+02    13     0     30
3s2_3p6_1Se                  1.0     338633.4000    10.2579   2.923E+02    14     0     31
3s_3p4(4Pe)3d_5De           25.0     343314.4000    10.1176   2.963E+02    15     0     32
3s2_3p3(4So)4s_5So           5.0     345910.4000    10.0397   2.986E+02    16     0     33
3s2_3p3(4So)4s_3So[1]        3.0     350914.0000     9.8897   3.031E+02    17     0     34
3s2_3p3(2Po)3d_1Po[1]        3.0     353220.0000     9.8206   3.053E+02    18     0     35
3s2_3p3(2Do)4s_3Do[1]        3.0     369590.0000     9.3298   3.213E+02    17     0     36
3s2_3p3(2Do)4s_3Do[2]        5.0     369696.0000     9.3267   3.214E+02    17     0     37
3s2_3p3(2Do)4s_3Do[3]        7.0     369959.0000     9.3188   3.217E+02    17     0     38
3s_3p4(4Pe)3d_5Fe           35.0     371498.4000     9.2726   3.233E+02    15     0     39
3s2_3p3(2Do)4s_1Do[2]        5.0     374728.0000     9.1758   3.267E+02    18     0     40
3s_3p4(4Pe)3d_5Pe           15.0     375832.4000     9.1427   3.279E+02    15     0     41
3s_3p4(2De)3d_3Pe            9.0     381945.4000     8.9594   3.346E+02    19     0     42
3s2_3p3(2Po)4s_3Po[0]        1.0     387039.0000     8.8067   3.404E+02    20     0     43
3s2_3p3(2Po)4s_3Po[1]        3.0     387226.0000     8.8011   3.406E+02    20     0     44
3s2_3p3(2Po)4s_3Po[2]        5.0     387652.0000     8.7884   3.411E+02    20     0     45
3s2_3p3(2Po)4s_1Po[1]        3.0     392283.0000     8.6495   3.466E+02    21     0     46
3s2_3p3(4So)4p_5Pe          15.0     394120.4000     8.5944   3.488E+02    22     0     47
3s_3p4(2De)3d_3De           15.0     394901.4000     8.5710   3.498E+02    19     0     48
3s_3p4(4Pe)3d_3Fe           21.0     395350.4000     8.5576   3.503E+02    19     0     49
3s2_3p3(4So)4p_3Pe           9.0     401361.4000     8.3774   3.579E+02    19     0     50
3s_3p4(2De)3d_3Ge           27.0     408434.4000     8.1653   3.672E+02    19     0     51
3s2_3p3(2Do)4p_1Pe           3.0     417278.4000     7.9002   3.795E+02    23     0     52
3s_3p4(2De)3d_1Ge            9.0     419333.4000     7.8386   3.825E+02    23     0     53
3s2_3p3(2Do)4p_3De          15.0     420209.4000     7.8123   3.837E+02    24     0     54
3s2_3p3(2Do)4p_3Fe          21.0     421563.4000     7.7717   3.857E+02    24     0     55
3s_3p4(2De)3d_1Fe            7.0     423926.4000     7.7009   3.893E+02    23     0     56
3s_3p4(2De)3d_1De            5.0     427297.4000     7.5998   3.945E+02    23     0     57
3s_3p4(2De)3d_3Fe           21.0     427590.4000     7.5910   3.949E+02    24     0     58
3s2_3p3(2Do)4p_1Fe           7.0     432563.4000     7.4419   4.028E+02    23     0     59
3s2_3p3(2Do)4p_3Pe           9.0     433037.4000     7.4277   4.036E+02    24     0     60
3s_3p4(2Pe)3d_3De           15.0     433655.4000     7.4092   4.046E+02    24     0     61
3s2_3p3(2Po)4p_3Se           3.0     437440.4000     7.2957   4.109E+02    24     0     62
3s2_3p3(2Po)4p_3De          15.0     441171.4000     7.1839   4.173E+02    24     0     63
3s2_3p3(2Do)4p_1De           5.0     441689.4000     7.1684   4.182E+02    23     0     64
3s2_3p3(2Po)4p_1Pe           3.0     442925.4000     7.1313   4.204E+02    23     0     65
3s_3p4(2De)3d_1Pe            3.0     447125.4000     7.0054   4.279E+02    23     0     66
3s2_3p3(2Po)4p_1De           5.0     449084.4000     6.9467   4.316E+02    23     0     67
3s2_3p2_3d2_3Pe              9.0     449681.4000     6.9288   4.327E+02    24     0     68
3s2_3p3(2Po)4p_3Pe           9.0     449681.4000     6.9288   4.327E+02    24     0     69
3s_3p4(2Pe)3d_3Fe           21.0     455757.4000     6.7466   4.444E+02    24     0     70
3s2_3p3(4So)4d_5Do          25.0     464122.4000     6.4958   4.615E+02    25     0     71
3s2_3p3(2Po)4p_1Se           1.0     464448.4000     6.4861   4.622E+02    26     0     72
3s_3p4(2De)3d_3Se            3.0     464630.4000     6.4806   4.626E+02    27     0     73
3s_3p4(2Se)3d_3De           15.0     465459.4000     6.4557   4.644E+02    27     0     74
3s_3p4(4Pe)3d_3Pe            9.0     469325.4000     6.3398   4.729E+02    27     0     75
3s2_3p3(4So)4d_3Do          15.0     470577.4000     6.3023   4.757E+02    28     0     76
3s_3p4(2Pe)3d_1De            5.0     474839.4000     6.1745   4.855E+02    26     0     77
3s_3p4(4Pe)3d_3De           15.0     479252.4000     6.0422   4.962E+02    27     0     78
3s2_3p2_3d2_5De             25.0     480494.4000     6.0050   4.992E+02    29     0     79
3s2_3p2_3d2_3Fe             21.0     481926.4000     5.9621   5.028E+02    27     0     80
3s_3p4(2Pe)3d_1Fe            7.0     482055.4000     5.9582   5.032E+02    26     0     81
3s2_3p2_3d2_5Fe             35.0     482222.4000     5.9532   5.036E+02    29     0     82
3s2_3p2_3d2_3He             33.0     488054.4000     5.7784   5.188E+02    27     0     83
3s2_3p3(2Do)4d_1So           1.0     489795.4000     5.7262   5.235E+02    30     0     84
3s2_3p2_3d2_1Ge              9.0     490299.4000     5.7111   5.249E+02    26     0     85
3s2_3p3(2Do)4d_3Fo          21.0     490478.4000     5.7057   5.254E+02    28     0     86
3s2_3p3(2Do)4d_3Go          27.0     492754.4000     5.6375   5.318E+02    28     0     87
3s2_3p3(2Do)4d_3Do          15.0     493147.4000     5.6257   5.329E+02    28     0     88
3s2_3p3(2Do)4d_1Go           9.0     493340.4000     5.6199   5.334E+02    30     0     89
3s2_3p3(2Do)4d_1Po           3.0     494051.4000     5.5986   5.355E+02    30     0     90
3s2_3p3(2Do)4d_3So           3.0     494779.4000     5.5768   5.376E+02    28     0     91
3s2_3p3(2Do)4d_3Po           9.0     495324.4000     5.5604   5.392E+02    28     0     92
3s2_3p3(2Do)4d_1Do           5.0     496610.4000     5.5219   5.429E+02    30     0     93
3s2_3p3(4So)5s_5So           5.0     499365.4000     5.4393   5.512E+02    25     0     94
3s_3p4(2De)3d_1Se            1.0     500850.4000     5.3948   5.557E+02    26     0     95
3s2_3p3(2Do)4d_1Fo           7.0     500967.4000     5.3912   5.561E+02    30     0     96
3s2_3p3(4So)5s_3So[1]        3.0     501127.0000     5.3865   5.566E+02    28     0     97
3s_3p4(4Pe)4s_5Pe           15.0     502024.4000     5.3596   5.594E+02    29     0     98
3s_3p4(2Se)3d_1De            5.0     506663.4000     5.2205   5.743E+02    26     0     99
3s2_3p2_3d2_3Ge             27.0     506771.4000     5.2172   5.746E+02    27     0    100
3s2_3p3(4So)4f_3Fe          21.0     507485.4000     5.1958   5.770E+02    27     0    101
3s2_3p3(4So)4f_5Fe          35.0     508054.4000     5.1788   5.789E+02    29     0    102
3s2_3p3(2Po)4d_3Fo          21.0     510756.4000     5.0978   5.881E+02    28     0    103
3s2_3p3(2Po)4d_3Po           9.0     511072.4000     5.0883   5.892E+02    28     0    104
3s2_3p3(2Po)4d_3Do          15.0     512294.4000     5.0517   5.935E+02    28     0    105
3s2_3p3(2Po)4d_1Do           5.0     512442.4000     5.0472   5.940E+02    30     0    106
3s2_3p3(2Po)4d_1Fo           7.0     514622.4000     4.9819   6.018E+02    30     0    107
3s2_3p2_3d2_1He             11.0     518694.4000     4.8598   6.169E+02    31     0    108
3s2_3p3(4So)5p_5Pe          15.0     518868.4000     4.8546   6.175E+02    29     0    109
3s_3p4(2Pe)3d_3Pe            9.0     519572.4000     4.8335   6.202E+02    32     0    110
3s_3p4(4Pe)4s_3Pe            9.0     519572.4000     4.8335   6.202E+02    32     0    111
3s2_3p3(2Po)4d_1Po           3.0     520138.4000     4.8165   6.224E+02    30     0    112
3s2_3p3(2Do)4f_3He          33.0     520679.4000     4.8003   6.245E+02    32     0    113
3s2_3p2_3d2_1Pe              3.0     521762.4000     4.7678   6.288E+02    31     0    114
3s2_3p2_3d2_3De             15.0     522348.4000     4.7503   6.311E+02    32     0    115
3s2_3p3(4So)5p_3Pe           9.0     523414.4000     4.7183   6.354E+02    32     0    116
3s2_3p3(2Do)5s_3Do[1]        3.0     524651.0000     4.6812   6.404E+02    33     0    117
3s2_3p3(2Do)5s_3Do[2]        5.0     524770.0000     4.6777   6.409E+02    33     0    118
3s2_3p3(2Do)5s_3Do[3]        7.0     525053.0000     4.6692   6.421E+02    33     0    119
3s2_3p2_3d2_5Pe             15.0     525351.4000     4.6602   6.433E+02    29     0    120
3s2_3p3(2Do)5s_1Do[2]        5.0     526523.0000     4.6251   6.482E+02    30     0    121
3s2_3p3(2Do)4f_1De           5.0     526792.4000     4.6170   6.493E+02    31     0    122
3s2_3p2_3d2(a)_3Fe          21.0     529226.4000     4.5441   6.597E+02    32     0    123
3s2_3p2_3d2(a)_5De          25.0     532495.4000     4.4461   6.743E+02    34     0    124
3s2_3p3(2Do)4f_3Fe          21.0     533133.4000     4.4269   6.772E+02    32     0    125
3s2_3p2_3d2(a)_3Ge          27.0     533243.4000     4.4236   6.777E+02    32     0    126
3s2_3p3(2Do)4f_3De          15.0     533279.4000     4.4226   6.779E+02    32     0    127
3s2_3p3(2Do)4f_1Ge           9.0     534051.4000     4.3994   6.814E+02    31     0    128
3s2_3p3(2Do)4f_1Fe           7.0     534445.4000     4.3876   6.833E+02    31     0    129
3s2_3p3(2Do)4f_3Pe           9.0     535790.4000     4.3473   6.896E+02    32     0    130
3s2_3p3(2Do)4f_3Ge          27.0     536409.4000     4.3287   6.926E+02    32     0    131
3s2_3p3(2Do)4f_1Pe           3.0     536941.4000     4.3128   6.951E+02    31     0    132
3s_3p4(2De)4s_3De           15.0     539908.4000     4.2238   7.098E+02    32     0    133
3s2_3p2_3d2_1Fe              7.0     539945.4000     4.2227   7.100E+02    31     0    134
3s2_3p2_3d2_1De              5.0     541821.4000     4.1665   7.195E+02    31     0    135
3s2_3p3(2Po)5s_3Po[1]        3.0     542249.0000     4.1537   7.218E+02    33     0    136
3s2_3p3(2Po)5s_3Po[2]        5.0     542650.0000     4.1416   7.239E+02    33     0    137
3s2_3p2_3d2(a)_3Pe           9.0     544062.4000     4.0993   7.313E+02    32     0    138
3s2_3p2_3d2(a)_3He          33.0     544114.4000     4.0977   7.316E+02    32     0    139
3s2_3p3(2Po)5s_1Po[1]        3.0     544143.0000     4.0969   7.318E+02    35     0    140
3s2_3p3(2Po)5s_3Po           9.0     544889.4000     4.0745   7.358E+02    33     0    141
3s2_3p2_3d2(a)_3De          15.0     545066.4000     4.0692   7.367E+02    32     0    142
3s2_3p2_3d2(b)_3Fe          21.0     545301.4000     4.0621   7.380E+02    32     0    143
3s2_3p3(2Do)4f_1He          11.0     545327.4000     4.0614   7.382E+02    31     0    144
3s2_3p3(2Do)5p_1Pe           3.0     545634.4000     4.0522   7.398E+02    31     0    145
3s_3p4(4Pe)4p_5Po           15.0     545904.4000     4.0441   7.413E+02    36     0    146
3s2_3p3(2Do)5p_3Fe          21.0     546383.4000     4.0297   7.440E+02    32     0    147
3s2_3p3(4So)5d_5Do          25.0     546493.4000     4.0264   7.446E+02    36     0    148
3s2_3p3(2Po)5s_1Po           3.0     547021.4000     4.0106   7.475E+02    35     0    149
3s2_3p3(2Po)4f_1Ge           9.0     547266.4000     4.0032   7.489E+02    31     0    150
3s_3p4(2De)4s_1De            5.0     547973.4000     3.9820   7.529E+02    31     0    151
3s2_3p3(2Do)5p_1Fe           7.0     549259.4000     3.9435   7.602E+02    31     0    152
3s2_3p3(2Do)5p_3Pe           9.0     550695.4000     3.9004   7.686E+02    32     0    153
3s2_3p3(2Do)5p_3De          15.0     550730.4000     3.8994   7.688E+02    32     0    154
3s2_3p3(2Po)4f_3Fe          21.0     551307.4000     3.8821   7.722E+02    32     0    155
3s2_3p3(4So)5d_3Do          15.0     552030.4000     3.8604   7.766E+02    33     0    156
3s2_3p3(2Po)4f_1Fe           7.0     553163.4000     3.8264   7.835E+02    31     0    157
3s2_3p3(2Po)4f_1De           5.0     553230.4000     3.8244   7.839E+02    31     0    158
3s2_3p3(2Po)4f_3De          15.0     553931.4000     3.8034   7.882E+02    32     0    159
3s_3p4(4Pe)4p_5Do           25.0     554105.4000     3.7982   7.893E+02    36     0    160
3s2_3p3(2Do)5p_1De           5.0     556559.4000     3.7246   8.049E+02    31     0    161
3s2_3p3(2Po)4f_3Ge          27.0     557153.4000     3.7068   8.088E+02    32     0    162
3s2_3p2_3d2(b)_3Pe           9.0     558519.4000     3.6659   8.178E+02    32     0    163
3s_3p4(4Pe)4p_5So            5.0     558614.4000     3.6630   8.184E+02    36     0    164
3s_3p4(4Pe)4p_3Do           15.0     559223.4000     3.6448   8.225E+02    33     0    165
3s2_3p2_3d2(a)_1De           5.0     560030.4000     3.6206   8.280E+02    31     0    166
3s_3p4(4Pe)4p_3Po            9.0     560828.4000     3.5967   8.335E+02    33     0    167
3s2_3p2_3d2(a)_1Pe           3.0     561983.4000     3.5620   8.416E+02    31     0    168
3s_3p4(4Pe)4p_3So            3.0     562653.4000     3.5419   8.464E+02    33     0    169
3s2_3p3(2Po)5p_3Se           3.0     563212.4000     3.5252   8.504E+02    32     0    170
3s2_3p3(2Po)5p_3De          15.0     564770.4000     3.4785   8.618E+02    32     0    171
3s2_3p2_3d2(c)_3Fe          21.0     565662.4000     3.4517   8.685E+02    32     0    172
3s2_3p3(2Po)5p_1Pe           3.0     566376.4000     3.4303   8.739E+02    31     0    173
3s2_3p3(4So)6s_5So           5.0     566964.4000     3.4127   8.785E+02    36     0    174
3s2_3p3(2Po)5p_3Pe           9.0     567057.4000     3.4099   8.792E+02    32     0    175
3s2_3p3(4So)6s_3So           3.0     567834.4000     3.3866   8.852E+02    33     0    176
3s2_3p3(4So)5f_5Fe          35.0     567935.4000     3.3836   8.860E+02    34     0    177
3s2_3p3(2Po)5p_1De           5.0     568887.4000     3.3551   8.936E+02    31     0    178
3s2_3p5_3d_3Po               9.0     569192.4000     3.3459   8.960E+02    33     0    179
3s2_3p3(4So)5f_3Fe          21.0     569940.4000     3.3235   9.020E+02    32     0    180
3s2_3p3(4So)5g_5Go          45.0     570537.4000     3.3056   9.069E+02    36     0    181
3s2_3p3(4So)5g_3Go          27.0     570645.4000     3.3024   9.078E+02    33     0    182
3s2_3p3(2Po)5p_1Se           1.0     573135.4000     3.2277   9.288E+02    37     0    183
3s_3p4(2Pe)4s_3Pe            9.0     573234.4000     3.2247   9.297E+02    38     0    184
3s2_3p2_3d2(a)_1Ge           9.0     574896.4000     3.1749   9.443E+02    37     0    185
3s2_3p3(2Do)5d_3Fo          21.0     575031.4000     3.1709   9.455E+02    33     0    186
3s2_3p2_3d2(b)_3De          15.0     575080.4000     3.1694   9.459E+02    38     0    187
3s2_3p3(2Do)5d_1So           1.0     575232.4000     3.1648   9.473E+02    35     0    188
3s2_3p2_3d2(b)_3Ge          27.0     575661.4000     3.1520   9.511E+02    38     0    189
3s2_3p3(2Do)5d_3Do          15.0     576759.4000     3.1191   9.612E+02    33     0    190
3s2_3p3(4So)6p_5Pe          15.0     576798.4000     3.1179   9.615E+02    34     0    191
3s2_3p2_3d2(d)_3Fe          21.0     577056.4000     3.1102   9.639E+02    38     0    192
3s2_3p3(2Do)5d_3Go          27.0     577066.4000     3.1099   9.640E+02    33     0    193
3s2_3p2_3d2(b)_1Ge           9.0     577194.4000     3.1060   9.652E+02    37     0    194
3s2_3p3(2Do)5d_1Go           9.0     577333.4000     3.1019   9.665E+02    35     0    195
3s2_3p3(2Do)5d_1Po           3.0     577373.4000     3.1007   9.669E+02    35     0    196
3s2_3p3(2Do)5d_3Po           9.0     578194.4000     3.0760   9.746E+02    39     0    197
3s2_3p3(2Do)5d_1Do           5.0     578459.4000     3.0681   9.771E+02    35     0    198
3s2_3p5_3d_3Fo              21.0     579748.4000     3.0295   9.896E+02    39     0    199
3s2_3p3(4So)6p_3Pe           9.0     580012.4000     3.0215   9.922E+02    38     0    200
3s2_3p3(2Do)5d_1Fo           7.0     580029.4000     3.0210   9.924E+02    35     0    201
3s_3p4(2Pe)3d_1Pe            3.0     580047.4000     3.0205   9.925E+02    37     0    202
3s2_3p3(2Do)5d_3So           3.0     580090.4000     3.0192   9.930E+02    39     0    203
3s_3p4(2Se)4s_3Se            3.0     582790.4000     2.9383   1.020E+03    38     0    204
3s_3p3_3d2_5Do              25.0     585091.4000     2.8693   1.045E+03    36     0    205
3s_3p4(2De)4p_1Fo            7.0     586454.4000     2.8284   1.060E+03    35     0    206
3s2_3p2_3d2(b)_1De           5.0     586542.4000     2.8258   1.061E+03    37     0    207
3s_3p4(2De)4p_3Fo           21.0     587922.4000     2.7844   1.077E+03    39     0    208
3s2_3p2_3d2(c)_3Pe           9.0     588407.4000     2.7699   1.082E+03    38     0    209
3s2_3p2_3d2_1Se              1.0     589371.4000     2.7410   1.094E+03    37     0    210
3s2_3p2_3d2(c)_3De          15.0     590290.4000     2.7134   1.105E+03    38     0    211
3s2_3p2_3d2(a)_1Fe           7.0     590803.4000     2.6980   1.111E+03    37     0    212
3s_3p4(2De)4p_1Po            3.0     591543.4000     2.6758   1.120E+03    35     0    213
3s2_3p3(2Do)6s_3Do          15.0     591765.4000     2.6692   1.123E+03    39     0    214
3s_3p3_3d2_5Po              15.0     591927.4000     2.6643   1.125E+03    36     0    215
3s2_3p2_3d2(a)_1Se           1.0     592196.4000     2.6563   1.129E+03    37     0    216
3s2_3p3(4So)6d_5Do          25.0     592792.4000     2.6384   1.136E+03    36     0    217
3s2_3p_3d3_5Go              45.0     593208.4000     2.6259   1.142E+03    36     0    218
3s2_3p3(2Po)5d_1Do           5.0     593480.4000     2.6178   1.145E+03    35     0    219
3s2_3p3(2Po)5d_3Po           9.0     593690.4000     2.6115   1.148E+03    39     0    220
3s2_3p3(4So)6d_3Do          15.0     593706.4000     2.6110   1.148E+03    39     0    221
3s2_3p3(2Do)5f_1Pe           3.0     594222.4000     2.5955   1.155E+03    37     0    222
3s_3p4(2De)4p_3Po            9.0     595117.4000     2.5687   1.167E+03    39     0    223
3s2_3p2_3d2_3Se              3.0     595371.4000     2.5611   1.171E+03    38     0    224
3s2_3p3(2Po)5d_3Do          15.0     595442.4000     2.5590   1.172E+03    39     0    225
3s2_3p3(2Po)5d_3Fo          21.0     595492.4000     2.5575   1.172E+03    39     0    226
3s2_3p3(2Do)5f_3Ge          27.0     595512.4000     2.5569   1.173E+03    38     0    227
3s2_3p3(2Do)5f_3Fe          21.0     595575.4000     2.5550   1.173E+03    38     0    228
3s2_3p3(2Do)6s_1Do           5.0     595675.4000     2.5520   1.175E+03    35     0    229
3s2_3p2_3d2(d)_3Pe           9.0     596022.4000     2.5416   1.180E+03    38     0    230
3s2_3p3(2Do)5f_1Ge           9.0     596100.4000     2.5392   1.181E+03    37     0    231
3s2_3p3(2Do)5f_3He          33.0     596298.4000     2.5333   1.183E+03    38     0    232
3s_3p3_3d2_5Fo              35.0     596358.4000     2.5315   1.184E+03    36     0    233
3s2_3p3(2Do)5f_1He          11.0     596811.4000     2.5179   1.191E+03    37     0    234
3s2_3p3(2Do)5g_1Fo           7.0     597195.4000     2.5064   1.196E+03    35     0    235
3s2_3p3(2Do)5g_3Ho          33.0     597547.4000     2.4959   1.201E+03    39     0    236
3s2_3p3(2Do)5g_3Fo          21.0     597618.4000     2.4937   1.202E+03    39     0    237
3s2_3p3(2Do)5g_3Go          27.0     597631.4000     2.4933   1.202E+03    39     0    238
3s2_3p3(2Do)5g_3Do          15.0     597644.4000     2.4929   1.203E+03    39     0    239
3s_3p4(2De)4p_3Do           15.0     597644.4000     2.4929   1.203E+03    39     0    240
3s2_3p3(2Do)5g_1Ho          11.0     597666.4000     2.4923   1.203E+03    35     0    241
3s2_3p3(2Do)5g_1Do           5.0     597683.4000     2.4918   1.203E+03    35     0    242
3s2_3p3(2Do)5g_1Go           9.0     597731.4000     2.4903   1.204E+03    35     0    243
3s2_3p3(2Po)5d_1Fo           7.0     597930.4000     2.4844   1.207E+03    35     0    244
3s2_3p3(2Po)5d_1Po           3.0     598826.4000     2.4575   1.220E+03    40     0    245
3s_3p4(2De)4p_1Do            5.0     598948.4000     2.4538   1.222E+03    40     0    246
3s2_3p3(2Do)5f_1De           5.0     598970.4000     2.4532   1.222E+03    37     0    247
3s2_3p3(2Do)5f_3De          15.0     598982.4000     2.4528   1.222E+03    38     0    248
3s2_3p5_3d_3Do              15.0     599511.4000     2.4370   1.230E+03    39     0    249
3s2_3p3(4So)6f_3Fe          21.0     601852.4000     2.3668   1.267E+03    38     0    250
3s2_3p3(4So)7s_5So           5.0     601936.4000     2.3643   1.268E+03    41     0    251
3s2_3p3(4So)6f_5Fe          35.0     602304.4000     2.3532   1.274E+03    42     0    252
3s2_3p3(2Do)5f_3Pe           9.0     602743.4000     2.3401   1.281E+03    38     0    253
3s2_3p3(4So)7s_3So           3.0     602792.4000     2.3386   1.282E+03    39     0    254
3s2_3p3(2Do)6p_3De          15.0     603929.4000     2.3045   1.301E+03    38     0    255
3s2_3p3(2Do)6p_3Fe          21.0     604071.4000     2.3003   1.303E+03    38     0    256
3s2_3p3(2Do)6p_1Pe           3.0     604077.4000     2.3001   1.303E+03    37     0    257
3s2_3p3(4So)6g_5Go          45.0     604085.4000     2.2998   1.304E+03    41     0    258
3s2_3p3(4So)6g_3Go          27.0     604162.4000     2.2975   1.305E+03    39     0    259
3s2_3p3(4So)6h_3He          33.0     604257.4000     2.2947   1.306E+03    38     0    260
3s2_3p3(2Do)6p_1Fe           7.0     604403.4000     2.2903   1.309E+03    37     0    261
3s2_3p3(2Do)6p_3Pe           9.0     605311.4000     2.2631   1.325E+03    38     0    262
3s2_3p3(2Do)5f_1Fe           7.0     605379.4000     2.2611   1.326E+03    37     0    263
3s2_3p5_3d_1Fo               7.0     607328.4000     2.2026   1.361E+03    40     0    264
3s2_3p3(2Do)6p_1De           5.0     607650.4000     2.1930   1.367E+03    37     0    265
3s2_3p3(4So)7p_5Pe          15.0     607862.4000     2.1866   1.371E+03    42     0    266
3s2_3p5_3d_1Do               5.0     608015.4000     2.1820   1.374E+03    40     0    267
3s2_3p3(4So)7p_3Pe           9.0     609509.4000     2.1372   1.403E+03    38     0    268
3s2_3p3(2Po)5f_3Fe          21.0     611385.4000     2.0810   1.441E+03    38     0    269
3s2_3p3(2Po)6s_3Po           9.0     611582.4000     2.0751   1.445E+03    39     0    270
3s2_3p3(2Po)5f_1De           5.0     611671.4000     2.0724   1.447E+03    37     0    271
3s2_3p3(2Po)5f_1Fe           7.0     611917.4000     2.0650   1.452E+03    37     0    272
3s2_3p3(2Po)5f_3De          15.0     612100.4000     2.0596   1.456E+03    38     0    273
3s2_3p3(2Po)6s_1Po           3.0     612432.4000     2.0496   1.463E+03    40     0    274
3s2_3p3(2Po)5f_3Ge          27.0     613562.4000     2.0157   1.487E+03    38     0    275
3s2_3p3(2Po)5f_1Ge           9.0     614738.4000     1.9805   1.514E+03    37     0    276
3s2_3p3(2Po)5g_3Ho          33.0     615489.4000     1.9580   1.531E+03    39     0    277
3s2_3p3(2Po)5g_3Fo          21.0     615516.4000     1.9572   1.532E+03    39     0    278
3s2_3p3(2Po)5g_1Go           9.0     615537.4000     1.9565   1.532E+03    40     0    279
3s2_3p3(2Po)5g_3Go          27.0     615549.4000     1.9562   1.533E+03    39     0    280
3s2_3p3(2Po)5g_1Ho          11.0     615569.4000     1.9556   1.533E+03    40     0    281
3s2_3p3(2Po)5g_1Fo           7.0     615636.4000     1.9536   1.535E+03    40     0    282
3s2_3p3(4So)7d_3Do          15.0     616704.4000     1.9215   1.560E+03    39     0    283
3s_3p4(2Pe)4p_3Po            9.0     617109.4000     1.9094   1.570E+03    39     0    284
3s2_3p3(4So)7d_5Do          25.0     617212.4000     1.9063   1.573E+03    41     0    285
3s2_3p3(2Do)6d_1So           1.0     617528.4000     1.8968   1.580E+03    40     0    286
3s_3p4(4Pe)4d_3De           15.0     617775.4000     1.8894   1.587E+03    38     0    287
3s2_3p2_3d2(e)_3Fe          21.0     617966.4000     1.8837   1.592E+03    38     0    288
3s_3p4(4Pe)4d_5De           25.0     618041.4000     1.8815   1.593E+03    42     0    289
3s2_3p4_3d2_1Pe              3.0     618865.4000     1.8568   1.615E+03    37     0    290
3s2_3p3(2Do)6d_3Fo          21.0     619505.4000     1.8376   1.631E+03    39     0    291
3s2_3p3(2Do)6d_3Go          27.0     619588.4000     1.8351   1.634E+03    39     0    292
3s2_3p3(2Do)6d_3Do          15.0     619667.4000     1.8327   1.636E+03    39     0    293
3s2_3p3(2Do)6d_1Go           9.0     619790.4000     1.8290   1.639E+03    40     0    294
3s2_3p3(2Do)6d_1Do           5.0     619936.4000     1.8246   1.643E+03    40     0    295
3s2_3p2_3d2(b)_1Fe           7.0     619973.4000     1.8235   1.644E+03    37     0    296
3s2_3p3(2Do)6d_3So           3.0     620045.4000     1.8214   1.646E+03    39     0    297
3s2_3p3(2Do)6d_1Po           3.0     620232.4000     1.8158   1.651E+03    40     0    298
3s2_3p2_3d2(c)_1De           5.0     620587.4000     1.8051   1.661E+03    37     0    299
3s2_3p3(2Do)6d_1Fo           7.0     621282.4000     1.7843   1.680E+03    40     0    300
3s_3p4(4Pe)4d_5Fe           35.0     621343.4000     1.7825   1.682E+03    42     0    301
3s2_3p3(2Do)6d_3Po           9.0     621557.4000     1.7760   1.688E+03    39     0    302
3s2_3p3(2Po)6p_3Se           3.0     621768.4000     1.7697   1.694E+03    38     0    303
3s2_3p3(2Po)6p_3De          15.0     621860.4000     1.7670   1.697E+03    38     0    304
3s2_3p3(2Po)6p_1Pe           3.0     622174.4000     1.7576   1.706E+03    37     0    305
3s2_3p_3d3(a)_5Go           45.0     622604.4000     1.7447   1.718E+03    41     0    306
3s2_3p3(2Po)6p_3Pe           9.0     622826.4000     1.7380   1.725E+03    38     0    307
3s2_3p3(4So)8s_5So           5.0     623030.4000     1.7319   1.731E+03    41     0    308
3s2_3p3(4So)7f_5Fe          35.0     623233.4000     1.7258   1.737E+03    42     0    309
3s_3p4(2Pe)4p_3Do           15.0     623242.4000     1.7255   1.737E+03    39     0    310
3s2_3p3(4So)8s_3So           3.0     623448.4000     1.7194   1.744E+03    39     0    311
3s2_3p3(2Po)6p_1De           5.0     623486.4000     1.7182   1.745E+03    37     0    312
3s2_3p3(4So)7g_5Go          45.0     624326.4000     1.6930   1.771E+03    41     0    313
3s2_3p3(4So)7g_3Go          27.0     624382.4000     1.6914   1.772E+03    39     0    314
3s2_3p3(4So)7h_3He          33.0     624463.4000     1.6889   1.775E+03    38     0    315
3s2_3p4_3d2_5Pe             15.0     624474.4000     1.6886   1.775E+03    42     0    316
3s2_3p3(4So)7f_3Fe          21.0     624535.4000     1.6868   1.777E+03    38     0    317
3s_3p4(2Pe)4p_3So            3.0     625181.4000     1.6674   1.798E+03    39     0    318
3s_3p3_3d2(a)_5Fo           35.0     625321.4000     1.6632   1.802E+03    41     0    319
3s_3p4(2Pe)4p_1Do            5.0     625595.4000     1.6550   1.811E+03    40     0    320
3s2_3p3(2Po)6p_1Se           1.0     626360.4000     1.6321   1.837E+03    37     0    321
3s2_3p3(4So)8p_5Pe          15.0     627027.4000     1.6121   1.860E+03    42     0    322
3s2_3p3(4So)8p_3Pe           9.0     627545.4000     1.5965   1.878E+03    38     0    323
3s_3p3_3d2_3Fo              21.0     627764.4000     1.5900   1.886E+03    39     0    324
3s_3p4(4Pe)4d_3Fe           21.0     627793.4000     1.5891   1.887E+03    38     0    325
3s2_3p3(2Do)6f_1Ge           9.0     628077.4000     1.5806   1.897E+03    37     0    326
3s2_3p2_3d2(d)_3De          15.0     628151.4000     1.5784   1.899E+03    38     0    327
3s_3p3_3d2_3Ho              33.0     629162.4000     1.5481   1.937E+03    39     0    328
3s2_3p3(2Do)7s_3Do          15.0     629220.4000     1.5463   1.939E+03    39     0    329
3s_3p4(4Pe)4d_3Pe            9.0     629312.4000     1.5436   1.942E+03    38     0    330
3s2_3p3(2Do)6f_3Ge          27.0     629696.4000     1.5320   1.957E+03    38     0    331
3s2_3p3(2Do)7s_1Do           5.0     629841.4000     1.5277   1.962E+03    40     0    332
3s2_3p3(2Do)6f_3He          33.0     629971.4000     1.5238   1.967E+03    38     0    333
3s2_3p3(2Do)6f_1He          11.0     630216.4000     1.5165   1.977E+03    37     0    334
3s_3p4(2Se)4p_3Po            9.0     630315.4000     1.5135   1.981E+03    39     0    335
3s_3p3_3d2_3Do              15.0     630433.4000     1.5100   1.985E+03    39     0    336
3s_3p4(2Pe)4p_1Po            3.0     631038.4000     1.4918   2.010E+03    40     0    337
3s2_3p3(2Do)6f_3Fe          21.0     631121.4000     1.4893   2.013E+03    43     0    338
3s2_3p3(2Do)6g_3Go          27.0     631161.4000     1.4881   2.015E+03    39     0    339
3s2_3p3(2Do)6g_3Fo          21.0     631163.4000     1.4881   2.015E+03    39     0    340
3s2_3p3(2Do)6g_1Do           5.0     631196.4000     1.4871   2.016E+03    40     0    341
3s2_3p3(2Do)6g_3Ho          33.0     631197.4000     1.4870   2.016E+03    39     0    342
3s2_3p3(2Do)6g_1Fo           7.0     631201.4000     1.4869   2.016E+03    40     0    343
3s2_3p3(2Do)6g_1Ho          11.0     631237.4000     1.4858   2.018E+03    40     0    344
3s2_3p3(2Do)6g_3Do          15.0     631246.4000     1.4856   2.018E+03    39     0    345
3s2_3p3(2Do)6g_1Go           9.0     631257.4000     1.4852   2.018E+03    40     0    346
3s2_3p3(2Do)6h_3Ge          27.0     631317.4000     1.4835   2.021E+03    43     0    347
3s2_3p3(2Do)6h_1Ge           9.0     631318.4000     1.4834   2.021E+03    44     0    348
3s2_3p3(2Do)6h_1Fe           7.0     631322.4000     1.4833   2.021E+03    44     0    349
3s2_3p3(2Do)6h_3He          33.0     631324.4000     1.4832   2.021E+03    43     0    350
3s2_3p3(2Do)6h_1He          11.0     631327.4000     1.4832   2.021E+03    44     0    351
3s2_3p3(2Do)6h_3Fe          21.0     631333.4000     1.4830   2.022E+03    43     0    352
3s2_3p3(2Do)6f_1Pe           3.0     631830.4000     1.4681   2.042E+03    44     0    353
3s2_3p2_3d2(b)_1Se           1.0     632455.4000     1.4493   2.068E+03    44     0    354
3s_3p4(2Pe)4p_1So            1.0     632575.4000     1.4457   2.074E+03    40     0    355
3s2_3p3(2Do)6f_3Pe           9.0     632603.4000     1.4449   2.075E+03    43     0    356
3s2_3p3(2Do)6f_1De           5.0     632616.4000     1.4445   2.075E+03    44     0    357
3s2_3p3(4So)8d_5Do          25.0     632781.4000     1.4396   2.083E+03    41     0    358
3s2_3p3(2Do)6f_1Fe           7.0     633413.4000     1.4206   2.110E+03    44     0    359
3s2_3p3(4So)8d_3Do          15.0     633442.4000     1.4197   2.112E+03    39     0    360
3s2_3p3(2Do)6f_3De          15.0     633781.4000     1.4096   2.127E+03    43     0    361
3s_3p3_3d2_3Go              27.0     634562.4000     1.3862   2.163E+03    39     0    362
3s2_3p3(2Do)7p_3De          15.0     635015.4000     1.3726   2.184E+03    43     0    363
3s2_3p3(2Do)7p_1Pe           3.0     635162.4000     1.3682   2.191E+03    44     0    364
3s2_3p3(2Do)7p_3Fe          21.0     635169.4000     1.3680   2.192E+03    43     0    365
3s2_3p3(2Do)7p_1Fe           7.0     635348.4000     1.3626   2.200E+03    44     0    366
3s2_3p3(2Do)7p_3Pe           9.0     635825.4000     1.3483   2.223E+03    43     0    367
3s2_3p3(4So)9s_5So           5.0     636621.4000     1.3244   2.264E+03    41     0    368
3s2_3p3(4So)8f_5Fe          35.0     636672.4000     1.3229   2.266E+03    42     0    369
3s2_3p3(2Do)7p_1De           5.0     636774.4000     1.3199   2.271E+03    44     0    370
3s_3p4(2Se)4p_1Po            3.0     636825.4000     1.3183   2.274E+03    40     0    371
3s2_3p3(4So)9s_3So           3.0     637063.4000     1.3112   2.286E+03    45     0    372
3s2_3p3(2Po)6d_3Fo          21.0     637425.4000     1.3003   2.305E+03    45     0    373
3s2_3p3(4So)8g_5Go          45.0     637451.4000     1.2996   2.307E+03    41     0    374
3s2_3p3(4So)8g_3Go          27.0     637537.4000     1.2970   2.311E+03    45     0    375
3s2_3p3(4So)8h_3He          33.0     637580.4000     1.2957   2.314E+03    43     0    376
3s2_3p3(2Po)6d_3Do          15.0     637968.4000     1.2841   2.335E+03    45     0    377
3s2_3p3(4So)8f_3Fe          21.0     638100.4000     1.2801   2.342E+03    43     0    378
3s2_3p3(2Po)6d_1Do           5.0     638300.4000     1.2741   2.353E+03    40     0    379
3s2_3p3(2Po)6d_1Fo           7.0     638374.4000     1.2719   2.357E+03    40     0    380
3s2_3p3(2Po)6d_3Po           9.0     638457.4000     1.2694   2.362E+03    45     0    381
3s_3p3_3d2_5So               5.0     638822.4000     1.2585   2.382E+03    41     0    382
3s2_3p2_3d2(d)_1De           5.0     638861.4000     1.2573   2.384E+03    44     0    383
3s2_3p3(4So)9p_5Pe          15.0     639188.4000     1.2475   2.403E+03    42     0    384
3s2_3p3(2Po)6d_1Po           3.0     639314.4000     1.2437   2.410E+03    40     0    385
3s2_3p3(4So)9p_3Pe           9.0     639684.4000     1.2326   2.432E+03    43     0    386
3s2_3p2_3d2(c)_1Ge           9.0     641228.4000     1.1863   2.527E+03    44     0    387
3s_3p3_3d2(a)_5Do           25.0     641367.4000     1.1822   2.536E+03    41     0    388
3s2_3p3(4So)9d_5Do          25.0     643240.4000     1.1260   2.662E+03    41     0    389
3s2_3p3(4So)9d_3Do          15.0     643585.4000     1.1157   2.687E+03    45     0    390
3s2_3p3(2Do)7d_3Fo          21.0     644364.4000     1.0923   2.745E+03    45     0    391
3s2_3p3(2Do)7d_1Go           9.0     644414.4000     1.0908   2.748E+03    40     0    392
3s2_3p3(2Do)7d_3Go          27.0     644426.4000     1.0905   2.749E+03    45     0    393
3s2_3p3(2Do)7d_1Po           3.0     644623.4000     1.0845   2.764E+03    40     0    394
3s2_3p3(2Do)7d_3Do          15.0     644625.4000     1.0845   2.764E+03    45     0    395
3s2_3p3(2Do)7d_3Po           9.0     644705.4000     1.0821   2.770E+03    45     0    396
3s2_3p3(2Do)7d_3So           3.0     644725.4000     1.0815   2.772E+03    45     0    397
3s2_3p3(2Do)7d_1So           1.0     645023.4000     1.0726   2.795E+03    40     0    398
3s2_3p3(2Do)7d_1Do           5.0     645177.4000     1.0679   2.807E+03    40     0    399
3s2_3p3(2Do)7d_1Fo           7.0     645248.4000     1.0658   2.813E+03    40     0    400
3s2_3p3(4So)10s_5So          5.0     645916.4000     1.0458   2.867E+03    41     0    401
3s2_3p3(4So)9f_5Fe          35.0     645919.4000     1.0457   2.867E+03    42     0    402
3s2_3p3(4So)10s_3So          3.0     646302.4000     1.0342   2.899E+03    45     0    403
3s2_3p3(4So)9g_5Go          45.0     646448.4000     1.0298   2.911E+03    41     0    404
3s2_3p3(4So)9f_3Fe          21.0     646472.4000     1.0291   2.913E+03    43     0    405
3s2_3p3(4So)9g_3Go          27.0     646523.4000     1.0276   2.917E+03    45     0    406
3s2_3p3(4So)9h_3He          33.0     646572.4000     1.0261   2.922E+03    43     0    407
3s2_3p3(2Po)7s_3Po           9.0     647178.4000     1.0080   2.974E+03    45     0    408
3s2_3p3(2Po)6f_3Ge          27.0     647364.4000     1.0024   2.991E+03    43     0    409
3s2_3p3(4So)10p_5Pe         15.0     647689.4000     0.9926   3.020E+03    42     0    410
3s2_3p3(2Po)7s_1Po           3.0     647721.4000     0.9917   3.023E+03    40     0    411
3s2_3p3(4So)10p_3Pe          9.0     647864.4000     0.9874   3.036E+03    43     0    412
3s2_3p3(2Po)6f_1Fe           7.0     647868.4000     0.9873   3.037E+03    44     0    413
3s2_3p3(2Po)6f_3De          15.0     648075.4000     0.9811   3.056E+03    43     0    414
3s2_3p3(2Po)6f_3Fe          21.0     648638.4000     0.9642   3.109E+03    43     0    415
3s2_3p3(2Po)6g_3Fo          21.0     648948.4000     0.9549   3.140E+03    45     0    416
3s2_3p3(2Po)6g_3Ho          33.0     648954.4000     0.9547   3.140E+03    45     0    417
3s2_3p3(2Po)6g_1Ho          11.0     649038.4000     0.9522   3.148E+03    40     0    418
3s2_3p3(2Po)6g_1Fo           7.0     649039.4000     0.9522   3.149E+03    40     0    419
3s2_3p3(2Po)6g_1Go           9.0     649042.4000     0.9521   3.149E+03    40     0    420
3s2_3p3(2Po)6g_3Go          27.0     649052.4000     0.9518   3.150E+03    45     0    421
3s2_3p3(2Po)6h_1Ge           9.0     649169.4000     0.9483   3.161E+03    44     0    422
3s2_3p3(2Po)6h_3Ge          27.0     649172.4000     0.9482   3.162E+03    43     0    423
3s2_3p3(2Po)6h_3He          33.0     649187.4000     0.9477   3.163E+03    43     0    424
3s2_3p3(2Po)6h_1He          11.0     649188.4000     0.9477   3.163E+03    44     0    425
3s2_3p3(2Po)6f_1Ge           9.0     649710.4000     0.9320   3.217E+03    44     0    426
3s2_3p3(2Do)8s_3Do          15.0     650197.4000     0.9174   3.268E+03    45     0    427
3s_3p4(4Pe)5s_3Pe            9.0     650200.4000     0.9174   3.268E+03    43     0    428
3s2_3p3(2Do)7f_3Ge          27.0     650523.4000     0.9077   3.303E+03    43     0    429
3s2_3p3(2Do)7f_3He          33.0     650554.4000     0.9067   3.306E+03    43     0    430
3s2_3p3(2Do)8s_1Do           5.0     650567.4000     0.9064   3.308E+03    40     0    431
3s2_3p3(4So)10d_5Do         25.0     650591.4000     0.9056   3.310E+03    41     0    432
3s2_3p3(2Do)7f_3Fe          21.0     650629.4000     0.9045   3.314E+03    43     0    433
3s2_3p3(2Do)7f_1He          11.0     650695.4000     0.9025   3.322E+03    44     0    434
3s2_3p3(2Do)7f_1Pe           3.0     650812.4000     0.8990   3.335E+03    44     0    435
3s2_3p3(4So)10d_3Do         15.0     650888.4000     0.8967   3.343E+03    45     0    436
3s2_3p3(2Do)7f_3De          15.0     651311.4000     0.8840   3.391E+03    43     0    437
3s2_3p3(2Do)7f_1De           5.0     651363.4000     0.8825   3.397E+03    44     0    438
3s2_3p3(2Do)7f_3Pe           9.0     651380.4000     0.8820   3.399E+03    43     0    439
3s2_3p3(2Do)7g_3Go          27.0     651406.4000     0.8812   3.402E+03    45     0    440
3s2_3p3(2Do)7g_1Do           5.0     651411.4000     0.8810   3.403E+03    40     0    441
3s2_3p3(2Do)7g_3Ho          33.0     651429.4000     0.8805   3.405E+03    45     0    442
3s2_3p3(2Do)7g_3Do          15.0     651444.4000     0.8801   3.407E+03    45     0    443
3s2_3p3(2Do)7g_3Fo          21.0     651471.4000     0.8792   3.410E+03    45     0    444
3s2_3p3(2Do)7g_1Go           9.0     651486.4000     0.8788   3.411E+03    40     0    445
3s2_3p3(2Do)7g_1Ho          11.0     651499.4000     0.8784   3.413E+03    40     0    446
3s2_3p3(2Do)7g_1Fo           7.0     651509.4000     0.8781   3.414E+03    40     0    447
3s2_3p3(2Do)7h_1Fe           7.0     651529.4000     0.8775   3.416E+03    44     0    448
3s2_3p3(2Do)7h_3Fe          21.0     651531.4000     0.8775   3.417E+03    43     0    449
3s2_3p3(2Do)7h_3He          33.0     651531.4000     0.8775   3.417E+03    43     0    450
3s2_3p3(2Do)7h_1He          11.0     651535.4000     0.8773   3.417E+03    44     0    451
3s2_3p3(2Do)7h_3Ge          27.0     651537.4000     0.8773   3.417E+03    43     0    452
3s2_3p3(2Do)7h_1Ge           9.0     651537.4000     0.8773   3.417E+03    44     0    453
3s2_3p3(2Do)7i_3Ho          33.0     651538.4000     0.8772   3.417E+03    45     0    454
3s2_3p3(2Do)7i_3Go          27.0     651539.4000     0.8772   3.418E+03    45     0    455
3s2_3p3(2Do)7i_1Ho          11.0     651539.4000     0.8772   3.418E+03    40     0    456
3s2_3p3(2Do)7i_1Go           9.0     651539.4000     0.8772   3.418E+03    40     0    457
3s2_3p3(2Do)7f_1Fe           7.0     652216.4000     0.8569   3.499E+03    44     0    458
3s_3p3_3d2_3Po               9.0     652325.4000     0.8536   3.512E+03    45     0    459
3s2_3p3(2Po)7p_3Se           3.0     652476.4000     0.8491   3.531E+03    43     0    460
3s2_3p3(4So)10f_5Fe         35.0     652521.4000     0.8478   3.536E+03    42     0    461
3s2_3p3(4So)11s_5So          5.0     652528.4000     0.8476   3.537E+03    41     0    462
3s2_3p3(4So)11s_3So          3.0     652741.4000     0.8412   3.564E+03    45     0    463
3s2_3p3(4So)10g_5Go         45.0     652761.4000     0.8406   3.567E+03    41     0    464
3s2_3p3(2Po)7p_1Pe           3.0     652780.4000     0.8400   3.569E+03    44     0    465
3s2_3p3(4So)10g_3Go         27.0     652956.4000     0.8347   3.591E+03    45     0    466
3s2_3p3(4So)10h_3He         33.0     653005.4000     0.8333   3.598E+03    43     0    467
3s2_3p3(2Po)7p_3De          15.0     653027.4000     0.8326   3.601E+03    43     0    468
3s2_3p3(2Po)6f_1De           5.0     653084.4000     0.8309   3.608E+03    44     0    469
3s2_3p3(2Do)7f_1Ge           9.0     653585.4000     0.8159   3.674E+03    44     0    470
3s2_3p3(2Po)7p_1De           5.0     653751.4000     0.8109   3.697E+03    44     0    471
3s2_3p3(2Do)8p_3De          15.0     653948.4000     0.8050   3.724E+03    43     0    472
3s2_3p3(2Do)8p_1Fe           7.0     654134.4000     0.7994   3.750E+03    44     0    473
3s2_3p3(2Do)8p_1Pe           3.0     654285.4000     0.7949   3.772E+03    44     0    474
3s2_3p3(2Do)8p_1De           5.0     655186.4000     0.7679   3.904E+03    44     0    475
3s2_3p3(2Po)7p_1Se           1.0     655283.4000     0.7650   3.919E+03    44     0    476
3s_3p4(2De)4d_3Ge           27.0     656021.4000     0.7428   4.036E+03    43     0    477
3s_3p4(2De)4d_3Se            3.0     656075.4000     0.7412   4.045E+03    43     0    478
3s_3p3_3d2(a)_3Fo           21.0     656212.4000     0.7371   4.067E+03    45     0    479
3s_3p3_3d2(b)_5Fo           35.0     659509.4000     0.6383   4.697E+03    41     0    480
3s2_3p3(2Do)8d_3Fo          21.0     659807.4000     0.6293   4.764E+03    45     0    481
3s_3p3_3d2(a)_5Po           15.0     659900.4000     0.6266   4.785E+03    41     0    482
3s2_3p3(2Do)8d_1Go           9.0     659960.4000     0.6248   4.799E+03    46     0    483
3s2_3p3(2Do)8d_1Po           3.0     659966.4000     0.6246   4.800E+03    46     0    484
3s2_3p3(2Do)8d_1So           1.0     659986.4000     0.6240   4.805E+03    46     0    485
3s2_3p3(2Do)8d_3Po           9.0     660112.4000     0.6202   4.834E+03    45     0    486
3s2_3p3(2Do)8d_1Do           5.0     660280.4000     0.6152   4.873E+03    46     0    487
3s_3p4(2De)4d_1Ge            9.0     660319.4000     0.6140   4.883E+03    44     0    488
3s2_3p3(2Do)8d_1Fo           7.0     660465.4000     0.6096   4.918E+03    46     0    489
3s_3p4(2De)4d_3De           15.0     661219.4000     0.5870   5.107E+03    43     0    490
3s_3p4(2De)4d_1Pe            3.0     661959.4000     0.5648   5.308E+03    44     0    491
3s2_3p3(2Po)7d_3Fo          21.0     662198.4000     0.5577   5.376E+03    45     0    492
3s2_3p3(2Po)7d_1Do           5.0     662393.4000     0.5518   5.433E+03    46     0    493
3s2_3p3(2Po)7d_3Po           9.0     662403.4000     0.5515   5.436E+03    45     0    494
3s2_3p3(2Po)7d_1Fo           7.0     662672.4000     0.5435   5.516E+03    46     0    495
3s_3p4(2De)4d_1Se            1.0     662700.4000     0.5426   5.525E+03    44     0    496
3s2_3p3(2Po)7d_1Po           3.0     663178.4000     0.5283   5.675E+03    46     0    497
3s_3p4(4Pe)4f_5Fo           35.0     663334.4000     0.5236   5.726E+03    47     0    498
3s2_3p2_3d2(e)_1De           5.0     663361.4000     0.5228   5.734E+03    44     0    499
3s2_3p3(2Do)8f_3Ge          27.0     663824.4000     0.5089   5.891E+03    43     0    500
3s_3p4(2De)4d_1Fe            7.0     663961.4000     0.5048   5.939E+03    44     0    501
3s2_3p3(2Do)8f_1He          11.0     664035.4000     0.5026   5.965E+03    44     0    502
3s2_3p3(2Do)9s_1Do           5.0     664038.4000     0.5025   5.966E+03    46     0    503
3s2_3p3(2Do)8f_3De          15.0     664400.4000     0.4916   6.098E+03    43     0    504
3s2_3p3(2Do)8f_1Pe           3.0     664505.4000     0.4885   6.137E+03    44     0    505
3s2_3p3(2Do)8g_3Ho          33.0     664510.4000     0.4883   6.139E+03    45     0    506
3s2_3p3(2Do)8g_1Do           5.0     664523.4000     0.4880   6.144E+03    46     0    507
3s2_3p3(2Do)8g_3Fo          21.0     664534.4000     0.4876   6.148E+03    45     0    508
3s2_3p3(2Do)8g_1Fo           7.0     664562.4000     0.4868   6.159E+03    46     0    509
3s2_3p3(2Do)8g_1Ho          11.0     664571.4000     0.4865   6.162E+03    46     0    510
3s2_3p3(2Do)8g_1Go           9.0     664600.4000     0.4857   6.173E+03    46     0    511
3s2_3p3(2Do)8h_3Ge          27.0     664639.4000     0.4845   6.188E+03    43     0    512
3s2_3p3(2Do)8h_1Ge           9.0     664640.4000     0.4845   6.188E+03    44     0    513
3s2_3p3(2Do)8h_1Fe           7.0     664647.4000     0.4842   6.191E+03    44     0    514
3s2_3p3(2Do)8h_1He          11.0     664649.4000     0.4842   6.192E+03    44     0    515
3s2_3p3(2Do)8i_3Ho          33.0     664651.4000     0.4841   6.192E+03    45     0    516
3s2_3p3(2Do)8i_1Ho          11.0     664651.4000     0.4841   6.192E+03    46     0    517
3s2_3p3(2Do)8i_1Go           9.0     664651.4000     0.4841   6.192E+03    46     0    518
3s2_3p3(2Do)8k_1He          11.0     664652.4000     0.4841   6.193E+03    44     0    519
3s2_3p3(2Do)8f_1De           5.0     664938.4000     0.4755   6.305E+03    44     0    520
3s2_3p3(2Do)8f_1Ge           9.0     665568.4000     0.4566   6.565E+03    44     0    521
3s2_3p3(2Do)8f_1Fe           7.0     665579.4000     0.4563   6.570E+03    44     0    522
3s2_3p3(2Do)9p_1Pe           3.0     666265.4000     0.4357   6.880E+03    44     0    523
3s2_3p3(2Do)9p_3De          15.0     666276.4000     0.4354   6.885E+03    43     0    524
3s2_3p3(2Do)9p_1De           5.0     666287.4000     0.4351   6.891E+03    44     0    525
3s2_3p3(2Do)9p_1Fe           7.0     666390.4000     0.4320   6.940E+03    44     0    526
3s_3p4(4Pe)4f_3Fo           21.0     666418.4000     0.4311   6.953E+03    45     0    527
3s_3p3_3d2_1Do               5.0     667110.4000     0.4104   7.305E+03    46     0    528
3s2_3p3(2Po)8s_3Po           9.0     668042.4000     0.3825   7.838E+03    45     0    529
3s2_3p3(2Po)7f_3Ge          27.0     668272.4000     0.3756   7.982E+03    43     0    530
3s2_3p3(2Po)8s_1Po           3.0     668369.4000     0.3727   8.045E+03    46     0    531
3s2_3p3(2Po)7f_3De          15.0     668492.4000     0.3690   8.125E+03    43     0    532
3s2_3p4_3d2_1De              5.0     668606.4000     0.3656   8.201E+03    44     0    533
3s2_3p3(2Po)7f_1Fe           7.0     668731.4000     0.3618   8.286E+03    44     0    534
3s2_3p3(2Po)7g_3Ho          33.0     669245.4000     0.3464   8.655E+03    45     0    535
3s2_3p3(2Po)7g_3Fo          21.0     669265.4000     0.3458   8.670E+03    45     0    536
3s2_3p3(2Po)7g_1Go           9.0     669276.4000     0.3455   8.678E+03    46     0    537
3s2_3p3(2Po)7g_1Ho          11.0     669316.4000     0.3443   8.708E+03    46     0    538
3s2_3p3(2Po)7g_1Fo           7.0     669336.4000     0.3437   8.723E+03    46     0    539
3s2_3p3(2Po)7h_1Ge           9.0     669394.4000     0.3419   8.768E+03    44     0    540
3s2_3p3(2Po)7h_3Ge          27.0     669394.4000     0.3419   8.768E+03    43     0    541
3s2_3p3(2Po)7h_1He          11.0     669398.4000     0.3418   8.771E+03    44     0    542
3s2_3p3(2Po)7i_3Ho          33.0     669402.4000     0.3417   8.774E+03    45     0    543
3s2_3p3(2Po)7i_1Ho          11.0     669402.4000     0.3417   8.774E+03    46     0    544
3s2_3p3(2Po)7f_1Ge           9.0     669626.4000     0.3350   8.950E+03    44     0    545
3s_3p3_3d2_1Po               3.0     670151.4000     0.3192   9.391E+03    46     0    546
3s2_3p3(2Do)9d_3Fo          21.0     670325.4000     0.3140   9.547E+03    45     0    547
3s2_3p3(2Do)9d_1So           1.0     670346.4000     0.3134   9.566E+03    46     0    548
3s2_3p3(2Do)9d_1Go           9.0     670398.4000     0.3118   9.614E+03    46     0    549
3s2_3p3(2Do)9d_1Po           3.0     670498.4000     0.3088   9.707E+03    46     0    550
3s2_3p3(2Do)9d_3Po           9.0     670555.4000     0.3071   9.761E+03    45     0    551
3s2_3p3(2Do)9d_1Do           5.0     670686.4000     0.3032   9.888E+03    46     0    552
3s2_3p3(2Do)9d_1Fo           7.0     670734.4000     0.3018   9.935E+03    46     0    553
3s2_3p3(2Po)7f_1De           5.0     671001.4000     0.2938   1.021E+04    44     0    554
3s2_3p3(2Po)8p_3Se           3.0     671780.4000     0.2704   1.109E+04    43     0    555
3s2_3p3(2Po)8p_3De          15.0     671800.4000     0.2698   1.111E+04    43     0    556
3s2_3p3(2Po)8p_1Pe           3.0     671857.4000     0.2681   1.118E+04    44     0    557
3s2_3p3(2Po)8p_1De           5.0     672376.4000     0.2525   1.187E+04    44     0    558
3s2_3p3(2Do)9f_3Ge          27.0     673080.4000     0.2314   1.295E+04    43     0    559
3s2_3p3(2Do)9f_1He          11.0     673188.4000     0.2282   1.314E+04    44     0    560
3s2_3p3(2Do)10s_1Do          5.0     673194.4000     0.2280   1.315E+04    46     0    561
3s2_3p3(2Po)8p_1Se           1.0     673269.4000     0.2258   1.328E+04    44     0    562
3s2_3p3(2Do)9f_1Pe           3.0     673327.4000     0.2240   1.338E+04    44     0    563
3s2_3p3(2Do)9f_3De          15.0     673452.4000     0.2203   1.361E+04    43     0    564
3s2_3p3(2Do)9g_3Ho          33.0     673538.4000     0.2177   1.377E+04    45     0    565
3s2_3p3(2Do)9g_3Fo          21.0     673562.4000     0.2170   1.382E+04    45     0    566
3s2_3p3(2Do)9g_1Ho          11.0     673575.4000     0.2166   1.384E+04    46     0    567
3s2_3p3(2Do)9g_1Fo           7.0     673581.4000     0.2164   1.385E+04    46     0    568
3s2_3p3(2Do)9g_1Do           5.0     673586.4000     0.2163   1.386E+04    46     0    569
3s2_3p3(2Do)9g_1Go           9.0     673604.4000     0.2157   1.390E+04    46     0    570
3s2_3p3(2Do)9h_1Fe           7.0     673637.4000     0.2147   1.396E+04    44     0    571
3s2_3p3(2Do)9h_3Ge          27.0     673638.4000     0.2147   1.396E+04    43     0    572
3s2_3p3(2Do)9h_1Ge           9.0     673638.4000     0.2147   1.396E+04    44     0    573
3s2_3p3(2Do)9h_1He          11.0     673642.4000     0.2146   1.397E+04    44     0    574
3s2_3p3(2Do)9i_3Ho          33.0     673643.4000     0.2145   1.397E+04    45     0    575
3s2_3p3(2Do)9i_1Ho          11.0     673643.4000     0.2145   1.397E+04    46     0    576
3s2_3p3(2Do)9k_1He          11.0     673644.4000     0.2145   1.398E+04    44     0    577
3s2_3p3(2Do)9i_1Go           9.0     673644.4000     0.2145   1.398E+04    46     0    578
3s2_3p3(2Do)9f_1De           5.0     673706.4000     0.2127   1.410E+04    44     0    579
3s2_3p3(2Do)9f_1Fe           7.0     673841.4000     0.2086   1.437E+04    44     0    580
3s_3p4(4Pe)5p_5Po           15.0     674050.4000     0.2023   1.482E+04    47     0    581
3s2_3p3(2Do)9f_1Ge           9.0     674065.4000     0.2019   1.485E+04    44     0    582
3s2_3p3(2Do)10p_3De         15.0     674790.4000     0.1802   1.664E+04    43     0    583
3s2_3p3(2Do)10p_1Pe          3.0     674835.4000     0.1788   1.677E+04    44     0    584
3s2_3p3(2Do)10p_1Fe          7.0     674888.4000     0.1772   1.692E+04    44     0    585
3s2_3p3(2Do)10p_1De          5.0     675580.4000     0.1565   1.916E+04    44     0    586
3s_3p3_3d2(b)_5Po           15.0     676018.4000     0.1433   2.091E+04    47     0    587
3s_3p3_3d2(a)_3Ho           33.0     676289.4000     0.1352   2.217E+04    45     0    588
3s_3p3_3d2_1Ho              11.0     677135.4000     0.1099   2.729E+04    46     0    589
3s2_3p3(2Do)10d_3Fo         21.0     677503.4000     0.0988   3.033E+04    45     0    590
3s2_3p3(2Po)8d_3Po           9.0     677566.4000     0.0969   3.093E+04    45     0    591
3s2_3p3(2Do)10d_1Po          3.0     677636.4000     0.0948   3.161E+04    46     0    592
3s2_3p3(2Po)8d_1Do           5.0     677638.4000     0.0948   3.163E+04    46     0    593
3s2_3p3(2Do)10d_1So          1.0     677673.4000     0.0937   3.198E+04    46     0    594
3s2_3p3(2Do)10d_1Go          9.0     677724.4000     0.0922   3.251E+04    46     0    595
3s2_3p3(2Do)10d_1Fo          7.0     677918.4000     0.0864   3.470E+04    46     0    596
3s2_3p3(2Po)8d_3Fo          21.0     677940.4000     0.0857   3.497E+04    45     0    597
3s2_3p3(2Do)10d_3Po          9.0     678022.4000     0.0833   3.600E+04    45     0    598
3s2_3p3(2Po)8d_1Fo           7.0     678105.4000     0.0808   3.711E+04    46     0    599
3s2_3p3(2Do)10d_1Do          5.0     678119.4000     0.0804   3.731E+04    46     0    600
3s2_3p3(2Po)8d_1Po           3.0     678499.4000     0.0690   4.347E+04    46     0    601
3s2_3p3(2Do)10f_3Ge         27.0     679615.4000     0.0355   8.442E+04    43     0    602
3s2_3p3(2Do)10f_1He         11.0     679733.4000     0.0320   9.376E+04    44     0    603
3s2_3p3(2Do)11s_1Do          5.0     679761.4000     0.0311   9.628E+04    46     0    604
3s2_3p3(2Do)10f_1Pe          3.0     679777.4000     0.0307   9.779E+04    44     0    605
3s2_3p3(2Do)10f_3De         15.0     679870.4000     0.0279   1.076E+05    43     0    606
3s2_3p3(2Do)10g_3Fo         21.0     679987.4000     0.0244   1.231E+05    45     0    607
3s2_3p3(2Do)10f_1De          5.0     679997.4000     0.0241   1.246E+05    44     0    608
3s2_3p3(2Do)10g_1Fo          7.0     680009.4000     0.0237   1.265E+05    46     0    609
3s2_3p3(2Do)10g_1Do          5.0     680028.4000     0.0231   1.296E+05    46     0    610
3s2_3p3(2Do)10h_1Fe          7.0     680054.4000     0.0224   1.341E+05    44     0    611
3s2_3p3(2Do)10h_3Ge         27.0     680066.4000     0.0220   1.363E+05    43     0    612
3s2_3p3(2Do)10h_1Ge          9.0     680067.4000     0.0220   1.365E+05    44     0    613
