********************************************************************************
                                                                                
Super level assignmnets for MgX
                                                                                
                   g        E(cm^-1)    10^15 Hz     eV       Lam(A)       ID   
********************************************************************************
                                                                                
24-Oct-2002                            !Date
74                                     !Number of energy levels
6                                      !Entry number of link to super level
  
2s_2Se[1/2]        2.0          0.0000    88.8603   3.374E+01     1     0      1
2p_2Po[1/2]        2.0     160015.0000    84.0632   3.566E+01     2     0      2
2p_2Po[3/2]        4.0     163990.0000    83.9440   3.571E+01     2     0      3
3s_2Se[1/2]        2.0    1682700.0000    38.4142   7.804E+01     3     0      4
3p_2Po[1/2]        2.0    1726520.0000    37.1005   8.081E+01     4     0      5
3p_2Po[3/2]        4.0    1727830.0000    37.0612   8.089E+01     4     0      6
3d_2De[3/2]        4.0    1743500.0000    36.5915   8.193E+01     5     0      7
3d_2De[5/2]        6.0    1743890.0000    36.5798   8.196E+01     5     0      8
4s_2Se[1/2]        2.0    2252600.0000    21.3290   1.406E+02     6     0      9
4p_2Po[1/2]        2.0    2270150.0000    20.8029   1.441E+02     7     0     10
4p_2Po[3/2]        4.0    2270150.0000    20.8029   1.441E+02     7     0     11
4d_2De[3/2]        4.0    2277380.0000    20.5861   1.456E+02     8     0     12
4d_2De[5/2]        6.0    2277700.0000    20.5766   1.457E+02     8     0     13
4f_2Fo[5/2]        6.0    2278060.0000    20.5658   1.458E+02     9     0     14
4f_2Fo[7/2]        8.0    2278140.0000    20.5634   1.458E+02     9     0     15
5s_2Se[1/2]        2.0    2511600.0000    13.5644   2.210E+02    10     0     16
5p_2Po[1/2]        2.0    2520900.0000    13.2856   2.257E+02    11     0     17
5p_2Po[3/2]        4.0    2520900.0000    13.2856   2.257E+02    11     0     18
5d_2De[3/2]        4.0    2524400.0000    13.1807   2.274E+02    12     0     19
5d_2De[5/2]        6.0    2524600.0000    13.1747   2.276E+02    12     0     20
5f_2Fo[5/2]        6.0    2525020.0000    13.1621   2.278E+02    13     0     21
5f_2Fo[7/2]        8.0    2525060.0000    13.1609   2.278E+02    13     0     22
5z_2Zo            18.0    2525120.6595    13.1591   2.278E+02    14     0     23
6s_2Se             2.0    2651518.0930     9.3698   3.200E+02    10     0     24
6p_2Po[1/2]        2.0    2656500.0000     9.2204   3.251E+02    11     0     25
6p_2Po[3/2]        4.0    2656500.0000     9.2204   3.251E+02    11     0     26
6d_2De[5/2]        6.0    2658800.0000     9.1515   3.276E+02    12     0     27
6d_2De[3/2]        4.0    2658800.0000     9.1515   3.276E+02    12     0     28
6f_2Fo            14.0    2659241.0135     9.1382   3.281E+02    13     0     29
6z_2Zo            40.0    2659241.0135     9.1382   3.281E+02    14     0     30
7s_2Se             2.0    2735215.8390     6.8606   4.370E+02    15     0     31
7p_2Po[1/2]        2.0    2738400.0000     6.7651   4.431E+02    16     0     32
7p_2Po[3/2]        4.0    2738400.0000     6.7651   4.431E+02    16     0     33
7d_2De[5/2]        6.0    2739600.0000     6.7291   4.455E+02    17     0     34
7d_2De[3/2]        4.0    2739600.0000     6.7291   4.455E+02    17     0     35
7f_2Fo            14.0    2740111.3569     6.7138   4.465E+02    18     0     36
7z_2Zo            66.0    2740111.3569     6.7138   4.465E+02    18     0     37
8s_2Se             2.0    2789294.8390     5.2393   5.722E+02    15     0     38
8p_2Po[1/2]        2.0    2791200.0000     5.1822   5.785E+02    16     0     39
8p_2Po[3/2]        4.0    2791200.0000     5.1822   5.785E+02    16     0     40
8d_2De            10.0    2792259.7190     5.1504   5.821E+02    17     0     41
8f_2Fo            14.0    2792599.3201     5.1403   5.832E+02    18     0     42
8z_2Zo            96.0    2792599.3201     5.1403   5.832E+02    18     0     43
9s_2Se             2.0    2826245.6510     4.1316   7.256E+02    19     0     44
9p_2Po[1/2]        2.0    2827600.0000     4.0910   7.328E+02    20     0     45
9p_2Po[3/2]        4.0    2827600.0000     4.0910   7.328E+02    20     0     46
9d_2De            10.0    2828319.0640     4.0694   7.367E+02    21     0     47
9z_2Zo           130.0    2828584.8949     4.0614   7.381E+02    22     0     48
9f_2Fo            14.0    2828584.8949     4.0614   7.381E+02    22     0     49
10s_2Se            2.0    2852599.0230     3.3415   8.972E+02    19     0     50
10p_2Po            6.0    2853710.8520     3.3082   9.062E+02    20     0     51
10d_2De           10.0    2854111.5120     3.2962   9.095E+02    21     0     52
10z_2Zo          168.0    2854325.1649     3.2898   9.113E+02    22     0     53
10f_2Fo           14.0    2854325.1649     3.2898   9.113E+02    22     0     54
11w_2W           242.0    2873370.0536     2.7188   1.103E+03    23     0     55
12w_2W           288.0    2887855.2534     2.2846   1.312E+03    23     0     56
13w_2W           338.0    2899128.1449     1.9466   1.540E+03    23     0     57
14w_2W           392.0    2908072.8392     1.6785   1.786E+03    23     0     58
15w_2W           450.0    2915288.9622     1.4621   2.050E+03    23     0     59
16w_2W           512.0    2921194.8300     1.2851   2.333E+03    24     0     60
17w_2W           578.0    2926089.4688     1.1383   2.634E+03    24     0     61
18w_2W           648.0    2930191.2237     1.0154   2.953E+03    24     0     62
19w_2W           722.0    2933662.5387     0.9113   3.290E+03    24     0     63
20w_2W           800.0    2936626.2912     0.8224   3.645E+03    24     0     64
21w_2W           882.0    2939176.8174     0.7460   4.019E+03    25     0     65
22w_2W           968.0    2941387.5134     0.6797   4.411E+03    25     0     66
23w_2W          1058.0    2943316.1748     0.6219   4.821E+03    25     0     67
24w_2W          1152.0    2945008.8133     0.5711   5.249E+03    25     0     68
25w_2W          1250.0    2946502.4264     0.5264   5.696E+03    25     0     69
26w_2W          1352.0    2947827.0362     0.4867   6.160E+03    25     0     70
27w_2W          1458.0    2949007.2105     0.4513   6.643E+03    25     0     71
28w_2W          1568.0    2950063.2098     0.4196   7.144E+03    25     0     72
29w_2W          1682.0    2951011.8626     0.3912   7.664E+03    25     0     73
30w_2W          1800.0    2951867.2405     0.3655   8.202E+03    25     0     74
