Level / Temperature (10^4 K)        0.50       1.00       2.00       5.00      10.00
3d6_5De                        1.142E-12  1.038E-12  1.079E-12  1.129E-12  1.040E-12
3d6_3P2e                       1.474E-12  9.943E-13  6.997E-13  4.969E-13  4.079E-13
3d6_3He                        6.902E-12  4.206E-12  2.758E-12  1.855E-12  1.509E-12
3d6_3F2e                       2.513E-12  1.836E-12  1.395E-12  1.074E-12  9.278E-13
3d6_3Ge                        4.826E-12  3.090E-12  2.102E-12  1.455E-12  1.185E-12
3d5(6S)4s_7Se                  2.441E-14  1.837E-14  1.929E-14  5.513E-14  1.719E-13
3d6_1Ie                        1.328E-12  1.013E-12  7.893E-13  6.098E-13  5.117E-13
3d6_3De                        2.810E-12  1.888E-12  1.263E-12  8.256E-13  6.602E-13
3d6_1G2e                       1.008E-12  7.472E-13  5.725E-13  4.351E-13  3.636E-13
3d6_1S2e                       9.016E-14  6.847E-14  5.526E-14  4.481E-14  3.798E-14
3d6_1D2e                       5.519E-13  4.072E-13  3.093E-13  2.340E-13  1.955E-13
3d5(6S)4s_5Se                  1.537E-14  1.273E-14  1.987E-14  5.760E-14  8.773E-14
3d6_1Fe                        6.010E-13  4.878E-13  3.920E-13  3.060E-13  2.602E-13
3d6_3P1e                       9.868E-13  6.775E-13  4.866E-13  3.602E-13  3.151E-13
3d6_3F1e                       2.482E-12  1.690E-12  1.195E-12  8.747E-13  7.471E-13
3d6_1G1e                       5.218E-13  4.604E-13  4.048E-13  3.397E-13  2.960E-13
3d5(4G)4s_5Ge                  8.963E-15  1.149E-14  4.523E-14  2.361E-13  5.568E-13
3d5(4P)4s_5Pe                  2.369E-15  3.066E-15  9.271E-15  6.896E-14  1.757E-13
3d5(4D)4s_5De                  8.498E-15  1.002E-14  1.849E-14  1.109E-13  2.872E-13
3d5(4G)4s_3Ge                  1.203E-13  1.206E-13  1.777E-13  3.929E-13  5.183E-13
3d5(4P)4s_3Pe                  4.734E-14  5.049E-14  6.305E-14  1.165E-13  1.523E-13
3d6_1De                        1.995E-14  1.616E-14  1.148E-14  9.761E-15  2.193E-14
3d5(4D)4s_3De                  1.043E-13  9.596E-14  1.023E-13  1.753E-13  2.377E-13
3d5(2I)4s_3Ie                  5.629E-14  6.185E-14  1.331E-13  4.179E-13  6.296E-13
3d5(6S)4p_7Po                  1.184E-13  2.324E-13  2.318E-13  1.594E-13  2.127E-13
3d5(2D3)4s_3De                 4.158E-14  3.308E-14  5.396E-14  1.608E-13  2.331E-13
3d5(4F)4s_5Fe                  1.322E-14  1.605E-14  2.487E-14  1.286E-13  3.548E-13
3d5(2I)4s_1Ie                  8.206E-14  7.196E-14  1.185E-13  2.206E-13  2.607E-13
3d5(2F2)4s_3Fe                 2.478E-14  3.490E-14  6.837E-14  1.941E-13  3.027E-13
3d5(2D3)4s_1De                 1.493E-13  1.494E-13  1.411E-13  1.312E-13  1.182E-13
3d5(2F2)4s_1Fe                 1.935E-14  2.015E-14  3.490E-14  7.896E-14  1.040E-13
3d5(2H)4s_3He                  7.606E-14  7.726E-14  1.107E-13  2.944E-13  4.476E-13
3d5(6S)4p_5Po                  1.174E-13  1.562E-13  1.852E-13  1.609E-13  1.716E-13
3d5(2G2)4s_3Ge                 7.338E-14  5.741E-14  7.756E-14  2.337E-13  3.880E-13
3d5(4F)4s_3Fe                  3.644E-13  3.560E-13  2.665E-13  2.581E-13  3.273E-13
3d5(2H)4s_1He                  1.496E-13  1.013E-13  9.087E-14  1.449E-13  1.834E-13
3d5(2F1)4s_3Fe                 8.160E-14  7.540E-14  7.986E-14  1.851E-13  3.013E-13
3d5(2G2)4s_1Ge                 4.002E-14  3.304E-14  4.073E-14  9.232E-14  1.313E-13
3d5(2F1)4s_1Fe                 4.040E-14  3.106E-14  3.613E-14  7.479E-14  1.029E-13
3d6_1Se                        5.725E-15  4.047E-15  2.860E-15  1.808E-15  1.279E-15
3d5(2S)4s_3Se                  1.386E-14  1.312E-14  1.137E-14  2.156E-14  3.587E-14
3d5(2S)4s_1Se                  3.694E-15  7.551E-15  1.218E-14  1.695E-14  1.910E-14
3d5(2D2)4s_3De                 8.012E-14  8.780E-14  7.952E-14  1.313E-13  1.952E-13
3d5(2D2)4s_1De                 4.161E-14  3.229E-14  2.718E-14  4.120E-14  5.742E-14
3d5(4G)4p_5Go                  1.993E-15  3.406E-14  1.375E-13  2.327E-13  2.985E-13
3d5(2G1)4s_3Ge                 1.509E-13  1.590E-13  1.353E-13  1.841E-13  2.803E-13
3d5(4G)4p_5Ho                  3.868E-14  8.797E-14  1.635E-13  2.645E-13  3.209E-13
3d5(4G)4p_5Fo                  7.531E-14  7.539E-14  1.471E-13  2.315E-13  2.376E-13
3d5(4P)4p_5Do                  2.747E-14  4.587E-14  8.845E-14  1.219E-13  1.417E-13
3d5(4P)4p_5So                  1.154E-16  3.246E-15  1.398E-14  2.448E-14  3.096E-14
3d5(2G1)4s_1Ge                 2.178E-13  1.396E-13  8.637E-14  8.178E-14  9.479E-14
3d5(4G)4p_3Fo                  3.914E-13  3.808E-13  3.096E-13  2.042E-13  1.686E-13
3d5(4G)4p_3Ho                  8.813E-13  7.640E-13  5.527E-13  3.301E-13  2.533E-13
3d5(4P)4p_5Po                  9.141E-14  6.638E-14  7.538E-14  9.668E-14  8.717E-14
3d5(4P)4p_3Po                  1.647E-13  1.619E-13  1.304E-13  8.242E-14  6.225E-14
3d5(4D)4p_5Fo                  1.385E-13  1.049E-13  1.195E-13  1.674E-13  1.707E-13
3d5(4G)4p_3Go                  1.740E-12  1.031E-12  6.120E-13  3.181E-13  2.141E-13
3d5(4P)4p_3Do                  3.094E-13  2.963E-13  2.286E-13  1.456E-13  1.108E-13
3d5(4D)4po                     1.934E-15  1.422E-15  1.087E-15  8.453E-16  7.817E-16
3d5(4P)4po                     2.169E-15  1.595E-15  1.220E-15  9.492E-16  8.788E-16
3d5(4D)4p_5Do                  6.041E-14  4.046E-14  3.970E-14  5.541E-14  5.481E-14
3d5(4D)4p_5Po                  9.467E-14  5.839E-14  5.264E-14  7.042E-14  7.040E-14
3d5(4D)4p_3Do                  7.229E-13  4.237E-13  2.605E-13  1.477E-13  1.089E-13
3d5(4D)4p_3Fo                  8.225E-13  5.262E-13  3.476E-13  2.067E-13  1.497E-13
3d5(4P)4p_3So                  1.686E-13  1.089E-13  6.690E-14  3.583E-14  2.369E-14
3d5(4D)4p_3Po                  4.091E-13  2.584E-13  1.605E-13  8.982E-14  6.141E-14
3d5(2I)4p_3Ko                  3.982E-13  4.953E-13  5.253E-13  3.678E-13  2.731E-13
3d5(2I)4p_3Io                  3.436E-13  4.273E-13  4.525E-13  3.164E-13  2.351E-13
3d5(2P)4s_3Pe                  8.549E-14  1.184E-13  9.215E-14  6.628E-14  7.592E-14
3d5(a2D)4po                    3.923E-14  2.770E-14  1.958E-14  1.238E-14  8.754E-15
3d5(2I)4p_1Ho                  5.164E-13  3.843E-13  2.222E-13  1.056E-13  7.379E-14
3d5(2I)4p_1Ko                  3.371E-13  2.975E-13  2.321E-13  1.217E-13  6.090E-14
3d5(a2D)4p_3Fo                 1.981E-13  2.682E-13  2.550E-13  1.599E-13  1.168E-13
3d5(2I)4p_3Ho                  1.488E-13  2.943E-13  4.122E-13  3.148E-13  2.195E-13
3d5(a2D)4p_3Po                 6.277E-14  9.145E-14  1.101E-13  7.864E-14  4.863E-14
3d5(2P)4s_1Pe                  4.574E-15  7.023E-15  1.170E-14  1.907E-14  2.362E-14
3d5(a2F)4p_1Go                 3.498E-13  2.409E-13  1.407E-13  6.434E-14  3.813E-14
3d5(a2F)4p_3Go                 2.961E-13  3.144E-13  2.989E-13  1.978E-13  1.355E-13
3d5(4F)4p_5Go                  2.895E-15  1.195E-14  4.367E-14  1.207E-13  1.788E-13
3d5(a2D)4p_3Do                 1.146E-13  1.548E-13  1.867E-13  1.373E-13  8.031E-14
3d5(a2F)4p_3Do                 1.009E-13  1.317E-13  1.669E-13  1.230E-13  7.358E-14
3d5(2I)4p_1Io                  2.764E-13  2.434E-13  1.882E-13  9.744E-14  4.845E-14
3d5(4F)4p_5Fo                  5.509E-14  4.156E-14  6.398E-14  1.205E-13  1.478E-13
3d5(a2F)4p_3Fo                 3.150E-13  2.859E-13  2.630E-13  1.737E-13  1.019E-13
3d5(4F)4p_5Do                  1.228E-13  6.247E-14  5.710E-14  9.242E-14  1.136E-13
3d5(2H)4p_3Ho                  2.690E-13  3.045E-13  3.395E-13  2.504E-13  1.719E-13
3d5(2H)4p_3Go                  3.394E-13  2.706E-13  2.385E-13  1.941E-13  1.583E-13
3d5(2D)4s_3De                  4.533E-14  3.201E-14  2.263E-14  1.431E-14  1.012E-14
3d5(a2D)4p_1Po                 9.045E-15  6.387E-15  4.515E-15  2.855E-15  2.019E-15
3d5(4F)4p_3Go                  1.598E-13  2.437E-13  3.131E-13  2.398E-13  1.520E-13
3d5(2H)4p_3Io                  1.854E-13  2.523E-13  2.820E-13  2.207E-13  1.738E-13
3d5(a2F)4p_1Do                 1.059E-13  1.079E-13  8.196E-14  4.185E-14  2.280E-14
3d5(a2G)4p_1Go                 2.601E-13  2.318E-13  1.609E-13  7.805E-14  4.119E-14
3d5(a2F)4p_1Fo                 1.825E-13  1.812E-13  1.379E-13  6.948E-14  3.449E-14
3d5(a2G)4p_3Fo                 4.424E-13  2.734E-13  1.987E-13  1.516E-13  1.219E-13
3d5(4F)4p_3Do                  4.090E-13  2.666E-13  1.703E-13  1.127E-13  9.061E-14
3d5(2H)4p_1Io                  3.552E-13  2.882E-13  1.941E-13  9.279E-14  4.717E-14
3d5(4F)4p_3Fo                  1.338E-13  1.735E-13  2.183E-13  1.749E-13  1.142E-13
3d5(2D)4s_1De                  1.412E-14  9.973E-15  7.049E-15  4.458E-15  3.152E-15
3d5(a2G)4p_3Ho                 1.077E-13  1.779E-13  2.135E-13  1.754E-13  1.210E-13
3d5(a2G)4p_3Go                 1.180E-13  1.634E-13  2.156E-13  1.866E-13  1.177E-13
3d5(b2F)4po                    2.438E-14  1.722E-14  1.217E-14  7.698E-15  5.443E-15
3d5(b2F)4p_3Fo                 1.117E-13  1.263E-13  1.495E-13  1.299E-13  8.531E-14
3d5(a2G)4p_1Ho                 2.075E-13  1.673E-13  1.222E-13  6.713E-14  3.540E-14
3d5(2H)4p_1Ho                  1.337E-13  1.503E-13  1.444E-13  8.651E-14  4.566E-14
3d5(a2G)4p_1Fo                 1.031E-13  1.176E-13  1.006E-13  5.640E-14  3.049E-14
3d5(b2F)4p_1Do                 6.764E-14  7.646E-14  6.476E-14  3.731E-14  2.166E-14
3d5(b2F)4p_3Go                 1.410E-13  1.604E-13  1.686E-13  1.370E-13  9.862E-14
3d5(6S)4d_7De                  1.399E-14  9.365E-15  6.887E-15  1.788E-14  4.182E-14
3d5(b2F)4p_3Do                 1.018E-13  1.075E-13  1.229E-13  1.073E-13  6.955E-14
3d5(2S)4p_3Po                  4.982E-14  6.255E-14  7.945E-14  6.630E-14  3.990E-14
3d5(b2F)4p_1Go                 9.337E-14  9.577E-14  7.967E-14  4.751E-14  2.559E-14
3d5(6S)5s_7Se                  2.529E-15  1.933E-15  2.217E-15  8.653E-15  1.112E-14
3d4(5D)4s2_5De                 5.961E-14  4.211E-14  2.976E-14  1.882E-14  1.331E-14
3d5(b2F)4p_1Fo                 6.753E-14  6.999E-14  6.889E-14  4.704E-14  2.665E-14
3d5(6S)4d_5De                  7.841E-15  8.340E-15  9.723E-15  2.321E-14  4.509E-14
3d5(2S)4p_1Po                  2.155E-14  2.836E-14  3.064E-14  2.022E-14  1.108E-14
3d5(6S)5s_5Se                  1.935E-15  1.527E-15  2.213E-15  1.292E-14  1.721E-14
3d5(b2D)4p_3Fo                 1.103E-13  1.148E-13  1.168E-13  9.705E-14  6.413E-14
3d5(b2D)4p_3Do                 8.250E-14  8.482E-14  8.886E-14  7.613E-14  4.872E-14
3d5(b2D)4p_1Fo                 6.429E-14  5.779E-14  4.866E-14  3.099E-14  1.909E-14
3d5(b2D)4p_3Po                 2.258E-14  2.364E-14  2.491E-14  2.230E-14  1.461E-14
3d5(2D)4p_3Po                  1.063E-14  7.512E-15  5.311E-15  3.359E-15  2.375E-15
3d5(2D)4p_1Po                  5.676E-15  4.010E-15  2.835E-15  1.793E-15  1.268E-15
3d5(b2D)4p_1Do                 2.790E-14  2.973E-14  3.250E-14  2.481E-14  1.480E-14
3d5(b2G)4p_3Ho                 5.970E-14  1.031E-13  1.343E-13  1.284E-13  9.842E-14
3d5(6S)5p_7Po                  4.044E-14  2.788E-14  1.990E-14  3.368E-14  4.666E-14
3d5(b2G)4p_3Fo                 4.925E-14  6.580E-14  9.051E-14  1.044E-13  8.027E-14
3d5(b2G)4p_3Go                 5.411E-14  7.716E-14  1.020E-13  1.093E-13  8.198E-14
3d5(6S)5p_5Po                  4.427E-14  2.830E-14  1.896E-14  2.472E-14  3.285E-14
3d5(b2G)4p_1Ho                 1.324E-13  8.086E-14  5.939E-14  4.077E-14  2.424E-14
3d5(b2G)4p_1Go                 8.386E-14  5.900E-14  5.238E-14  3.926E-14  2.360E-14
3d5(b2G)4p_1Fo                 7.241E-14  5.545E-14  4.902E-14  3.729E-14  2.411E-14
3d4(3P)4s2_3Pe                 1.221E-14  8.626E-15  6.098E-15  3.857E-15  2.727E-15
3d4(3H)4s2_3He                 4.521E-14  3.195E-14  2.259E-14  1.428E-14  1.010E-14
3d4(3F)4s2_3Fe                 2.744E-14  1.939E-14  1.371E-14  8.671E-15  6.131E-15
3d4(3G)4s2_3Ge                 3.215E-14  2.272E-14  1.607E-14  1.016E-14  7.184E-15
3d5(2P)4p_3Po                  1.902E-14  3.742E-14  4.677E-14  4.429E-14  3.034E-14
3d5(4G)4d_5He                  2.047E-17  4.011E-16  1.653E-15  9.422E-15  2.662E-14
3d5(4G)4d_5Fe                  4.346E-15  2.813E-15  2.505E-15  6.334E-15  1.633E-14
3d5(4G)4d_5Ge                  1.887E-15  1.391E-15  1.909E-15  7.704E-15  2.084E-14
3d5(4G)4d_5Ie                  2.122E-17  3.974E-16  1.716E-15  1.084E-14  3.102E-14
3d5(4G)4d_3De                  4.483E-16  3.452E-16  2.865E-16  2.694E-16  3.015E-16
3d5(2P)4p_1So                  4.258E-17  3.272E-17  2.703E-17  2.499E-17  2.726E-17
3d5(4G)4d_5De                  7.184E-16  5.538E-16  4.605E-16  4.348E-16  4.883E-16
3d5(4G)5s_5Ge                  2.630E-16  5.637E-16  2.563E-15  2.133E-14  3.468E-14
3d5(4P)4d_5Pe                  4.232E-16  3.265E-16  2.719E-16  2.574E-16  2.896E-16
3d5(4P)4d_5Fe                  1.093E-16  2.905E-16  9.249E-16  5.571E-15  1.587E-14
3d5(4G)4d_3Fe                  7.863E-15  6.862E-15  1.026E-14  2.186E-14  2.886E-14
3d5(2P)4p_3Do                  2.836E-14  5.268E-14  6.212E-14  5.953E-14  4.196E-14
3d5(4G)4d_3Ge                  3.028E-16  2.337E-16  1.947E-16  1.847E-16  2.082E-16
3d5(4G)4d_3Ie                  5.105E-15  6.075E-15  1.581E-14  4.355E-14  7.279E-14
3d5(4G)5s_3Ge                  5.834E-15  5.748E-15  1.211E-14  2.112E-14  1.767E-14
3d5(4G)4d_3Fbe                 4.190E-16  3.238E-16  2.705E-16  2.579E-16  2.921E-16
3d5(2P)4p_1Do                  9.584E-14  4.878E-14  3.023E-14  1.833E-14  1.069E-14
3d5(4P)4d_3De                  3.882E-16  3.003E-16  2.511E-16  2.399E-16  2.721E-16
3d5(4P)4d_5De                  6.265E-16  4.850E-16  4.063E-16  3.895E-16  4.430E-16
3d5(6S)4f_7Fo                  9.698E-14  1.629E-13  1.681E-13  1.134E-13  1.079E-13
3d5(4G)4d_3He                  8.156E-16  6.313E-16  5.290E-16  5.074E-16  5.777E-16
3d5(6S)4f_5Fo                  7.114E-14  4.728E-14  3.186E-14  4.580E-14  7.530E-14
3d5(4P)5s_5Pe                  8.015E-17  4.026E-16  1.274E-15  6.221E-15  1.003E-14
3d5(2P)4p_3So                  5.344E-15  9.750E-15  1.100E-14  1.112E-14  8.263E-15
3d4(5D)4s4p_7Fo                4.643E-14  3.282E-14  2.320E-14  1.467E-14  1.038E-14
3d4(1I)4s2_1Ie                 1.259E-14  8.896E-15  6.290E-15  3.978E-15  2.813E-15
3d4(1G)4s2_1Ge                 8.665E-15  6.124E-15  4.330E-15  2.738E-15  1.936E-15
3d4(3D)4s2_3De                 1.431E-14  1.011E-14  7.149E-15  4.521E-15  3.197E-15
3d5(2P)4p_1Po                  9.932E-17  7.687E-17  6.429E-17  6.103E-17  6.808E-17
3d5(4D)4d_5Pe                  3.429E-16  2.663E-16  2.242E-16  2.173E-16  2.494E-16
3d5(4D)4d_5Ge                  9.154E-16  1.319E-14  3.688E-14  3.717E-14  3.171E-14
3d5(4P)5s_3Pe                  2.027E-16  1.574E-16  1.325E-16  1.285E-16  1.476E-16
3d5(4P)4d_3Fe                  4.660E-16  3.620E-16  3.051E-16  2.964E-16  3.409E-16
3d5(4D)4d_5Fe                  3.583E-16  2.784E-16  2.347E-16  2.280E-16  2.621E-16
3d5(4D)4d_5De                  6.487E-15  4.511E-15  3.203E-15  1.038E-14  2.517E-14
4sp(3P)_7Po                    1.951E-14  1.379E-14  9.749E-15  6.165E-15  4.359E-15
3d5(4D)4d_5Se                  1.113E-16  8.651E-17  7.296E-17  7.092E-17  8.157E-17
3d5(4P)4d_3Pe                  1.926E-16  1.498E-16  1.265E-16  1.234E-16  1.424E-16
3d5(4D)5s_5De                  4.981E-16  6.421E-16  1.434E-15  7.661E-15  1.175E-14
3d5(4D)4d_3Se                  6.158E-17  4.796E-17  4.062E-17  3.984E-17  4.616E-17
3d4(5D)4s4p_7Do                2.962E-14  2.094E-14  1.480E-14  9.362E-15  6.620E-15
3d5(4D)4d_3Ge                  9.694E-15  7.272E-15  9.453E-15  2.135E-14  3.847E-14
3d5(6S)5d_5De                  3.641E-15  4.719E-15  6.634E-15  1.427E-14  2.768E-14
3d5(4D)5s_3De                  3.787E-15  3.408E-15  5.646E-15  8.369E-15  7.256E-15
3d5(4D)4d_3Fe                  3.953E-16  3.087E-16  2.627E-16  2.600E-16  3.037E-16
3d4(1S)4s2_1Se                 8.411E-16  5.945E-16  4.203E-16  2.658E-16  1.880E-16
3d5(6S)5d_7De                  1.648E-14  1.021E-14  6.192E-15  2.155E-14  5.018E-14
3d5(6S)6s_7Se                  9.407E-16  7.390E-16  6.894E-16  5.191E-15  1.163E-14
3d5(4D)4d_3Pe                  1.559E-16  1.221E-16  1.043E-16  1.042E-16  1.227E-16
3d5(2D)4p_3Fo                  1.671E-14  1.181E-14  8.352E-15  5.282E-15  3.735E-15
3d5(4D)4d_3De                  2.497E-16  1.958E-16  1.677E-16  1.683E-16  1.988E-16
3d5(6S)6s_5Se                  1.448E-14  1.024E-14  7.238E-15  4.577E-15  3.237E-15
3d5(2D)4p_3Do                  1.139E-14  8.051E-15  5.692E-15  3.600E-15  2.545E-15
3d4(1D)4s2_1De                 3.763E-15  2.660E-15  1.881E-15  1.189E-15  8.411E-16
3d4(5D)4s4p_5Po                1.105E-14  7.808E-15  5.521E-15  3.492E-15  2.469E-15
3d5(2D)4p_1Do                  3.687E-15  2.606E-15  1.843E-15  1.165E-15  8.241E-16
3d5(6S)5d_5Dbe                 5.542E-14  3.918E-14  2.770E-14  1.752E-14  1.239E-14
3d5(2I)4d_3Ie                  5.639E-16  4.446E-16  3.845E-16  3.932E-16  4.709E-16
3d5(2D)4p_1Fo                  4.943E-15  3.494E-15  2.470E-15  1.562E-15  1.105E-15
3d5(2I)4d_1He                  1.565E-16  1.235E-16  1.069E-16  1.095E-16  1.313E-16
3d5(2D)4p_3Pbo                 2.814E-15  1.989E-15  1.406E-15  8.894E-16  6.289E-16
3d4(5D)4s4p_5Fo                2.393E-14  1.692E-14  1.196E-14  7.564E-15  5.349E-15
3d5(2I)4d_3Le                  7.181E-16  5.667E-16  4.909E-16  5.035E-16  6.044E-16
3d5(2I)4d_3Ke                  6.224E-16  4.915E-16  4.262E-16  4.380E-16  5.267E-16
3d5(2I)4d_1Ke                  2.000E-16  1.581E-16  1.374E-16  1.418E-16  1.711E-16
3d5(2I)4d_1Le                  2.265E-16  1.791E-16  1.556E-16  1.606E-16  1.938E-16
3d5(2I)4d_3Ge                  3.300E-16  2.617E-16  2.286E-16  2.383E-16  2.898E-16
3d5(2I)4d_1Ge                  1.106E-16  8.772E-17  7.660E-17  7.980E-17  9.699E-17
3d5(2I)5s_3Ie                  2.913E-15  2.894E-15  3.453E-15  4.938E-15  5.170E-15
3d5(2D)4d_3Se                  1.920E-15  1.357E-15  9.596E-16  6.069E-16  4.291E-16
3d5(2F)4d_3Ge                  1.396E-14  9.866E-15  6.976E-15  4.412E-15  3.120E-15
3d5(2I)5s_1Ie                  1.513E-16  1.202E-16  1.053E-16  1.104E-16  1.348E-16
3d4(5D)4s4p_3Po                5.464E-15  3.862E-15  2.731E-15  1.727E-15  1.221E-15
3d5(2D)4d_3Ge                  1.279E-14  9.045E-15  6.395E-15  4.045E-15  2.860E-15
3d5(2D)4d_1Pe                  1.866E-15  1.319E-15  9.325E-16  5.898E-16  4.170E-16
3d5(2D)4d_3De                  6.345E-15  4.486E-15  3.172E-15  2.006E-15  1.418E-15
3d5(2F)4d_3Fe                  1.197E-14  8.462E-15  5.983E-15  3.784E-15  2.676E-15
3d5(2D)4d_1Fe                  4.297E-15  3.038E-15  2.148E-15  1.358E-15  9.605E-16
3d5(4G)5p_5Go                  2.976E-16  3.144E-15  1.071E-14  2.247E-14  2.835E-14
3d5(6S)6p_7Po                  2.444E-14  1.702E-14  1.161E-14  1.619E-14  3.131E-14
3d5(4G)5p_5Ho                  4.445E-16  3.739E-15  1.227E-14  3.038E-14  4.375E-14
3d5(2I)4d_3He                  3.510E-16  2.797E-16  2.464E-16  2.611E-16  3.215E-16
3d5(2D)4p_1Pbo                 1.804E-15  1.275E-15  9.017E-16  5.703E-16  4.033E-16
3d5(2D)4d_3Fe                  1.246E-14  8.807E-15  6.227E-15  3.938E-15  2.785E-15
3d5(4G)5p_5Fo                  2.811E-14  2.777E-14  3.214E-14  3.551E-14  3.498E-14
3d5(2D)4d_3Pe                  5.271E-15  3.726E-15  2.635E-15  1.666E-15  1.178E-15
3d5(6S)6p_5Po                  3.505E-14  2.478E-14  1.752E-14  1.108E-14  7.835E-15
3d5(2F)4d_3De                  6.624E-15  4.683E-15  3.311E-15  2.094E-15  1.481E-15
3d5(2D)5s_3De                  7.038E-15  4.975E-15  3.518E-15  2.225E-15  1.573E-15
3d5(4G)5p_3Fo                  4.571E-13  2.296E-13  1.084E-13  4.561E-14  2.687E-14
3d5(4G)5p_3Ho                  3.187E-14  2.227E-14  1.792E-14  1.772E-14  1.324E-14
3d4(5D)4s4p_5Do                1.424E-14  1.007E-14  7.119E-15  4.502E-15  3.183E-15
3d5(4F)4d_5He                  6.285E-17  1.580E-15  5.245E-15  9.312E-15  1.732E-14
3d5(2I)4d_3Hbe                 8.926E-17  7.131E-17  6.308E-17  6.741E-17  8.353E-17
3d4(1F)4s2_1Fe                 4.032E-15  2.850E-15  2.015E-15  1.275E-15  9.013E-16
3d5(2F)4d_1Pe                  1.721E-15  1.217E-15  8.602E-16  5.440E-16  3.847E-16
3d5(4F)4d_5Fe                  3.510E-16  2.805E-16  2.483E-16  2.655E-16  3.288E-16
3d5(4F)4d_5Fbe                 2.993E-17  2.393E-17  2.119E-17  2.267E-17  2.809E-17
3d5(2F)4d_1He                  6.230E-15  4.404E-15  3.114E-15  1.969E-15  1.393E-15
3d5(4F)4d_5Pe                  1.472E-16  1.177E-16  1.044E-16  1.119E-16  1.388E-16
3d5(2F)4d_3He                  1.468E-14  1.038E-14  7.336E-15  4.640E-15  3.281E-15
3d5(4F)4d_5Ge                  3.130E-16  1.364E-15  2.989E-15  5.897E-15  1.285E-14
3d5(4F)4d_5Pbe                 6.814E-17  5.452E-17  4.836E-17  5.189E-17  6.443E-17
3d5(2D)5s_1De                  2.789E-15  1.972E-15  1.394E-15  8.817E-16  6.235E-16
3d5(4G)5p_3Go                  2.990E-14  2.073E-14  1.719E-14  1.733E-14  1.303E-14
3d5(4F)4d_5Hbe                 1.528E-16  1.223E-16  1.086E-16  1.168E-16  1.453E-16
3d5(2I)4d_1Ie                  1.197E-16  9.585E-17  8.519E-17  9.185E-17  1.146E-16
3d5(4F)4d_5Gbe                 8.547E-17  6.845E-17  6.081E-17  6.544E-17  8.144E-17
3d5(2F)4d_1Hbe                 6.054E-15  4.279E-15  3.026E-15  1.914E-15  1.353E-15
3d5(2F)4d_3Dbe                 3.633E-15  2.568E-15  1.816E-15  1.148E-15  8.120E-16
3d5(4P)5p_5Do                  1.599E-14  1.058E-14  1.384E-14  1.945E-14  2.181E-14
3d5(2F)4d_3Fbe                 9.171E-15  6.483E-15  4.584E-15  2.899E-15  2.050E-15
3d5(4P)5p_5So                  5.089E-18  1.447E-16  7.840E-16  2.169E-15  2.884E-15
3d5(2F)4d_1Fe                  3.757E-15  2.656E-15  1.878E-15  1.188E-15  8.398E-16
3d5(2F)5s_3Fe                  1.109E-14  7.843E-15  5.545E-15  3.507E-15  2.480E-15
3d4(5D)4s4p_3Fo                1.090E-14  7.709E-15  5.451E-15  3.447E-15  2.438E-15
3d5(4F)5s_5Fe                  3.913E-16  3.268E-16  1.072E-15  8.374E-15  1.391E-14
3d5(4F)4d_3Ge                  2.302E-16  1.851E-16  1.656E-16  1.805E-16  2.268E-16
3d5(4F)4d_3He                  2.747E-16  2.211E-16  1.980E-16  2.166E-16  2.727E-16
3d5(4F)4d_3De                  1.274E-16  1.025E-16  9.166E-17  9.999E-17  1.257E-16
3d5(4P)5p_5Po                  4.847E-14  2.605E-14  1.684E-14  1.368E-14  1.390E-14
3d5(4P)5p_3Po                  6.771E-17  5.455E-17  4.897E-17  5.387E-17  6.837E-17
3d5(4F)4d_3Hbe                 7.427E-17  5.980E-17  5.360E-17  5.867E-17  7.394E-17
3d5(2F)5s_1Fe                  3.572E-15  2.525E-15  1.785E-15  1.129E-15  7.985E-16
3d5(2H)4d_3Ie                  3.136E-16  2.529E-16  2.273E-16  2.499E-16  3.157E-16
3d5(4P)5p_3Do                  1.080E-16  8.712E-17  7.843E-17  8.675E-17  1.105E-16
3d5(4F)5s_3Fe                  1.602E-16  1.294E-16  1.166E-16  1.288E-16  1.635E-16
3d5(4P)5p_3So                  2.008E-17  1.625E-17  1.470E-17  1.640E-17  2.104E-17
3d5(4F)4d_3Fe                  1.515E-16  1.226E-16  1.109E-16  1.234E-16  1.574E-16
3d5(2H)4d_3Ke                  3.280E-16  2.655E-16  2.402E-16  2.673E-16  3.406E-16
3d5(2H)4d_1Fe                  5.130E-17  4.152E-17  3.755E-17  4.175E-17  5.318E-17
3d5(2H)4d_1He                  7.962E-17  6.447E-17  5.834E-17  6.498E-17  8.286E-17
3d5(4F)4d_3Pe                  6.118E-17  4.963E-17  4.506E-17  5.051E-17  6.476E-17
3d5(2H)4d_1Ke                  1.037E-16  8.411E-17  7.636E-17  8.552E-17  1.095E-16
3d5(4D)5p_5Fo                  4.253E-14  2.956E-14  2.550E-14  2.408E-14  2.262E-14
3d5(2F)4d_1De                  2.267E-15  1.603E-15  1.133E-15  7.168E-16  5.068E-16
3d5(4D)5p_5Do                  6.705E-14  4.422E-14  3.067E-14  2.197E-14  1.819E-14
3d5(4D)5p_5Po                  4.793E-17  3.899E-17  3.556E-17  4.028E-17  5.219E-17
3d5(2H)4d_3Ge                  1.755E-16  1.427E-16  1.301E-16  1.468E-16  1.890E-16
3d5(2G)4d_3He                  1.472E-14  1.041E-14  7.360E-15  4.654E-15  3.291E-15
3d5(4D)5p_5Dbo                 4.075E-17  3.319E-17  3.033E-17  3.448E-17  4.478E-17
3d5(2G)4d_3De                  6.546E-15  4.628E-15  3.272E-15  2.070E-15  1.463E-15
3d5(2H)5s_3He                  2.064E-16  1.681E-16  1.537E-16  1.743E-16  2.251E-16
3d5(2H)5s_3Hbe                 6.851E-17  5.582E-17  5.103E-17  5.789E-17  7.481E-17
3d5(4D)5p_3Do                  2.926E-13  1.499E-13  6.994E-14  2.741E-14  1.705E-14
3d5(4F)4d_5De                  1.488E-16  1.214E-16  1.112E-16  1.267E-16  1.644E-16
3d5(4D)5p_3Fo                  8.738E-14  3.970E-14  2.050E-14  1.099E-14  6.639E-15
3d5(2G)4d_3Ie                  1.155E-14  8.164E-15  5.773E-15  3.651E-15  2.582E-15
3d5(2G)4d_1He                  4.675E-15  3.305E-15  2.337E-15  1.478E-15  1.045E-15
3d4(5D)4s4p_3Do                6.184E-15  4.372E-15  3.091E-15  1.955E-15  1.382E-15
3d5(2H)5s_1He                  6.435E-17  5.256E-17  4.826E-17  5.519E-17  7.170E-17
3d5(2G)4d_1Ge                  3.728E-15  2.636E-15  1.864E-15  1.179E-15  8.334E-16
3d5(4D)5p_3Po                  4.572E-17  3.744E-17  3.455E-17  3.995E-17  5.251E-17
3d5(2G)5s_3Ge                  1.103E-14  7.795E-15  5.512E-15  3.486E-15  2.465E-15
3d5(6S)5f_7Fo                  9.201E-14  6.066E-14  3.809E-14  4.051E-14  7.792E-14
3d5(2G)4d_1De                  2.044E-15  1.445E-15  1.022E-15  6.462E-16  4.570E-16
3d5(6S)5f_5Fo                  6.219E-14  4.105E-14  2.727E-14  3.046E-14  5.637E-14
3d5(2G)4d_1Ie                  5.277E-15  3.731E-15  2.638E-15  1.668E-15  1.180E-15
3d5(6S)5g_7Ge                  4.219E-14  2.621E-14  1.513E-14  2.849E-14  7.225E-14
3d5(6S)5g_5Ge                  2.917E-14  1.822E-14  1.059E-14  2.342E-14  6.156E-14
3d5(2F)4d_3Fce                 7.016E-15  4.960E-15  3.507E-15  2.218E-15  1.568E-15
3d5(2G)5s_1Ge                  3.535E-15  2.499E-15  1.767E-15  1.118E-15  7.903E-16
3d4(3P)4s2_3Pbe                3.375E-15  2.386E-15  1.687E-15  1.067E-15  7.544E-16
3d5(2F)4d_1Fbe                 2.677E-15  1.893E-15  1.338E-15  8.464E-16  5.985E-16
3d4(3F)4s2_3Fbe                7.822E-15  5.530E-15  3.910E-15  2.473E-15  1.749E-15
3d5(2F)4d_3Hbe                 1.101E-14  7.785E-15  5.505E-15  3.481E-15  2.462E-15
3d5(2F)4d_3Gbe                 6.649E-15  4.700E-15  3.324E-15  2.102E-15  1.486E-15
3d5(2F)4d_3Pe                  2.981E-15  2.108E-15  1.490E-15  9.426E-16  6.665E-16
3d5(2F)4d_1Pbe                 1.079E-15  7.627E-16  5.393E-16  3.411E-16  2.412E-16
3d5(2F)4d_1Hce                 3.886E-15  2.747E-15  1.942E-15  1.229E-15  8.687E-16
3d5(2F)4d_1Pce                 1.050E-15  7.424E-16  5.249E-16  3.320E-16  2.348E-16
3d5(6S)6d_7De                  1.517E-14  9.248E-15  5.315E-15  2.474E-14  7.250E-14
3d4(3H)4s4p_5Ho                1.848E-14  1.307E-14  9.239E-15  5.843E-15  4.132E-15
3d5(2F)5s_3Fbe                 7.214E-15  5.101E-15  3.606E-15  2.281E-15  1.613E-15
3d4(3P)4s4p_5Do                7.912E-15  5.594E-15  3.955E-15  2.502E-15  1.769E-15
3d5(6S)7s_7Se                  4.486E-16  3.669E-16  3.416E-16  3.264E-15  9.784E-15
3d5(6S)7s_5Se                  7.663E-15  5.418E-15  3.831E-15  2.423E-15  1.713E-15
3d5(2F)5s_1Fbe                 2.299E-15  1.626E-15  1.149E-15  7.270E-16  5.140E-16
3d5(2F)4d_3Fde                 1.586E-15  1.121E-15  7.930E-16  5.015E-16  3.546E-16
3d5(2F)4d_3Dce                 1.582E-15  1.118E-15  7.906E-16  5.000E-16  3.536E-16
3d5(2F)4d_3Hce                 4.061E-15  2.871E-15  2.030E-15  1.284E-15  9.080E-16
3d5(6S)6d_5De                  3.636E-14  2.570E-14  1.817E-14  1.149E-14  8.128E-15
3d4(3H)4s4p_5Io                1.898E-14  1.342E-14  9.486E-15  5.999E-15  4.242E-15
3d5(2S)4d_1De                  1.766E-17  1.479E-17  1.414E-17  1.730E-17  2.348E-17
3d5(2G)4d_3Ge                  8.121E-15  5.741E-15  4.060E-15  2.568E-15  1.816E-15
3d4(3F)4s4p_5Go                1.266E-14  8.949E-15  6.328E-15  4.002E-15  2.830E-15
3d5(2I)5p_3Ko                  1.323E-16  1.113E-16  1.072E-16  1.333E-16  1.836E-16
3d4(3P)4s4p_5Po                2.320E-15  1.640E-15  1.160E-15  7.335E-16  5.186E-16
3d5(2I)5p_3Io                  1.866E-14  1.764E-14  1.373E-14  7.844E-15  4.863E-15
3d5(2H)4d_3Fe                  6.386E-17  5.375E-17  5.179E-17  6.436E-17  8.841E-17
3d5(2I)5p_1Ko                  4.201E-17  3.542E-17  3.425E-17  4.287E-17  5.928E-17
3d5(2I)5p_3Ho                  2.725E-14  2.099E-14  1.516E-14  8.781E-15  5.909E-15
3d5(2F)4d_3Pbe                 1.678E-15  1.187E-15  8.390E-16  5.306E-16  3.752E-16
3d4(3H)4s4p_5Go                1.186E-14  8.388E-15  5.931E-15  3.751E-15  2.652E-15
3d5(2H)4d_1Ge                  2.542E-17  2.147E-17  2.081E-17  2.611E-17  3.608E-17
3d5(2I)5p_1Ho                  2.917E-17  2.466E-17  2.395E-17  3.019E-17  4.193E-17
3d5(6S)7p_7Po                  2.781E-14  1.966E-14  1.390E-14  8.791E-15  6.216E-15
3d5(6S)7p_7Pbo                 9.262E-15  6.548E-15  4.630E-15  2.928E-15  2.071E-15
3d5(2I)5p_1Io                  3.263E-17  2.766E-17  2.698E-17  3.425E-17  4.779E-17
3d4(3F)4s4p_5Fo                9.188E-15  6.496E-15  4.593E-15  2.905E-15  2.054E-15
3d5(6S)7p_5Po                  1.945E-14  1.375E-14  9.725E-15  6.151E-15  4.349E-15
3d5(2D)4d_1Se                  2.662E-16  1.882E-16  1.331E-16  8.415E-17  5.951E-17
3d5(2H)4d_1Ie                  3.186E-17  2.711E-17  2.657E-17  3.396E-17  4.748E-17
3d5(2F)5p_3Fo                  3.839E-15  2.714E-15  1.919E-15  1.214E-15  8.583E-16
3d5(2D)5p_3Fo                  5.245E-15  3.708E-15  2.622E-15  1.658E-15  1.173E-15
3d5(2S)5s_3Se                  7.426E-18  6.331E-18  6.225E-18  7.978E-18  1.114E-17
3d4(3P)4s4p_5So                1.228E-15  8.681E-16  6.138E-16  3.882E-16  2.745E-16
3d5(2D)5p_3Do                  3.593E-15  2.540E-15  1.796E-15  1.136E-15  8.032E-16
3d5(2D)5p_3Po                  2.173E-15  1.536E-15  1.086E-15  6.870E-16  4.858E-16
3d5(4G)4f_5Fo                  6.592E-17  5.653E-17  5.615E-17  7.359E-17  1.051E-16
3d5(4G)4f_5Do                  4.675E-17  4.010E-17  3.986E-17  5.229E-17  7.471E-17
3d5(4G)4f_5Po                  2.772E-17  2.379E-17  2.367E-17  3.110E-17  4.449E-17
3d5(4G)4f_5Ko                  1.392E-16  1.194E-16  1.188E-16  1.560E-16  2.230E-16
3d5(4G)4f_5Ho                  8.514E-17  7.307E-17  7.270E-17  9.549E-17  1.366E-16
3d5(4G)4f_5Io                  8.870E-17  7.613E-17  7.575E-17  9.953E-17  1.423E-16
3d5(4G)4f_5Ibo                 1.668E-17  1.432E-17  1.424E-17  1.870E-17  2.674E-17
3d5(4G)4f_5Go                  8.301E-17  7.126E-17  7.091E-17  9.319E-17  1.333E-16
3d5(4G)4f_3Ko                  8.279E-17  7.108E-17  7.075E-17  9.300E-17  1.331E-16
3d5(4G)4f_3Kbo                 3.122E-17  2.680E-17  2.668E-17  3.509E-17  5.021E-17
3d5(2D)5p_1Fo                  1.654E-15  1.170E-15  8.270E-16  5.230E-16  3.698E-16
3d5(4G)4f_3Po                  1.638E-17  1.407E-17  1.402E-17  1.846E-17  2.643E-17
3d5(2S)5s_1Se                  2.223E-18  1.906E-18  1.891E-18  2.458E-18  3.462E-18
3d5(4G)4f_3Go                  4.882E-17  4.195E-17  4.182E-17  5.510E-17  7.894E-17
3d5(4G)4f_3Io                  7.035E-17  6.046E-17  6.028E-17  7.945E-17  1.138E-16
3d5(4G)4f_3Ho                  5.942E-17  5.107E-17  5.093E-17  6.714E-17  9.622E-17
3d5(4G)4f_3Do                  2.698E-17  2.319E-17  2.313E-17  3.050E-17  4.371E-17
3d5(4G)4f_3Fo                  3.778E-17  3.248E-17  3.239E-17  4.270E-17  6.120E-17
3d4(1G)4s2_1Gbe                2.092E-15  1.479E-15  1.046E-15  6.614E-16  4.676E-16
3d5(2S)4d_3De                  3.189E-17  2.741E-17  2.729E-17  3.568E-17  5.044E-17
3d4(3F)4s4p_5Do                5.736E-15  4.056E-15  2.868E-15  1.814E-15  1.282E-15
3d5(2D)5p_1Po                  6.854E-16  4.846E-16  3.426E-16  2.167E-16  1.532E-16
3d4(3G)4s4p_5Ho                1.149E-14  8.126E-15  5.746E-15  3.634E-15  2.570E-15
3d4(3H)4s4p_3Go                2.015E-15  1.425E-15  1.008E-15  6.372E-16  4.506E-16
3d5(2F)5p_3Go                  4.634E-15  3.276E-15  2.317E-15  1.465E-15  1.036E-15
3d5(2F)5p_3Do                  3.172E-15  2.243E-15  1.586E-15  1.003E-15  7.093E-16
3d5(2F)5p_3Fbo                 3.032E-15  2.143E-15  1.516E-15  9.586E-16  6.778E-16
3d5(2F)5p_3Gbo                 2.955E-15  2.089E-15  1.477E-15  9.344E-16  6.607E-16
3d4(3P)4s4p_3Po                8.033E-16  5.679E-16  4.016E-16  2.540E-16  1.796E-16
3d4(3G)4s4p_5Hbo               4.097E-15  2.897E-15  2.048E-15  1.296E-15  9.161E-16
3d5(6S)6f_5Fo                  3.800E-14  2.687E-14  1.900E-14  1.202E-14  8.496E-15
3d4(3P)4s4p_3So                6.395E-16  4.522E-16  3.197E-16  2.022E-16  1.430E-16
3d4(3G)4s4p_5Hco               1.482E-15  1.048E-15  7.408E-16  4.685E-16  3.313E-16
3d4(3H)4s4p_3Io                5.140E-15  3.634E-15  2.570E-15  1.625E-15  1.149E-15
3d5(4F)5p_5Fo                  4.546E-14  2.222E-14  2.301E-14  3.129E-14  2.990E-14
3d5(4F)5p_5Go                  1.301E-16  2.768E-15  1.273E-14  2.761E-14  3.047E-14
3d5(6S)6f_7Fo                  5.217E-14  3.689E-14  2.608E-14  1.650E-14  1.166E-14
3d5(2F)4d_1Fce                 1.436E-15  1.015E-15  7.180E-16  4.541E-16  3.211E-16
3d4(3H)4s4p_3Ho                6.411E-15  4.533E-15  3.205E-15  2.027E-15  1.433E-15
3d5(4F)5p_5Gbo                 3.122E-17  2.720E-17  2.766E-17  3.745E-17  5.425E-17
3d5(4F)5p_5Do                  2.001E-17  1.744E-17  1.776E-17  2.409E-17  3.494E-17
3d5(6S)6f_5Fbo                 1.260E-14  8.912E-15  6.301E-15  3.985E-15  2.818E-15
3d5(2F)5p_1Do                  9.947E-16  7.033E-16  4.973E-16  3.145E-16  2.224E-16
3d5(4F)5p_5Dbo                 4.502E-18  3.931E-18  4.011E-18  5.459E-18  7.932E-18
3d5(2F)4d_1Ge                  1.772E-15  1.253E-15  8.858E-16  5.602E-16  3.961E-16
3d5(4F)5p_5Fbo                 3.505E-17  3.065E-17  3.135E-17  4.282E-17  6.235E-17
3d5(2F)5p_1Fo                  1.376E-15  9.729E-16  6.879E-16  4.351E-16  3.076E-16
3d5(4P)4f_3Do                  1.914E-17  1.678E-17  1.726E-17  2.383E-17  3.508E-17
3d5(4P)4f_5Do                  3.250E-17  2.847E-17  2.923E-17  4.027E-17  5.919E-17
3d5(4P)4f_5Go                  5.849E-17  5.124E-17  5.260E-17  7.246E-17  1.065E-16
3d5(4P)4f_5Gbo                 1.168E-17  1.024E-17  1.051E-17  1.448E-17  2.129E-17
3d5(6S)6g_7Ge                  4.854E-14  3.012E-14  1.733E-14  3.053E-14  9.206E-14
3d5(6S)6g_5Ge                  3.415E-14  2.123E-14  1.220E-14  1.844E-14  5.364E-14
3d5(4P)4f_3Fo                  2.683E-17  2.353E-17  2.419E-17  3.340E-17  4.916E-17
3d5(6S)6h_7Ho                  1.900E-14  1.111E-14  5.990E-15  3.260E-14  1.167E-13
3d5(6S)6h_5Ho                  1.355E-14  7.928E-15  4.246E-15  1.340E-14  4.586E-14
3d5(4P)4f_5Fo                  3.819E-17  3.350E-17  3.445E-17  4.759E-17  7.007E-17
3d5(4P)4f_5Dbo                 6.390E-18  5.604E-18  5.761E-18  7.954E-18  1.171E-17
3d5(4F)5p_3Go                  3.732E-17  3.274E-17  3.365E-17  4.630E-17  6.769E-17
3d5(4P)4f_3Dbo                 6.324E-18  5.549E-18  5.710E-18  7.895E-18  1.163E-17
3d5(4P)4f_3Go                  3.384E-17  2.971E-17  3.059E-17  4.235E-17  6.242E-17
3d4(3F)4s4p_3Do                2.799E-15  1.979E-15  1.399E-15  8.851E-16  6.259E-16
3d5(4P)4f_3Dco                 5.997E-18  5.278E-18  5.457E-18  7.598E-18  1.124E-17
3d4(3G)4s4p_5Go                7.890E-15  5.578E-15  3.944E-15  2.495E-15  1.764E-15
3d5(4F)5p_3Fo                  1.787E-17  1.575E-17  1.630E-17  2.267E-17  3.334E-17
3d5(4F)5p_3Do                  1.909E-17  1.682E-17  1.742E-17  2.423E-17  3.565E-17
3d4(5D)4s4p_5Pbo               2.627E-15  1.857E-15  1.313E-15  8.305E-16  5.873E-16
3d5(4F)5p_3Dbo                 8.870E-18  7.821E-18  8.100E-18  1.127E-17  1.659E-17
3d4(3P)4s4p_3Do                1.229E-15  8.689E-16  6.144E-16  3.886E-16  2.748E-16
3d5(6S)7d_7De                  3.296E-14  2.331E-14  1.648E-14  1.042E-14  7.370E-15
3d4(3P)4s4p_1So                1.740E-16  1.230E-16  8.697E-17  5.500E-17  3.889E-17
3d5(6S)8s_7Se                  6.566E-15  4.643E-15  3.283E-15  2.076E-15  1.468E-15
3d4(3F)4s4p_3Go                2.655E-15  1.877E-15  1.327E-15  8.394E-16  5.935E-16
3d4(3F)4s4p_3Fo                2.374E-15  1.679E-15  1.187E-15  7.507E-16  5.308E-16
3d5(6S)8s_5Se                  4.617E-15  3.264E-15  2.308E-15  1.460E-15  1.032E-15
3d4(5D)4s4p_5Fbo               5.816E-15  4.112E-15  2.908E-15  1.839E-15  1.300E-15
3d5(6S)7d_5De                  2.297E-14  1.624E-14  1.148E-14  7.263E-15  5.136E-15
3d4(3F)4s4p_3Gbo               1.148E-15  8.119E-16  5.741E-16  3.631E-16  2.567E-16
3d5(2H)5p_3Ho                  2.168E-17  1.932E-17  2.032E-17  2.891E-17  4.303E-17
3d5(2S)4d_1Dbe                 5.662E-18  5.049E-18  5.313E-18  7.544E-18  1.119E-17
3d5(2D)4d_3Sbe                 4.845E-16  3.425E-16  2.422E-16  1.532E-16  1.083E-16
3d4(3H)4s4p_1Io                2.089E-15  1.477E-15  1.045E-15  6.607E-16  4.672E-16
3d5(2H)5p_3Go                  2.744E-17  2.455E-17  2.598E-17  3.727E-17  5.574E-17
3d4(3H)4s4p_1Ibo               2.073E-15  1.465E-15  1.036E-15  6.554E-16  4.634E-16
3d4(3F)4s4p_1Do                7.864E-16  5.560E-16  3.931E-16  2.486E-16  1.758E-16
3d5(2H)5p_3Io                  3.816E-17  3.423E-17  3.635E-17  5.240E-17  7.858E-17
3d5(2D)4d_1Pbe                 4.708E-16  3.329E-16  2.354E-16  1.489E-16  1.053E-16
3d5(4D)4f_5Do                  2.183E-17  1.962E-17  2.090E-17  3.039E-17  4.599E-17
3d5(2D)4d_3Gbe                 3.107E-15  2.197E-15  1.553E-15  9.823E-16  6.946E-16
3d5(2H)5p_3Gbo                 1.090E-17  9.772E-18  1.036E-17  1.492E-17  2.235E-17
3d5(4G)5d_5He                  4.238E-17  7.522E-16  2.380E-15  8.174E-15  2.106E-14
3d4(3P)4s4p_1Po                4.646E-16  3.285E-16  2.323E-16  1.469E-16  1.039E-16
3d5(4G)5d_5Fe                  4.336E-15  3.460E-15  3.320E-15  6.093E-15  1.389E-14
3d5(4G)5d_5Ge                  1.573E-15  1.721E-15  2.730E-15  7.251E-15  1.774E-14
3d5(2H)5p_1Go                  8.679E-18  7.792E-18  8.285E-18  1.197E-17  1.796E-17
3d5(4G)5d_5Ie                  4.789E-17  8.307E-16  2.618E-15  9.845E-15  2.577E-14
3d5(2D)4d_3Fbe                 3.146E-15  2.224E-15  1.573E-15  9.947E-16  7.033E-16
3d5(2H)5p_1Io                  1.210E-17  1.089E-17  1.162E-17  1.686E-17  2.537E-17
3d5(2D)4d_3Dbe                 1.479E-15  1.046E-15  7.394E-16  4.677E-16  3.307E-16
3d5(4D)4f_5Go                  3.603E-17  3.255E-17  3.497E-17  5.142E-17  7.831E-17
3d5(4D)4f_5Ho                  4.423E-17  3.995E-17  4.290E-17  6.304E-17  9.599E-17
3d5(4G)6s_5Ge                  5.242E-16  3.841E-16  7.988E-16  6.544E-15  1.684E-14
3d5(4D)4f_5Po                  1.199E-17  1.083E-17  1.164E-17  1.712E-17  2.608E-17
3d5(4D)4f_3Ho                  2.613E-17  2.362E-17  2.541E-17  3.741E-17  5.703E-17
3d5(2D)5s_3Dbe                 1.745E-15  1.234E-15  8.723E-16  5.517E-16  3.901E-16
3d4(3G)4s4p_3Fo                1.737E-15  1.228E-15  8.683E-16  5.491E-16  3.883E-16
3d5(4D)4f_3Go                  2.107E-17  1.907E-17  2.054E-17  3.030E-17  4.623E-17
3d5(4G)5d_3Ie                  2.930E-17  2.653E-17  2.859E-17  4.230E-17  6.474E-17
3d5(4D)4f_3Po                  6.993E-18  6.330E-18  6.820E-18  1.007E-17  1.537E-17
3d5(4D)4f_3Fo                  1.625E-17  1.472E-17  1.586E-17  2.343E-17  3.577E-17
3d5(2H)5p_1Ho                  9.394E-18  8.500E-18  9.142E-18  1.342E-17  2.032E-17
3d5(4D)4f_3Do                  1.144E-17  1.037E-17  1.119E-17  1.656E-17  2.530E-17
3d5(4D)4f_5Fo                  2.644E-17  2.398E-17  2.590E-17  3.838E-17  5.869E-17
3d5(6S)8p_7Po                  1.697E-14  1.200E-14  8.483E-15  5.365E-15  3.793E-15
3d5(4D)4f_5Fbo                 6.769E-18  6.141E-18  6.636E-18  9.838E-18  1.505E-17
3d5(4D)4f_5Dbo                 1.807E-17  1.644E-17  1.783E-17  2.657E-17  4.076E-17
3d4(3G)4s4p_3Ho                2.776E-15  1.962E-15  1.388E-15  8.776E-16  6.206E-16
3d5(6S)8p_5Po                  1.183E-14  8.364E-15  5.914E-15  3.740E-15  2.645E-15
3d5(4G)6s_3Ge                  9.122E-16  9.801E-16  2.668E-15  4.742E-15  3.552E-15
3d5(2G)5p_3Ho                  4.462E-15  3.155E-15  2.231E-15  1.411E-15  9.975E-16
3d5(2D)4d_1Ge                  1.229E-15  8.690E-16  6.144E-16  3.886E-16  2.748E-16
3d5(2G)5p_3Fo                  2.837E-15  2.006E-15  1.419E-15  8.972E-16  6.344E-16
3d5(2D)5s_1Dbe                 6.805E-16  4.812E-16  3.402E-16  2.152E-16  1.521E-16
3d4(3H)4s4p_1Ho                1.475E-15  1.043E-15  7.374E-16  4.664E-16  3.298E-16
3d4(3F)4s4p_1Fo                9.371E-16  6.626E-16  4.685E-16  2.963E-16  2.095E-16
3d5(2G)5p_3Hbo                 1.706E-15  1.206E-15  8.530E-16  5.395E-16  3.815E-16
3d4(3P)4s4p_1Do                6.543E-16  4.626E-16  3.271E-16  2.069E-16  1.463E-16
3d5(2G)5p_3Go                  3.477E-15  2.459E-15  1.738E-15  1.099E-15  7.774E-16
3d5(2G)5p_1Ho                  1.436E-15  1.015E-15  7.180E-16  4.541E-16  3.211E-16
3d5(4G)5d_3De                  9.360E-18  8.579E-18  9.413E-18  1.427E-17  2.212E-17
3d5(4G)5d_5De                  1.538E-17  1.411E-17  1.550E-17  2.354E-17  3.653E-17
3d5(2D)4d_3Pbe                 1.115E-15  7.884E-16  5.575E-16  3.526E-16  2.493E-16
3d5(4G)5d_3Ge                  1.579E-17  1.454E-17  1.605E-17  2.453E-17  3.821E-17
3d5(2G)5p_1Go                  1.126E-15  7.961E-16  5.629E-16  3.560E-16  2.517E-16
3d5(2G)5p_1Fo                  8.736E-16  6.177E-16  4.368E-16  2.762E-16  1.953E-16
3d5(4G)5d_3Fe                  1.193E-17  1.101E-17  1.219E-17  1.870E-17  2.918E-17
3d4(3D)4s4p_5Po                1.699E-15  1.201E-15  8.493E-16  5.372E-16  3.798E-16
3d5(4P)5d_5Pe                  7.736E-18  7.193E-18  8.050E-18  1.252E-17  1.966E-17
3d5(4P)5d_5Fe                  1.443E-16  4.774E-16  1.307E-15  5.176E-15  1.308E-14
3d4(3D)4s4p_5Do                2.025E-15  1.432E-15  1.012E-15  6.402E-16  4.527E-16
3d4(3F)4s4p_1Go                1.013E-15  7.164E-16  5.065E-16  3.204E-16  2.265E-16
3d4(3D)4s4p_5Fo                3.728E-15  2.636E-15  1.864E-15  1.179E-15  8.334E-16
3d5(6S)7f_7Fo                  3.301E-14  2.334E-14  1.651E-14  1.044E-14  7.382E-15
3d5(4G)5d_3He                  1.556E-17  1.455E-17  1.641E-17  2.579E-17  4.074E-17
3d5(4P)6s_5Pe                  1.346E-16  5.347E-16  1.197E-15  2.975E-15  6.230E-15
3d5(6S)7f_5Fo                  2.328E-14  1.646E-14  1.164E-14  7.360E-15  5.205E-15
3d5(6S)7g_7Ge                  4.170E-14  2.948E-14  2.085E-14  1.318E-14  9.323E-15
3d5(6S)7g_5Ge                  2.978E-14  2.106E-14  1.489E-14  9.416E-15  6.658E-15
3d4(3G)4s4p_3Go                2.904E-15  2.053E-15  1.452E-15  9.183E-16  6.493E-16
3d5(6S)7h_7Ho                  5.078E-14  3.591E-14  2.539E-14  1.606E-14  1.135E-14
3d5(6S)7h_5Ho                  3.627E-14  2.565E-14  1.814E-14  1.147E-14  8.111E-15
3d5(4P)5d_3De                  6.459E-18  6.085E-18  6.933E-18  1.104E-17  1.754E-17
3d5(4P)5d_5De                  1.066E-17  1.005E-17  1.147E-17  1.828E-17  2.906E-17
3d4(3D)4s4p_5Fbo               7.388E-16  5.224E-16  3.694E-16  2.336E-16  1.652E-16
3d4(1I)4s4p_3Io                4.046E-15  2.861E-15  2.023E-15  1.279E-15  9.046E-16
3d4(3G)4s4p_1Fo                7.197E-16  5.089E-16  3.598E-16  2.276E-16  1.609E-16
3d5(4P)6s_3Pe                  3.650E-18  3.454E-18  3.959E-18  6.352E-18  1.013E-17
3d5(2F)5p_3Fco                 1.407E-15  9.948E-16  7.035E-16  4.449E-16  3.146E-16
3d4(3G)4s4p_1Ho                1.093E-15  7.728E-16  5.464E-16  3.456E-16  2.444E-16
3d5(2D)4d_1Fbe                 6.867E-16  4.856E-16  3.433E-16  2.171E-16  1.535E-16
3d4(1G)4s4p_3Ho                2.125E-15  1.503E-15  1.063E-15  6.720E-16  4.752E-16
3d5(6S)8d_7De                  2.118E-14  1.497E-14  1.059E-14  6.696E-15  4.735E-15
3d4(3G)4s4p_1Hbo               1.061E-15  7.502E-16  5.305E-16  3.355E-16  2.372E-16
3d5(6S)9s_7Se                  4.225E-15  2.987E-15  2.112E-15  1.336E-15  9.447E-16
3d5(2F)5p_1Dbo                 4.765E-16  3.369E-16  2.382E-16  1.507E-16  1.065E-16
3d4(1I)4s4p_3Ko                4.111E-15  2.907E-15  2.056E-15  1.300E-15  9.193E-16
3d5(2F)5p_3Gco                 1.044E-15  7.380E-16  5.219E-16  3.301E-16  2.334E-16
3d5(6S)9s_5Se                  2.982E-15  2.108E-15  1.491E-15  9.428E-16  6.667E-16
3d4(1G)4s4p_3Fo                1.919E-15  1.357E-15  9.594E-16  6.067E-16  4.290E-16
3d5(2F)5p_3Dbo                 1.407E-15  9.949E-16  7.035E-16  4.449E-16  3.146E-16
3d5(2D)4d_1De                  4.655E-16  3.291E-16  2.327E-16  1.472E-16  1.041E-16
3d5(6S)8d_5De                  1.449E-14  1.024E-14  7.243E-15  4.581E-15  3.239E-15
3d5(2F)5p_1Go                  8.267E-16  5.846E-16  4.133E-16  2.614E-16  1.848E-16
3d5(4P)5d_3Fe                  6.469E-18  6.252E-18  7.372E-18  1.225E-17  1.988E-17
3d5(2F)5p_1Fbo                 5.877E-16  4.156E-16  2.938E-16  1.858E-16  1.314E-16
3d5(4D)5d_5Pe                  4.193E-18  4.090E-18  4.879E-18  8.216E-18  1.341E-17
3d5(6S)9p_7Po                  1.115E-14  7.885E-15  5.576E-15  3.526E-15  2.493E-15
3d5(4D)5d_5Ge                  1.243E-17  1.214E-17  1.450E-17  2.445E-17  3.993E-17
3d5(4D)6s_5De                  1.964E-16  1.981E-16  3.738E-16  2.432E-15  5.921E-15
3d5(4D)5d_5Fe                  9.362E-18  9.164E-18  1.098E-17  1.860E-17  3.043E-17
3d5(4D)5d_5Pbe                 8.133E-19  7.952E-19  9.519E-19  1.609E-18  2.630E-18
3d5(6S)9p_5Po                  7.838E-15  5.542E-15  3.919E-15  2.478E-15  1.752E-15
3d5(4D)5d_5Se                  1.313E-18  1.287E-18  1.546E-18  2.624E-18  4.297E-18
3d5(4P)5d_3Pe                  1.465E-18  1.442E-18  1.743E-18  2.981E-18  4.906E-18
3d4(3G)4s4p_1Go                6.835E-16  4.833E-16  3.417E-16  2.161E-16  1.528E-16
3d4(1G)4s4p_3Go                1.328E-15  9.388E-16  6.638E-16  4.198E-16  2.969E-16
3d4(1S)4s4p_3Po                2.960E-16  2.093E-16  1.480E-16  9.359E-17  6.618E-17
3d5(4D)6s_3De                  3.432E-16  4.232E-16  9.251E-16  1.124E-15  7.616E-16
3d4(3D)4s4p_3Po                3.639E-16  2.573E-16  1.819E-16  1.151E-16  8.136E-17
3d4(3G)4s4p_1Gbo               6.504E-16  4.599E-16  3.252E-16  2.057E-16  1.454E-16
3d5(4D)5d_3Ge                  6.116E-18  6.069E-18  7.404E-18  1.280E-17  2.114E-17
3d5(4D)5d_3Se                  6.731E-19  6.685E-19  8.164E-19  1.413E-18  2.335E-18
3d5(2G)4d_3Ibe                 1.962E-15  1.387E-15  9.811E-16  6.205E-16  4.387E-16
3d5(2G)4d_1Fe                  4.888E-16  3.457E-16  2.444E-16  1.546E-16  1.093E-16
3d5(4G)6p_5Ho                  1.087E-17  1.088E-17  1.343E-17  2.356E-17  3.926E-17
3d5(4G)6p_5Go                  9.094E-18  9.087E-18  1.119E-17  1.957E-17  3.257E-17
3d5(2G)4d_3Dbe                 1.018E-15  7.197E-16  5.089E-16  3.219E-16  2.276E-16
3d4(1I)4s4p_3Ho                8.646E-16  6.114E-16  4.323E-16  2.734E-16  1.933E-16
3d5(4G)6p_5Fo                  3.756E-18  3.776E-18  4.685E-18  8.271E-18  1.382E-17
3d5(6S)8f_7Fo                  2.227E-14  1.574E-14  1.113E-14  7.041E-15  4.979E-15
3d5(6S)8f_5Fo                  1.573E-14  1.112E-14  7.866E-15  4.975E-15  3.518E-15
3d5(2I)4f_3Ho                  4.042E-18  4.065E-18  5.039E-18  8.855E-18  1.470E-17
3d5(4G)6p_3Ho                  6.016E-18  6.065E-18  7.549E-18  1.337E-17  2.239E-17
3d5(2I)4f_3Mo                  7.125E-18  7.178E-18  8.919E-18  1.571E-17  2.612E-17
3d5(2I)4f_3Lo                  6.325E-18  6.373E-18  7.920E-18  1.396E-17  2.320E-17
3d5(4D)5d_3Fe                  9.398E-19  9.476E-19  1.179E-18  2.086E-18  3.482E-18
3d5(6S)8g_7Ge                  2.817E-14  1.992E-14  1.409E-14  8.909E-15  6.300E-15
3d5(6S)8g_5Ge                  2.012E-14  1.423E-14  1.006E-14  6.362E-15  4.499E-15
3d5(2I)4f_3Ko                  2.561E-18  2.582E-18  3.209E-18  5.657E-18  9.406E-18
3d5(6S)8h_7Ho                  2.899E-14  2.050E-14  1.450E-14  9.168E-15  6.483E-15
Total Recom. Rate=             4.838E-11  3.690E-11  3.007E-11  2.571E-11  2.518E-11
