********************************************************************************
                                                                                
                 Super level assignments CrI                  
                                                                                
                               g        E(cm^-1)    10^15 Hz     eV       Lam(A)
********************************************************************************
                                                                                
17-Oct-2000                                      !Format date                   
10-Aug-2012                            !Date
797                                    !Number of energy levels
6                                      !Entry number of link to super level
  
3d5(6S)4s_a7Se[3]              7.0          0.0000     1.6361   1.832E+03     1     0      1
3d5(6S)4s_a5Se[2]              5.0       7593.1500     1.4085   2.128E+03     2     0      2
3d4_4s2_a5De[0]                1.0       7750.7490     1.4038   2.136E+03     3     0      3
3d4_4s2_a5De[1]                3.0       7810.7820     1.4020   2.138E+03     3     0      4
3d4_4s2_a5De[2]                5.0       7927.4430     1.3985   2.144E+03     3     0      5
3d4_4s2_a5De[3]                7.0       8095.1870     1.3934   2.151E+03     3     0      6
3d4_4s2_a5De[4]                9.0       8307.5770     1.3871   2.161E+03     3     0      7
3d5(4G)4s_a5Ge[2]              5.0      20517.4240     1.0210   2.936E+03     4     0      8
3d5(4G)4s_a5Ge[6]             13.0      20519.5530     1.0210   2.936E+03     4     0      9
3d5(4G)4s_a5Ge[3]              7.0      20520.9040     1.0209   2.936E+03     4     0     10
3d5(4G)4s_a5Ge[4]              9.0      20523.6300     1.0209   2.937E+03     4     0     11
3d5(4G)4s_a5Ge[5]             11.0      20523.9010     1.0208   2.937E+03     4     0     12
3d5(4P)4s_a5Pe[3]              7.0      21840.8110     0.9814   3.055E+03     5     0     13
3d5(4P)4s_a5Pe[2]              5.0      21847.8360     0.9812   3.056E+03     5     0     14
3d5(4P)4s_a5Pe[1]              3.0      21856.9300     0.9809   3.056E+03     5     0     15
3d4_4s2_a3Pe[0]                1.0      23163.2230     0.9417   3.183E+03     6     0     16
3d5(6S)4p_z7Po[2]              5.0      23305.0050     0.9375   3.198E+03     7     0     17
3d5(6S)4p_z7Po[3]              7.0      23386.3440     0.9350   3.206E+03     7     0     18
3d5(6S)4p_z7Po[4]              9.0      23498.8170     0.9317   3.218E+03     7     0     19
3d4_4s2_a3Pe[1]                3.0      23511.9770     0.9313   3.219E+03     6     0     20
3d4_4s2_a3He[4]                9.0      23933.8580     0.9186   3.264E+03     8     0     21
3d4_4s2_a3He[5]               11.0      24056.0430     0.9150   3.277E+03     8     0     22
3d4_4s2_a3Pe[2]                5.0      24093.1210     0.9138   3.281E+03     6     0     23
3d4_4s2_a3He[6]               13.0      24200.2010     0.9106   3.292E+03     8     0     24
3d5(4D)4s_b5De[0]              1.0      24277.0530     0.9083   3.300E+03     9     0     25
3d5(4D)4s_b5De[4]              9.0      24282.3510     0.9082   3.301E+03     9     0     26
3d5(4D)4s_b5De[1]              3.0      24286.5430     0.9080   3.302E+03     9     0     27
3d5(4D)4s_b5De[2]              5.0      24299.8440     0.9076   3.303E+03     9     0     28
3d5(4D)4s_b5De[3]              7.0      24303.9040     0.9075   3.303E+03     9     0     29
3d5(4G)4s_a3Ge[3]              7.0      24833.7980     0.8916   3.362E+03    10     0     30
3d5(4G)4s_a3Ge[4]              9.0      24897.4670     0.8897   3.369E+03    10     0     31
3d4_4s2_a3Fe[2]                5.0      24940.5980     0.8884   3.374E+03    10     0     32
3d4(5D)4s_4p_z7Fo[0]           1.0      24971.0920     0.8875   3.378E+03    11     0     33
3d4(5D)4s_4p_z7Fo[1]           3.0      25010.6400     0.8863   3.382E+03    11     0     34
3d5(4G)4s_a3Ge[5]             11.0      25038.5010     0.8855   3.386E+03    10     0     35
3d4(5D)4s_4p_z7Fo[2]           5.0      25089.2510     0.8840   3.391E+03    11     0     36
3d4_4s2_a3Fe[3]                7.0      25106.2990     0.8835   3.393E+03    10     0     37
3d4_4s2_a3Fe[4]                9.0      25177.3580     0.8813   3.402E+03    10     0     38
3d4(5D)4s_4p_z7Fo[3]           7.0      25205.9990     0.8805   3.405E+03    11     0     39
3d4(5D)4s_4p_z7Fo[4]           9.0      25359.6160     0.8759   3.423E+03    11     0     40
3d4(5D)4s_4p_z7Fo[5]          11.0      25548.6120     0.8702   3.445E+03    11     0     41
3d4(5D)4s_4p_z7Fo[6]          13.0      25771.4200     0.8635   3.472E+03    11     0     42
3d5(6S)4p_z5Po[3]              7.0      26787.4670     0.8331   3.599E+03    12     0     43
3d5(6S)4p_z5Po[2]              5.0      26796.2720     0.8328   3.600E+03    12     0     44
3d5(6S)4p_z5Po[1]              3.0      26801.9040     0.8326   3.601E+03    12     0     45
3d5(4P)4s_b3Pe[0]              1.0      27163.1080     0.8218   3.648E+03    13     0     46
3d5(4P)4s_b3Pe[1]              3.0      27176.1100     0.8214   3.650E+03    13     0     47
3d5(4P)4s_b3Pe[2]              5.0      27222.9440     0.8200   3.656E+03    13     0     48
3d4(5D)4s_4p_z7Do[1]           3.0      27300.1450     0.8177   3.666E+03    14     0     49
3d4(5D)4s_4p_z7Do[2]           5.0      27382.1750     0.8152   3.677E+03    14     0     50
3d4(5D)4s_4p_z7Do[3]           7.0      27500.3730     0.8117   3.693E+03    14     0     51
3d4_4s2_b3Ge[3]                7.0      27597.2450     0.8088   3.707E+03    15     0     52
3d4(5D)4s_4p_z7Do[4]           9.0      27649.6980     0.8072   3.714E+03    14     0     53
3d4_4s2_b3Ge[4]                9.0      27703.7770     0.8056   3.721E+03    15     0     54
3d4(5D)4s_4p_y7Po[2]           5.0      27728.8120     0.8048   3.725E+03    16     0     55
3d4_4s2_b3Ge[5]               11.0      27816.7810     0.8022   3.737E+03    15     0     56
3d4(5D)4s_4p_y7Po[3]           7.0      27820.1980     0.8021   3.738E+03    16     0     57
3d4(5D)4s_4p_z7Do[5]          11.0      27825.3240     0.8020   3.738E+03    14     0     58
3d4(5D)4s_4p_y7Po[4]           9.0      27935.2420     0.7987   3.754E+03    16     0     59
3d5(4D)4s_a3De[3]              7.0      28636.9670     0.7776   3.855E+03    17     0     60
3d5(4D)4s_a3De[1]              3.0      28679.4270     0.7763   3.862E+03    17     0     61
3d5(4D)4s_a3De[2]              5.0      28682.2080     0.7763   3.862E+03    17     0     62
3d4(5D)4s_4p_y5Po[1]           3.0      29420.8670     0.7541   3.975E+03    18     0     63
3d4(5D)4s_4p_y5Po[2]           5.0      29584.5740     0.7492   4.001E+03    18     0     64
3d4(5D)4s_4p_y5Po[3]           7.0      29824.6940     0.7420   4.040E+03    18     0     65
3d4(5D)4s_4p_z5Fo[1]           3.0      30787.2850     0.7132   4.204E+03    19     0     66
3d4(5D)4s_4p_z5Fo[2]           5.0      30858.7550     0.7110   4.216E+03    19     0     67
3d4(5D)4s_4p_z5Fo[3]           7.0      30965.6330     0.7078   4.235E+03    19     0     68
3d5(2D3)4s_b3De[3]             7.0      31008.9950     0.7065   4.243E+03    20     0     69
3d5(2D3)4s_b3De[2]             5.0      31028.2620     0.7059   4.247E+03    20     0     70
3d5(2I)4s_a3Ie[7]             15.0      31047.9610     0.7053   4.250E+03    20     0     71
3d5(2D3)4s_b3De[1]             3.0      31048.7530     0.7053   4.250E+03    20     0     72
3d5(2I)4s_a3Ie[6]             13.0      31049.2180     0.7053   4.251E+03    20     0     73
3d5(2I)4s_a3Ie[5]             11.0      31055.2800     0.7051   4.252E+03    20     0     74
3d4(5D)4s_4p_z5Fo[4]           9.0      31106.3190     0.7036   4.261E+03    19     0     75
3d4(5D)4s_4p_z5Fo[5]          11.0      31280.0590     0.6984   4.293E+03    19     0     76
3d5(4F)4s_a5Fe[1]              3.0      31352.4030     0.6962   4.306E+03    21     0     77
3d5(4F)4s_a5Fe[2]              5.0      31355.2750     0.6961   4.307E+03    21     0     78
3d5(4F)4s_a5Fe[3]              7.0      31364.3810     0.6959   4.308E+03    21     0     79
3d5(4F)4s_a5Fe[4]              9.0      31377.8700     0.6955   4.311E+03    21     0     80
3d5(4F)4s_a5Fe[5]             11.0      31393.2770     0.6950   4.314E+03    21     0     81
3d4_4s2_a1Ge[4]                9.0      31987.1110     0.6772   4.427E+03    22     0     82
3d4_4s2_a1Ie[6]               13.0      32097.2540     0.6739   4.449E+03    22     0     83
3d5(2F1)4s_b3Fe[2]             5.0      33040.0940     0.6456   4.643E+03    23     0     84
3d5(2F1)4s_b3Fe[3]             7.0      33060.6540     0.6450   4.648E+03    23     0     85
3d5(2F1)4s_b3Fe[4]             9.0      33113.2330     0.6434   4.659E+03    23     0     86
3d4(5D)4s_4p_z5Do[0]           1.0      33338.2600     0.6367   4.709E+03    24     0     87
3d4(5D)4s_4p_z5Do[1]           3.0      33423.7890     0.6341   4.728E+03    24     0     88
3d4(5D)4s_4p_z5Do[2]           5.0      33542.1020     0.6306   4.754E+03    24     0     89
3d4(5D)4s_4p_z5Do[3]           7.0      33671.5310     0.6267   4.784E+03    24     0     90
3d4(5D)4s_4p_z3Po[0]           1.0      33762.5370     0.6240   4.805E+03    25     0     91
3d5(2I)4s_b1Ie[6]             13.0      33762.6440     0.6240   4.805E+03    26     0     92
3d4_4s2_1Se[0]                 1.0      33798.8610     0.6229   4.813E+03    26     0     93
3d4(5D)4s_4p_z5Do[4]           9.0      33816.0400     0.6224   4.817E+03    24     0     94
3d4(5D)4s_4p_z3Po[1]           3.0      33897.2550     0.6199   4.836E+03    25     0     95
3d4_4s2_c3De[1]                3.0      33906.5720     0.6196   4.838E+03    27     0     96
3d4_4s2_c3De[3]                7.0      33934.8130     0.6188   4.845E+03    27     0     97
3d4_4s2_c3De[2]                5.0      33935.4240     0.6188   4.845E+03    27     0     98
3d4(5D)4s_4p_z3Po[2]           5.0      34190.4370     0.6111   4.906E+03    25     0     99
3d4_4s2_1De[2]                 5.0      34937.9490     0.5887   5.092E+03    28     0    100
3d6_c5De[4]                    9.0      35397.9720     0.5749   5.214E+03    29     0    101
3d6_c5De[3]                    7.0      35501.2010     0.5718   5.243E+03    29     0    102
3d6_c5De[2]                    5.0      35572.9330     0.5697   5.262E+03    29     0    103
3d6_c5De[1]                    3.0      35618.4870     0.5683   5.275E+03    29     0    104
3d6_c5De[0]                    1.0      35640.6510     0.5677   5.281E+03    29     0    105
3d5(4F)4s_c3Fe[2]              5.0      35807.5990     0.5627   5.328E+03    30     0    106
3d5(4F)4s_c3Fe[3]              7.0      35813.6910     0.5625   5.330E+03    30     0    107
3d5(4F)4s_c3Fe[4]              9.0      35862.9810     0.5610   5.344E+03    30     0    108
3d5(2H)4s_b3He[4]              9.0      35870.5040     0.5608   5.346E+03    30     0    109
3d5(2H)4s_b3He[5]             11.0      35884.2040     0.5604   5.350E+03    30     0    110
3d4(5D)4s_4p_z3Fo[2]           5.0      35897.8250     0.5599   5.354E+03    31     0    111
3d5(2H)4s_b3He[6]             13.0      35933.9060     0.5589   5.364E+03    30     0    112
3d4(5D)4s_4p_z3Fo[3]           7.0      36034.1590     0.5559   5.393E+03    31     0    113
3d4(5D)4s_4p_z3Fo[4]           9.0      36212.1400     0.5505   5.446E+03    31     0    114
3d5(2F2)4s_d3Fe[3]             7.0      36552.0310     0.5403   5.548E+03    32     0    115
3d5(2F2)4s_d3Fe[2]             5.0      36558.3980     0.5401   5.550E+03    32     0    116
3d5(2F2)4s_d3Fe[4]             9.0      36577.6460     0.5396   5.556E+03    32     0    117
3d5(6S)5s_e7Se[3]              7.0      36895.6810     0.5300   5.656E+03    33     0    118
3d5(2G2)4s_c3Ge[3]             7.0      37205.7890     0.5207   5.757E+03    32     0    119
3d5(2G2)4s_c3Ge[5]            11.0      37233.4970     0.5199   5.766E+03    32     0    120
3d5(2G2)4s_c3Ge[4]             9.0      37244.0450     0.5196   5.770E+03    32     0    121
3d5(6S)5s_e5Se[2]              5.0      37883.4060     0.5004   5.991E+03    34     0    122
3d5(2H)4s_a1He[5]             11.0      38537.5160     0.4808   6.235E+03    35     0    123
3d4(5D)4s_4p_z3Do[1]           3.0      38596.9970     0.4790   6.258E+03    36     0    124
3d5(2F)4s_3Fe[3]               7.0      38648.7240     0.4775   6.279E+03    37     0    125
3d5(2F)4s_3Fe[2]               5.0      38703.1150     0.4758   6.300E+03    37     0    126
3d4(5D)4s_4p_z3Do[2]           5.0      38730.6420     0.4750   6.311E+03    36     0    127
3d4(5D)4s_4p_z3Do[3]           7.0      38911.3090     0.4696   6.384E+03    36     0    128
3d5(2G2)4s_b1Ge[4]             9.0      39158.5320     0.4622   6.486E+03    35     0    129
3d5(2F)4s_1Fe[3]               7.0      40247.9080     0.4295   6.979E+03    38     0    130
3d4(5D)4s_4p_y5Fo[1]           3.0      40906.4310     0.4098   7.316E+03    39     0    131
3d4(5D)4s_4p_x5Po[1]           3.0      40930.2790     0.4091   7.329E+03    39     0    132
3d4(5D)4s_4p_y5Fo[2]           5.0      40971.2680     0.4078   7.351E+03    39     0    133
3d4(5D)4s_4p_x5Po[2]           5.0      40982.7920     0.4075   7.357E+03    39     0    134
3d4(5D)4s_4p_x5Po[3]           7.0      41043.3520     0.4057   7.390E+03    39     0    135
3d4(5D)4s_4p_y5Fo[3]           7.0      41086.2240     0.4044   7.413E+03    39     0    136
3d4(5D)4s_4p_y5Fo[4]           9.0      41224.7450     0.4002   7.490E+03    39     0    137
3d4(5D)4s_4p_y5Do[0]           1.0      41224.7570     0.4002   7.490E+03    40     0    138
3d4(5D)4s_4p_y5Do[1]           3.0      41289.1190     0.3983   7.526E+03    40     0    139
3d4(5D)4s_4p_y5Fo[5]          11.0      41393.4430     0.3952   7.586E+03    39     0    140
3d4(5D)4s_4p_y5Do[2]           5.0      41408.9890     0.3947   7.595E+03    40     0    141
3d4(5D)4s_4p_y5Do[3]           7.0      41575.1010     0.3897   7.692E+03    40     0    142
3d4(5D)4s_4p_y5Do[4]           9.0      41782.1350     0.3835   7.816E+03    40     0    143
3d4(3H)4s_4p_z5Ho[3]           7.0      42025.4970     0.3762   7.968E+03    41     0    144
3d4(3H)4s_4p_z5Ho[4]           9.0      42079.7280     0.3746   8.003E+03    41     0    145
3d5(2S)4s_3Se[1]               3.0      42110.4500     0.3737   8.022E+03    42     0    146
3d4(3H)4s_4p_z5Ho[5]          11.0      42153.6840     0.3724   8.050E+03    41     0    147
3d4(a3P)4s_4p_x5Do[0]          1.0      42218.3260     0.3705   8.092E+03    43     0    148
3d5(6S)5p_x7Po[2]              5.0      42237.9430     0.3699   8.105E+03    44     0    149
3d4(3H)4s_4p_z5Ho[6]          13.0      42252.1420     0.3694   8.115E+03    41     0    150
3d5(6S)4d_e7De[1]              3.0      42253.2430     0.3694   8.115E+03    45     0    151
3d5(6S)5p_x7Po[3]              7.0      42253.9440     0.3694   8.116E+03    44     0    152
3d5(6S)4d_e7De[2]              5.0      42254.3820     0.3694   8.116E+03    45     0    153
3d5(6S)4d_e7De[3]              7.0      42256.0820     0.3693   8.117E+03    45     0    154
3d5(6S)4d_e7De[4]              9.0      42258.3590     0.3693   8.119E+03    45     0    155
3d5(6S)4d_e7De[5]             11.0      42261.2290     0.3692   8.121E+03    45     0    156
3d5(6S)5p_x7Po[4]              9.0      42274.9630     0.3688   8.130E+03    44     0    157
3d4(a3P)4s_4p_x5Do[1]          3.0      42292.8460     0.3682   8.141E+03    43     0    158
3d4(3H)4s_4p_z5Ho[7]          15.0      42387.2620     0.3654   8.205E+03    41     0    159
3d4(a3P)4s_4p_x5Do[2]          5.0      42438.7540     0.3639   8.239E+03    43     0    160
3d5(4G)4p_z5Go[2]              5.0      42515.3370     0.3616   8.292E+03    41     0    161
3d5(4G)4p_z5Go[3]              7.0      42538.7460     0.3609   8.308E+03    41     0    162
3d5(4G)4p_z5Go[4]              9.0      42564.7810     0.3601   8.326E+03    41     0    163
3d5(4G)4p_z5Go[5]             11.0      42589.1750     0.3593   8.343E+03    41     0    164
3d5(4G)4p_z5Go[6]             13.0      42605.7110     0.3588   8.354E+03    41     0    165
3d4(a3P)4s_4p_x5Do[3]          7.0      42648.2610     0.3576   8.384E+03    43     0    166
3d4(a3P)4s_4p_x5Do[4]          9.0      42908.3730     0.3498   8.571E+03    43     0    167
3d4(a3P)4s_4p_z5So[2]          5.0      43124.8070     0.3433   8.733E+03    46     0    168
3d4_4s2_1Fe[3]                 7.0      43344.7980     0.3367   8.904E+03    47     0    169
3d5(6S)4d_e5De[4]              9.0      44050.9840     0.3155   9.502E+03    48     0    170
3d5(6S)4d_e5De[3]              7.0      44068.8520     0.3150   9.518E+03    48     0    171
3d5(6S)4d_e5De[2]              5.0      44081.0010     0.3146   9.529E+03    48     0    172
3d5(6S)4d_e5De[1]              3.0      44088.9830     0.3144   9.536E+03    48     0    173
3d5(6S)4d_e5De[0]              1.0      44092.6830     0.3143   9.539E+03    48     0    174
3d5(6S)5p_w5Po[1]              3.0      44125.7210     0.3133   9.569E+03    49     0    175
3d5(6S)5p_w5Po[2]              5.0      44186.7690     0.3114   9.626E+03    49     0    176
3d5(2S)4s_1Se[0]               1.0      44226.6090     0.3103   9.663E+03    50     0    177
3d4(3H)4s_4p_z5Io[4]           9.0      44246.5600     0.3097   9.681E+03    49     0    178
3d5(6S)5p_w5Po[3]              7.0      44259.1890     0.3093   9.693E+03    49     0    179
3d4(a3F)4s_4p_y5Go[2]          5.0      44299.9210     0.3081   9.732E+03    49     0    180
3d4(3H)4s_4p_z5Io[5]          11.0      44308.0900     0.3078   9.739E+03    49     0    181
3d4(a3F)4s_4p_y5Go[3]          7.0      44373.2950     0.3059   9.802E+03    49     0    182
3d4(3H)4s_4p_z5Io[6]          13.0      44392.8470     0.3053   9.821E+03    49     0    183
3d4(3H)4s_4p_z5Io[7]          15.0      44514.2720     0.3016   9.939E+03    49     0    184
3d4(a3F)4s_4p_y5Go[4]          9.0      44534.4330     0.3010   9.959E+03    49     0    185
3d4(a3F)4s_4p_y5Go[5]         11.0      44591.3800     0.2993   1.002E+04    49     0    186
3d4(3H)4s_4p_z5Io[8]          17.0      44666.5340     0.2971   1.009E+04    49     0    187
3d4(a3P)4s_4p_v5Po[1]          3.0      44666.6940     0.2971   1.009E+04    51     0    188
3d6_3Pe[2]                     5.0      44740.1080     0.2949   1.017E+04    52     0    189
3d4(a3F)4s_4p_y5Go[6]         13.0      44746.2620     0.2947   1.017E+04    49     0    190
3d4(a3P)4s_4p_v5Po[2]          5.0      44875.1340     0.2908   1.031E+04    51     0    191
3d4(a3P)4s_4p_v5Po[3]          7.0      45113.0910     0.2837   1.057E+04    51     0    192
3d4(a3F)4s_4p_x5Fo[1]          3.0      45201.6730     0.2810   1.067E+04    51     0    193
3d4(a3F)4s_4p_x5Fo[2]          5.0      45225.0730     0.2803   1.069E+04    51     0    194
3d6_3Pe[1]                     3.0      45248.4010     0.2796   1.072E+04    52     0    195
3d4(a3F)4s_4p_x5Fo[3]          7.0      45255.3880     0.2794   1.073E+04    51     0    196
3d4(a3F)4s_4p_x5Fo[4]          9.0      45285.9690     0.2785   1.076E+04    51     0    197
3d4(a3F)4s_4p_x5Fo[5]         11.0      45306.3450     0.2779   1.079E+04    51     0    198
3d5(4G)4p_z3Ho[6]             13.0      45348.6820     0.2766   1.084E+04    53     0    199
3d5(4G)4p_z3Ho[5]             11.0      45354.1520     0.2765   1.084E+04    53     0    200
3d5(4G)4p_z3Ho[4]              9.0      45358.5870     0.2763   1.085E+04    53     0    201
3d6_3Pe[0]                     1.0      45482.2080     0.2726   1.100E+04    52     0    202
3d5(4G)4p_y5Ho[3]              7.0      45566.0070     0.2701   1.110E+04    54     0    203
3d5(4G)4p_y5Ho[4]              9.0      45614.8550     0.2686   1.116E+04    54     0    204
3d5(6S)6s_f7Se[3]              7.0      45643.5860     0.2678   1.120E+04    55     0    205
3d5(4G)4p_y5Ho[5]             11.0      45663.1610     0.2672   1.122E+04    54     0    206
3d5(4G)4p_y5Ho[6]             13.0      45707.3290     0.2659   1.128E+04    54     0    207
3d5(4P)4p_y3Po[1]              3.0      45719.2210     0.2655   1.129E+04    53     0    208
3d5(4P)4p_y3Po[0]              1.0      45722.5230     0.2654   1.130E+04    53     0    209
3d5(4P)4p_y3Po[2]              5.0      45734.2720     0.2651   1.131E+04    53     0    210
3d5(4G)4p_y5Ho[7]             15.0      45741.4740     0.2648   1.132E+04    54     0    211
3d5(2D)4s_3De[1]               3.0      45917.6600     0.2596   1.155E+04    56     0    212
3d5(2D)4s_3De[2]               5.0      45932.2410     0.2591   1.157E+04    56     0    213
3d5(2D)4s_3De[3]               7.0      45966.0450     0.2581   1.162E+04    56     0    214
3d5(4G)4p_y3Fo[2]              5.0      45966.3630     0.2581   1.162E+04    53     0    215
3d5(6S)6s_f5Se[2]              5.0      45967.8120     0.2581   1.162E+04    57     0    216
3d5(4G)4p_y3Fo[3]              7.0      46000.4240     0.2571   1.166E+04    53     0    217
3d5(4G)4p_y3Fo[4]              9.0      46058.2010     0.2553   1.174E+04    53     0    218
3d5(4P)4p_y3Do[1]              3.0      46077.0440     0.2548   1.177E+04    53     0    219
3d4(a3F)4s_4p_w5Do[0]          1.0      46081.2590     0.2547   1.177E+04    54     0    220
3d5(4P)4p_y3Do[2]              5.0      46109.2250     0.2538   1.181E+04    53     0    221
3d4_4s2_3Fe[4]                 9.0      46131.8930     0.2531   1.184E+04    56     0    222
3d5(4P)4p_y3Do[3]              7.0      46174.4000     0.2519   1.190E+04    53     0    223
3d4_4s2_3Fe[3]                 7.0      46213.5310     0.2507   1.196E+04    56     0    224
3d6_3Fe[2]                     5.0      46231.6620     0.2501   1.198E+04    56     0    225
3d4(a3F)4s_4p_w5Do[1]          3.0      46298.2480     0.2481   1.208E+04    54     0    226
3d4(a3F)4s_4p_w5Do[2]          5.0      46349.4210     0.2466   1.216E+04    54     0    227
3d4(a3F)4s_4p_w5Do[3]          7.0      46368.2730     0.2460   1.218E+04    54     0    228
3d4(a3F)4s_4p_w5Do[4]          9.0      46422.4260     0.2444   1.227E+04    54     0    229
3d4_4s_5s_f7De[1]              3.0      46448.6290     0.2436   1.230E+04    58     0    230
3d4_4s_5s_f7De[2]              5.0      46524.9200     0.2414   1.242E+04    58     0    231
3d4_4s_5s_f7De[3]              7.0      46637.2320     0.2380   1.260E+04    58     0    232
3d4(3G)4s_4p_w5Fo[2]           5.0      46677.1670     0.2368   1.266E+04    59     0    233
3d4(3G)4s_4p_w5Fo[1]           3.0      46678.3720     0.2368   1.266E+04    59     0    234
3d4(3G)4s_4p_w5Fo[3]           7.0      46688.2300     0.2365   1.268E+04    59     0    235
3d4(3G)4s_4p_w5Fo[5]          11.0      46704.9100     0.2360   1.271E+04    59     0    236
3d4(3G)4s_4p_w5Fo[4]           9.0      46720.4750     0.2355   1.273E+04    59     0    237
3d4_4s_5s_f7De[4]              9.0      46783.0550     0.2336   1.283E+04    58     0    238
3d4(3H)4s_4p_z3Go[3]           7.0      46846.7520     0.2317   1.294E+04    60     0    239
3d5(4P)4p_u5Po[3]              7.0      46878.5620     0.2308   1.299E+04    59     0    240
3d4(3H)4s_4p_z3Go[4]           9.0      46905.0420     0.2300   1.304E+04    60     0    241
3d4_4s_5s_f7De[5]             11.0      46959.0290     0.2283   1.313E+04    58     0    242
3d5(4P)4p_u5Po[2]              5.0      46967.6860     0.2281   1.314E+04    59     0    243
3d4(3H)4s_4p_z3Go[5]          11.0      46985.8500     0.2275   1.318E+04    60     0    244
3d5(4P)4p_u5Po[1]              3.0      47021.7150     0.2265   1.324E+04    59     0    245
3d4(3H)4s_4p_x5Go[2]           5.0      47047.4880     0.2257   1.328E+04    59     0    246
3d5(4G)4p_y3Go[3]              7.0      47048.4190     0.2257   1.329E+04    60     0    247
3d5(4G)4p_y3Go[4]              9.0      47054.9100     0.2255   1.330E+04    60     0    248
3d5(4G)4p_y3Go[5]             11.0      47055.3450     0.2255   1.330E+04    60     0    249
3d4(a3P)4s_4p_z3So[1]          3.0      47088.3960     0.2245   1.336E+04    60     0    250
3d4(3H)4s_4p_x5Go[3]           7.0      47125.6440     0.2233   1.342E+04    59     0    251
3d4(3H)4s_4p_x5Go[4]           9.0      47189.9140     0.2214   1.354E+04    59     0    252
3d4(3H)4s_4p_x5Go[6]          13.0      47222.2110     0.2204   1.360E+04    59     0    253
3d4(3H)4s_4p_x5Go[5]          11.0      47228.2070     0.2203   1.361E+04    59     0    254
3d4(3H)4s_4p_z3Io[5]          11.0      47586.0330     0.2095   1.431E+04    60     0    255
3d4(3G)4s_4p_x5Ho[3]           7.0      47621.3800     0.2085   1.438E+04    61     0    256
3d5(6S)4f_v5Fo[1]              3.0      47629.6760     0.2082   1.440E+04    61     0    257
3d4(3H)4s_4p_z3Io[6]          13.0      47630.3730     0.2082   1.440E+04    60     0    258
3d5(6S)4f_v5Fo[2]              5.0      47631.4840     0.2082   1.440E+04    61     0    259
3d5(6S)4f_v5Fo[3]              7.0      47636.1250     0.2080   1.441E+04    61     0    260
3d5(6S)4f_v5Fo[4]              9.0      47639.7980     0.2079   1.442E+04    61     0    261
3d5(6S)4f_v5Fo[5]             11.0      47644.9490     0.2078   1.443E+04    61     0    262
3d5(6S)4f_7Fo[0]               1.0      47648.7740     0.2077   1.444E+04    62     0    263
3d5(6S)4f_7Fo[1]               3.0      47648.7800     0.2077   1.444E+04    62     0    264
3d5(6S)4f_7Fo[2]               5.0      47648.7920     0.2077   1.444E+04    62     0    265
3d5(6S)4f_7Fo[3]               7.0      47648.8090     0.2077   1.444E+04    62     0    266
3d5(6S)4f_7Fo[4]               9.0      47648.8310     0.2077   1.444E+04    62     0    267
3d5(6S)4f_7Fo[5]              11.0      47648.8590     0.2077   1.444E+04    62     0    268
3d5(6S)4f_7Fo[6]              13.0      47648.8910     0.2077   1.444E+04    62     0    269
3d4(3G)4s_4p_x5Ho[4]           9.0      47688.4920     0.2065   1.452E+04    61     0    270
3d4(3H)4s_4p_z3Io[7]          15.0      47692.5940     0.2063   1.453E+04    60     0    271
3d5(6S)6p_w7Po[2]              5.0      47697.4080     0.2062   1.454E+04    62     0    272
3d5(6S)5d_g7De[1]              3.0      47700.3010     0.2061   1.454E+04    63     0    273
3d5(6S)5d_g7De[2]              5.0      47700.8640     0.2061   1.455E+04    63     0    274
3d5(6S)5d_g7De[3]              7.0      47702.3800     0.2061   1.455E+04    63     0    275
3d5(6S)5d_g7De[4]              9.0      47704.7040     0.2060   1.455E+04    63     0    276
3d5(6S)6p_w7Po[3]              7.0      47708.3890     0.2059   1.456E+04    62     0    277
3d5(6S)5d_g7De[5]             11.0      47709.8500     0.2058   1.457E+04    63     0    278
3d5(6S)6p_w7Po[4]              9.0      47718.6880     0.2056   1.458E+04    62     0    279
3d6_3He[6]                    13.0      47743.4270     0.2048   1.464E+04    64     0    280
3d5(4P)4p_v5Do[1]              3.0      47772.2750     0.2040   1.470E+04    61     0    281
3d5(4P)4p_v5Do[2]              5.0      47786.1000     0.2035   1.473E+04    61     0    282
3d5(4P)4p_v5Do[0]              1.0      47787.9910     0.2035   1.473E+04    61     0    283
3d4(3G)4s_4p_x5Ho[5]          11.0      47793.7210     0.2033   1.475E+04    61     0    284
3d5(4P)4p_v5Do[3]              7.0      47814.3850     0.2027   1.479E+04    61     0    285
3d6_3He[5]                    11.0      47817.1750     0.2026   1.480E+04    64     0    286
3d5(4P)4p_v5Do[4]              9.0      47866.4640     0.2011   1.491E+04    61     0    287
3d6_3He[4]                     9.0      47875.1280     0.2009   1.492E+04    64     0    288
3d5(4G)4p_u5Fo[1]              3.0      47877.5990     0.2008   1.493E+04    61     0    289
3d5(4G)4p_u5Fo[2]              5.0      47917.9230     0.1996   1.502E+04    61     0    290
3d4(3G)4s_4p_x5Ho[6]          13.0      47942.2030     0.1989   1.508E+04    61     0    291
3d5(4G)4p_u5Fo[3]              7.0      47974.5540     0.1979   1.515E+04    61     0    292
3d5(4G)4p_u5Fo[5]             11.0      47985.7970     0.1976   1.517E+04    61     0    293
3d5(4G)4p_u5Fo[4]              9.0      48014.3760     0.1967   1.524E+04    61     0    294
3d5(4D)4p_5Po[1]               3.0      48102.7700     0.1941   1.545E+04    65     0    295
3d5(6S)6p_5Po[2]               5.0      48113.6200     0.1937   1.548E+04    61     0    296
3d5(6S)6p_5Po[3]               7.0      48132.7470     0.1932   1.552E+04    61     0    297
3d4(3G)4s_4p_x5Ho[7]          15.0      48140.1050     0.1929   1.554E+04    61     0    298
3d5(2D)4s_1De[2]               5.0      48190.3170     0.1914   1.566E+04    66     0    299
3d4(a3F)4s_4p_3Do[1]           3.0      48210.0260     0.1908   1.571E+04    67     0    300
3d4(a3F)4s_4p_3Do[2]           5.0      48217.8440     0.1906   1.573E+04    67     0    301
3d4(a3P)4s_4p_x3Po[0]          1.0      48226.3600     0.1903   1.575E+04    67     0    302
3d4(a3F)4s_4p_3Do[3]           7.0      48251.9350     0.1896   1.581E+04    67     0    303
3d4(3H)4s_4p_y3Ho[4]           9.0      48288.3590     0.1885   1.591E+04    67     0    304
3d4(3H)4s_4p_y3Ho[5]          11.0      48310.3550     0.1878   1.596E+04    67     0    305
3d4(a3P)4s_4p_x3Po[1]          3.0      48331.2400     0.1872   1.601E+04    67     0    306
3d4(3H)4s_4p_y3Ho[6]          13.0      48445.2980     0.1838   1.631E+04    67     0    307
3d4(a3P)4s_4p_x3Po[2]          5.0      48458.5810     0.1834   1.635E+04    67     0    308
3d4_4s_5s_f5De[0]              1.0      48488.0890     0.1825   1.643E+04    68     0    309
3d4_4s_5s_f5De[1]              3.0      48507.4200     0.1819   1.648E+04    68     0    310
3d5(6S)5d_5De[3]               7.0      48510.1000     0.1818   1.649E+04    68     0    311
3d4_4s_5s_f5De[2]              5.0      48558.4050     0.1804   1.662E+04    68     0    312
3d4(3H)4s_4p_3Go[4]            9.0      48562.1600     0.1803   1.663E+04    67     0    313
3d5(6S)5d_5De[4]               9.0      48565.2080     0.1802   1.664E+04    68     0    314
3d4(3F)4s_4p_3Fo[2]            5.0      48581.5930     0.1797   1.668E+04    67     0    315
3d4(a3F)4s_4p_3Fo[3]           7.0      48636.0460     0.1781   1.684E+04    67     0    316
3d4_4s_5s_f5De[3]              7.0      48661.5110     0.1773   1.691E+04    68     0    317
3d5(6S)5d_5De[0]               1.0      48786.4710     0.1736   1.727E+04    68     0    318
3d5(6S)5d_5De[1]               3.0      48800.7840     0.1731   1.732E+04    68     0    319
3d4_4s_5s_f5De[4]              9.0      48824.4870     0.1724   1.739E+04    68     0    320
3d5(6S)5d_5De[2]               5.0      48838.7260     0.1720   1.743E+04    68     0    321
3d4(a3P)4s_4p_x3Do[1]          3.0      48839.7800     0.1720   1.743E+04    69     0    322
3d4(3F)4s_4p_3Fo[4]            9.0      48846.5800     0.1718   1.745E+04    67     0    323
3d4(a3P)4s_4p_x3Do[2]          5.0      49027.4010     0.1663   1.802E+04    69     0    324
3d5(6S)5g_7Ge[1]               3.0      49097.4870     0.1642   1.825E+04    70     0    325
3d5(6S)5g_7Ge[2]               5.0      49097.4890     0.1642   1.825E+04    70     0    326
3d5(6S)5g_7Ge[3]               7.0      49097.4910     0.1642   1.825E+04    70     0    327
3d5(6S)5g_7Ge[4]               9.0      49097.4930     0.1642   1.825E+04    70     0    328
3d5(6S)5g_7Ge[5]              11.0      49097.4970     0.1642   1.825E+04    70     0    329
3d5(6S)5g_7Ge[6]              13.0      49097.5010     0.1642   1.825E+04    70     0    330
3d5(6D)5g_7Ge[7]              15.0      49097.5060     0.1642   1.825E+04    70     0    331
3d5(6S)5g_5Ge[2]               5.0      49097.5100     0.1642   1.825E+04    68     0    332
3d5(6S)5g_5Ge[3]               7.0      49097.5120     0.1642   1.825E+04    68     0    333
3d5(6S)5g_5Ge[4]               9.0      49097.5150     0.1642   1.825E+04    68     0    334
3d5(6S)5g_5Ge[5]              11.0      49097.5180     0.1642   1.825E+04    68     0    335
3d5(6S)5g_5Ge[6]              13.0      49097.5230     0.1642   1.825E+04    68     0    336
3d4(3P)4s_4p_1So[0]            1.0      49126.5310     0.1634   1.835E+04    71     0    337
3d5(6S)7s_g7Se[3]              7.0      49177.8470     0.1618   1.853E+04    70     0    338
3d6_3Ge[5]                    11.0      49207.0360     0.1609   1.863E+04    72     0    339
3d6_3Ge[4]                     9.0      49278.3270     0.1588   1.888E+04    72     0    340
3d4(a3P)4s_4p_x3Do[3]          7.0      49310.8340     0.1578   1.899E+04    69     0    341
3d5(6S)7s_g5Se[2]              5.0      49321.8180     0.1575   1.903E+04    68     0    342
3d6_3Ge[3]                     7.0      49360.5710     0.1563   1.918E+04    72     0    343
3d4(a3F)4s_4p_w3Go[3]          7.0      49370.6160     0.1560   1.921E+04    69     0    344
3d4(a3F)4s_4p_w3Go[4]          9.0      49453.8700     0.1535   1.952E+04    69     0    345
3d4(3G)4s_4p_w5Go[2]           5.0      49466.7110     0.1532   1.957E+04    73     0    346
3d5(4P)4p_y3So[1]              3.0      49476.9890     0.1529   1.961E+04    69     0    347
3d4(3G)4s_4p_w5Go[3]           7.0      49519.7210     0.1516   1.978E+04    73     0    348
3d4(a3F)4s_4p_w3Go[5]         11.0      49537.9850     0.1510   1.985E+04    69     0    349
3d4(3G)4s_4p_w5Go[4]           9.0      49572.9510     0.1500   1.999E+04    73     0    350
3d6_e3Fe[2]                    5.0      49586.3800     0.1496   2.004E+04    72     0    351
3d5(4D)4p_t5Po[1]              3.0      49588.8350     0.1495   2.005E+04    73     0    352
3d4(a3F)4s_4p_1Do[2]           5.0      49589.0810     0.1495   2.005E+04    71     0    353
3d5(4D)4p_5Po[2]               5.0      49597.8620     0.1492   2.009E+04    65     0    354
3d4(3G)4s_4p_w5Go[5]          11.0      49617.5520     0.1486   2.017E+04    73     0    355
3d5(4D)4p_x3Fo[4]              9.0      49620.5710     0.1485   2.018E+04    69     0    356
3d4(3G)4s_4p_w5Go[6]          13.0      49635.1890     0.1481   2.024E+04    73     0    357
3d5(4D)4p_x3Fo[3]              7.0      49650.1350     0.1477   2.030E+04    69     0    358
3d5(4D)4p_x3Fo[2]              5.0      49652.7260     0.1476   2.031E+04    69     0    359
3d4_4s2_3Pe[2]                 5.0      49704.5030     0.1460   2.053E+04    74     0    360
3d6_e3Fe[3]                    7.0      49717.8800     0.1456   2.059E+04    72     0    361
3d5(6S)6d_7De[1]               3.0      49764.5470     0.1442   2.079E+04    70     0    362
3d5(6S)6d_7De[2]               5.0      49764.9940     0.1442   2.079E+04    70     0    363
3d5(6S)6d_7De[3]               7.0      49765.6680     0.1442   2.079E+04    70     0    364
3d5(6S)6d_7De[4]               9.0      49766.5740     0.1442   2.079E+04    70     0    365
3d5(6S)6d_7De[5]              11.0      49767.7160     0.1441   2.080E+04    70     0    366
3d5(4D)4p_t5Po[3]              7.0      49812.4310     0.1428   2.099E+04    73     0    367
3d5(4P)4p_y5So[2]              5.0      49822.5460     0.1425   2.104E+04    73     0    368
3d6_e3Fe[4]                    9.0      49863.5000     0.1413   2.122E+04    72     0    369
3d5(4D)4p_s5Fo[1]              3.0      50018.8350     0.1366   2.195E+04    73     0    370
3d4(3P)4s_4p_1Po[1]            3.0      50057.3260     0.1355   2.213E+04    71     0    371
3d5(4D)4p_s5Fo[2]              5.0      50057.7280     0.1354   2.213E+04    73     0    372
3d5(4D)4p_s5Fo[3]              7.0      50102.2780     0.1341   2.235E+04    73     0    373
3d5(4D)4p_w3Do[1]              3.0      50105.4950     0.1340   2.237E+04    75     0    374
3d5(6S)5f_5Fo[4]               9.0      50121.8430     0.1335   2.245E+04    73     0    375
3d5(6S)5f_5Fo[5]              11.0      50126.7010     0.1334   2.248E+04    73     0    376
3d5(6S)5f_7Fo[0]               1.0      50127.2760     0.1334   2.248E+04    76     0    377
3d5(6S)5f_7Fo[1]               3.0      50127.2890     0.1334   2.248E+04    76     0    378
3d5(6S)5f_7Fo[2]               5.0      50127.3130     0.1334   2.248E+04    76     0    379
3d5(6S)5f_7Fo[3]               7.0      50127.3470     0.1334   2.248E+04    76     0    380
3d5(6S)5f_7Fo[4]               9.0      50127.3900     0.1334   2.248E+04    76     0    381
3d5(6S)5f_7Fo[5]              11.0      50127.4460     0.1334   2.248E+04    76     0    382
3d5(6S)5f_7Fo[6]              13.0      50127.4840     0.1334   2.248E+04    76     0    383
3d5(6S)5f_5Fo[1]               3.0      50139.5080     0.1330   2.254E+04    73     0    384
3d5(6S)5f_5Fo[2]               5.0      50142.8460     0.1329   2.256E+04    73     0    385
3d5(6S)5f_5Fo[3]               7.0      50155.9840     0.1325   2.263E+04    73     0    386
3d4_4s2_3Pe[1]                 3.0      50161.2210     0.1323   2.265E+04    74     0    387
3d5(6S)7p_7Po[2]               5.0      50183.0540     0.1317   2.277E+04    76     0    388
3d5(4D)4p_w3Do[2]              5.0      50184.0200     0.1317   2.277E+04    75     0    389
3d5(6S)7p_7Po[3]               7.0      50185.0000     0.1316   2.278E+04    76     0    390
3d5(6S)7p_7Po[4]               9.0      50197.0000     0.1313   2.284E+04    76     0    391
3d4(3H)4s_4p_1Io[6]           13.0      50203.6730     0.1311   2.287E+04    77     0    392
3d5(4D)4p_s5Fo[4]              9.0      50210.5640     0.1309   2.291E+04    73     0    393
3d5(4D)4p_s5Fo[5]             11.0      50253.3000     0.1296   2.314E+04    73     0    394
3d5(4D)4p_w3Do[3]              7.0      50264.4630     0.1292   2.320E+04    75     0    395
3d5(6S)6d_5De[0]               1.0      50322.7190     0.1275   2.351E+04    78     0    396
3d5(6S)6d_5De[3]               7.0      50330.0460     0.1273   2.355E+04    78     0    397
3d5(6S)6d_5De[2]               5.0      50330.4840     0.1273   2.356E+04    78     0    398
3d5(6S)6d_5De[4]               9.0      50330.8920     0.1273   2.356E+04    78     0    399
3d5(6S)6d_5De[1]               3.0      50332.7230     0.1272   2.357E+04    78     0    400
3d4_4s2_3Pe[0]                 1.0      50385.4600     0.1256   2.387E+04    74     0    401
3d5(6S)7p_5Po[1]               3.0      50398.3690     0.1252   2.394E+04    73     0    402
3d5(6S)7p_5Po[2]               5.0      50398.4320     0.1252   2.394E+04    73     0    403
3d5(6S)7p_5Po[3]               7.0      50399.5280     0.1252   2.395E+04    73     0    404
3d5(6S)6g_7Ge[1]               3.0      50439.1480     0.1240   2.418E+04    79     0    405
3d5(6S)6g_7Ge[2]               5.0      50439.1510     0.1240   2.418E+04    79     0    406
3d5(6S)6g_7Ge[3]               7.0      50439.1560     0.1240   2.418E+04    79     0    407
3d5(6S)6g_7Ge[4]               9.0      50439.1620     0.1240   2.418E+04    79     0    408
3d5(6S)6g_7Ge[5]              11.0      50439.1680     0.1240   2.418E+04    79     0    409
3d5(6S)6g_7Ge[6]              13.0      50439.1760     0.1240   2.418E+04    79     0    410
3d5(6D)6g_7Ge[7]              15.0      50439.1840     0.1240   2.418E+04    79     0    411
3d5(6S)6g_5Ge[2]               5.0      50439.1930     0.1240   2.418E+04    78     0    412
3d5(6S)6g_5Ge[3]               7.0      50439.1970     0.1240   2.418E+04    78     0    413
3d5(6S)6g_5Ge[4]               9.0      50439.2030     0.1240   2.418E+04    78     0    414
3d5(6S)6g_5Ge[5]              11.0      50439.2090     0.1240   2.418E+04    78     0    415
3d5(6S)6g_5Ge[6]              13.0      50439.2150     0.1240   2.418E+04    78     0    416
3d6_1Ge[4]                     9.0      50509.0370     0.1219   2.459E+04    80     0    417
3d5(4D)4p_u5Do[4]              9.0      50557.4960     0.1205   2.489E+04    81     0    418
3d5(4D)4p_u5Do[3]              7.0      50628.0520     0.1183   2.533E+04    81     0    419
3d5(4D)4p_u5Do[2]              5.0      50654.7160     0.1175   2.550E+04    81     0    420
3d5(4D)4p_u5Do[0]              1.0      50661.1510     0.1174   2.555E+04    81     0    421
3d5(4D)4p_u5Do[1]              3.0      50662.7330     0.1173   2.556E+04    81     0    422
3d4(3F)4s_4p_1Fo[3]            7.0      50733.6240     0.1152   2.603E+04    77     0    423
3d4(3G)4s_4p_3Ho[4]            9.0      50778.4080     0.1138   2.634E+04    75     0    424
3d4(3G)4s_4p_3Ho[5]           11.0      50882.3720     0.1107   2.708E+04    75     0    425
3d4(3G)4s_4p_w3Fo[2]           5.0      50890.0850     0.1105   2.713E+04    75     0    426
3d4(3G)4s_4p_w3Fo[3]           7.0      50950.3370     0.1087   2.758E+04    75     0    427
3d5(6S)8s_7Se[3]               7.0      50978.5850     0.1078   2.780E+04    79     0    428
3d5(6S)8s_h5Se[2]              5.0      51035.4440     0.1061   2.825E+04    78     0    429
3d4(3G)4s_4p_w3Fo[4]           9.0      51059.7090     0.1054   2.844E+04    75     0    430
3d4(3G)4s_4p_3Ho[6]           13.0      51092.0950     0.1044   2.871E+04    75     0    431
3d5(6S)7d_7De[1]               3.0      51154.6360     0.1026   2.923E+04    79     0    432
3d5(6S)7d_7De[2]               5.0      51154.9050     0.1025   2.923E+04    79     0    433
3d5(6S)7d_7De[3]               7.0      51155.3110     0.1025   2.924E+04    79     0    434
3d5(6S)7d_7De[4]               9.0      51155.8570     0.1025   2.924E+04    79     0    435
3d5(6S)7d_7De[5]              11.0      51156.5440     0.1025   2.925E+04    79     0    436
3d5(4D)4p_w3Po[0]              1.0      51176.8450     0.1019   2.942E+04    82     0    437
3d5(4D)4p_w3Po[1]              3.0      51246.8450     0.0998   3.004E+04    82     0    438
3d5(6S)7g_7Ge[1]               3.0      51248.7340     0.0997   3.006E+04    79     0    439
3d5(6S)7g_7Ge[2]               5.0      51248.7390     0.0997   3.006E+04    79     0    440
3d5(6S)7g_7Ge[3]               7.0      51248.7460     0.0997   3.006E+04    79     0    441
3d5(6S)7g_7Ge[4]               9.0      51248.7540     0.0997   3.006E+04    79     0    442
3d5(6S)7g_7Ge[5]              11.0      51248.7640     0.0997   3.006E+04    79     0    443
3d5(6S)7g_7Ge[6]              13.0      51248.7750     0.0997   3.006E+04    79     0    444
3d5(6D)7g_7Ge[7]              15.0      51248.7870     0.0997   3.006E+04    79     0    445
3d5(6S)7g_5Ge[2]               5.0      51248.7980     0.0997   3.006E+04    78     0    446
3d5(6S)7g_5Ge[3]               7.0      51248.8040     0.0997   3.006E+04    78     0    447
3d5(6S)7g_5Ge[4]               9.0      51248.8110     0.0997   3.006E+04    78     0    448
3d5(6S)7g_5Ge[5]              11.0      51248.8180     0.0997   3.006E+04    78     0    449
3d5(6S)7g_5Ge[6]              13.0      51248.8270     0.0997   3.006E+04    78     0    450
3d5(6D)7i_7Ie[9]              19.0      51251.2660     0.0997   3.008E+04    79     0    451
3d5(6S)7i_7Ie[3]               7.0      51251.2661     0.0997   3.008E+04    79     0    452
3d5(6S)7i_7Ie[5]              11.0      51251.2662     0.0997   3.008E+04    79     0    453
3d5(6S)7i_5Ie[5]              11.0      51251.2663     0.0997   3.008E+04    78     0    454
3d5(6S)7i_7Ie[6]              13.0      51251.2664     0.0997   3.008E+04    79     0    455
3d5(6S)7i_5Ie[6]              13.0      51251.2665     0.0997   3.008E+04    78     0    456
3d5(6D)7i_7Ie[7]              15.0      51251.2666     0.0997   3.008E+04    79     0    457
3d5(6D)7i_5Ie[7]              15.0      51251.2667     0.0997   3.008E+04    78     0    458
3d5(6S)7i_7Ie[4]               9.0      51251.2668     0.0997   3.008E+04    79     0    459
3d5(6S)7i_5Ie[4]               9.0      51251.2669     0.0997   3.008E+04    78     0    460
3d5(6D)7i_7Ie[8]              17.0      51251.2670     0.0997   3.008E+04    79     0    461
3d5(6D)7i_5Ie[8]              17.0      51251.2671     0.0997   3.008E+04    78     0    462
3d5(4D)4p_w3Po[2]              5.0      51286.5400     0.0986   3.040E+04    82     0    463
3d4(3P)4s_4p_1Do[2]            5.0      51351.2960     0.0967   3.101E+04    83     0    464
3d4(3H)4s_4p_z1Ho[5]          11.0      51401.2640     0.0952   3.150E+04    83     0    465
3d5(6S)7d_5De[4]               9.0      51480.6410     0.0928   3.231E+04    84     0    466
3d5(6S)7d_5De[3]               7.0      51480.8230     0.0928   3.231E+04    84     0    467
3d5(6S)7d_5De[2]               5.0      51481.2870     0.0928   3.232E+04    84     0    468
3d5(6S)7d_5De[1]               3.0      51482.1210     0.0927   3.233E+04    84     0    469
3d5(6S)7d_5De[0]               1.0      51483.4100     0.0927   3.234E+04    84     0    470
3d5(6S)6f_7Fo[0]               1.0      51485.3260     0.0926   3.236E+04    85     0    471
3d5(6S)6f_7Fo[1]               3.0      51485.3720     0.0926   3.236E+04    85     0    472
3d5(6S)6f_7Fo[2]               5.0      51485.4550     0.0926   3.236E+04    85     0    473
3d5(6S)6f_7Fo[3]               7.0      51485.5600     0.0926   3.236E+04    85     0    474
3d5(6S)6f_7Fo[4]               9.0      51485.6750     0.0926   3.236E+04    85     0    475
3d5(6S)6f_7Fo[5]              11.0      51485.7870     0.0926   3.236E+04    85     0    476
3d5(6S)6f_7Fo[6]              13.0      51485.8900     0.0926   3.237E+04    85     0    477
3d5(6S)6f_5Fo[1]               3.0      51489.7250     0.0925   3.241E+04    81     0    478
3d5(6S)6f_5Fo[2]               5.0      51489.7480     0.0925   3.241E+04    81     0    479
3d5(6S)6f_5Fo[3]               7.0      51489.7810     0.0925   3.241E+04    81     0    480
3d5(6S)6f_5Fo[4]               9.0      51489.8240     0.0925   3.241E+04    81     0    481
3d5(6S)6f_5Fo[5]              11.0      51489.8730     0.0925   3.241E+04    81     0    482
3d6_3De[1]                     3.0      51491.3360     0.0925   3.242E+04    86     0    483
3d6(3D)_3De[2]                 5.0      51508.0620     0.0920   3.260E+04    86     0    484
3d5(2G)4s_3Ge[5]              11.0      51508.4710     0.0920   3.260E+04    86     0    485
3d5(6S)6h_7Ho[7]              15.0      51516.3290     0.0917   3.269E+04    85     0    486
3d5(6S)6h_5Ho[7]              15.0      51516.3291     0.0917   3.269E+04    81     0    487
3d5(6S)6h_7Ho[8]              17.0      51516.3292     0.0917   3.269E+04    85     0    488
3d5(6S)6h_7Ho[2]               5.0      51516.3293     0.0917   3.269E+04    85     0    489
3d5(6S)6h_7Ho[3]               7.0      51516.3294     0.0917   3.269E+04    85     0    490
3d5(6S)6h_5Ho[3]               7.0      51516.3295     0.0917   3.269E+04    81     0    491
3d5(6S)6h_7Ho[4]               9.0      51516.3296     0.0917   3.269E+04    85     0    492
3d5(6S)6h_5Ho[4]               9.0      51516.3297     0.0917   3.269E+04    81     0    493
3d5(6S)6h_7Ho[5]              11.0      51516.3298     0.0917   3.269E+04    85     0    494
3d5(6S)6h_5Ho[5]              11.0      51516.3299     0.0917   3.269E+04    81     0    495
3d5(6S)6h_7Ho[6]              13.0      51516.3300     0.0917   3.269E+04    85     0    496
3d5(6S)6h_5Ho[6]              13.0      51516.3301     0.0917   3.269E+04    81     0    497
3d5(2G)4d_3Ge[4]               9.0      51518.7550     0.0916   3.271E+04    86     0    498
3d5(2G)4s_3Ge[3]               7.0      51520.5810     0.0916   3.273E+04    86     0    499
3d5(6S)8p_7Po[2]               5.0      51529.4000     0.0913   3.283E+04    85     0    500
3d5(6S)8p_7Po[3]               7.0      51531.5000     0.0913   3.285E+04    85     0    501
3d5(6S)8p_7Po[4]               9.0      51534.4000     0.0912   3.288E+04    85     0    502
3d6_3De[3]                     7.0      51549.8310     0.0907   3.305E+04    86     0    503
3d5(6S)8p_5Po[1]               3.0      51630.0850     0.0883   3.395E+04    87     0    504
3d5(6S)8p_5Po[2]               5.0      51631.0620     0.0883   3.396E+04    87     0    505
3d5(6S)8p_5Po[3]               7.0      51631.9810     0.0882   3.397E+04    87     0    506
3d5(6S)9s_7Se[3]               7.0      51667.2090     0.0872   3.438E+04    88     0    507
3d5(6S)9s_5Se[2]               5.0      51691.4030     0.0865   3.467E+04    84     0    508
3d5(6S)8g_7Ge[1]               3.0      51774.1250     0.0840   3.570E+04    88     0    509
3d5(6S)8g_7Ge[2]               5.0      51774.1320     0.0840   3.570E+04    88     0    510
3d5(6S)8g_7Ge[3]               7.0      51774.1420     0.0840   3.570E+04    88     0    511
3d5(6S)8g_7Ge[4]               9.0      51774.1550     0.0840   3.570E+04    88     0    512
3d5(6S)8g_7Ge[5]              11.0      51774.1680     0.0840   3.570E+04    88     0    513
3d5(6S)8g_7Ge[6]              13.0      51774.1830     0.0840   3.570E+04    88     0    514
3d5(6D)8g_7Ge[7]              15.0      51774.1970     0.0840   3.570E+04    88     0    515
3d5(6S)8g_5Ge[2]               5.0      51774.2080     0.0840   3.570E+04    84     0    516
3d5(6S)8g_5Ge[3]               7.0      51774.2150     0.0840   3.570E+04    84     0    517
3d5(6S)8g_5Ge[4]               9.0      51774.2240     0.0840   3.570E+04    84     0    518
3d5(6S)8g_5Ge[5]              11.0      51774.2330     0.0840   3.570E+04    84     0    519
3d5(6S)8g_5Ge[6]              13.0      51774.2430     0.0840   3.570E+04    84     0    520
3d5(6D)8i_7Ie[9]              19.0      51776.4660     0.0839   3.573E+04    88     0    521
3d5(6S)8i_7Ie[3]               7.0      51776.4661     0.0839   3.573E+04    88     0    522
3d5(6S)8i_7Ie[5]              11.0      51776.4662     0.0839   3.573E+04    88     0    523
3d5(6S)8i_5Ie[5]              11.0      51776.4663     0.0839   3.573E+04    84     0    524
3d5(6S)8i_7Ie[6]              13.0      51776.4664     0.0839   3.573E+04    88     0    525
3d5(6S)8i_5Ie[6]              13.0      51776.4665     0.0839   3.573E+04    84     0    526
3d5(6D)8i_7Ie[7]              15.0      51776.4666     0.0839   3.573E+04    88     0    527
3d5(6D)8i_5Ie[7]              15.0      51776.4667     0.0839   3.573E+04    84     0    528
3d5(6S)8i_7Ie[4]               9.0      51776.4668     0.0839   3.573E+04    88     0    529
3d5(6S)8i_5Ie[4]               9.0      51776.4669     0.0839   3.573E+04    84     0    530
3d5(6D)8i_7Ie[8]              17.0      51776.4670     0.0839   3.573E+04    88     0    531
3d5(6D)8i_5Ie[8]              17.0      51776.4671     0.0839   3.573E+04    84     0    532
3d5(6S)8d_7De[1]               3.0      51980.3120     0.0778   3.853E+04    88     0    533
3d5(6S)8d_7De[2]               5.0      51980.4930     0.0778   3.853E+04    88     0    534
3d5(6S)9d_7De[3]               7.0      51980.7690     0.0778   3.854E+04    88     0    535
3d5(6S)8d_7De[4]               9.0      51981.1450     0.0778   3.854E+04    88     0    536
3d5(6S)8d_7De[5]              11.0      51981.6200     0.0778   3.855E+04    88     0    537
3d4(3D)4s_4p_t5Do[0]           1.0      51999.5670     0.0772   3.882E+04    87     0    538
3d4(3D)4s_4p_t5Do[2]           5.0      52012.3900     0.0768   3.901E+04    87     0    539
3d4(3D)4s_4p_t5Do[3]           7.0      52031.6160     0.0763   3.931E+04    87     0    540
3d4(3D)4s_4p_t5Do[4]           9.0      52064.1930     0.0753   3.982E+04    87     0    541
3d4(3D)4s_4p_5Do[1]            3.0      52086.7050     0.0746   4.018E+04    87     0    542
3d5(6S)9g_7Ge[1]               3.0      52134.6150     0.0732   4.097E+04    88     0    543
3d5(6S)9g_7Ge[2]               5.0      52134.6250     0.0732   4.097E+04    88     0    544
3d5(6S)9g_7Ge[3]               7.0      52134.6400     0.0732   4.097E+04    88     0    545
3d5(6S)9g_7Ge[4]               9.0      52134.6560     0.0732   4.097E+04    88     0    546
3d5(6S)9g_7Ge[5]              11.0      52134.6740     0.0732   4.097E+04    88     0    547
3d5(6S)9g_7Ge[6]              13.0      52134.6920     0.0732   4.097E+04    88     0    548
3d5(6D)9g_7Ge[7]              15.0      52134.7100     0.0732   4.097E+04    88     0    549
3d5(6S)9g_5Ge[2]               5.0      52134.7190     0.0732   4.097E+04    84     0    550
3d5(6S)9g_5Ge[3]               7.0      52134.7280     0.0732   4.097E+04    84     0    551
3d5(6S)9g_5Ge[4]               9.0      52134.7370     0.0732   4.097E+04    84     0    552
3d5(6S)9g_5Ge[5]              11.0      52134.7480     0.0732   4.097E+04    84     0    553
3d5(6S)9g_5Ge[6]              13.0      52134.7580     0.0732   4.097E+04    84     0    554
3d5(6D)9i_7Ie[9]              19.0      52136.3660     0.0731   4.100E+04    88     0    555
3d5(6S)9i_7Ie[3]               7.0      52136.3661     0.0731   4.100E+04    88     0    556
3d5(6S)9i_7Ie[5]              11.0      52136.3662     0.0731   4.100E+04    88     0    557
3d5(6S)9i_5Ie[5]              11.0      52136.3663     0.0731   4.100E+04    84     0    558
3d5(6S)9i_7Ie[6]              13.0      52136.3664     0.0731   4.100E+04    88     0    559
3d5(6S)9i_5Ie[6]              13.0      52136.3665     0.0731   4.100E+04    84     0    560
3d5(6D)9i_7Ie[7]              15.0      52136.3666     0.0731   4.100E+04    88     0    561
3d5(6D)9i_5Ie[7]              15.0      52136.3667     0.0731   4.100E+04    84     0    562
3d5(6S)9i_7Ie[4]               9.0      52136.3668     0.0731   4.100E+04    88     0    563
3d5(6S)9i_5Ie[4]               9.0      52136.3669     0.0731   4.100E+04    84     0    564
3d5(6D)9i_7Ie[8]              17.0      52136.3670     0.0731   4.100E+04    88     0    565
3d5(6D)9i_5Ie[8]              17.0      52136.3671     0.0731   4.100E+04    84     0    566
3d5(6D)9l_7Le[9]              19.0      52136.3670     0.0731   4.100E+04    88     0    567
3d5(6D)9l_5Le[9]              19.0      52136.3671     0.0731   4.100E+04    84     0    568
3d5(6D)9l_7Le[10]             21.0      52136.3672     0.0731   4.100E+04    88     0    569
3d5(6D)9l_5Le[10]             21.0      52136.3673     0.0731   4.100E+04    84     0    570
3d5(6S)9l_7Le[11]             23.0      52136.3674     0.0731   4.100E+04    88     0    571
3d5(6S)9l_7Le[5]              11.0      52136.3675     0.0731   4.100E+04    88     0    572
3d5(6S)9l_7Le[6]              13.0      52136.3676     0.0731   4.100E+04    88     0    573
3d5(6S)9l_5Le[6]              13.0      52136.3677     0.0731   4.100E+04    84     0    574
3d5(6D)9l_7Le[7]              15.0      52136.3678     0.0731   4.100E+04    88     0    575
3d5(6D)9l_5Le[7]              15.0      52136.3679     0.0731   4.100E+04    84     0    576
3d5(6D)9l_7Le[8]              17.0      52136.3680     0.0731   4.100E+04    88     0    577
3d5(6D)9l_5Le[8]              17.0      52136.3681     0.0731   4.100E+04    84     0    578
3d5(6S)8d_5De[4]               9.0      52198.8110     0.0713   4.207E+04    84     0    579
3d5(6S)8d_5De[3]               7.0      52199.5090     0.0712   4.209E+04    84     0    580
3d5(6S)8d_5De[2]               5.0      52200.1240     0.0712   4.210E+04    84     0    581
3d5(6S)8d_5De[1]               3.0      52200.6110     0.0712   4.211E+04    84     0    582
3d5(6S)8d_5De[0]               1.0      52200.8840     0.0712   4.211E+04    84     0    583
3d5(5D)s5p_7Fo[0]              1.0      52248.3770     0.0698   4.297E+04    89     0    584
3d5(5D)s5p_7Fo[1]              3.0      52269.2690     0.0691   4.336E+04    89     0    585
3d4(3F)4s_4p_1Go[4]            9.0      52291.7520     0.0685   4.379E+04    83     0    586
3d5(6S)7f_7Fo[2]               5.0      52293.1920     0.0684   4.381E+04    85     0    587
3d5(6S)7f_7Fo[3]               7.0      52301.0430     0.0682   4.396E+04    85     0    588
3d5(6S)7f_7Fo[4]               9.0      52303.2210     0.0681   4.401E+04    85     0    589
3d5(6S)7f_7Fo[5]              11.0      52304.1080     0.0681   4.402E+04    85     0    590
3d5(6S)7f_7Fo[6]              13.0      52304.5610     0.0681   4.403E+04    85     0    591
3d5(6S)7f_5Fo[1]               3.0      52307.4940     0.0680   4.409E+04    87     0    592
3d5(6S)7f_5Fo[2]               5.0      52307.5070     0.0680   4.409E+04    87     0    593
3d5(6S)7f_5Fo[3]               7.0      52307.5260     0.0680   4.409E+04    87     0    594
3d5(6S)7f_5Fo[4]               9.0      52307.5490     0.0680   4.409E+04    87     0    595
3d5(6S)7f_5Fo[5]              11.0      52307.5740     0.0680   4.409E+04    87     0    596
3d5(6S)7f_7Fo[0]               1.0      52315.4360     0.0678   4.424E+04    85     0    597
3d5(6S)7f_7Fo[1]               3.0      52320.9110     0.0676   4.435E+04    85     0    598
3d5(6S)7h_7Ho[7]              15.0      52325.3300     0.0675   4.444E+04    85     0    599
3d5(6S)7h_5Ho[7]              15.0      52325.3301     0.0675   4.444E+04    87     0    600
3d5(6S)7h_7Ho[8]              17.0      52325.3302     0.0675   4.444E+04    85     0    601
3d5(6S)7h_7Ho[2]               5.0      52325.3303     0.0675   4.444E+04    85     0    602
3d5(6S)7h_5Ho[3]               7.0      52325.3304     0.0675   4.444E+04    87     0    603
3d5(6S)7h_7Ho[3]               7.0      52325.3305     0.0675   4.444E+04    85     0    604
3d5(6S)7h_5Ho[4]               9.0      52325.3306     0.0675   4.444E+04    87     0    605
3d5(6S)7h_7Ho[4]               9.0      52325.3307     0.0675   4.444E+04    85     0    606
3d5(6S)7h_7Ho[5]              11.0      52325.3308     0.0675   4.444E+04    85     0    607
3d5(6S)7h_5Ho[5]              11.0      52325.3309     0.0675   4.444E+04    87     0    608
3d5(6S)7h_7Ho[6]              13.0      52325.3310     0.0675   4.444E+04    85     0    609
3d5(6S)7h_5Ho[6]              13.0      52325.3311     0.0675   4.444E+04    87     0    610
3d5(6S)9p_7Po[2]               5.0      52341.0000     0.0670   4.475E+04    85     0    611
3d5(6S)9p_7Po[3]               7.0      52341.0001     0.0670   4.475E+04    85     0    612
3d5(6S)9p_7Po[4]               9.0      52341.0002     0.0670   4.475E+04    85     0    613
3d5(5D)s5p_7Fo[2]              5.0      52349.4010     0.0667   4.492E+04    89     0    614
3d5(5D)s5p_7Po[2]              5.0      52385.0500     0.0657   4.565E+04    89     0    615
3d5(6S)9p_5Po[1]               3.0      52394.1110     0.0654   4.584E+04    87     0    616
3d5(6S)9p_5Po[2]               5.0      52397.1660     0.0653   4.590E+04    87     0    617
3d5(6S)9p_5Po[3]               7.0      52397.8210     0.0653   4.592E+04    87     0    618
3d5(5D)s5p_7Fo[3]              7.0      52424.9750     0.0645   4.650E+04    89     0    619
3d5(6S)9d_7De[1]               3.0      52510.1870     0.0619   4.842E+04    88     0    620
3d5(6S)9d_7De[2]               5.0      52510.3160     0.0619   4.842E+04    88     0    621
3d5(6S)9d_b7De[3]              7.0      52510.5250     0.0619   4.842E+04    88     0    622
3d5(6S)9d_7De[4]               9.0      52510.8160     0.0619   4.843E+04    88     0    623
3d5(6S)9d_7De[5]              11.0      52511.1860     0.0619   4.844E+04    88     0    624
3d4(3G)4s_4p_3Go[3]            7.0      52535.7990     0.0612   4.902E+04    90     0    625
3d5(5D)s5p_7Po[3]              7.0      52537.6460     0.0611   4.907E+04    89     0    626
3d5(5D)s5p_7Fo[4]              9.0      52539.9350     0.0610   4.912E+04    89     0    627
3d4(3G)4s_4p_3Go[5]           11.0      52545.3080     0.0609   4.925E+04    90     0    628
3d5(5D)s5p_7Do[1]              3.0      52580.6420     0.0598   5.013E+04    89     0    629
3d4(1I)4s_4p_y3Io[5]          11.0      52591.7140     0.0595   5.041E+04    90     0    630
3d4(1I)4s_4p_y3Io[6]          13.0      52660.4790     0.0574   5.222E+04    90     0    631
3d5(5D)s5p_7Do[2]              5.0      52672.8600     0.0570   5.256E+04    89     0    632
3d4(1I)4s_4p_y3Io[7]          15.0      52677.7480     0.0569   5.269E+04    90     0    633
s(5S)5p_7Fo[5]                11.0      52688.4790     0.0566   5.299E+04    89     0    634
3d5(6S)9d_5De[4]               9.0      52717.0550     0.0557   5.381E+04    91     0    635
3d5(6S)9d_5De[2]               5.0      52717.4610     0.0557   5.382E+04    91     0    636
3d5(6S)9d_5De[3]               7.0      52717.7690     0.0557   5.383E+04    91     0    637
3d5(6S)9d_5De[1]               3.0      52719.1220     0.0557   5.387E+04    91     0    638
3d5(6S)9d_5De[0]               1.0      52719.4890     0.0556   5.388E+04    91     0    639
3d4(3G)4s_4p_3Go[4]            9.0      52719.9810     0.0556   5.389E+04    90     0    640
3d4(5D)4s_4d_5Se[2]            5.0      52721.7900     0.0556   5.394E+04    91     0    641
3d5(5D)s5p_7Po[4]              9.0      52750.0560     0.0547   5.478E+04    89     0    642
3d4(3G)4s_4p_1Ho[5]           11.0      52759.6900     0.0544   5.507E+04    92     0    643
3d5(5D)s5p_7Do[3]              7.0      52801.2990     0.0532   5.636E+04    89     0    644
3d5(6S)8f_7Fo[6]              13.0      52828.6930     0.0524   5.724E+04    89     0    645
3d5(6S)8f_7Fo[0]               1.0      52837.2910     0.0521   5.753E+04    89     0    646
3d5(6S)8f_7Fo[1]               3.0      52837.3310     0.0521   5.753E+04    89     0    647
3d5(6S)8f_7Fo[2]               5.0      52837.4320     0.0521   5.753E+04    89     0    648
3d5(6S)8f_7Fo[3]               7.0      52837.8300     0.0521   5.755E+04    89     0    649
3d5(6S)8f_7Fo[4]               9.0      52837.8510     0.0521   5.755E+04    89     0    650
3d5(6S)8f_5Fo[1]               3.0      52837.9840     0.0521   5.755E+04    93     0    651
3d5(6S)8f_5Fo[2]               5.0      52837.9950     0.0521   5.755E+04    93     0    652
3d5(6S)8f_5Fo[3]               7.0      52838.0100     0.0521   5.755E+04    93     0    653
3d5(6S)8f_5Fo[4]               9.0      52838.0290     0.0521   5.755E+04    93     0    654
3d5(6S)8f_5Fo[5]              11.0      52838.0470     0.0521   5.755E+04    93     0    655
3d5(6S)8f_7Fo[5]              11.0      52838.9690     0.0521   5.758E+04    89     0    656
3d5(6S)8h_7Ho[7]              15.0      52850.2310     0.0517   5.796E+04    89     0    657
3d5(6S)8h_5Ho[7]              15.0      52850.2311     0.0517   5.796E+04    93     0    658
3d5(6S)8h_7Ho[8]              17.0      52850.2312     0.0517   5.796E+04    89     0    659
3d5(6S)8h_7Ho[2]               5.0      52850.2313     0.0517   5.796E+04    89     0    660
3d5(6S)8h_5Ho[3]               7.0      52850.2314     0.0517   5.796E+04    93     0    661
3d5(6S)8h_7Ho[3]               7.0      52850.2315     0.0517   5.796E+04    89     0    662
3d5(6S)8h_5Ho[4]               9.0      52850.2316     0.0517   5.796E+04    93     0    663
3d5(6S)8h_7Ho[4]               9.0      52850.2317     0.0517   5.796E+04    89     0    664
3d5(6S)8h_7Ho[5]              11.0      52850.2318     0.0517   5.796E+04    89     0    665
3d5(6S)8h_5Ho[5]              11.0      52850.2319     0.0517   5.796E+04    93     0    666
3d5(6S)8h_7Ho[6]              13.0      52850.2320     0.0517   5.796E+04    89     0    667
3d5(6S)8h_5Ho[6]              13.0      52850.2321     0.0517   5.796E+04    93     0    668
3d5(6S)8k_5Ko[7]              15.0      52850.2370     0.0517   5.796E+04    93     0    669
3d5(6S)8k_7Ko[7]              15.0      52850.2371     0.0517   5.796E+04    89     0    670
3d5(6S)8k_7Ko[8]              17.0      52850.2372     0.0517   5.796E+04    89     0    671
3d5(6S)8k_5Ko[8]              17.0      52850.2373     0.0517   5.796E+04    93     0    672
3d5(6S)8k_7Ko[9]              19.0      52850.2374     0.0517   5.796E+04    89     0    673
3d5(6S)8k_5Ko[9]              19.0      52850.2375     0.0517   5.796E+04    93     0    674
3d5(6S)8k_7Ko[10]             21.0      52850.2376     0.0517   5.796E+04    89     0    675
3d5(6S)8k_7Ko[4]               9.0      52850.2377     0.0517   5.796E+04    89     0    676
3d5(6S)8k_7Ko[5]              11.0      52850.2378     0.0517   5.796E+04    89     0    677
3d5(6S)8k_5Ko[5]              11.0      52850.2379     0.0517   5.796E+04    93     0    678
3d5(6S)8k_7Ko[6]              13.0      52850.2380     0.0517   5.796E+04    89     0    679
3d5(6S)8k_5Ko[6]              13.0      52850.2381     0.0517   5.796E+04    93     0    680
3d5(5D)s5p_7Fo[6]             13.0      52881.6160     0.0508   5.903E+04    89     0    681
3d4(a1G)4s_4p_x3Ho[5]         11.0      52885.1890     0.0507   5.916E+04    90     0    682
3d4(3G)4s_4p_1Fo[3]            7.0      52899.0950     0.0503   5.965E+04    92     0    683
3d4(a1G)4s_4p_x3Ho[6]         13.0      52914.9410     0.0498   6.022E+04    90     0    684
3d5(5D)s5p_7Do[4]              9.0      52956.0010     0.0486   6.174E+04    89     0    685
3d4(a1G)4s_4p_x3Ho[4]          9.0      52963.3750     0.0483   6.203E+04    90     0    686
3d4(3D)4s_4p_r5Fo[1]           3.0      53011.7060     0.0469   6.394E+04    93     0    687
3d4(3D)4s_4p_r5Fo[2]           5.0      53037.4880     0.0461   6.501E+04    93     0    688
3d4(3D)4s_4p_r5Fo[3]           7.0      53073.7710     0.0450   6.659E+04    93     0    689
3d4(3D5)4s_5p_7Do[5]          11.0      53075.2160     0.0450   6.665E+04    89     0    690
3d4(3D)4s_4p_r5Fo[4]           9.0      53117.5280     0.0437   6.858E+04    93     0    691
3d4_4s_4d_e7Ge[1]              3.0      53148.3620     0.0428   7.007E+04    94     0    692
3d4(3D)4s_4p_r5Fo[5]          11.0      53172.2200     0.0421   7.126E+04    93     0    693
3d4_4s_4d_e7Ge[2]              5.0      53177.9090     0.0419   7.155E+04    94     0    694
3d4_4s_4d_h7De[2]              5.0      53195.0290     0.0414   7.243E+04    94     0    695
3d5(6S)9f_7Fo[0]               1.0      53200.6810     0.0412   7.273E+04    89     0    696
3d5(6S)9f_7Fo[1]               3.0      53200.6900     0.0412   7.273E+04    89     0    697
3d5(6S)9f_7Fo[2]               5.0      53200.7110     0.0412   7.273E+04    89     0    698
3d5(6S)9f_7Fo[3]               7.0      53200.7480     0.0412   7.274E+04    89     0    699
3d5(6S)9f_7Fo[4]               9.0      53200.8150     0.0412   7.274E+04    89     0    700
3d5(6S)9f_7Fo[5]              11.0      53200.9490     0.0412   7.275E+04    89     0    701
3d5(6S)9f_7Fo[6]              13.0      53201.1710     0.0412   7.276E+04    89     0    702
3d5(6S)9f_5Fo[1]               3.0      53201.3150     0.0412   7.277E+04    93     0    703
3d5(6S)9f_5Fo[2]               5.0      53201.3280     0.0412   7.277E+04    93     0    704
3d5(6S)9f_5Fo[3]               7.0      53201.3450     0.0412   7.277E+04    93     0    705
3d5(6S)9f_5Fo[4]               9.0      53201.3670     0.0412   7.277E+04    93     0    706
3d5(6S)9f_5Fo[5]              11.0      53201.4010     0.0412   7.277E+04    93     0    707
3d5(6S)9h_7Ho[7]              15.0      53210.2320     0.0409   7.324E+04    89     0    708
3d5(6S)9h_5Ho[7]              15.0      53210.2321     0.0409   7.324E+04    93     0    709
3d5(6S)9h_7Ho[8]              17.0      53210.2322     0.0409   7.324E+04    89     0    710
3d5(6S)9h_7Ho[2]               5.0      53210.2323     0.0409   7.324E+04    89     0    711
3d5(6S)9h_5Ho[3]               7.0      53210.2324     0.0409   7.324E+04    93     0    712
3d5(6S)9h_7Ho[3]               7.0      53210.2325     0.0409   7.324E+04    89     0    713
3d5(6S)9h_5Ho[4]               9.0      53210.2326     0.0409   7.324E+04    93     0    714
3d5(6S)9h_7Ho[4]               9.0      53210.2327     0.0409   7.324E+04    89     0    715
3d5(6S)9h_7Ho[5]              11.0      53210.2328     0.0409   7.324E+04    89     0    716
3d5(6S)9h_5Ho[5]              11.0      53210.2329     0.0409   7.324E+04    93     0    717
3d5(6S)9h_7Ho[6]              13.0      53210.2330     0.0409   7.324E+04    89     0    718
3d5(6S)9h_5Ho[6]              13.0      53210.2331     0.0409   7.324E+04    93     0    719
3d5(6S)9k_5Ko[7]              15.0      53210.3370     0.0409   7.325E+04    93     0    720
3d5(6S)9k_7Ko[7]              15.0      53210.3371     0.0409   7.325E+04    89     0    721
3d5(6S)9k_7Ko[8]              17.0      53210.3372     0.0409   7.325E+04    89     0    722
3d5(6S)9k_5Ko[8]              17.0      53210.3373     0.0409   7.325E+04    93     0    723
3d5(6S)8k_b7Ko[9]             19.0      53210.3374     0.0409   7.325E+04    89     0    724
3d5(6S)8k_b5Ko[9]             19.0      53210.3375     0.0409   7.325E+04    93     0    725
3d5(6S)8k_b7Ko[10]            21.0      53210.3376     0.0409   7.325E+04    89     0    726
3d5(6S)9k_7Ko[4]               9.0      53210.3377     0.0409   7.325E+04    89     0    727
3d5(6S)9k_7Ko[5]              11.0      53210.3378     0.0409   7.325E+04    89     0    728
3d5(6S)9k_5Ko[5]              11.0      53210.3379     0.0409   7.325E+04    93     0    729
3d5(6S)9k_7Ko[6]              13.0      53210.3380     0.0409   7.325E+04    89     0    730
3d5(6S)9k_5Ko[6]              13.0      53210.3381     0.0409   7.325E+04    93     0    731
3d4_4s_4d_e7Fe[1]              3.0      53215.5340     0.0408   7.353E+04    94     0    732
3d4_4s_4d_e7Ge[3]              7.0      53228.4860     0.0404   7.423E+04    94     0    733
3d4(1G)4s_4p_3Fo[4]            9.0      53242.9650     0.0400   7.504E+04    90     0    734
3d4_4s_4d_e7Fe[2]              5.0      53279.6070     0.0389   7.716E+04    94     0    735
3d4_4s_4d_h7De[3]              7.0      53284.3130     0.0387   7.744E+04    94     0    736
3d4_4s_4d_e7Ge[4]              9.0      53298.7530     0.0383   7.832E+04    94     0    737
3d4_4s_4d_h7De[4]              9.0      53375.4320     0.0360   8.332E+04    94     0    738
3d4_4s_4d_e7Fe[3]              7.0      53384.6990     0.0357   8.397E+04    94     0    739
3d4(1G)4s_4p_3Fo[3]            7.0      53386.0530     0.0357   8.407E+04    90     0    740
3d4_4s_4d_e7Ge[5]             11.0      53393.4610     0.0354   8.459E+04    94     0    741
3d4(5D)4s_4d_7Fe[0]            1.0      53403.4260     0.0351   8.531E+04    94     0    742
3d6_1Ie[6]                    13.0      53437.0320     0.0341   8.783E+04    95     0    743
3d4_4s_4d_5Ge[2]               5.0      53452.8140     0.0337   8.906E+04    96     0    744
3d5(2F)4p_1Do[2]               5.0      53505.8810     0.0321   9.348E+04    92     0    745
3d4_4s_4d_7De[1]               3.0      53507.1750     0.0320   9.360E+04    94     0    746
3d4_4s_4d_e7Ge[6]             13.0      53518.0910     0.0317   9.456E+04    94     0    747
3d4_4s_4d_e7Fe[4]              9.0      53526.0240     0.0315   9.528E+04    94     0    748
3d4_4s_4d_5Ge[3]               7.0      53536.6040     0.0311   9.625E+04    96     0    749
3d4(5D)4s_5p_5p_s5Do[2]        5.0      53541.3070     0.0310   9.668E+04    93     0    750
3d4(1G)4s_4p_3Fo[2]            5.0      53549.7210     0.0308   9.748E+04    90     0    751
3d4_4s_4d_7Pe[2]               5.0      53610.6890     0.0289   1.036E+05    94     0    752
3d4_4s_4d_h7De[5]             11.0      53627.7690     0.0284   1.055E+05    94     0    753
3d4(3D5)4s_5p_s5Do[3]          7.0      53640.6820     0.0280   1.070E+05    93     0    754
3d4_4s_4d_5Ge[4]               9.0      53650.4580     0.0277   1.081E+05    96     0    755
3d4_4s_4d_e7Ge[7]             15.0      53662.5780     0.0274   1.095E+05    94     0    756
3d4_4s_4d_e7Fe[5]             11.0      53706.0490     0.0261   1.150E+05    94     0    757
3d4_4s_4d_7Pe[3]               7.0      53716.6480     0.0258   1.164E+05    94     0    758
3d5(5D)s5p_5Do[0]              1.0      53738.1820     0.0251   1.194E+05    93     0    759
3d4_4s_4d_5Pe[1]               3.0      53742.9470     0.0250   1.201E+05    96     0    760
3d5(5D)s5p_5Do[1]              3.0      53763.4170     0.0243   1.231E+05    93     0    761
3d4_4s_4d_5Pe[2]               5.0      53778.7710     0.0239   1.255E+05    96     0    762
3d4(3D5)4s_5p_s5Do[4]          9.0      53782.7580     0.0238   1.261E+05    93     0    763
3d4_4s_4d_5Ge[5]              11.0      53793.1520     0.0235   1.278E+05    96     0    764
3d3(4F)4s2_4p_v3Go[3]          7.0      53804.6970     0.0231   1.297E+05    97     0    765
3d4_4s_4d_7Pe[4]               9.0      53814.6190     0.0228   1.314E+05    94     0    766
3d4_4s_4d_5Pe[3]               7.0      53825.3500     0.0225   1.333E+05    96     0    767
3d5(2D)4p_3Po[2]               5.0      53826.3730     0.0225   1.335E+05    97     0    768
3d3(4F)4s2_4p_v3Go[4]          9.0      53927.4490     0.0194   1.543E+05    97     0    769
3d4_4s_4d_e7Fe[6]             13.0      53927.4700     0.0194   1.543E+05    94     0    770
3d5(2D)4p_3Po[1]               3.0      53960.7370     0.0184   1.626E+05    97     0    771
3d4(3D5)4s_5p_s5Po[1]          3.0      53962.8340     0.0184   1.632E+05    98     0    772
3d4(5D)4s_4d_5De[0]            1.0      53965.7130     0.0183   1.640E+05    96     0    773
3d4_4s_4d_5Ge[6]              13.0      53975.1070     0.0180   1.665E+05    96     0    774
3d4(3P)4s_4p_3Po[0]            1.0      53989.3090     0.0176   1.706E+05    97     0    775
3d4_4s_4d_5De[1]               3.0      54023.0550     0.0166   1.810E+05    96     0    776
3d4(5D)4s_5p_5p_s5Po[2]        5.0      54032.3700     0.0163   1.841E+05    98     0    777
3d3(4F)4s2_4p_v3Go[5]         11.0      54077.9810     0.0149   2.010E+05    97     0    778
3d4_4s_4d_5De[2]               5.0      54108.6660     0.0140   2.142E+05    96     0    779
3d4(3D5)4s_5p_s5Po[3]          7.0      54132.7040     0.0133   2.258E+05    98     0    780
3d4_4s_4d_5De[3]               7.0      54182.8400     0.0118   2.546E+05    96     0    781
3d4(3D5)4s_5p_q5Fo[1]          3.0      54198.1020     0.0113   2.649E+05    98     0    782
3d4_4s_4d_5De[4]               9.0      54213.4950     0.0109   2.762E+05    96     0    783
3d5(3G)4s_1Ge[4]               9.0      54233.9400     0.0102   2.927E+05    95     0    784
3d4(5D)4s_5p_5p_q5Fo[2]        5.0      54252.1820     0.0097   3.092E+05    98     0    785
3d5(2D)4p_1Fo[3]               7.0      54291.5460     0.0085   3.520E+05    99     0    786
3d4_4s_4d_e5Fe[1]              3.0      54296.8130     0.0084   3.587E+05   100     0    787
3d5(2I)4p_z3Ko[6]             13.0      54316.8220     0.0078   3.864E+05    97     0    788
3d4(3D5)4s_5p_q5Fo[3]          7.0      54328.8300     0.0074   4.052E+05    98     0    789
3d4_4s_4d_e5Fe[2]              5.0      54383.1580     0.0058   5.196E+05   100     0    790
3d5(2I)4p_z3Ko[7]             15.0      54404.9330     0.0051   5.859E+05    97     0    791
3d4(3D5)4s_5p_q5Fo[4]          9.0      54425.2850     0.0045   6.653E+05    98     0    792
3d4_4s_4d_e5Fe[3]              7.0      54476.2270     0.0030   1.006E+06   100     0    793
3d5(2I)4p_z3Ko[8]             17.0      54498.2600     0.0023   1.293E+06    97     0    794
3d6_1Se[0]                     1.0      54522.4040     0.0016   1.880E+06   101     0    795
3d4(3D5)4s_5p_q5Fo[5]         11.0      54536.5630     0.0012   2.562E+06    98     0    796
3d4_4s_4d_e5Fe[4]              9.0      54572.8830     0.0001   3.681E+07   100     0    797
