I	J	2500 K		5000 K		7500 K		10 000 K	15 000 K	20 000 K	30 000 K	40 000 K	50 000 K
1	2	2.667E-01	2.781E-01	2.939E-01	3.054E-01	3.195E-01	3.284E-01	3.439E-01	3.597E-01	3.749E-01
1	3	4.601E-01	4.602E-01	4.919E-01	5.277E-01	5.991E-01	6.723E-01	8.330E-01	1.008E+00	1.187E+00
1	4	6.241E-02	6.798E-02	7.089E-02	7.374E-02	8.058E-02	8.789E-02	1.008E-01	1.105E-01	1.174E-01
1	5	1.137E-01	1.210E-01	1.267E-01	1.349E-01	1.589E-01	1.886E-01	2.522E-01	3.129E-01	3.675E-01
1	6	5.830E-02	6.382E-02	6.648E-02	6.906E-02	7.490E-02	8.079E-02	9.089E-02	9.858E-02	1.043E-01
1	7	2.099E-02	2.418E-02	2.905E-02	3.465E-02	4.517E-02	5.350E-02	6.452E-02	7.081E-02	7.414E-02
1	8	4.195E-02	4.683E-02	5.652E-02	6.851E-02	9.326E-02	1.161E-01	1.546E-01	1.854E-01	2.104E-01
1	9	3.106E-02	3.349E-02	3.834E-02	4.365E-02	5.272E-02	5.923E-02	6.712E-02	7.130E-02	7.360E-02
1	10	9.713E-03	9.659E-03	9.677E-03	9.761E-03	9.926E-03	1.001E-02	1.000E-02	9.861E-03	9.672E-03
1	11	1.885E-02	2.717E-02	3.375E-02	3.938E-02	4.780E-02	5.325E-02	5.912E-02	6.170E-02	6.234E-02
1	12	3.773E-02	5.296E-02	6.405E-02	7.364E-02	8.984E-02	1.032E-01	1.245E-01	1.407E-01	1.535E-01
1	13	3.005E-02	3.951E-02	4.606E-02	5.120E-02	5.810E-02	6.194E-02	6.498E-02	6.534E-02	6.441E-02
1	14	1.292E-02	1.504E-02	1.565E-02	1.593E-02	1.602E-02	1.630E-02	1.623E-02	1.597E-02	1.549E-02
1	15	2.313E-03	2.505E-03	2.674E-03	2.832E-03	3.024E-03	3.073E-03	2.968E-03	2.779E-03	2.576E-03
2	4	1.417E+00	1.443E+00	1.443E+00	1.473E+00	1.622E+00	1.850E+00	2.405E+00	2.979E+00	3.517E+00
2	5	2.080E+00	2.471E+00	2.738E+00	2.964E+00	3.409E+00	3.891E+00	4.987E+00	6.190E+00	7.425E+00
2	6	1.567E+00	2.007E+00	2.444E+00	2.892E+00	3.845E+00	4.846E+00	6.859E+00	8.749E+00	1.045E+01
2	7	4.223E-01	4.101E-01	4.189E-01	4.449E-01	5.191E-01	6.035E-01	7.741E-01	9.308E-01	1.068E+00
2	8	7.883E-01	8.319E-01	9.338E-01	1.070E+00	1.360E+00	1.634E+00	2.118E+00	2.530E+00	2.884E+00
2	9	6.375E-01	7.009E-01	8.344E-01	1.001E+00	1.335E+00	1.630E+00	2.097E+00	2.443E+00	2.706E+00
2	10	3.988E-01	5.076E-01	6.413E-01	7.833E-01	1.050E+00	1.279E+00	1.639E+00	1.907E+00	2.110E+00
2	11	3.939E-01	5.228E-01	5.895E-01	6.311E-01	6.787E-01	7.066E-01	7.484E-01	7.862E-01	8.284E-01
2	12	6.808E-01	9.450E-01	1.138E+00	1.296E+00	1.540E+00	1.723E+00	1.994E+00	2.193E+00	2.346E+00
2	13	5.197E-01	7.370E-01	9.035E-01	1.044E+00	1.261E+00	1.411E+00	1.594E+00	1.694E+00	1.740E+00
2	14	3.871E-01	5.956E-01	7.524E-01	8.719E-01	1.035E+00	1.139E+00	1.268E+00	1.348E+00	1.402E+00
2	15	1.721E-01	2.312E-01	2.642E-01	2.870E-01	3.147E-01	3.390E-01	3.632E-01	3.742E-01	3.342E-01
3	4	1.919E+00	2.138E+00	2.244E+00	2.299E+00	2.369E+00	2.427E+00	2.539E+00	2.646E+00	2.746E+00
3	5	7.094E+00	7.561E+00	7.807E+00	8.070E+00	8.801E+00	9.739E+00	1.186E+01	1.395E+01	1.587E+01
3	6	1.069E+01	1.297E+01	1.498E+01	1.706E+01	2.166E+01	2.674E+01	3.757E+01	4.848E+01	5.895E+01
3	7	6.631E-01	7.196E-01	7.786E-01	8.432E-01	9.583E-01	1.043E+00	1.144E+00	1.195E+00	1.220E+00
3	8	2.170E+00	2.263E+00	2.474E+00	2.746E+00	3.299E+00	3.788E+00	4.579E+00	5.184E+00	5.657E+00
3	9	3.347E+00	3.730E+00	4.492E+00	5.449E+00	7.442E+00	9.293E+00	1.248E+01	1.511E+01	1.730E+01
3	10	2.384E+00	2.700E+00	3.077E+00	3.483E+00	4.240E+00	4.879E+00	5.885E+00	6.645E+00	7.239E+00
3	11	5.223E-01	7.688E-01	9.240E-01	1.031E+00	1.158E+00	1.222E+00	1.269E+00	1.271E+00	1.256E+00
3	12	1.723E+00	2.431E+00	2.873E+00	3.191E+00	3.605E+00	3.852E+00	4.125E+00	4.269E+00	4.355E+00
3	13	2.788E+00	4.005E+00	4.900E+00	5.655E+00	6.849E+00	7.757E+00	9.0881+00	1.005E+01	1.079E+01
3	14	2.384E+00	3.262E+00	3.788E+00	4.154E+00	4.617E+00	4.888E+00	5.197E+00	5.378E+00	5.497E+00
3	15	8.491E-01	9.843E-01	1.034E+00	1.064E+00	1.097E+00	1.108E+00	1.105E+00	1.089E+00	1.063E+00
4	6	1.707E+02	1.660E+02	1.610E+02	1.559E+02	1.472E+02	1.407E+02	1.321E+02	1.271E+02	1.239E+02
4	7	2.268E+00	2.539E+00	3.092E+00	3.861E+00	5.693E+00	7.647E+00	1.146E+01	1.490E+01	1.787E+01
4	8	4.511E+00	4.851E+00	4.156E+00	5.644E+00	7.121E+00	9.092E+00	1.394E+01	1.933E+01	2.478E+01
4	9	4.557E+00	5.800E+00	7.214E+00	8.876E+00	1.255E+01	1.632E+01	2.354E+01	2.993E+01	3.542E+01
4	10	3.880E+00	5.781E+00	7.993E+00	1.036E+01	1.492E+01	1.896E+01	2.549E+01	3.045E+01	3.429E+01
4	11	1.490E+00	1.953E+00	2.384E+00	2.819E+00	3.646E+00	4.393E+00	5.654E+00	6.650E+00	7.436E+00
4	12	3.318E+00	4.557E+00	5.354E+00	5.973E+00	6.947E+00	7.759E+00	9.190E+00	1.046E+01	1.160E+01
4	13	3.706E+00	5.364E+00	6.551E+00	7.550E+00	9.130E+00	1.031E+01	1.196E+01	1.307E+01	1.387E+01
4	14	2.759E+00	4.077E+00	4.997E+00	5.696E+00	6.622E+00	7.160E+00	7.697E+00	7.924E+00	7.998E+00
4	15	3.020E+00	5.080E+00	6.517E+00	7.622E+00	9.2118+00	1.030E+01	1.169E+01	1.255E+01	1.306E+00
5	7	3.983E+00	4.345E+00	4.701E+00	5.153E+00	6.169E+00	7.180E+00	9.024E+00	1.062E+01	1.199E+01
5	8	1.259E+01	1.431E+01	1.661E+01	1.970E+01	2.708E+01	3.492E+01	5.002E+01	6.341E+01	7.488E+01
5	9	1.693E+01	2.015E+01	2.392E+01	2.862E+01	3.985E+01	5.258E+01	8.036E+01	1.090E+02	1.368E+02
5	10	1.558E+01	2.199E+01	2.963E+01	3.815E+01	5.554E+01	7.208E+01	1.014E+02	1.260E+02	1.463E+02
5	11	2.883E+00	3.827E+00	4.322E+00	4.688E+00	5.232E+00	5.628E+00	6.168E+00	6.511E+00	6.738E+00
5	12	1.046E+01	1.432E+01	1.659E+01	1.846E+01	2.156E+01	2.411E+01	2.814E+01	3.120E+01	3.356E+01
5	13	1.236E+01	1.828E+01	2.279E+01	2.662E+01	3.285E+01	3.784E+01	4.588E+01	5.240E+01	5.788E+01
5	14	1.105E+01	1.640E+01	2.019E+01	2.309E+01	2.708E+01	2.957E+01	3.243E+01	3.398E+01	3.484E+01
5	15	1.203E+01	1.902E+01	2.370E+01	2.733E+01	3.265E+01	3.650E+01	4.173E+01	4.512E+01	4.672E+01
6	7	3.957E+00	4.346E+00	4.498E+00	4.628E+00	4.889E+00	5.135E+00	5.555E+00	5.884E+00	6.140E+00
6	8	1.355E+01	1.455E+01	1.570E+01	1.706E+01	1.977E+01	2.212E+01	2.574E+01	2.828E+01	3.009E+01
6	9	2.908E+01	3.396E+01	3.937E+01	4.585E+01	6.007E+01	?.419E+01	9.976E+01	1.212E+02	1.390E+02
6	14	4.327E+01	5.920E+01	7.925E+01	1.035E+02	1.584E+02	2.168E+02	3.356E+02	4.485E+02	5.503E+02
6	11	2.653E+00	3.792E+00	4.373E+00	4.706E+00	5.000E+00	5.065E+00	4.969E+00	4.802E+00	4.634E+00
6	12	1.174E+01	1.583E+01	1.725E+01	1.800E+01	1.876E+01	1.909E+01	1.920E+01	1.902E+01	1.872E+01
6	13	2.082E+01	2.938E+01	3.468E+01	3.876E+01	4.481E+01	4.916E+01	5.515E+01	5.913E+01	6.193E+01
6	14	3.949E+01	5.915E+01	7.193E+01	8.274E+01	1.008E+02	1.156E+02	1.394E+02	1.581E+02	1.730E+02
6	15	2.810E+01	4.068E+01	4.831E+01	5.414E+01	6.297E+01	6.967E+01	7.977E+01	8.724E+01	9.296E+01
7	9	6.183E+02	6.153E+02	5.955E+02	5.762E+02	5.463E+02	5.260E+02	5.020E+02	4.895E+02	4.822E+02
7	10	1.368E+02	1.261E+02	1.170E+02	1.103E+02	1.016E+02	9.646E+01	9.088E+01	8.803E+01	8.633E+01
7	11	4.216E+00	6.981E+00	1.089E+01	1.539E+01	2.471E+01	3.363E+01	4.944E+01	6.246E+01	7.340E+01
7	12	8.482E+00	1.203E+01	1.574E+01	1.965E+01	2.742E+01	3.496E+01	4.929E+01	6.242E+01	7.422E+01
7	13	1.002E+01	1.573E+01	2.145E+01	2.740E+01	3.922E+01	5.043E+01	7.064E+01	8.774E+01	1.027E+02
7	14	1.604E+01	2.868E+01	3.898E+01	4.780E+01	6.180E+01	7.231E+01	8.713E+01	9.717E+01	1.041E+02
7	15	1.895E+01	3.267E+01	5.156E+01	4.808E+01	5.684E+01	6.234E+01	6.876E+01	7.232E+01	7.423E+01
8	10	8.394E+02	8.121E+02	7.711E+02	7.360E+02	6.851E+02	6.516E+02	6.120E+02	5.901E+02	5.764E+02
8	11	9.549E+00	1.507E+01	2.005E+01	2.456E+01	3.190E+01	3.774E+01	4.523E+01	5.048E+01	5.424E+01
8	12	2.816E+01	4.549E+01	6.392E+01	8.327E+01	1.216E+02	1.580E+02	2.238E+02	2.801E+02	3.312E+02
8	13	3.153E+01	4.750E+01	6.302E+01	7.947E+01	1.135E+02	1.479E+02	2.158E+02	2.797E+02	3.401E+02
8	14	4.763E+01	8.306E+01	1.141E+02	1.426E+02	1.927E+02	2.352E+02	3.044E+02	3.583E+02	4.010E+02
8	15	6.232E+01	1.105E+02	1.447E+02	1.713E+02	2.093E+02	2.349E+02	2.674E+02	2.874E+02	3.001E+02
9	11	1.108E+01	1.599E+01	1.893E+01	2.111E+01	2.417E+01	2.623E+01	2.898E+01	3.084E+01	3.221E+01
9	12	3.709E+01	5.667E+01	7.069E+01	8.231E+01	1.001E+02	1.128E+02	1.296E+02	1.401E+02	1.472E+02
9	13	7.151E+01	1.202E+02	1.637E+02	2.051E+02	2.804E+02	3.470E+02	4.608E+02	5.540E+02	6.350E+02
9	14	6.232E+01	1.080E+02	1.570E+02	2.090E+02	3.161E+02	4.244E+02	6.368E+02	8.318E+02	1.022E+03
9	15	1.288E+02	2.354E+02	3.186E+02	3.891E+02	5.026E+02	5.911E+02	7.244E+02	8.218E+02	8.959E+02
10	11	9.380E+00	1.200E+01	1.284E+01	1.320E+01	1.338E+01	1.337E+01	1.315E+01	1.291E+01	1.244E+01
10	12	3.386E+01	4.653E+01	5.200E+01	5.512E+01	5.824E+01	5.954E+01	6.002E+01	5.955E+01	5.792E+01
10	13	6.946E+01	1.053E+02	1.273E+02	1.433E+02	1.648E+02	1.824E+02	2.028E+02	2.143E+02	2.007E+02
10	14	1.511E+02	2.522E+02	3.305E+02	3.982E+02	5.099E+02	5.994E+02	7.383E+02	8.435E+02	9.288E+02
10	15	2.253E+02	4.237E+02	6.193E+02	8.161E+02	1.200E+03	1.569E+03	2.261E+03	2.888E+03	3.448E+03
11 	13	1.364E+03	1.434E+03	1.436E+03	1.433E+03	1.426E+03	1.419E+03	1.406E+03	1.394E+03	1.377E+03
11 	14	4.319E+02	4.451E+02	4.398E+02	4.343E+02	4.260E+02	4.201E+02	4.123E+02	4.071E+02	4.031E+02
11 	15	1.876E+02	1.783E+02	1.672E+02	1.591E+02	1.485E+02	1.415E+02	1.323E+02	1.261E+02	1.212E+02
12 	14	2.443E+03	2.517E+03	2.488E+03	2.458E+03	2.413E+03	2.379E+03	2.328E+03	2.292E+03	2.262E+03
12 	15	6.384E+02	6.459E+02	6.292E+02	6.147E+02	5.928E+02	5.765E+02	5.524E+02	5.347E+02	5.193E+02
13 	15	2.568E+03	2.586E+03	2.508E+03	2.442E+03	2.346E+03	2.276E+03	2.178E+03	2.109E+03	2.049E+03
