*****************************************************************************************

 Super level assignments for Nk III
 E%LS option with E%=5.0

*****************************************************************************************
66486                                            !Number of transitions         
27-Nov-2000                            !Date
1000                                   !Number of energy levels
6                                      !Entry number of link to super level
  
3d8_3Fe[4]                       9.0          0.0000     8.5081   3.524E+02     1     0      1
3d8_3Fe[3]                       7.0       1360.7000     8.4673   3.541E+02     1     0      2
3d8_3Fe[2]                       5.0       2269.6000     8.4401   3.552E+02     1     0      3
3d8_1De[2]                       5.0      14031.6000     8.0875   3.707E+02     2     0      4
3d8_3Pe[2]                       5.0      16661.6000     8.0086   3.743E+02     3     0      5
3d8_3Pe[1]                       3.0      16977.8000     7.9991   3.748E+02     3     0      6
3d8_3Pe[0]                       1.0      17230.7000     7.9915   3.751E+02     3     0      7
3d8_1Ge[4]                       9.0      23108.7000     7.8153   3.836E+02     4     0      8
3d8_1Se[0]                       1.0      52532.0000     6.9332   4.324E+02     5     0      9
3d7(4F)4s_5Fe[5]                11.0      53703.9300     6.8981   4.346E+02     6     0     10
3d7(4F)4s_5Fe[4]                 9.0      54657.8300     6.8695   4.364E+02     6     0     11
3d7(4F)4s_5Fe[3]                 7.0      55406.2900     6.8471   4.378E+02     6     0     12
3d7(4F)4s_5Fe[2]                 5.0      55952.2100     6.8307   4.389E+02     6     0     13
3d7(4F)4s_5Fe[1]                 3.0      56308.2400     6.8200   4.396E+02     6     0     14
3d7(4F)4s_3Fe[4]                 9.0      61338.5800     6.6692   4.495E+02     7     0     15
3d7(4F)4s_3Fe[3]                 7.0      62605.5800     6.6312   4.521E+02     7     0     16
3d7(4F)4s_3Fe[2]                 5.0      63471.9300     6.6053   4.539E+02     7     0     17
3d7(4P)4s_5Pe[3]                 7.0      71067.3500     6.3776   4.701E+02     8     0     18
3d7(4P)4s_5Pe[2]                 5.0      71384.1000     6.3681   4.708E+02     8     0     19
3d7(4P)4s_5Pe[1]                 3.0      71842.4200     6.3543   4.718E+02     8     0     20
3d7(2G)4s_3Ge[5]                11.0      75123.6500     6.2560   4.792E+02     9     0     21
3d7(2G)4s_3Ge[4]                 9.0      75646.6100     6.2403   4.804E+02     9     0     22
3d7(2G)4s_3Ge[3]                 7.0      76237.2500     6.2226   4.818E+02     9     0     23
3d7(4P)4s_3Pe[2]                 5.0      78303.5400     6.1606   4.866E+02     9     0     24
3d7(4P)4s_3Pe[1]                 3.0      78482.4300     6.1553   4.871E+02     9     0     25
3d7(4P)4s_3Pe[0]                 1.0      78657.5500     6.1500   4.875E+02     9     0     26
3d7(2P)4s_3Pe[2]                 5.0      79143.0100     6.1355   4.886E+02    10     0     27
3d7(2G)4s_1Ge[4]                 9.0      79250.1100     6.1323   4.889E+02    11     0     28
3d7(2P)4s_3Pe[1]                 3.0      79749.2200     6.1173   4.901E+02    10     0     29
3d7(2P)4s_3Pe[0]                 1.0      80621.1000     6.0912   4.922E+02    10     0     30
3d7(2H)4s_3He[6]                13.0      81686.8000     6.0592   4.948E+02    10     0     31
3d7(a2D)4s_3De[3]                7.0      82172.6000     6.0446   4.960E+02    10     0     32
3d7(2H)4s_3He[5]                11.0      82193.8000     6.0440   4.960E+02    10     0     33
3d7(a2D)4s_3De[1]                3.0      82277.2600     6.0415   4.962E+02    10     0     34
3d7(2H)4s_3He[4]                 9.0      82826.4000     6.0250   4.976E+02    10     0     35
3d7(a2D)4s_3De[2]                5.0      83033.4500     6.0188   4.981E+02    10     0     36
3d7(2P)4s_1Pe[1]                 3.0      84604.1000     5.9717   5.020E+02    12     0     37
3d7(2H)4s_1He[5]                11.0      85834.2000     5.9349   5.051E+02    12     0     38
3d7(a2D)4s_1De[2]                5.0      86645.8800     5.9105   5.072E+02    12     0     39
3d7(2F)4s_3Fe[2]                 5.0      97841.6000     5.5749   5.378E+02    13     0     40
3d7(2F)4s_3Fe[3]                 7.0      97995.8100     5.5703   5.382E+02    13     0     41
3d7(2F)4s_3Fe[4]                 9.0      98237.9300     5.5630   5.389E+02    13     0     42
3d7(2F)4s_1Fe[3]                 7.0     101954.9000     5.4516   5.499E+02    14     0     43
3d7(4F)4p_5Fo[5]                11.0     110212.8000     5.2040   5.761E+02    15     0     44
3d7(4F)4p_5Fo[4]                 9.0     110371.3500     5.1993   5.766E+02    15     0     45
3d7(4F)4p_5Fo[3]                 7.0     111221.2000     5.1738   5.794E+02    15     0     46
3d7(4F)4p_5Do[4]                 9.0     111898.6500     5.1535   5.817E+02    15     0     47
3d7(4F)4p_5Fo[2]                 5.0     111914.5300     5.1530   5.818E+02    15     0     48
3d7(4F)4p_5Fo[1]                 3.0     112401.6500     5.1384   5.834E+02    15     0     49
3d7(4F)4p_5Go[6]                13.0     112787.8500     5.1268   5.848E+02    15     0     50
3d7(4F)4p_5Do[3]                 7.0     112935.4300     5.1224   5.853E+02    15     0     51
3d7(4F)4p_5Go[5]                11.0     113140.9200     5.1162   5.860E+02    15     0     52
3d7(4F)4p_5Do[2]                 5.0     113651.4700     5.1009   5.877E+02    15     0     53
3d7(4F)4p_5Go[4]                 9.0     113705.1200     5.0993   5.879E+02    15     0     54
3d7(4F)4p_5Do[1]                 3.0     114095.6000     5.0876   5.893E+02    15     0     55
3d7(4F)4p_5Go[3]                 7.0     114110.2000     5.0872   5.893E+02    15     0     56
3d7(4F)4p_5Do[0]                 1.0     114295.4500     5.0816   5.900E+02    15     0     57
3d7(4F)4p_5Go[2]                 5.0     114371.0100     5.0794   5.902E+02    15     0     58
3d7(4F)4p_3Go[5]                11.0     115272.2600     5.0523   5.934E+02    16     0     59
3d7(4F)4p_3Fo[4]                 9.0     116191.9300     5.0248   5.966E+02    16     0     60
3d7(4F)4p_3Go[4]                 9.0     116674.3900     5.0103   5.984E+02    16     0     61
3d7(4F)4p_3Fo[3]                 7.0     117250.8000     4.9930   6.004E+02    16     0     62
3d7(4F)4p_3Go[3]                 7.0     117606.3500     4.9824   6.017E+02    16     0     63
3d7(4F)4p_3Fo[2]                 5.0     118114.9500     4.9671   6.036E+02    16     0     64
3d7(4F)4p_3Do[3]                 7.0     118745.2500     4.9482   6.059E+02    16     0     65
3d7(4F)4p_3Do[2]                 5.0     119669.5400     4.9205   6.093E+02    16     0     66
3d7(4F)4p_3Do[1]                 3.0     120272.3200     4.9024   6.115E+02    16     0     67
3d7(b2D)4s_3De[1]                3.0     121192.9300     4.8748   6.150E+02    17     0     68
3d7(b2D)4s_3De[2]                5.0     121411.6000     4.8683   6.158E+02    17     0     69
3d7(b2D)4s_3De[3]                7.0     121802.4500     4.8566   6.173E+02    17     0     70
3d7(4P)4p_5So[2]                 5.0     122282.4000     4.8422   6.191E+02    18     0     71
3d7(b2D)4s_1De[2]                5.0     125433.5500     4.7477   6.314E+02    19     0     72
3d7(4p)4p_5Do[2]                 5.0     129913.1000     4.6134   6.498E+02    20     0     73
3d7(4p)4p_5Do[3]                 7.0     129954.0000     4.6122   6.500E+02    20     0     74
3d7(4p)4p_5Do[1]                 3.0     129957.9500     4.6121   6.500E+02    20     0     75
3d7(4p)4p_5Do[0]                 1.0     130190.0500     4.6051   6.510E+02    20     0     76
3d7(4p)4p_5Do[4]                 9.0     130312.3000     4.6014   6.515E+02    20     0     77
3d7(4p)4p_3So[1]                 3.0     130863.5000     4.5849   6.539E+02    21     0     78
3d7(2G)4p_3Ho[5]                11.0     131500.5000     4.5658   6.566E+02    21     0     79
3d7(2G)4p_3Fo[4]                 9.0     131792.0200     4.5571   6.579E+02    21     0     80
3d7(2G)4p_3Ho[4]                 9.0     132156.5000     4.5462   6.594E+02    21     0     81
3d7(2G)4p_3Ho[6]                13.0     132168.6000     4.5458   6.595E+02    21     0     82
3d7(4p)4p_5Po[2]                 5.0     132818.2600     4.5263   6.623E+02    20     0     83
3d7(2P)4p_3Po[0]                 1.0     132864.8000     4.5249   6.625E+02    21     0     84
3d7(4p)4p_5Po[3]                 7.0     133095.8900     4.5180   6.636E+02    20     0     85
3d7(2G)4p_3Fo[3]                 7.0     133158.5000     4.5161   6.638E+02    21     0     86
3d7(2P)4p_3Po[1]                 3.0     133276.7000     4.5126   6.643E+02    21     0     87
3d7(2G)4p_1Go[4]                 9.0     133324.7000     4.5111   6.646E+02    22     0     88
3d7(4p)4p_5Po[1]                 3.0     133339.7000     4.5107   6.646E+02    20     0     89
3d7(4p)4p_3Do[3]                 7.0     133390.9400     4.5092   6.649E+02    21     0     90
3d7(4p)4p_3Do[2]                 5.0     133500.9700     4.5059   6.653E+02    21     0     91
3d7(2P)4p_3Po[2]                 5.0     133642.5800     4.5016   6.660E+02    21     0     92
3d7(2G)4p_3Go[5]                11.0     133692.0000     4.5001   6.662E+02    21     0     93
3d7(4p)4p_3Do[1]                 3.0     133839.5400     4.4957   6.668E+02    21     0     94
3d7(2G)4p_1Ho[5]                11.0     134217.6000     4.4844   6.685E+02    22     0     95
3d7(2G)4p_3Fo[2]                 5.0     134231.9000     4.4839   6.686E+02    21     0     96
3d7(2G)4p_3Go[3]                 7.0     134334.7900     4.4809   6.691E+02    21     0     97
3d7(2G)4p_3Go[4]                 9.0     134414.7700     4.4785   6.694E+02    21     0     98
3d7(2G)4p_1Fo[3]                 7.0     135023.2000     4.4602   6.721E+02    22     0     99
3d7(4p)4p_3Po[0]                 1.0     135334.9000     4.4509   6.736E+02    21     0    100
3d7(4p)4p_3Po[2]                 5.0     135350.3300     4.4504   6.736E+02    21     0    101
3d7(4p)4p_3Po[1]                 3.0     136098.7000     4.4280   6.770E+02    21     0    102
3d7(2P)4p_3Do[2]                 5.0     136813.2000     4.4066   6.803E+02    21     0    103
3d7(2P)4p_3Do[3]                 7.0     136967.0000     4.4019   6.810E+02    21     0    104
3d7(2H)4p_3Go[5]                11.0     137020.2000     4.4003   6.813E+02    23     0    105
3d7(2P)4p_3Do[1]                 3.0     137362.3600     4.3901   6.829E+02    21     0    106
3d7(2H)4p_3Io[6]                13.0     137391.3000     4.3892   6.830E+02    23     0    107
3d7(2P)4po[2]                    5.0     137631.6000     4.3820   6.841E+02    24     0    108
3d7(2H)4p_3Io[7]                15.0     137991.4000     4.3712   6.858E+02    23     0    109
3d7(2H)4p_3Go[4]                 9.0     138030.9000     4.3700   6.860E+02    23     0    110
3d7(2H)4p_3Io[5]                11.0     138060.4000     4.3692   6.862E+02    23     0    111
3d7(2P)4p_1So[0]                 1.0     138146.4800     4.3666   6.866E+02    22     0    112
3d7(a2D)4p_3Do[3]                7.0     138487.4000     4.3564   6.882E+02    23     0    113
3d7(2H)4p_3Go[3]                 7.0     138852.2000     4.3454   6.899E+02    23     0    114
3d7(a2D)4p_3Do[1]                3.0     138979.2000     4.3416   6.905E+02    23     0    115
3d7(a2D)4p_3Do[2]                5.0     139253.7000     4.3334   6.918E+02    23     0    116
3d7(2H)4p_1Io[6]                13.0     139633.9000     4.3220   6.936E+02    22     0    117
3d7(a2D)4p_3Fo[4]                9.0     140184.6500     4.3055   6.963E+02    23     0    118
3d7(a2D)4p_3Fo[3]                7.0     140544.5200     4.2947   6.981E+02    23     0    119
3d7(2P)4p_3So[1]                 3.0     140885.1500     4.2845   6.997E+02    23     0    120
3d7(a2D)4p_3Fo[2]                5.0     140885.4000     4.2845   6.997E+02    23     0    121
3d7(2P)4p_1Po[1]                 3.0     141414.1000     4.2686   7.023E+02    25     0    122
3d7(2H)4p_3Ho[6]                13.0     142187.8000     4.2454   7.062E+02    23     0    123
3d7(a2D)4p_1Do[2]                5.0     142433.9500     4.2380   7.074E+02    25     0    124
3d7(2H)4p_3Ho[5]                11.0     142575.6000     4.2338   7.081E+02    23     0    125
3d7(2H)4p_3Ho[4]                 9.0     143002.7000     4.2210   7.102E+02    23     0    126
3d7(a2D)4p_3Po[2]                5.0     143560.1600     4.2043   7.131E+02    26     0    127
3d7(a2D)4p_1Fo[3]                7.0     143864.8000     4.1952   7.146E+02    25     0    128
3d7(2H)4p_1Go[4]                 9.0     144153.0000     4.1865   7.161E+02    25     0    129
3d7(a2D)4p_3Po[1]                3.0     144624.5500     4.1724   7.185E+02    26     0    130
3d7(a2D)4p_3Po[0]                1.0     145088.4500     4.1585   7.209E+02    26     0    131
3d7(a2D)4p_1Po[1]                3.0     145950.1500     4.1326   7.254E+02    25     0    132
3d7(2H)4p_1Ho[5]                11.0     146325.8000     4.1214   7.274E+02    25     0    133
3d6_4s2_5De[4]                   9.0     153256.3500     3.9136   7.660E+02    27     0    134
3d6_4s2_5De[3]                   7.0     154170.3700     3.8862   7.714E+02    27     0    135
3d6(5D)4s2_5De[2]                5.0     154671.5840     3.8712   7.744E+02    27     0    136
3d6(5D)4s2_5De[1]                3.0     155039.0520     3.8602   7.766E+02    27     0    137
3d7(2F)4p_1Do[2]                 5.0     155071.0000     3.8592   7.768E+02    28     0    138
3d6(5D)4s2_5De[0]                1.0     155218.5580     3.8548   7.777E+02    27     0    139
3d7(2F)4p_3Go[3]                 7.0     155443.3000     3.8480   7.791E+02    29     0    140
3d7(2F)4p_3Go[4]                 9.0     155841.4000     3.8361   7.815E+02    29     0    141
3d7(2F)4p_3Fo[3]                 7.0     156411.2000     3.8190   7.850E+02    29     0    142
3d7(2F)4p_3Fo[2]                 5.0     156522.8700     3.8157   7.857E+02    29     0    143
3d7(2F)4p_3Go[5]                11.0     156808.7000     3.8071   7.875E+02    29     0    144
3d7(2F)4p_3Do[3]                 7.0     156853.0000     3.8058   7.877E+02    29     0    145
3d7(2F)4p_3Fo[4]                 9.0     156972.0800     3.8022   7.885E+02    29     0    146
3d7(2F)4p_3Do[2]                 5.0     157154.2700     3.7967   7.896E+02    29     0    147
3d7(2F)4p_3Do[1]                 3.0     157235.1600     3.7943   7.901E+02    29     0    148
3d7(2F)4p_1Go[4]                 9.0     157375.4200     3.7901   7.910E+02    28     0    149
3d7(2F)4p_1Fo[3]                 7.0     161754.8900     3.6588   8.194E+02    28     0    150
3d7(b2D)4p_3Po[2]                5.0     176487.1000     3.2172   9.319E+02    30     0    151
3d7(b2D)4p_3Po[1]                3.0     176583.2000     3.2143   9.327E+02    30     0    152
3d7(b2D)4p_3Po[0]                1.0     176736.4000     3.2097   9.340E+02    30     0    153
3d7(b2D)4p_3Fo[2]                5.0     177805.6000     3.1776   9.434E+02    30     0    154
3d7(b2D)4p_3Fo[3]                7.0     178451.5000     3.1583   9.492E+02    30     0    155
3d7(b2D)4p_3Fo[4]                9.0     179282.0000     3.1334   9.568E+02    30     0    156
3d6(3P)4s2_3Pe[2]                5.0     179977.4460     3.1125   9.632E+02    31     0    157
3d6(3H)4s2_3He[6]               13.0     179978.1190     3.1125   9.632E+02    31     0    158
3d6(3H)4s2_3He[5]               11.0     180368.5880     3.1008   9.668E+02    31     0    159
3d6(3H)4s2_3He[4]                9.0     180624.6210     3.0931   9.692E+02    31     0    160
3d7(4F)4d_5Fe[5]                11.0     181019.0800     3.0813   9.729E+02    32     0    161
3d7(b2D)4p_1Po[1]                3.0     181203.4000     3.0758   9.747E+02    33     0    162
3d7(4F)4d_5Fe[4]                 9.0     181482.9500     3.0674   9.774E+02    32     0    163
3d7(b2D)4p_1Fo[3]                7.0     181658.4000     3.0621   9.790E+02    33     0    164
3d7(4F)4d_5Ge[6]                13.0     181840.0000     3.0567   9.808E+02    32     0    165
3d7(4F)4d_5Fe[3]                 7.0     181996.7000     3.0520   9.823E+02    32     0    166
3d7(4F)5s_5Fe[5]                11.0     181998.1500     3.0519   9.823E+02    32     0    167
3d6(3F)4s2_3Fe[4]                9.0     182212.2710     3.0455   9.844E+02    31     0    168
3d7(4F)4d_5Ge[5]                11.0     182327.1300     3.0421   9.855E+02    32     0    169
3d6(3P)4s2_3Pe[1]                3.0     182442.9890     3.0386   9.866E+02    31     0    170
3d7(4F)4d_5He[7]                15.0     182508.3000     3.0366   9.872E+02    32     0    171
3d7(4F)4d_5Pe[3]                 7.0     182524.6900     3.0362   9.874E+02    32     0    172
3d7(4F)4d_5Fe[2]                 5.0     182587.8300     3.0343   9.880E+02    32     0    173
3d6(3F)4s2_3Fe[3]                7.0     182648.7090     3.0324   9.886E+02    31     0    174
3d7(4F)5s_5Fe[4]                 9.0     182798.2000     3.0280   9.901E+02    32     0    175
3d6(3F)4s2_3Fe[2]                5.0     183008.7270     3.0216   9.921E+02    31     0    176
3d7(4F)4d_5Fe[1]                 3.0     183035.2500     3.0209   9.924E+02    32     0    177
3d7(4F)4d_5Ge[4]                 9.0     183041.4500     3.0207   9.925E+02    32     0    178
3d7(4F)4d_3Ge[5]                11.0     183052.2000     3.0203   9.926E+02    31     0    179
3d7(4F)4d_5He[6]                13.0     183126.1900     3.0181   9.933E+02    32     0    180
3d6(3P)4s2_3Pe[0]                1.0     183358.8650     3.0111   9.956E+02    31     0    181
3d7(4F)4d_5De[4]                 9.0     183464.8800     3.0080   9.967E+02    32     0    182
3d7(4F)4d_5Pe[2]                 5.0     183575.5800     3.0047   9.978E+02    32     0    183
3d7(4F)5s_5Fe[3]                 7.0     183612.6700     3.0035   9.981E+02    32     0    184
3d7(4F)4d_5Ge[3]                 7.0     183637.7600     3.0028   9.984E+02    32     0    185
3d7(b2D)4p_3Do[1]                3.0     183717.0000     3.0004   9.992E+02    30     0    186
3d7(4F)4d_3De[3]                 7.0     183839.4700     2.9967   1.000E+03    31     0    187
3d7(4F)4d_3Ge[4]                 9.0     183859.7200     2.9961   1.001E+03    31     0    188
3d7(b2D)4p_3Do[2]                5.0     183872.0000     2.9958   1.001E+03    30     0    189
3d7(4F)4d_5He[5]                11.0     183904.8800     2.9948   1.001E+03    32     0    190
3d7(4F)5s_3Fe[4]                 9.0     184037.6200     2.9908   1.002E+03    31     0    191
3d7(4F)4d_5Ge[2]                 5.0     184124.8600     2.9882   1.003E+03    32     0    192
3d7(4F)4d_3He[6]                13.0     184166.5700     2.9869   1.004E+03    31     0    193
3d7(4F)5s_5Fe[2]                 5.0     184220.3500     2.9853   1.004E+03    32     0    194
3d7(4F)4d_3Ge[3]                 7.0     184346.5000     2.9815   1.005E+03    31     0    195
3d7(4F)4d_5Pe[1]                 3.0     184375.6800     2.9807   1.006E+03    32     0    196
3d7(2D)4p_1Do[2]                 5.0     184424.5110     2.9792   1.006E+03    33     0    197
3d7(4F)4d_5He[4]                 9.0     184510.7500     2.9766   1.007E+03    32     0    198
3d7(4F)4d_5De[3]                 7.0     184518.2000     2.9764   1.007E+03    32     0    199
3d7(4F)5s_5Fe[1]                 3.0     184609.5700     2.9737   1.008E+03    32     0    200
3d7(4F)4d_3De[2]                 5.0     184623.5400     2.9732   1.008E+03    31     0    201
3d7(b2D)4p_3Do[3]                7.0     184723.1000     2.9703   1.009E+03    30     0    202
3d7(4F)4d_3He[5]                11.0     184805.6200     2.9678   1.010E+03    31     0    203
3d7(4F)4d_5He[3]                 7.0     184944.9500     2.9636   1.012E+03    32     0    204
3d7(4F)4d_5De[2]                 5.0     185067.1500     2.9599   1.013E+03    32     0    205
3d7(4F)4d_5De[1]                 3.0     185116.0500     2.9585   1.013E+03    32     0    206
3d7(4F)4d_5De[0]                 1.0     185147.2300     2.9575   1.014E+03    32     0    207
3d7(4F)5s_3Fe[3]                 7.0     185248.1500     2.9545   1.015E+03    31     0    208
3d7(4F)4d_3De[1]                 3.0     185543.7000     2.9456   1.018E+03    31     0    209
3d7(4F)4d_3He[4]                 9.0     185639.1300     2.9428   1.019E+03    31     0    210
3d7(4F)5s_3Fe[2]                 5.0     186073.4000     2.9298   1.023E+03    31     0    211
3d6(3G)4s2_3Ge[5]               11.0     186243.1250     2.9247   1.025E+03    31     0    212
3d6(3G)4s2_3Ge[4]                9.0     186997.6800     2.9021   1.033E+03    31     0    213
3d6(3G)4s2_3Ge[3]                7.0     187340.3500     2.8918   1.037E+03    31     0    214
3d7(4F)4d_3Fe[4]                 9.0     187351.8800     2.8914   1.037E+03    31     0    215
3d7(4F)4d_3Pe[2]                 5.0     187493.3800     2.8872   1.038E+03    31     0    216
3d7(4F)4d_3Fe[3]                 7.0     188140.5400     2.8678   1.045E+03    31     0    217
3d7(4F)4d_3Pe[1]                 3.0     188542.8200     2.8557   1.050E+03    31     0    218
3d7(4F)4d_3Fe[2]                 5.0     188622.8700     2.8533   1.051E+03    31     0    219
3d7(4F)4d_3Pe[0]                 1.0     189056.9000     2.8403   1.055E+03    31     0    220
3d6(5D)4s4p_7Do[5]              11.0     192921.6060     2.7245   1.100E+03    34     0    221
3d6(5D)4s4p_7Do[4]               9.0     193204.0210     2.7160   1.104E+03    34     0    222
3d6(5D)4s4p_7Do[3]               7.0     193549.1230     2.7057   1.108E+03    34     0    223
3d6(3D)4s2_3De[2]                5.0     193643.6220     2.7028   1.109E+03    35     0    224
3d6(3D)4s2_3De[1]                3.0     193646.2840     2.7027   1.109E+03    35     0    225
3d6(5D)4s4p_7Do[2]               5.0     193851.0730     2.6966   1.112E+03    34     0    226
3d6(3D)4s2_3De[3]                7.0     193875.5490     2.6959   1.112E+03    35     0    227
3d6(1I)4s2_1Ie[6]               13.0     193885.2620     2.6956   1.112E+03    36     0    228
3d6(5D)4s4p_7Do[1]               3.0     194069.1130     2.6901   1.114E+03    34     0    229
3d6(1G)4s2_1Ge[4]                9.0     194391.1700     2.6804   1.118E+03    36     0    230
3d6(5D)4s4p_7Fo[6]              13.0     198447.3050     2.5588   1.172E+03    34     0    231
3d7(4P)4d_5Pe[1]                 3.0     198476.3260     2.5579   1.172E+03    37     0    232
3d7(4P)4d_5Pe[2]                 5.0     198611.5170     2.5539   1.174E+03    37     0    233
3d6(5D)4s4p_7Fo[5]              11.0     198645.5150     2.5529   1.174E+03    34     0    234
3d6(5D)4s4p_7Fo[4]               9.0     198768.8080     2.5492   1.176E+03    34     0    235
3d7(4P)4d_5Pe[3]                 7.0     198849.4370     2.5468   1.177E+03    37     0    236
3d6(5D)4s4p_7Fo[3]               7.0     198855.1670     2.5466   1.177E+03    34     0    237
3d6(5D)4s4p_7Fo[2]               5.0     198906.8800     2.5450   1.178E+03    34     0    238
3d6(5D)4s4p_7Fo[1]               3.0     198934.0820     2.5442   1.178E+03    34     0    239
3d6(5D)4s4p_7Fo[0]               1.0     198945.2310     2.5439   1.178E+03    34     0    240
3d6(1S)4s2_1Se[0]                1.0     199124.7190     2.5385   1.181E+03    36     0    241
3d7(4F)5p_5Fo[5]                11.0     199919.0800     2.5147   1.192E+03    38     0    242
3d7(4P)4d_5Fe[5]                11.0     199950.3720     2.5137   1.193E+03    37     0    243
3d7(4P)4d_5Fe[4]                 9.0     200055.6290     2.5106   1.194E+03    37     0    244
3d7(4F)5p_5Fo[4]                 9.0     200076.3500     2.5100   1.194E+03    38     0    245
3d7(4P)4d_5Fe[3]                 7.0     200204.7270     2.5061   1.196E+03    37     0    246
3d7(4P)4d_5Fe[2]                 5.0     200376.5450     2.5010   1.199E+03    37     0    247
3d7(4P)5s_5Pe[3]                 7.0     200480.9190     2.4978   1.200E+03    37     0    248
3d7(4P)4d_5Fe[1]                 3.0     200537.2620     2.4962   1.201E+03    37     0    249
3d6(5D)4s4p_7Po[4]               9.0     200691.4590     2.4915   1.203E+03    39     0    250
3d7(4P)5s_5Pe[2]                 5.0     200744.6080     2.4899   1.204E+03    37     0    251
3d7(4F)5p_5Go[6]                13.0     200747.0600     2.4899   1.204E+03    38     0    252
3d7(4F)5p_5Do[4]                 9.0     200935.6000     2.4842   1.207E+03    38     0    253
3d7(4F)5p_5Fo[3]                 7.0     200962.9700     2.4834   1.207E+03    38     0    254
3d7(4F)5p_5Go[5]                11.0     201033.6800     2.4813   1.208E+03    38     0    255
3d7(4P)5s_5Pe[1]                 3.0     201197.9430     2.4763   1.211E+03    37     0    256
3d7(4P)4d_3Fe[4]                 9.0     201571.6250     2.4651   1.216E+03    35     0    257
3d7(4P)4d_3Fe[3]                 7.0     201573.5640     2.4651   1.216E+03    35     0    258
3d7(4F)5p_5Fo[2]                 5.0     201725.2300     2.4605   1.218E+03    38     0    259
3d7(2G)4d_3De[3]                 7.0     201782.0010     2.4588   1.219E+03    35     0    260
3d7(4F)5p_5Do[3]                 7.0     201829.4600     2.4574   1.220E+03    38     0    261
3d7(4P)5s_3Pe[2]                 5.0     201855.9620     2.4566   1.220E+03    35     0    262
3d6(5D)4s4p_7Po[3]               7.0     201891.6330     2.4556   1.221E+03    39     0    263
3d7(4P)4d_3Fe[2]                 5.0     201926.9590     2.4545   1.221E+03    35     0    264
3d7(4F)5p_5Go[4]                 9.0     201969.9000     2.4532   1.222E+03    38     0    265
3d7(2G)4d_3Ie[7]                15.0     201976.0070     2.4530   1.222E+03    35     0    266
3d7(4P)4d_5De[0]                 1.0     202064.4550     2.4504   1.223E+03    37     0    267
3d7(4F)5p_3Fo[4]                 9.0     202074.3300     2.4501   1.224E+03    40     0    268
3d7(4P)4d_5De[4]                 9.0     202108.7700     2.4490   1.224E+03    37     0    269
3d7(4F)5p_3Go[5]                11.0     202125.8400     2.4485   1.224E+03    40     0    270
3d7(2G)4d_3Ie[6]                13.0     202128.7080     2.4484   1.224E+03    35     0    271
3d7(4P)4d_5De[1]                 3.0     202161.7400     2.4475   1.225E+03    37     0    272
3d7(4P)5s_3Pe[1]                 3.0     202257.8250     2.4446   1.226E+03    35     0    273
3d7(4F)5p_5Fo[1]                 3.0     202263.0800     2.4444   1.226E+03    38     0    274
3d7(2G)5s_3Ge[5]                11.0     202295.5590     2.4434   1.227E+03    41     0    275
3d7(4P)4d_5De[2]                 5.0     202313.7550     2.4429   1.227E+03    37     0    276
3d7(4P)4d_5De[3]                 7.0     202328.7320     2.4424   1.227E+03    37     0    277
3d6(1D)4s2_1De[2]                5.0     202407.3960     2.4401   1.229E+03    36     0    278
3d6(1D)4s2_1Dbe[2]               5.0     202484.6270     2.4378   1.230E+03    36     0    279
3d7(4F)5p_5Do[2]                 5.0     202487.8200     2.4377   1.230E+03    38     0    280
3d7(2G)5s_3Gbe[5]               11.0     202490.3060     2.4376   1.230E+03    35     0    281
3d7(4F)5p_5Go[3]                 7.0     202608.2000     2.4341   1.232E+03    38     0    282
3d7(2G)4d_3Ie[5]                11.0     202615.3080     2.4339   1.232E+03    35     0    283
3d7(4F)5p_3Do[3]                 7.0     202624.5100     2.4336   1.232E+03    40     0    284
3d7(2G)5s_3Ge[4]                 9.0     202638.6710     2.4332   1.232E+03    41     0    285
3d7(2G)4d_1Fe[3]                 7.0     202657.8850     2.4326   1.232E+03    36     0    286
3d6(5D)4s4p_7Po[2]               5.0     202683.9300     2.4318   1.233E+03    39     0    287
3d7(2G)4d_3De[1]                 3.0     202686.2340     2.4317   1.233E+03    35     0    288
3d7(4P)5s_3Pe[0]                 1.0     202686.5470     2.4317   1.233E+03    35     0    289
3d7(2G)4d_3He[6]                13.0     202741.3420     2.4301   1.234E+03    41     0    290
3d7(2G)4d_3Ge[4]                 9.0     202794.2520     2.4285   1.234E+03    35     0    291
3d7(4F)5p_5Do[1]                 3.0     202898.9400     2.4254   1.236E+03    38     0    292
3d7(4F)5p_5Go[2]                 5.0     203020.0700     2.4217   1.238E+03    38     0    293
3d7(4F)5p_5Do[0]                 1.0     203078.4600     2.4200   1.239E+03    38     0    294
3d7(2G)4d_3Ibe[5]               11.0     203186.4390     2.4167   1.240E+03    35     0    295
3d7(4F)5p_3Go[4]                 9.0     203197.3300     2.4164   1.241E+03    40     0    296
3d7(2G)4d_3Ge[3]                 7.0     203329.7310     2.4124   1.243E+03    35     0    297
3d7(4F)5p_3Fo[3]                 7.0     203360.5200     2.4115   1.243E+03    40     0    298
3d7(4P)4d_3De[3]                 7.0     203482.1990     2.4079   1.245E+03    41     0    299
3d7(4P)4d_3De[2]                 5.0     203540.6140     2.4061   1.246E+03    41     0    300
3d7(2G)5s_3Ge[3]                 7.0     203548.0550     2.4059   1.246E+03    41     0    301
3d7(2G)4d_1Ie[6]                13.0     203612.4900     2.4040   1.247E+03    42     0    302
3d7(4P)4d_3De[1]                 3.0     203664.7390     2.4024   1.248E+03    41     0    303
3d7(4F)5p_3Fo[2]                 5.0     203739.6500     2.4001   1.249E+03    40     0    304
3d7(2G)4d_3He[4]                 9.0     203756.0170     2.3997   1.249E+03    41     0    305
3d7(2G)5s_1Ge[4]                 9.0     203895.2660     2.3955   1.251E+03    42     0    306
3d7(4P)4d_3Pe[1]                 3.0     203911.1300     2.3950   1.252E+03    41     0    307
3d7(4P)4d_3Pe[0]                 1.0     203916.9010     2.3948   1.252E+03    41     0    308
3d7(2G)4d_1He[5]                11.0     203965.3500     2.3934   1.253E+03    42     0    309
3d7(4F)5p_3Go[3]                 7.0     203976.3500     2.3931   1.253E+03    40     0    310
3d7(4F)5p_3Do[2]                 5.0     204242.0700     2.3851   1.257E+03    40     0    311
3d7(4P)4d_3Pe[2]                 5.0     204316.0490     2.3829   1.258E+03    41     0    312
3d7(5D)4sp_5Do[4]                9.0     204404.1200     2.3802   1.260E+03    38     0    313
3d7(4F)5p_3Do[1]                 3.0     204677.9500     2.3720   1.264E+03    40     0    314
3d7(5D)4sp_5Do[3]                7.0     204714.9300     2.3709   1.264E+03    38     0    315
3d7(2G)4d_1De[2]                 5.0     204935.8160     2.3643   1.268E+03    42     0    316
3d7(5D)4sp_5Do[2]                5.0     205062.5100     2.3605   1.270E+03    38     0    317
3d7(2G)4d_3Fe[4]                 9.0     205079.8010     2.3600   1.270E+03    41     0    318
3d7(5D)4sp_5Do[1]                3.0     205327.0000     2.3526   1.274E+03    38     0    319
3d7(2G)4d_1Ge[4]                 9.0     205365.4020     2.3514   1.275E+03    42     0    320
3d7(2G)4d_3Fe[3]                 7.0     205445.7250     2.3490   1.276E+03    41     0    321
3d7(5D)4sp_5Do[0]                1.0     205466.0000     2.3484   1.277E+03    38     0    322
3d7(2G)4d_3Fe[2]                 5.0     205961.2630     2.3335   1.285E+03    41     0    323
3d7(2P)4d_3De[1]                 3.0     206437.0500     2.3193   1.293E+03    41     0    324
3d7(2P)4d_3De[3]                 7.0     206662.7750     2.3125   1.296E+03    41     0    325
3d7(2P)4d_3De[2]                 5.0     206678.5380     2.3120   1.297E+03    41     0    326
3d7(5D)4sp_5Fo[5]               11.0     206925.1800     2.3046   1.301E+03    38     0    327
3d7(2P)5s_3Pe[2]                 5.0     206959.1680     2.3036   1.301E+03    41     0    328
3d7(2P)5s_3Pe[1]                 3.0     207072.6860     2.3002   1.303E+03    41     0    329
3d7(2P)4d_1Fe[3]                 7.0     207190.6340     2.2967   1.305E+03    42     0    330
3d7(2P)4d_3Fe[4]                 9.0     207263.7960     2.2945   1.307E+03    41     0    331
3d7(2P)4d_3Pe[0]                 1.0     207281.2510     2.2940   1.307E+03    41     0    332
3d7(5D)4sp_5Fo[4]                9.0     207382.1000     2.2910   1.309E+03    38     0    333
3d7(2P)5s_3Pbe[1]                3.0     207620.8370     2.2838   1.313E+03    41     0    334
3d7(5D)4sp_5Fo[3]                7.0     207744.3000     2.2801   1.315E+03    38     0    335
3d7(5D)4sp_5Fo[2]                5.0     208005.7000     2.2723   1.319E+03    38     0    336
3d6(5D)4s4p_5Fo[1]               3.0     208093.9610     2.2696   1.321E+03    43     0    337
3d7(2P)4d_3Fe[3]                 7.0     208137.6890     2.2683   1.322E+03    41     0    338
3d7(2P)4d_3Fe[2]                 5.0     208152.4150     2.2679   1.322E+03    41     0    339
3d7(2P)5s_1Pe[1]                 3.0     208244.7630     2.2651   1.324E+03    42     0    340
3d7(2P)5s_3Pe[0]                 1.0     208299.4990     2.2634   1.324E+03    41     0    341
3d7(2H)4d_3Ke[8]                17.0     208521.3210     2.2568   1.328E+03    41     0    342
3d7(2H)4d_3Ke[7]                15.0     208583.7360     2.2549   1.329E+03    41     0    343
3d7(2P)4d_3Pe[2]                 5.0     208630.0900     2.2535   1.330E+03    41     0    344
3d7(2H)4d_1Fe[3]                 7.0     208902.3920     2.2454   1.335E+03    42     0    345
3d7(2H)4d_3Ge[5]                11.0     209025.9160     2.2417   1.337E+03    41     0    346
3d7(2P)4d_1Pe[1]                 3.0     209107.4240     2.2392   1.339E+03    42     0    347
3d7(2D)4d_3Fe[4]                 9.0     209202.5290     2.2364   1.341E+03    41     0    348
3d7(2D)4d_3De[3]                 7.0     209310.2100     2.2331   1.342E+03    41     0    349
3d7(2H)4d_3Ke[6]                13.0     209410.5430     2.2301   1.344E+03    41     0    350
3d7(2D)4d_3De[2]                 5.0     209501.2720     2.2274   1.346E+03    41     0    351
3d7(2H)5s_3He[6]                13.0     209513.3580     2.2271   1.346E+03    41     0    352
3d7(2D)5s_3De[3]                 7.0     209573.6510     2.2252   1.347E+03    41     0    353
3d7(2H)4d_3Ge[4]                 9.0     209692.2690     2.2217   1.349E+03    41     0    354
3d7(2H)4d_1Ke[7]                15.0     209717.1710     2.2209   1.350E+03    42     0    355
3d7(2H)5s_3He[5]                11.0     209763.8700     2.2195   1.351E+03    41     0    356
3d7(2D)5s_3Dbe[3]                7.0     209838.4470     2.2173   1.352E+03    41     0    357
3d7(2D)4d_3Ge[5]                11.0     209918.8650     2.2149   1.354E+03    41     0    358
3d7(2D)4d_3Fe[2]                 5.0     209977.6780     2.2131   1.355E+03    41     0    359
3d7(2H)4d_3Ge[3]                 7.0     210079.0810     2.2101   1.356E+03    41     0    360
3d6(5D)4s4p_5Po[3]               7.0     210084.3190     2.2099   1.357E+03    43     0    361
3d7(2D)4d_3Fbe[2]                5.0     210130.4730     2.2086   1.357E+03    41     0    362
3d7(2D)4d_3Ge[4]                 9.0     210170.1410     2.2074   1.358E+03    41     0    363
3d7(2D)4d_1Pe[1]                 3.0     210248.1940     2.2050   1.360E+03    42     0    364
3d7(2H)4d_3Ie[7]                15.0     210260.9320     2.2046   1.360E+03    41     0    365
3d6(1F)4s2_1Fe[3]                7.0     210273.9280     2.2043   1.360E+03    42     0    366
3d7(2H)4d_3Ie[6]                13.0     210527.4300     2.1967   1.365E+03    41     0    367
3d7(2H)5s_3He[4]                 9.0     210532.3790     2.1965   1.365E+03    41     0    368
3d7(2H)4d_1He[5]                11.0     210612.5000     2.1941   1.366E+03    42     0    369
3d7(2D)4d_3Se[1]                 3.0     210899.3350     2.1855   1.372E+03    41     0    370
3d7(2H)4d_3He[6]                13.0     210951.8530     2.1839   1.373E+03    41     0    371
3d6(5D)4s4p_5Po[2]               5.0     211017.1750     2.1820   1.374E+03    43     0    372
3d7(2H)5s_1He[5]                11.0     211034.4900     2.1815   1.374E+03    42     0    373
3d7(2H)4d_3Ie[5]                11.0     211255.0060     2.1748   1.378E+03    41     0    374
3d7(2D)4d_3Dbe[2]                5.0     211364.6770     2.1716   1.381E+03    41     0    375
3d7(2D)5s_3De[1]                 3.0     211551.7820     2.1659   1.384E+03    41     0    376
3d6(5D)4s4p_5Po[1]               3.0     211596.0130     2.1646   1.385E+03    43     0    377
3d6(1F)4s2_1Fbe[3]               7.0     211665.8570     2.1625   1.386E+03    42     0    378
3d7(2D)4d_3De[1]                 3.0     211679.4380     2.1621   1.387E+03    41     0    379
3d7(2H)4d_3He[4]                 9.0     211748.9410     2.1600   1.388E+03    41     0    380
3d7(2D)5s_1De[2]                 5.0     211795.5810     2.1586   1.389E+03    42     0    381
3d7(2H)4d_3He[5]                11.0     211823.3500     2.1578   1.389E+03    41     0    382
3d7(2D)4d_1Fe[3]                 7.0     211855.7800     2.1568   1.390E+03    42     0    383
3d7(2D)4d_1Ge[4]                 9.0     211942.9870     2.1542   1.392E+03    42     0    384
3d7(5D)4sp_3Do[3]                7.0     212312.5000     2.1431   1.399E+03    44     0    385
3d7(2H)4d_1Ie[6]                13.0     212486.9680     2.1379   1.402E+03    42     0    386
3d7(5D)4sp_3Fo[4]                9.0     212837.7000     2.1274   1.409E+03    44     0    387
3d7(5D)4sp_3Do[2]                5.0     213016.8000     2.1220   1.413E+03    44     0    388
3d7(5D)4sp_3Do[1]                3.0     213490.0000     2.1078   1.422E+03    44     0    389
3d7(2D)4d_3Pe[2]                 5.0     213650.9230     2.1030   1.426E+03    45     0    390
3d7(5D)4sp_3Fo[3]                7.0     213979.6700     2.0932   1.432E+03    44     0    391
3d7(5D)4sp_3Fo[2]                5.0     214744.0000     2.0702   1.448E+03    44     0    392
3d7(2D)4d_3Pe[0]                 1.0     214787.8210     2.0689   1.449E+03    45     0    393
3d7(2D)4d_3Pe[1]                 3.0     214974.5280     2.0633   1.453E+03    45     0    394
3d7(4P)5p_5So[2]                 5.0     216283.9050     2.0241   1.481E+03    43     0    395
3d6(5D)4s4p_3Po[2]               5.0     216846.1220     2.0072   1.494E+03    44     0    396
3d7(2H)4d_3Fe[4]                 9.0     216868.1260     2.0066   1.494E+03    45     0    397
3d7(2D)4d_1Se[0]                 1.0     217275.1150     1.9944   1.503E+03    46     0    398
3d6(5D)4s4p_3Po[1]               3.0     217540.8440     1.9864   1.509E+03    44     0    399
3d6(5D)4s4p_3Po[0]               1.0     217854.2680     1.9770   1.516E+03    44     0    400
3d7(2H)4d_3Fe[3]                 7.0     217868.6860     1.9766   1.517E+03    45     0    401
3d7(4P)5p_5Do[4]                 9.0     218114.4560     1.9692   1.522E+03    43     0    402
3d7(4P)5p_5Do[3]                 7.0     218142.2050     1.9684   1.523E+03    43     0    403
3d7(4P)5p_5Do[2]                 5.0     218280.7870     1.9642   1.526E+03    43     0    404
3d7(2H)4d_3Fe[2]                 5.0     218395.3150     1.9608   1.529E+03    45     0    405
3d7(4P)5p_5Do[1]                 3.0     218464.1130     1.9587   1.531E+03    43     0    406
3d7(4P)5p_5Do[0]                 1.0     218680.7870     1.9522   1.536E+03    43     0    407
3d6(3P)4s2_3Pbe[0]               1.0     218829.6380     1.9478   1.539E+03    45     0    408
3d7(4P)5p_3So[1]                 3.0     218938.0390     1.9445   1.542E+03    44     0    409
3d7(4P)5p_5Po[3]                 7.0     219336.6610     1.9326   1.551E+03    47     0    410
3d7(4P)5p_3Do[3]                 7.0     219437.3010     1.9295   1.554E+03    44     0    411
3d7(4P)5p_5Po[2]                 5.0     219526.8710     1.9269   1.556E+03    47     0    412
3d7(4P)5p_5Po[1]                 3.0     219595.3680     1.9248   1.558E+03    47     0    413
3d6(3P)4s2_3Pbe[1]               3.0     219603.2690     1.9246   1.558E+03    45     0    414
3d7(4P)5p_3Do[2]                 5.0     219779.1490     1.9193   1.562E+03    44     0    415
3d7(4P)5p_3Do[1]                 3.0     220076.1660     1.9104   1.569E+03    44     0    416
3d7(2G)5p_3Fo[4]                 9.0     220129.0800     1.9088   1.571E+03    44     0    417
3d7(2G)5p_3Ho[5]                11.0     220228.9430     1.9058   1.573E+03    44     0    418
3d7(2G)5p_3Ho[6]                13.0     220301.8610     1.9036   1.575E+03    44     0    419
3d7(4P)5p_3Po[2]                 5.0     220397.5530     1.9008   1.577E+03    44     0    420
3d7(2H)4d_1Ge[4]                 9.0     220482.0150     1.8982   1.579E+03    46     0    421
3d6(3F)4s2_3Fbe[2]               5.0     220522.5760     1.8970   1.580E+03    45     0    422
3d6(3F)4s2_3Fbe[4]               9.0     220572.0480     1.8955   1.582E+03    45     0    423
3d7(4P)5p_3Po[0]                 1.0     220624.5360     1.8940   1.583E+03    44     0    424
3d7(2G)5p_3Fo[3]                 7.0     220695.8480     1.8918   1.585E+03    44     0    425
3d6(3F)4s2_3Fbe[3]               7.0     220724.8920     1.8909   1.585E+03    45     0    426
3d7(2G)5p_3Go[5]                11.0     220746.4520     1.8903   1.586E+03    44     0    427
3d7(2G)5p_3Go[4]                 9.0     220798.0220     1.8888   1.587E+03    44     0    428
3d7(4P)5p_3Po[1]                 3.0     220808.5430     1.8884   1.588E+03    44     0    429
3d7(F<9/2>)4f_2{11/2}o[6]       13.0     221187.2500     1.8771   1.597E+03    48     0    430
3d7(F<9/2>)4f_2{11/2}o[5]       11.0     221195.3500     1.8768   1.597E+03    48     0    431
3d6(3P)4s2_3Pbe[2]               5.0     221209.3060     1.8764   1.598E+03    45     0    432
3d7(F<9/2>)4f_2{9/2}o[4]         9.0     221256.0800     1.8750   1.599E+03    48     0    433
3d7(2G)5p_3Ho[4]                 9.0     221260.1110     1.8749   1.599E+03    44     0    434
3d7(F<9/2>)4f_2{9/2}o[5]        11.0     221268.5000     1.8746   1.599E+03    48     0    435
3d7(F<9/2>)4f_2{13/2}o[7]       15.0     221286.7800     1.8741   1.600E+03    48     0    436
3d7(F<9/2>)4f_2{13/2}o[6]       13.0     221292.9200     1.8739   1.600E+03    48     0    437
3d7(F<9/2>)4f_2{7/2}o[3]         7.0     221350.9000     1.8722   1.601E+03    48     0    438
3d7(F<9/2>)4f_2{7/2}o[4]         9.0     221388.1400     1.8711   1.602E+03    48     0    439
3d7(4F)4f_5Po[2]                 5.0     221406.4510     1.8705   1.603E+03    47     0    440
3d7(F<9/2>)4f_2{15/2}o[8]       17.0     221433.2000     1.8697   1.603E+03    48     0    441
3d7(F<9/2>)4f_2{15/2}o[7]       15.0     221444.1500     1.8694   1.604E+03    48     0    442
3d7(F<9/2>)4f_2{5/2}o[3]         7.0     221476.6800     1.8684   1.605E+03    48     0    443
3d7(2G)5p_3Fo[2]                 5.0     221485.0150     1.8682   1.605E+03    44     0    444
3d7(4F)4f_3Do[2]                 5.0     221600.8520     1.8647   1.608E+03    49     0    445
3d7(4F)4f_3Po[1]                 3.0     221681.1450     1.8623   1.610E+03    49     0    446
3d7(2G)5p_1Ho[5]                11.0     221698.8710     1.8617   1.610E+03    50     0    447
3d7(2G)5p_3Go[3]                 7.0     221709.8530     1.8614   1.611E+03    44     0    448
3d7(2F)4d_1De[2]                 5.0     221871.1490     1.8566   1.615E+03    46     0    449
3d7(2G)5p_1Fo[3]                 7.0     221924.4290     1.8550   1.616E+03    50     0    450
3d7(2G)5p_1Go[4]                 9.0     222061.9050     1.8509   1.620E+03    50     0    451
3d7(F<7/2>)4f_2{9/2}o[5]        11.0     222455.6600     1.8391   1.630E+03    48     0    452
3d7(F<7/2>)4f_2{9/2}o[4]         9.0     222466.4700     1.8387   1.630E+03    48     0    453
3d7(F<7/2>)4f_2{11/2}o[6]       13.0     222494.6500     1.8379   1.631E+03    48     0    454
3d7(F<7/2>)4f_2{7/2}o[3]         7.0     222516.6000     1.8372   1.632E+03    48     0    455
3d7(F<7/2>)4f_2{11/2}o[5]       11.0     222529.5500     1.8368   1.632E+03    48     0    456
3d7(F<7/2>)4f_2{5/2}o[3]         7.0     222530.0000     1.8368   1.632E+03    48     0    457
3d7(F<7/2>)4f_2{7/2}o[4]         9.0     222547.5000     1.8363   1.633E+03    48     0    458
3d7(F<7/2>)4f_2{5/2}o[2]         5.0     222571.3700     1.8356   1.633E+03    48     0    459
3d7(F<7/2>)4f_2{13/2}o[7]       15.0     222596.3000     1.8348   1.634E+03    48     0    460
3d7(F<7/2>)4f_2{13/2}o[6]       13.0     222599.7000     1.8347   1.634E+03    48     0    461
3d7(4F)4f_5Do[1]                 3.0     222659.9080     1.8329   1.636E+03    47     0    462
3d7(4F)4f_3Fo[2]                 5.0     222664.9470     1.8328   1.636E+03    44     0    463
3d7(4F)4f_5Po[1]                 3.0     222720.1810     1.8311   1.637E+03    47     0    464
3d7(4F)4f_5Do[0]                 1.0     222758.6220     1.8300   1.638E+03    47     0    465
3d7(F<5/2>)4f_2{9/2}o[4]         9.0     223314.7700     1.8133   1.653E+03    48     0    466
3d7(F<5/2>)4f_2{7/2}o[3]         7.0     223329.7700     1.8129   1.654E+03    48     0    467
3d7(F<5/2>)4f_2{5/2}o[2]         5.0     223375.1800     1.8115   1.655E+03    48     0    468
3d7(F<5/2>)4f_2{7/2}o[4]         9.0     223387.0000     1.8111   1.655E+03    48     0    469
3d7(F<5/2>)4f_2{5/2}o[3]         7.0     223406.8100     1.8105   1.656E+03    48     0    470
3d7(F<5/2>)4f_2{9/2}o[5]        11.0     223434.1000     1.8097   1.657E+03    48     0    471
3d7(F<5/2>)4f_2{11/2}o[5]       11.0     223461.1500     1.8089   1.657E+03    48     0    472
3d7(F<5/2>)4f_2{11/2}o[6]       13.0     223469.9000     1.8087   1.658E+03    48     0    473
3d7(F<5/2>)4f_2{3/2}o[2]         5.0     223481.2500     1.8083   1.658E+03    48     0    474
3d7(F<5/2>)4f_2{3/2}o[1]         3.0     223491.3400     1.8080   1.658E+03    48     0    475
3d7(4F)4f_3Do[1]                 3.0     223558.4200     1.8060   1.660E+03    49     0    476
3d7(4F)4f_3Po[0]                 1.0     223599.9150     1.8048   1.661E+03    49     0    477
3d7(4F)4f_3Ho[4]                 9.0     223921.5010     1.7951   1.670E+03    49     0    478
3d7(F<3/2>)4f_2{2}o[3]           7.0     223957.5400     1.7940   1.671E+03    48     0    479
3d7(F<3/2>)4f_2{4}o[4]           9.0     223989.0200     1.7931   1.672E+03    51     0    480
3d7(F<3/2>)4f_2{4}o[5]          11.0     224020.9100     1.7921   1.673E+03    51     0    481
3d7(F<3/2>)4f_2{2}o[2]           5.0     224026.0500     1.7920   1.673E+03    48     0    482
3d7(4F)4f_3Go[3]                 7.0     224068.2110     1.7907   1.674E+03    49     0    483
3d7(4F)4f_3Dbo[2]                5.0     224172.3190     1.7876   1.677E+03    49     0    484
3d7(4F)4f_3Pbo[1]                3.0     224251.7530     1.7852   1.679E+03    49     0    485
3d7(2P)5p_3Po[1]                 3.0     224312.5690     1.7834   1.681E+03    49     0    486
3d7(2P)5p_3Po[0]                 1.0     224405.1400     1.7806   1.684E+03    49     0    487
3d7(2P)5p_3Po[2]                 5.0     224418.4480     1.7802   1.684E+03    49     0    488
3d6(3P)4s4p_5So[2]               5.0     224668.1590     1.7727   1.691E+03    47     0    489
3d6(3H)4s4p_5Go[6]              13.0     224808.4800     1.7685   1.695E+03    47     0    490
3d7(2P)5p_3Do[3]                 7.0     224903.9390     1.7657   1.698E+03    49     0    491
3d7(2P)5p_3Do[2]                 5.0     224980.3480     1.7634   1.700E+03    49     0    492
3d6(3H)4s4p_5Go[5]              11.0     225075.9360     1.7605   1.703E+03    47     0    493
3d6(3H)4s4p_5Go[4]               9.0     225295.8680     1.7539   1.709E+03    47     0    494
3d6(3H)4s4p_5Go[3]               7.0     225493.7260     1.7480   1.715E+03    47     0    495
3d6(3H)4s4p_5Io[6]              13.0     225583.3500     1.7453   1.718E+03    47     0    496
3d6(3H)4s4p_5Io[5]              11.0     225598.4240     1.7448   1.718E+03    47     0    497
3d7(2F)4d_1Pe[1]                 3.0     225617.4690     1.7443   1.719E+03    46     0    498
3d7(2P)5p_3Do[1]                 3.0     225618.9940     1.7442   1.719E+03    49     0    499
3d6(3H)4s4p_5Go[2]               5.0     225634.2200     1.7438   1.719E+03    47     0    500
3d6(3H)4s4p_5Io[4]               9.0     225761.7030     1.7399   1.723E+03    47     0    501
3d6(3H)4s4p_5Io[7]              15.0     225762.2430     1.7399   1.723E+03    47     0    502
3d7(4F)6s_5Fe[5]                11.0     225784.2000     1.7393   1.724E+03    52     0    503
3d7(2P)5p_1So[0]                 1.0     225907.6220     1.7356   1.727E+03    50     0    504
3d7(4F)5d_5Fe[5]                11.0     225918.3500     1.7352   1.728E+03    52     0    505
3d6(3P)4s4p_5Po[3]               7.0     225969.4390     1.7337   1.729E+03    47     0    506
3d6(3P)4s4p_5Do[4]               9.0     226043.7920     1.7315   1.731E+03    47     0    507
3d7(2P)5p_3Dbo[1]                3.0     226065.1890     1.7308   1.732E+03    49     0    508
3d7(2F)4d_3He[4]                 9.0     226097.7000     1.7299   1.733E+03    53     0    509
3d7(4F)5d_5Fe[4]                 9.0     226118.8000     1.7292   1.734E+03    52     0    510
3d7(4F)5d_5Ge[6]                13.0     226124.6400     1.7291   1.734E+03    52     0    511
3d7(2P)5p_1Do[2]                 5.0     226209.0070     1.7265   1.736E+03    50     0    512
3d7(4F)6s_5Fe[4]                 9.0     226290.4400     1.7241   1.739E+03    52     0    513
3d7(2F)4d_3He[5]                11.0     226309.2030     1.7235   1.739E+03    53     0    514
3d7(4F)5d_5He[7]                15.0     226380.3600     1.7214   1.742E+03    52     0    515
3d7(2F)5s_3Fe[2]                 5.0     226406.1030     1.7206   1.742E+03    53     0    516
3d6(3H)4s4p_5Ho[3]               7.0     226474.0350     1.7186   1.744E+03    47     0    517
3d7(2F)4d_3De[1]                 3.0     226492.7820     1.7180   1.745E+03    53     0    518
3d7(2F)4d_3De[3]                 7.0     226495.5710     1.7179   1.745E+03    53     0    519
3d7(2F)4d_3De[2]                 5.0     226509.4660     1.7175   1.745E+03    53     0    520
3d7(4F)5d_5Pe[3]                 7.0     226532.8500     1.7168   1.746E+03    52     0    521
3d7(2F)4d_3Ge[3]                 7.0     226537.3700     1.7167   1.746E+03    53     0    522
3d6(3H)4s4p_5Io[8]              17.0     226589.3570     1.7151   1.748E+03    47     0    523
3d7(4F)5d_3Ge[5]                11.0     226603.7300     1.7147   1.748E+03    53     0    524
3d7(2F)4d_3He[6]                13.0     226608.2910     1.7146   1.749E+03    53     0    525
3d7(2F)4d_3Gbe[3]                7.0     226617.4400     1.7143   1.749E+03    53     0    526
3d7(2P)5p_3So[1]                 3.0     226682.5530     1.7123   1.751E+03    49     0    527
3d7(4F)5d_3He[6]                13.0     226686.2800     1.7122   1.751E+03    53     0    528
3d7(4F)5d_5Fe[3]                 7.0     226757.7800     1.7101   1.753E+03    52     0    529
3d7(2H)5p_3Go[5]                11.0     226779.0660     1.7094   1.754E+03    49     0    530
3d6(3H)4s4p_5Ho[4]               9.0     226819.7920     1.7082   1.755E+03    47     0    531
3d7(2F)4d_3Ge[4]                 9.0     226848.4720     1.7074   1.756E+03    53     0    532
3d7(2F)5s_3Fe[4]                 9.0     226906.5050     1.7056   1.758E+03    53     0    533
3d7(4F)5d_5Dbe[2]                5.0     226927.8260     1.7050   1.758E+03    52     0    534
3d7(2H)5p_3Io[6]                13.0     227002.3370     1.7028   1.761E+03    49     0    535
3d6(3H)4s4p_5Ho[5]              11.0     227004.8220     1.7027   1.761E+03    47     0    536
3d6(3P)4s4p_5Po[1]               3.0     227006.0220     1.7026   1.761E+03    47     0    537
3d7(2H)5p_3Io[7]                15.0     227061.5120     1.7010   1.762E+03    49     0    538
3d6(3P)4s4p_5Do[2]               5.0     227063.5980     1.7009   1.763E+03    47     0    539
3d7(2D)5p_3Do[3]                 7.0     227068.3850     1.7008   1.763E+03    49     0    540
3d7(2F)4d_1He[5]                11.0     227086.5590     1.7002   1.763E+03    46     0    541
3d7(4F)5d_5De[4]                 9.0     227091.9900     1.7001   1.763E+03    52     0    542
3d7(2D)5p_3Dbo[3]                7.0     227110.3330     1.6995   1.764E+03    49     0    543
3d7(2F)5s_1Fe[3]                 7.0     227121.9310     1.6992   1.764E+03    46     0    544
3d6(3H)4s4p_5Ho[6]              13.0     227174.2260     1.6976   1.766E+03    47     0    545
3d6(3H)4s4p_5Ho[7]              15.0     227178.4290     1.6975   1.766E+03    47     0    546
3d7(2F)4d_3Ge[5]                11.0     227189.6130     1.6971   1.766E+03    53     0    547
3d7(4F)6s_5Fe[3]                 7.0     227270.0700     1.6947   1.769E+03    52     0    548
3d7(2F)4d_3Fe[2]                 5.0     227280.8350     1.6944   1.769E+03    53     0    549
3d7(4F)6s_3Fe[4]                 9.0     227288.7000     1.6942   1.770E+03    53     0    550
3d7(2H)5p_3Go[4]                 9.0     227310.1260     1.6935   1.770E+03    49     0    551
3d7(4F)5d_5Fe[2]                 5.0     227346.8400     1.6924   1.771E+03    52     0    552
3d7(2D)5p_3Do[2]                 5.0     227385.6870     1.6913   1.773E+03    49     0    553
3d7(4F)5d_5Ge[5]                11.0     227433.8000     1.6898   1.774E+03    52     0    554
3d7(4F)5d_3De[3]                 7.0     227459.4300     1.6890   1.775E+03    53     0    555
3d7(2F)4d_3Fe[3]                 7.0     227511.4650     1.6875   1.777E+03    53     0    556
3d7(4F)5d_5Fbe[4]                9.0     227553.4000     1.6862   1.778E+03    52     0    557
3d7(2F)4d_3Fe[4]                 9.0     227620.7860     1.6842   1.780E+03    53     0    558
3d7(4F)5d_5He[6]                13.0     227649.2800     1.6834   1.781E+03    52     0    559
3d7(2D)5p_3Fo[4]                 9.0     227674.4150     1.6826   1.782E+03    49     0    560
3d6(3F)4s4p_5Fo[1]               3.0     227689.0660     1.6822   1.782E+03    47     0    561
3d7(4F)5d_5Fbe[1]                3.0     227710.8810     1.6815   1.783E+03    52     0    562
3d7(4F)5d_5He[5]                11.0     227726.9100     1.6810   1.783E+03    52     0    563
3d6(3F)4s4p_5Fo[4]               9.0     227755.5990     1.6802   1.784E+03    47     0    564
3d6(3F)4s4p_5Fo[2]               5.0     227761.5620     1.6800   1.784E+03    47     0    565
3d7(4F)5d_5Pe[2]                 5.0     227767.0300     1.6798   1.785E+03    52     0    566
3d6(3F)4s4p_5Fo[5]              11.0     227787.2700     1.6792   1.785E+03    47     0    567
3d7(2D)5p_1Fo[3]                 7.0     227809.6390     1.6785   1.786E+03    50     0    568
3d7(2H)5p_3Io[5]                11.0     227818.0350     1.6783   1.786E+03    49     0    569
3d6(3F)4s4p_5Fo[3]               7.0     227913.0580     1.6754   1.789E+03    47     0    570
3d7(4F)5d_5Ge[3]                 7.0     227963.0200     1.6740   1.791E+03    52     0    571
3d6(3P)4s4p_5Do[0]               1.0     227973.0650     1.6736   1.791E+03    47     0    572
3d7(4F)6s_5Fe[2]                 5.0     227985.6600     1.6733   1.792E+03    52     0    573
3d7(2H)5p_3Go[3]                 7.0     228011.7100     1.6725   1.792E+03    49     0    574
3d7(4F)5d_5Fe[1]                 3.0     228042.2400     1.6716   1.793E+03    52     0    575
3d6(3F)4s4p_5Fbo[1]              3.0     228062.5550     1.6710   1.794E+03    47     0    576
3d7(4F)5d_3Ge[4]                 9.0     228195.1100     1.6670   1.798E+03    53     0    577
3d7(2D)5p_3Po[2]                 5.0     228206.5080     1.6667   1.799E+03    49     0    578
3d7(2F)4d_1Fe[3]                 7.0     228215.6970     1.6664   1.799E+03    54     0    579
3d7(2H)5p_1Io[6]                13.0     228237.4640     1.6657   1.800E+03    50     0    580
3d6(3F)4s4p_5Do[2]               5.0     228272.3630     1.6647   1.801E+03    47     0    581
3d7(4F)5d_3De[2]                 5.0     228273.4200     1.6646   1.801E+03    53     0    582
3d7(4F)6s_3Fe[3]                 7.0     228290.9700     1.6641   1.802E+03    53     0    583
3d7(4F)5d_5Pe[1]                 3.0     228329.4000     1.6630   1.803E+03    52     0    584
3d7(4F)5d_5De[3]                 7.0     228363.9400     1.6619   1.804E+03    52     0    585
3d7(2H)5p_3Ho[6]                13.0     228384.9770     1.6613   1.805E+03    49     0    586
3d7(4F)5d_5He[4]                 9.0     228434.4500     1.6598   1.806E+03    52     0    587
3d7(2D)5p_3Do[1]                 3.0     228443.2400     1.6596   1.806E+03    49     0    588
3d7(4F)5d_5Ge[2]                 5.0     228483.5400     1.6583   1.808E+03    52     0    589
3d7(4F)5d_3Pbe[0]                1.0     228500.3730     1.6578   1.808E+03    53     0    590
3d7(2H)5p_1Go[4]                 9.0     228504.8520     1.6577   1.808E+03    50     0    591
3d7(4F)6s_5Fe[1]                 3.0     228507.2980     1.6576   1.809E+03    52     0    592
3d6(3F)4s4p_5Do[4]               9.0     228536.3660     1.6568   1.810E+03    47     0    593
3d7(4F)5d_3He[5]                11.0     228609.8200     1.6546   1.812E+03    53     0    594
3d7(2H)5p_3Ho[5]                11.0     228665.6470     1.6529   1.814E+03    49     0    595
3d7(4F)5d_5De[0]                 1.0     228736.3600     1.6508   1.816E+03    52     0    596
3d7(4F)5d_5De[2]                 5.0     228819.7300     1.6483   1.819E+03    52     0    597
3d7(4F)5d_3Ge[3]                 7.0     228858.3000     1.6471   1.820E+03    53     0    598
3d7(4F)5d_3De[1]                 3.0     228879.5000     1.6465   1.821E+03    53     0    599
3d7(2D)5p_1Do[2]                 5.0     228954.2440     1.6442   1.823E+03    50     0    600
3d7(4F)5d_5He[3]                 7.0     228955.3600     1.6442   1.823E+03    52     0    601
3d7(4F)6s_3Fe[2]                 5.0     229036.4300     1.6418   1.826E+03    53     0    602
3d7(4F)5d_5De[1]                 3.0     229057.3900     1.6411   1.827E+03    52     0    603
3d6(3F)4s4p_5Do[3]               7.0     229098.9540     1.6399   1.828E+03    47     0    604
3d7(4F)5d_3He[4]                 9.0     229291.5000     1.6341   1.835E+03    53     0    605
3d7(2D)5p_3Dbo[1]                3.0     229300.3430     1.6339   1.835E+03    49     0    606
3d7(2H)5p_3Ho[4]                 9.0     229300.4800     1.6339   1.835E+03    49     0    607
3d7(2D)5p_3Fo[2]                 5.0     229313.5200     1.6335   1.835E+03    49     0    608
3d6(3F)4s4p_5Do[0]               1.0     229419.7140     1.6303   1.839E+03    47     0    609
3d6(3F)4s4p_5Do[1]               3.0     229478.0570     1.6285   1.841E+03    47     0    610
3d6(3F)4s4p_5Dbo[2]              5.0     229546.0130     1.6265   1.843E+03    47     0    611
3d7(2D)5p_1Fbo[3]                7.0     229703.2640     1.6218   1.849E+03    50     0    612
3d6(1G)4s2_1Gbe[4]               9.0     229793.1950     1.6191   1.852E+03    54     0    613
3d7(2H)5p_1Ho[5]                11.0     230043.0920     1.6116   1.860E+03    50     0    614
3d7(2D)5p_3Po[0]                 1.0     230157.1340     1.6082   1.864E+03    49     0    615
3d7(4F)5d_3Fe[4]                 9.0     230169.9000     1.6078   1.865E+03    53     0    616
3d6(3G)4s4p_5Fo[5]              11.0     230190.4000     1.6072   1.865E+03    55     0    617
3d7(4F)5d_3Pe[2]                 5.0     230219.9000     1.6063   1.866E+03    53     0    618
3d7(2D)5p_1Po[1]                 3.0     230418.9850     1.6003   1.873E+03    50     0    619
3d6(3F)4s4p_5Go[6]              13.0     230468.1640     1.5988   1.875E+03    55     0    620
3d6(3F)4s4p_5Go[5]              11.0     230530.2760     1.5970   1.877E+03    55     0    621
3d6(3F)4s4p_5Go[4]               9.0     230618.7540     1.5943   1.880E+03    55     0    622
3d6(3G)4s4p_5Fo[4]               9.0     230737.1680     1.5908   1.885E+03    55     0    623
3d6(3F)4s4p_5Go[3]               7.0     230744.4910     1.5906   1.885E+03    55     0    624
3d6(3F)4s4p_5Go[2]               5.0     230910.7440     1.5856   1.891E+03    55     0    625
3d7(4F)5d_3Fe[3]                 7.0     231033.5600     1.5819   1.895E+03    53     0    626
3d6(3H)4s4p_3Go[3]               7.0     231137.8980     1.5788   1.899E+03    49     0    627
3d7(4F)5d_3Pe[1]                 3.0     231309.0000     1.5736   1.905E+03    53     0    628
3d6(5D)4s4p_5Do[4]               9.0     231323.3700     1.5732   1.906E+03    55     0    629
3d6(3H)4s4p_3Io[6]              13.0     231483.8090     1.5684   1.911E+03    49     0    630
3d6(3H)4s4p_3Go[5]              11.0     231502.8830     1.5678   1.912E+03    49     0    631
3d7(4F)5d_3Fe[2]                 5.0     231548.5800     1.5665   1.914E+03    53     0    632
3d6(5D)4s4p_5Do[3]               7.0     231615.9580     1.5644   1.916E+03    55     0    633
3d6(3P)4s4p_3Do[2]               5.0     231629.9070     1.5640   1.917E+03    49     0    634
3d6(3H)4s4p_3Io[7]              15.0     231634.6170     1.5639   1.917E+03    49     0    635
3d6(3H)4s4p_3Io[5]              11.0     231666.2990     1.5629   1.918E+03    49     0    636
3d7(4F)5d_3Pe[0]                 1.0     231761.8000     1.5601   1.922E+03    53     0    637
3d6(3G)4s4p_5Fbo[4]              9.0     231827.3910     1.5581   1.924E+03    55     0    638
3d6(3G)4s4p_5Fo[1]               3.0     232150.8270     1.5484   1.936E+03    55     0    639
3d6(3P)4s4p_3Do[3]               7.0     232162.8300     1.5480   1.937E+03    49     0    640
3d6(3G)4s4p_5Go[2]               5.0     232239.6360     1.5457   1.939E+03    55     0    641
3d6(3G)4s4p_5Go[6]              13.0     232275.4890     1.5447   1.941E+03    55     0    642
3d6(5D)4s4p_5Dbo[3]              7.0     232328.5220     1.5431   1.943E+03    55     0    643
3d6(3G)4s4p_5Gbo[2]              5.0     232503.2750     1.5378   1.949E+03    55     0    644
3d6(3G)4s4p_5Go[5]              11.0     232676.2190     1.5327   1.956E+03    55     0    645
3d6(3G)4s4p_5Go[4]               9.0     232772.7900     1.5298   1.960E+03    55     0    646
3d6(3G)4s4p_5Go[3]               7.0     232822.2370     1.5283   1.962E+03    55     0    647
3d6(3G)4s4p_5Fo[2]               5.0     232862.0920     1.5271   1.963E+03    55     0    648
3d6(5D)4s4p_5Do[1]               3.0     232931.8580     1.5250   1.966E+03    55     0    649
3d6(5D)4s4p_5Do[0]               1.0     233081.1430     1.5205   1.972E+03    55     0    650
3d6(3G)4s4p_5Fbo[1]              3.0     233084.5180     1.5204   1.972E+03    55     0    651
3d7(2F)4d_1Dbe[2]                5.0     233271.1060     1.5148   1.979E+03    54     0    652
3d6(3G)4s4p_5Ho[4]               9.0     233305.4440     1.5138   1.980E+03    55     0    653
3d6(3G)4s4p_5Ho[3]               7.0     233346.5980     1.5126   1.982E+03    55     0    654
3d7(4F)6p_5Fo[5]                11.0     233403.4830     1.5108   1.984E+03    55     0    655
3d6(3G)4s4p_5Hbo[4]              9.0     233469.4500     1.5089   1.987E+03    55     0    656
3d6(3G)4s4p_5Ho[5]              11.0     233500.4840     1.5079   1.988E+03    55     0    657
3d6(3G)4s4p_5Ho[6]              13.0     233508.3740     1.5077   1.988E+03    55     0    658
3d6(3G)4s4p_5Ho[7]              15.0     233668.6490     1.5029   1.995E+03    55     0    659
3d7(4F)6p_5Fo[4]                 9.0     233943.9560     1.4946   2.006E+03    55     0    660
3d6(3P)4s4p_3So[1]               3.0     234023.7190     1.4923   2.009E+03    56     0    661
3d7(4F)6p_5Go[6]                13.0     234215.7960     1.4865   2.017E+03    55     0    662
3d7(4F)6p_3Go[5]                11.0     234273.3280     1.4848   2.019E+03    56     0    663
3d6(3P)4s4p_3Po[0]               1.0     234300.2440     1.4840   2.020E+03    56     0    664
3d6(3H)4s4p_3Ho[4]               9.0     234317.4470     1.4834   2.021E+03    56     0    665
3d6(3P)4s4p_1Do[2]               5.0     234414.3900     1.4805   2.025E+03    57     0    666
3d7(4F)6p_5Fo[3]                 7.0     234432.3460     1.4800   2.026E+03    55     0    667
3d7(4F)6p_5Fbo[5]               11.0     234496.5050     1.4781   2.028E+03    55     0    668
3d7(2F)4d_1Ge[4]                 9.0     234525.3530     1.4772   2.029E+03    54     0    669
3d6(3H)4s4p_1Io[6]              13.0     234558.3050     1.4762   2.031E+03    57     0    670
3d6(3H)4s4p_3Ho[5]              11.0     234560.5210     1.4762   2.031E+03    56     0    671
3d7(4F)6p_5Do[4]                 9.0     234612.2830     1.4746   2.033E+03    55     0    672
3d6(3F)4s4p_3Fo[3]               7.0     234679.2030     1.4726   2.036E+03    56     0    673
3d7(4F)6p_3Fo[4]                 9.0     234701.5070     1.4719   2.037E+03    56     0    674
3d6(3F)4s4p_3Fo[2]               5.0     234818.8850     1.4684   2.042E+03    56     0    675
3d6(3H)4s4p_1Ibo[6]             13.0     234964.6250     1.4640   2.048E+03    57     0    676
3d6(5D)4s4p_5Fo[2]               5.0     234993.1550     1.4632   2.049E+03    43     0    677
3d7(4F)6p_3Do[3]                 7.0     235027.4180     1.4622   2.050E+03    56     0    678
3d6(3H)4s4p_1Go[4]               9.0     235078.0950     1.4606   2.052E+03    57     0    679
3d6(5D)4s4p_5Fbo[1]              3.0     235222.3110     1.4563   2.059E+03    55     0    680
3d6(3F)4s4p_3Go[4]               9.0     235260.9970     1.4552   2.060E+03    56     0    681
3d6(3F)4s4p_3Go[3]               7.0     235294.9240     1.4541   2.062E+03    56     0    682
3d6(3F)4s4p_3Go[5]              11.0     235340.8270     1.4528   2.064E+03    56     0    683
3d7(4F)6p_5Go[4]                 9.0     235373.1770     1.4518   2.065E+03    55     0    684
3d6(5D)4s4p_5Pbo[3]              7.0     235438.1760     1.4499   2.068E+03    55     0    685
3d7(4F)6p_5Go[5]                11.0     235450.7090     1.4495   2.068E+03    55     0    686
3d7(4F)6p_5Fbo[4]                9.0     235565.6680     1.4460   2.073E+03    55     0    687
3d6(3P)4s4p_3Sbo[1]              3.0     235597.2890     1.4451   2.075E+03    56     0    688
3d7(4F)6p_5Fbo[3]                7.0     235597.3470     1.4451   2.075E+03    55     0    689
3d6(3P)4s4p_3Po[2]               5.0     235690.7600     1.4423   2.079E+03    56     0    690
3d7(4F)6p_5Do[3]                 7.0     235776.5510     1.4397   2.082E+03    55     0    691
3d7(4F)6p_5Do[2]                 5.0     235927.5870     1.4352   2.089E+03    55     0    692
3d7(4F)6p_5Go[3]                 7.0     236194.3970     1.4272   2.101E+03    55     0    693
3d6(5D)4s4p_5Pbo[2]              5.0     236313.7150     1.4236   2.106E+03    55     0    694
3d7(4F)6p_3Do[2]                 5.0     236357.6900     1.4223   2.108E+03    56     0    695
3d7(4F)6p_3Go[4]                 9.0     236377.5970     1.4217   2.109E+03    56     0    696
3d7(4F)6p_3Fo[3]                 7.0     236444.2120     1.4197   2.112E+03    56     0    697
3d7(4F)6p_5Fo[1]                 3.0     236525.2870     1.4173   2.115E+03    55     0    698
3d7(4F)6p_3Dbo[2]                5.0     236610.6380     1.4147   2.119E+03    56     0    699
3d7(4F)6p_5Go[2]                 5.0     236698.8000     1.4121   2.123E+03    55     0    700
3d7(4F)6p_5Do[1]                 3.0     236872.2320     1.4069   2.131E+03    55     0    701
3d6(5D)4s4p_5Pbo[1]              3.0     236937.8150     1.4049   2.134E+03    55     0    702
3d6(3F)4s4p_1Fo[3]               7.0     237007.1210     1.4028   2.137E+03    57     0    703
3d7(4F)6p_3Go[3]                 7.0     237046.5560     1.4016   2.139E+03    56     0    704
3d7(4F)6p_5Do[0]                 1.0     237104.7590     1.3999   2.142E+03    55     0    705
3d7(4F)6p_3Fo[2]                 5.0     237143.1220     1.3987   2.143E+03    56     0    706
3d7(4F)6p_3Do[1]                 3.0     237332.5650     1.3931   2.152E+03    56     0    707
3d6(3F)4s4p_1Fbo[3]              7.0     237781.6290     1.3796   2.173E+03    57     0    708
3d6(3F)4s4p_3Do[2]               5.0     237838.8620     1.3779   2.176E+03    56     0    709
3d6(3F)4s4p_3Do[1]               3.0     238008.1240     1.3728   2.184E+03    56     0    710
3d6(3F)4s4p_1Go[4]               9.0     238375.5840     1.3618   2.201E+03    57     0    711
3d6(3H)4s4p_1Ho[5]              11.0     238812.1970     1.3487   2.223E+03    57     0    712
3d7(4P)4f_5Do[0]                 1.0     238872.8760     1.3469   2.226E+03    55     0    713
3d7(4P)4f_5Do[1]                 3.0     238896.7610     1.3462   2.227E+03    55     0    714
3d7(4P)4f_5Do[2]                 5.0     238948.7580     1.3446   2.230E+03    55     0    715
3d7(4P)4f_5Do[3]                 7.0     239041.1060     1.3418   2.234E+03    55     0    716
3d7(4P)4f_5Go[6]                13.0     239065.2680     1.3411   2.235E+03    55     0    717
3d7(4P)4f_3Do[1]                 3.0     239122.1510     1.3394   2.238E+03    56     0    718
3d7(4P)4f_5Go[5]                11.0     239136.9940     1.3390   2.239E+03    55     0    719
3d7(4P)4f_5Do[4]                 9.0     239185.1860     1.3375   2.241E+03    55     0    720
3d7(4P)4f_3Do[2]                 5.0     239210.8160     1.3368   2.243E+03    56     0    721
3d7(4P)4f_5Go[4]                 9.0     239243.5340     1.3358   2.244E+03    55     0    722
3d7(4P)4f_3Go[5]                11.0     239267.4160     1.3351   2.246E+03    56     0    723
3d6(3G)4s4p_3Fo[4]               9.0     239279.8270     1.3347   2.246E+03    56     0    724
3d6(3P)4s4p_1So[0]               1.0     239311.6850     1.3337   2.248E+03    57     0    725
3d7(4P)4f_5Go[3]                 7.0     239345.3500     1.3327   2.249E+03    55     0    726
3d6(3G)4s4p_3Ho[6]              13.0     239354.1160     1.3325   2.250E+03    56     0    727
3d6(3H)4s4p_1Hbo[5]             11.0     239357.1820     1.3324   2.250E+03    57     0    728
3d7(4P)4f_3Do[3]                 7.0     239387.3310     1.3315   2.252E+03    56     0    729
3d7(4P)4f_5Gbo[3]                7.0     239439.6020     1.3299   2.254E+03    55     0    730
3d7(4P)4f_3Go[4]                 9.0     239452.2520     1.3295   2.255E+03    56     0    731
3d6(3P)4s4p_1Po[1]               3.0     239454.3990     1.3294   2.255E+03    57     0    732
3d6(3G)4s4p_3Fo[2]               5.0     239460.7930     1.3293   2.255E+03    56     0    733
3d7(4P)4f_5Go[2]                 5.0     239623.5870     1.3244   2.264E+03    55     0    734
3d7(4P)4f_3Go[3]                 7.0     239663.8880     1.3232   2.266E+03    56     0    735
3d6(3G)4s4p_3Ho[4]               9.0     239767.2310     1.3201   2.271E+03    56     0    736
3d7(4P)4f_3Fo[4]                 9.0     239872.4920     1.3169   2.276E+03    56     0    737
3d7(4P)4f_5Fo[5]                11.0     239895.5540     1.3162   2.278E+03    55     0    738
3d7(4P)4f_3Fo[2]                 5.0     239986.0500     1.3135   2.282E+03    56     0    739
3d7(4P)4f_5Fo[1]                 3.0     240018.5700     1.3125   2.284E+03    55     0    740
3d7(4P)4f_5Fo[2]                 5.0     240308.8600     1.3038   2.299E+03    55     0    741
3d7(4P)4f_5Fo[3]                 7.0     240328.3420     1.3032   2.300E+03    55     0    742
3d7(4P)4f_5Fo[4]                 9.0     240337.9140     1.3030   2.301E+03    55     0    743
3d7(4P)4f_3Fo[3]                 7.0     240351.8550     1.3025   2.302E+03    56     0    744
3d6(3D)4s4p_5Po[3]               7.0     240576.7950     1.2958   2.314E+03    55     0    745
3d6(3G)4s4p_3Go[5]              11.0     240711.6690     1.2918   2.321E+03    56     0    746
3d6(3G)4s4p_3Go[4]               9.0     240910.8680     1.2858   2.332E+03    56     0    747
3d7(2G)4f_3Po[2]                 5.0     240914.6960     1.2857   2.332E+03    56     0    748
3d7(2G)4f_3Ko[7]                15.0     240951.5880     1.2846   2.334E+03    56     0    749
3d7(2G)4f_3Ko[8]                17.0     240956.9900     1.2844   2.334E+03    56     0    750
3d6(3G)4s4p_3Go[3]               7.0     240962.0380     1.2842   2.334E+03    56     0    751
3d6(3D)4s4p_5Po[2]               5.0     241007.5440     1.2829   2.337E+03    55     0    752
3d7(2G)4f_1Do[2]                 5.0     241035.7370     1.2820   2.338E+03    57     0    753
3d6(1I)4s4p_3Ko[6]              13.0     241044.8980     1.2818   2.339E+03    56     0    754
3d7(2G)4f_3Do[3]                 7.0     241097.7480     1.2802   2.342E+03    56     0    755
3d7(2G)4f_3Ho[6]                13.0     241113.4440     1.2797   2.343E+03    56     0    756
3d7(2G)4f_1Po[1]                 3.0     241135.1250     1.2791   2.344E+03    57     0    757
3d7(2G)4f_3Io[7]                15.0     241139.7610     1.2789   2.344E+03    56     0    758
3d7(2G)4f_3Fo[4]                 9.0     241186.6850     1.2775   2.347E+03    56     0    759
3d7(2G)4f_1Io[6]                13.0     241189.2030     1.2774   2.347E+03    57     0    760
3d7(2G)4f_3Ho[5]                11.0     241195.6750     1.2772   2.347E+03    56     0    761
3d7(2G)4f_1Go[4]                 9.0     241306.9350     1.2739   2.353E+03    57     0    762
3d7(2G)4f_1Fo[3]                 7.0     241315.5490     1.2737   2.354E+03    57     0    763
3d7(2G)4f_3Go[5]                11.0     241333.2040     1.2731   2.355E+03    56     0    764
3d6(3D)4s4p_5Po[1]               3.0     241352.0790     1.2726   2.356E+03    55     0    765
3d6(3D)4s4p_5Fo[1]               3.0     241437.9630     1.2700   2.361E+03    58     0    766
3d6(3D)4s4p_5Fo[2]               5.0     241487.3090     1.2685   2.363E+03    58     0    767
3d6(3F)4s4p_1Do[2]               5.0     241568.8470     1.2661   2.368E+03    57     0    768
3d6(3D)4s4p_5Do[0]               1.0     241631.1800     1.2642   2.371E+03    58     0    769
3d6(3D)4s4p_5Fo[3]               7.0     241663.9710     1.2632   2.373E+03    58     0    770
3d6(1I)4s4p_3Ko[7]              15.0     241678.2710     1.2628   2.374E+03    56     0    771
3d6(3D)4s4p_5Do[1]               3.0     241856.4290     1.2574   2.384E+03    58     0    772
3d6(3D)4s4p_5Fo[4]               9.0     241890.4240     1.2564   2.386E+03    58     0    773
3d7(2G)4f_3Ho[4]                 9.0     242004.6480     1.2530   2.393E+03    56     0    774
3d6(3D)4s4p_5Do[2]               5.0     242005.6390     1.2530   2.393E+03    58     0    775
3d7(2G)4f_3Po[0]                 1.0     242084.5190     1.2506   2.397E+03    56     0    776
3d7(2G)4f_3Po[1]                 3.0     242163.8030     1.2482   2.402E+03    56     0    777
3d7(2G)4f_3Io[5]                11.0     242167.3660     1.2481   2.402E+03    56     0    778
3d6(3D)4s4p_5Do[3]               7.0     242175.2160     1.2479   2.402E+03    58     0    779
3d7(2G)4f_3Do[2]                 5.0     242267.2780     1.2451   2.408E+03    56     0    780
3d7(2G)4f_3Kbo[7]               15.0     242270.0510     1.2450   2.408E+03    56     0    781
3d7(2G)4f_3Ko[6]                13.0     242273.1540     1.2449   2.408E+03    56     0    782
3d7(2G)4f_1Ibo[6]               13.0     242280.9990     1.2447   2.409E+03    57     0    783
3d7(2G)4f_1Pbo[1]                3.0     242306.7890     1.2439   2.410E+03    57     0    784
3d7(2G)4f_1Fbo[3]                7.0     242308.1880     1.2439   2.410E+03    57     0    785
3d7(2G)4f_3Go[3]                 7.0     242325.7360     1.2434   2.411E+03    56     0    786
3d6(3D)4s4p_5Do[4]               9.0     242331.2860     1.2432   2.411E+03    58     0    787
3d7(2G)4f_3Fo[2]                 5.0     242339.5540     1.2430   2.412E+03    56     0    788
3d6(3D)4s4p_5Fo[5]              11.0     242356.3570     1.2424   2.413E+03    58     0    789
3d7(2G)4f_3Go[4]                 9.0     242363.3190     1.2422   2.413E+03    56     0    790
3d7(2G)4f_3Ibo[5]               11.0     242371.1030     1.2420   2.414E+03    56     0    791
3d6(1I)4s4p_3Ko[8]              17.0     242430.1220     1.2402   2.417E+03    56     0    792
3d7(2G)4f_3Hbo[5]               11.0     242458.3170     1.2394   2.419E+03    56     0    793
3d7(2G)4f_3Hbo[4]                9.0     242714.3360     1.2317   2.434E+03    56     0    794
3d6(1I)4s4p_3Ho[6]              13.0     242733.1780     1.2312   2.435E+03    56     0    795
3d6(3G)4s4p_1Ho[5]              11.0     243290.7240     1.2144   2.469E+03    57     0    796
3d6(1G)4s4p_3Go[3]               7.0     243387.1430     1.2115   2.474E+03    56     0    797
3d7(4F)5f_5Go[6]                13.0     243421.4320     1.2105   2.477E+03    58     0    798
3d7(4F)5f_5Go[5]                11.0     243468.7600     1.2091   2.479E+03    58     0    799
3d7(4F)5f_5Ho[7]                15.0     243472.0720     1.2090   2.480E+03    58     0    800
3d7(4F)5f_3Ho[6]                13.0     243475.5660     1.2089   2.480E+03    56     0    801
3d7(4F)5f_5Io[8]                17.0     243532.7340     1.2072   2.483E+03    58     0    802
3d7(4F)5f_5Fo[4]                 9.0     243533.5880     1.2072   2.483E+03    58     0    803
3d7(4F)5f_3Io[7]                15.0     243534.7450     1.2071   2.484E+03    59     0    804
3d7(4F)5f_3Go[5]                11.0     243573.0400     1.2060   2.486E+03    56     0    805
3d7(4F)5f_5Do[3]                 7.0     243589.3990     1.2055   2.487E+03    58     0    806
3d7(4F)5f_5Po[2]                 5.0     243603.2060     1.2051   2.488E+03    58     0    807
3d7(4F)5f_3Fo[4]                 9.0     243621.8470     1.2045   2.489E+03    56     0    808
3d7(4F)5f_3Do[3]                 7.0     243636.3230     1.2041   2.490E+03    56     0    809
3d7(4F)5f_3Do[2]                 5.0     243642.0960     1.2039   2.490E+03    56     0    810
3d7(2F)5p_3Go[3]                 7.0     243688.0260     1.2025   2.493E+03    56     0    811
3d7(4F)5f_3Po[1]                 3.0     243711.2940     1.2018   2.494E+03    56     0    812
3d6(1G)4s4p_3Go[4]               9.0     243772.0300     1.2000   2.498E+03    56     0    813
3d7(2F)5p_1Do[2]                 5.0     243775.4710     1.1999   2.498E+03    57     0    814
3d7(4P)5d_5Pe[1]                 3.0     243814.3490     1.1987   2.501E+03    60     0    815
3d7(4P)5d_5Pe[2]                 5.0     243894.8250     1.1963   2.506E+03    60     0    816
3d7(4P)5d_5Pe[3]                 7.0     243982.1780     1.1937   2.511E+03    60     0    817
3d6(1G)4s4p_3Go[5]              11.0     243995.4310     1.1933   2.512E+03    56     0    818
3d7(2F)5p_3Do[1]                 3.0     243996.4910     1.1933   2.512E+03    56     0    819
3d7(2F)5p_3Go[4]                 9.0     244007.5290     1.1929   2.513E+03    56     0    820
3d7(2F)5p_3Fo[2]                 5.0     244052.1370     1.1916   2.516E+03    56     0    821
3d6(1G)4s4p_3Fo[4]               9.0     244168.6140     1.1881   2.523E+03    56     0    822
3d7(2F)5p_3Do[3]                 7.0     244178.0180     1.1878   2.524E+03    56     0    823
3d7(F<9/2>)5g_2{15/2}e[8]       17.0     244262.7500     1.1853   2.529E+03    61     0    824
3d7(F<9/2>)5g_2{11/2}e[6]       13.0     244264.2300     1.1853   2.529E+03    61     0    825
3d7(F<9/2>)5g_2{11/2}e[5]       11.0     244264.2800     1.1853   2.529E+03    61     0    826
3d7(F<9/2>)5g_2{15/2}e[7]       15.0     244267.1500     1.1852   2.530E+03    61     0    827
3d7(4P)5d_5Fe[5]                11.0     244276.2970     1.1849   2.530E+03    60     0    828
3d7(2F)5p_3Fo[3]                 7.0     244281.4060     1.1847   2.530E+03    56     0    829
3d7(4F)5g_3Ge[4]                 9.0     244289.7450     1.1845   2.531E+03    62     0    830
3d7(F<9/2>)5g_2{13/2}e[7]       15.0     244289.8800     1.1845   2.531E+03    61     0    831
3d7(F<9/2>)5g_2{13/2}e[6]       13.0     244290.3700     1.1845   2.531E+03    61     0    832
3d7(4F)5g_3Fe[3]                 7.0     244304.7250     1.1840   2.532E+03    62     0    833
3d7(F<9/2>)5g_2{9/2}e[4]         9.0     244306.1300     1.1840   2.532E+03    61     0    834
3d7(F<9/2>)5g_2{9/2}e[5]        11.0     244306.2000     1.1840   2.532E+03    61     0    835
3d7(4F)5g_5De[3]                 7.0     244316.9850     1.1837   2.533E+03    60     0    836
3d7(4F)5g_3De[2]                 5.0     244318.7540     1.1836   2.533E+03    62     0    837
3d7(4F)5g_3Pe[1]                 3.0     244329.4510     1.1833   2.534E+03    62     0    838
3d7(4F)5g_5Pe[2]                 5.0     244330.0330     1.1833   2.534E+03    60     0    839
3d7(4F)5g_3Pe[0]                 1.0     244335.7660     1.1831   2.534E+03    62     0    840
3d7(4F)5g_5Pe[1]                 3.0     244336.7970     1.1831   2.534E+03    60     0    841
3d7(F<9/2>)5g_2{17/2}e[8]       17.0     244343.2000     1.1829   2.534E+03    61     0    842
3d7(F<9/2>)5g_2{17/2}e[9]       19.0     244343.2300     1.1829   2.534E+03    61     0    843
3d7(2F)5p_3Go[5]                11.0     244379.0300     1.1818   2.537E+03    56     0    844
3d7(4P)5d_5Fe[4]                 9.0     244395.8880     1.1813   2.538E+03    60     0    845
3d7(4P)6s_5Pe[3]                 7.0     244417.1940     1.1807   2.539E+03    60     0    846
3d7(2F)5p_1Go[4]                 9.0     244452.0180     1.1796   2.541E+03    57     0    847
3d7(2F)5p_1Dbo[2]                5.0     244489.7480     1.1785   2.544E+03    57     0    848
3d6(3G)4s4p_1Fo[3]               7.0     244517.1800     1.1777   2.546E+03    57     0    849
3d7(4P)5d_5Fe[3]                 7.0     244537.5300     1.1771   2.547E+03    60     0    850
3d7(4P)6s_5Pe[2]                 5.0     244567.2660     1.1762   2.549E+03    60     0    851
3d7(4F)5f_5Ho[6]                13.0     244631.7560     1.1742   2.553E+03    58     0    852
3d7(4F)5f_3Ho[5]                11.0     244645.3770     1.1738   2.554E+03    56     0    853
3d7(2F)5p_3Fo[4]                 9.0     244656.9800     1.1735   2.555E+03    56     0    854
3d7(4F)5f_5Ho[5]                11.0     244691.1300     1.1725   2.557E+03    58     0    855
3d7(4F)5f_5Go[3]                 7.0     244691.7210     1.1724   2.557E+03    58     0    856
3d7(4F)5f_5Io[7]                15.0     244692.5660     1.1724   2.557E+03    58     0    857
3d7(4F)5f_3Io[6]                13.0     244694.0000     1.1724   2.557E+03    59     0    858
3d7(2F)5p_3Fbo[4]                9.0     244701.6340     1.1721   2.558E+03    56     0    859
3d7(4P)5d_5Fe[2]                 5.0     244703.3290     1.1721   2.558E+03    60     0    860
3d7(4F)5f_3Go[4]                 9.0     244739.0350     1.1710   2.560E+03    56     0    861
3d7(4F)5f_5Fo[2]                 5.0     244741.0660     1.1710   2.560E+03    58     0    862
3d7(4F)5f_5Po[3]                 7.0     244779.5210     1.1698   2.563E+03    58     0    863
3d7(4F)5f_3Fo[2]                 5.0     244781.9830     1.1697   2.563E+03    56     0    864
3d7(4F)5f_5Do[1]                 3.0     244805.0090     1.1690   2.564E+03    58     0    865
3d7(4F)5f_3Do[1]                 3.0     244829.4960     1.1683   2.566E+03    56     0    866
3d7(4F)5f_3Po[0]                 1.0     244848.0150     1.1678   2.567E+03    56     0    867
3d7(4P)5d_5Fe[1]                 3.0     244877.5000     1.1669   2.569E+03    60     0    868
3d7(4P)6s_3Pe[2]                 5.0     244882.3540     1.1667   2.570E+03    62     0    869
3d6(1G)4s4p_3Fo[3]               7.0     244910.1850     1.1659   2.571E+03    56     0    870
3d7(4P)6s_5Pe[1]                 3.0     244927.5330     1.1654   2.573E+03    60     0    871
3d6(3D)4s4p_3Po[2]               5.0     245049.6920     1.1617   2.581E+03    56     0    872
3d6(1I)4s4p_3Ho[5]              11.0     245057.7470     1.1615   2.581E+03    56     0    873
3d6(1I)4s4p_3Ho[4]               9.0     245096.6900     1.1603   2.584E+03    56     0    874
3d6(1G)4s4p_3Fo[2]               5.0     245102.1140     1.1601   2.584E+03    56     0    875
3d7(4P)5d_5De[4]                 9.0     245171.5290     1.1581   2.589E+03    60     0    876
3d6(1G)4s4p_3Ho[6]              13.0     245228.5980     1.1563   2.593E+03    56     0    877
3d6(3D)4s4p_3Po[0]               1.0     245297.2150     1.1543   2.597E+03    56     0    878
3d7(4P)5d_5De[0]                 1.0     245316.4620     1.1537   2.599E+03    60     0    879
3d6(3D)4s4p_3Po[1]               3.0     245360.1980     1.1524   2.601E+03    56     0    880
3d7(4P)5d_5De[3]                 7.0     245371.7250     1.1521   2.602E+03    60     0    881
3d7(4P)6s_3Pe[1]                 3.0     245388.6950     1.1515   2.603E+03    62     0    882
3d7(4P)5d_3Fe[4]                 9.0     245404.9340     1.1511   2.605E+03    62     0    883
3d7(4P)5d_5De[1]                 3.0     245443.7120     1.1499   2.607E+03    60     0    884
3d7(F<7/2>)5g_2{13/2}e[6]       13.0     245471.2000     1.1491   2.609E+03    61     0    885
3d7(4F)5f_5Gbo[5]               11.0     245474.2010     1.1490   2.609E+03    58     0    886
3d7(F<7/2>)5g_2{11/2}e[5]       11.0     245488.3100     1.1486   2.610E+03    61     0    887
3d7(F<7/2>)5g_2{11/2}e[6]       13.0     245495.3600     1.1483   2.611E+03    61     0    888
3d7(4P)5d_5De[2]                 5.0     245498.3960     1.1483   2.611E+03    60     0    889
3d7(4F)5g_5Ie[7]                15.0     245500.4120     1.1482   2.611E+03    60     0    890
3d7(4F)5g_3De[3]                 7.0     245503.3620     1.1481   2.611E+03    62     0    891
3d7(4F)5g_5De[4]                 9.0     245508.4180     1.1480   2.612E+03    60     0    892
3d7(4F)5f_3Ho[4]                 9.0     245510.2340     1.1479   2.612E+03    56     0    893
3d7(4F)5f_5Go[2]                 5.0     245513.4540     1.1478   2.612E+03    58     0    894
3d7(4F)5g_5Ge[2]                 5.0     245519.0290     1.1476   2.612E+03    60     0    895
3d7(4F)5g_3Ge[3]                 7.0     245519.7660     1.1476   2.612E+03    62     0    896
3d7(2P)4f_3Do[1]                 3.0     245519.9020     1.1476   2.612E+03    59     0    897
3d7(4F)5g_5Ke[8]                17.0     245524.3030     1.1475   2.613E+03    60     0    898
3d7(F<7/2>)5g_2{15/2}e[7]       15.0     245528.4000     1.1474   2.613E+03    61     0    899
3d7(4F)5g_5Fe[1]                 3.0     245531.2400     1.1473   2.613E+03    60     0    900
3d7(4F)5f_5Io[6]                13.0     245532.1500     1.1472   2.613E+03    58     0    901
3d7(F<7/2>)5g_2{9/2}e[5]        11.0     245532.5900     1.1472   2.613E+03    61     0    902
3d7(4F)5f_5Io[5]                11.0     245533.4700     1.1472   2.613E+03    58     0    903
3d7(4F)5g_3Fe[2]                 5.0     245534.5500     1.1472   2.613E+03    62     0    904
3d7(4F)5g_5De[0]                 1.0     245540.4160     1.1470   2.614E+03    60     0    905
3d7(4F)5f_5Ho[3]                 7.0     245541.0540     1.1470   2.614E+03    58     0    906
3d7(4F)5g_5De[1]                 3.0     245541.7550     1.1470   2.614E+03    60     0    907
3d7(4F)5f_5Ho[4]                 9.0     245546.7910     1.1468   2.614E+03    58     0    908
3d7(4P)5d_3De[3]                 7.0     245549.4310     1.1467   2.614E+03    62     0    909
3d7(2P)4f_3Do[2]                 5.0     245557.0690     1.1465   2.615E+03    59     0    910
3d7(2P)4f_3Fo[3]                 7.0     245569.6510     1.1461   2.616E+03    56     0    911
3d7(2P)4f_3Fo[4]                 9.0     245570.2620     1.1461   2.616E+03    56     0    912
3d7(F<7/2>)5g_2{9/2}e[4]         9.0     245572.5700     1.1460   2.616E+03    61     0    913
3d7(2P)4f_3Fo[2]                 5.0     245572.6630     1.1460   2.616E+03    56     0    914
3d7(4F)5f_3Go[3]                 7.0     245597.0180     1.1453   2.618E+03    56     0    915
3d7(2P)4f_3Go[5]                11.0     245599.3310     1.1452   2.618E+03    59     0    916
3d7(2P)4f_1Go[4]                 9.0     245605.2360     1.1451   2.618E+03    57     0    917
3d7(4F)5f_3Fbo[2]                5.0     245622.3460     1.1445   2.619E+03    56     0    918
3d7(4F)5f_5Fo[1]                 3.0     245643.9750     1.1439   2.621E+03    58     0    919
3d7(4F)5f_5Dbo[1]                3.0     245660.7470     1.1434   2.622E+03    58     0    920
3d7(4F)5f_5Do[0]                 1.0     245661.3220     1.1434   2.622E+03    58     0    921
3d7(2P)4f_1Fo[3]                 7.0     245667.9010     1.1432   2.622E+03    57     0    922
3d7(4P)5d_3De[2]                 5.0     245699.8600     1.1422   2.625E+03    62     0    923
3d7(4P)6s_3Pe[0]                 1.0     245724.3100     1.1415   2.626E+03    62     0    924
3d7(2F)5p_1Fo[3]                 7.0     245849.2810     1.1377   2.635E+03    57     0    925
3d7(4P)5d_3De[1]                 3.0     245885.6990     1.1366   2.638E+03    62     0    926
3d7(4P)5d_3Dbe[3]                7.0     245897.5370     1.1363   2.638E+03    62     0    927
3d6(3G)4s4p_1Go[4]               9.0     245910.6030     1.1359   2.639E+03    57     0    928
3d7(2G)6s_3Ge[5]                11.0     245998.7860     1.1333   2.645E+03    62     0    929
3d7(4P)5d_3Fe[2]                 5.0     246051.3140     1.1317   2.649E+03    62     0    930
3d7(4F)5f_5Hbo[3]                7.0     246063.7070     1.1313   2.650E+03    58     0    931
3d7(4F)5f_5Hbo[4]                9.0     246080.5450     1.1308   2.651E+03    58     0    932
3d7(4F)5f_3Io[5]                11.0     246107.9960     1.1300   2.653E+03    59     0    933
3d7(4F)5f_5Io[4]                 9.0     246117.5250     1.1297   2.654E+03    58     0    934
3d7(2G)5d_3De[3]                 7.0     246133.4970     1.1292   2.655E+03    62     0    935
3d7(4F)5f_5Fbo[2]                5.0     246135.9830     1.1291   2.655E+03    58     0    936
3d7(4P)5d_3Pe[0]                 1.0     246137.5350     1.1291   2.655E+03    62     0    937
3d7(2G)6s_3Ge[4]                 9.0     246160.0370     1.1284   2.657E+03    62     0    938
3d7(2G)5d_3Ie[7]                15.0     246173.4650     1.1280   2.658E+03    62     0    939
3d7(4F)5f_3Gbo[3]                7.0     246187.7220     1.1276   2.659E+03    59     0    940
3d7(4F)5f_5Pbo[2]                5.0     246209.9140     1.1269   2.660E+03    58     0    941
3d7(4F)5f_3Pbo[1]                3.0     246251.1100     1.1257   2.663E+03    59     0    942
3d7(2G)5d_3Ie[6]                13.0     246251.5090     1.1257   2.663E+03    62     0    943
3d7(2G)5d_3Ge[5]                11.0     246251.8820     1.1257   2.663E+03    62     0    944
3d7(4P)5d_3Pe[1]                 3.0     246298.9450     1.1243   2.667E+03    62     0    945
3d7(4F)7s_5Fe[5]                11.0     246355.1380     1.1226   2.671E+03    60     0    946
3d7(F<5/2>)5g_2{9/2}e[4]         9.0     246364.8600     1.1223   2.671E+03    61     0    947
3d7(4F)5g_3Ie[5]                11.0     246373.1390     1.1220   2.672E+03    62     0    948
3d7(4F)5g_5He[6]                13.0     246373.2610     1.1220   2.672E+03    60     0    949
3d7(4F)5g_5Ie[4]                 9.0     246373.2730     1.1220   2.672E+03    60     0    950
3d7(F<5/2>)5g_2{9/2}e[5]        11.0     246376.2400     1.1219   2.672E+03    61     0    951
3d7(4F)5g_5He[3]                 7.0     246379.2190     1.1218   2.672E+03    60     0    952
3d7(F<5/2>)5g_2{13/2}e[6]       13.0     246385.9700     1.1216   2.673E+03    61     0    953
3d7(4F)5g_5Gbe[2]                5.0     246389.9850     1.1215   2.673E+03    60     0    954
3d7(4F)5g_3Gbe[3]                7.0     246391.1340     1.1215   2.673E+03    62     0    955
3d7(4F)5g_5Ke[7]                15.0     246394.9830     1.1214   2.673E+03    60     0    956
3d7(4F)5g_5De[2]                 5.0     246405.6220     1.1211   2.674E+03    60     0    957
3d6(1I)4s4p_3Io[5]              11.0     246407.1600     1.1210   2.674E+03    59     0    958
3d7(4F)5g_5Fbe[1]                3.0     246407.7640     1.1210   2.674E+03    60     0    959
3d6(1I)4s4p_3Io[7]              15.0     246431.8750     1.1203   2.676E+03    59     0    960
3d7(2G)5d_3He[6]                13.0     246472.1510     1.1191   2.679E+03    62     0    961
3d6(1I)4s4p_3Io[6]              13.0     246473.0610     1.1190   2.679E+03    59     0    962
3d7(2G)5d_1He[5]                11.0     246473.0980     1.1190   2.679E+03    63     0    963
3d7(2G)5d_3Ge[4]                 9.0     246482.3240     1.1188   2.680E+03    62     0    964
3d7(4F)6d_5Fe[5]                11.0     246490.4840     1.1185   2.680E+03    60     0    965
3d7(4P)5d_3Pe[2]                 5.0     246508.0350     1.1180   2.682E+03    62     0    966
3d7(4F)6d_5Ge[6]                13.0     246533.5290     1.1172   2.683E+03    60     0    967
3d7(2G)5d_1Fe[3]                 7.0     246574.8180     1.1160   2.686E+03    63     0    968
3d7(4F)7s_3Fe[4]                 9.0     246585.8130     1.1157   2.687E+03    62     0    969
3d7(4F)6d_5He[7]                15.0     246647.1020     1.1138   2.692E+03    60     0    970
3d7(4F)7s_3Fbe[4]                9.0     246647.2640     1.1138   2.692E+03    62     0    971
3d7(2G)5d_3De[2]                 5.0     246654.4910     1.1136   2.692E+03    62     0    972
3d7(4F)6d_5Pe[3]                 7.0     246659.8810     1.1134   2.693E+03    60     0    973
3d6(3D)4s4p_3Do[1]               3.0     246725.1810     1.1115   2.697E+03    59     0    974
3d7(4F)6d_3Fe[4]                 9.0     246755.9920     1.1106   2.699E+03    62     0    975
3d7(2P)4f_3Do[3]                 7.0     246757.2250     1.1105   2.700E+03    59     0    976
3d7(2P)4f_3Go[4]                 9.0     246771.4020     1.1101   2.701E+03    59     0    977
3d7(4F)6d_3Ge[5]                11.0     246781.0760     1.1098   2.701E+03    62     0    978
3d7(2P)4f_1Do[2]                 5.0     246789.4060     1.1095   2.702E+03    64     0    979
3d7(2P)4f_3Go[3]                 7.0     246816.6680     1.1087   2.704E+03    59     0    980
3d7(4F)6d_3He[6]                13.0     246828.6890     1.1084   2.705E+03    62     0    981
3d7(4F)6d_3De[3]                 7.0     246927.7580     1.1054   2.712E+03    62     0    982
3d7(F<3/2>)5g_2{9/2}e[4]         9.0     246938.9800     1.1051   2.713E+03    61     0    983
3d7(F<3/2>)5g_2{9/2}e[5]        11.0     246954.8700     1.1046   2.714E+03    61     0    984
3d7(4F)5g_5Hbe[3]                7.0     246969.3040     1.1042   2.715E+03    60     0    985
3d7(4F)5g_5Fe[4]                 9.0     246969.7810     1.1041   2.715E+03    60     0    986
3d7(4F)5g_5Ke[5]                11.0     246987.9020     1.1036   2.716E+03    60     0    987
3d7(4F)5g_3Ke[6]                13.0     246988.5240     1.1036   2.717E+03    62     0    988
3d7(4F)5g_5Pe[3]                 7.0     246998.7630     1.1033   2.717E+03    60     0    989
3d7(4F)5g_3Pe[2]                 5.0     246999.4160     1.1033   2.717E+03    62     0    990
3d6(3D)4s4p_3Do[2]               5.0     247012.0060     1.1029   2.718E+03    59     0    991
3d7(2G)6s_3Ge[3]                 7.0     247097.2740     1.1003   2.725E+03    62     0    992
3d7(2G)5d_3De[1]                 3.0     247170.9950     1.0981   2.730E+03    62     0    993
3d6(3D)4s4p_3Do[3]               7.0     247251.9620     1.0957   2.736E+03    59     0    994
3d7(2G)5d_3Ie[5]                11.0     247266.3400     1.0953   2.737E+03    62     0    995
3d7(2G)5d_3Ge[3]                 7.0     247270.4990     1.0951   2.738E+03    62     0    996
3d7(2G)6s_1Ge[4]                 9.0     247291.6400     1.0945   2.739E+03    63     0    997
3d7(4F)6d_5De[2]                 5.0     247421.8090     1.0906   2.749E+03    60     0    998
3d7(2G)5d_1Ie[6]                13.0     247460.3600     1.0894   2.752E+03    63     0    999
3d7(2D)4d_3Sbe[1]                3.0     247507.6320     1.0880   2.755E+03    62     0   1000
