3d2 3F<2> --> 2D
1.0100e+00 5.6674e-18    1.0100e+00 1.3059e-18 
1.1395e+00 5.1788e-18    1.1395e+00 1.1929e-18 
1.2857e+00 4.6313e-18    1.2857e+00 1.0663e-18 
1.4505e+00 4.0679e-18    1.4506e+00 9.3627e-19 
1.6366e+00 3.5164e-18    1.6366e+00 8.0902e-19 
1.8465e+00 2.9938e-18    1.8465e+00 6.8852e-19 
2.0833e+00 2.5111e-18    2.0833e+00 5.7729e-19 
2.3504e+00 2.0745e-18    2.3505e+00 4.7674e-19 
2.6519e+00 1.6869e-18    2.6519e+00 3.8751e-19 
2.9920e+00 1.3494e-18    2.9920e+00 3.0988e-19 
3.3757e+00 1.0613e-18    3.3757e+00 2.4363e-19 
3.8086e+00 8.2022e-19    3.8085e+00 1.8821e-19 
4.2971e+00 6.2262e-19    4.2972e+00 1.4282e-19 
4.8480e+00 4.6412e-19    4.8482e+00 1.0642e-19 
5.4700e+00 3.3974e-19    5.4699e+00 7.7872e-20 
6.1713e+00 2.4428e-19    6.1714e+00 5.5971e-20 
6.9629e+00 1.7262e-19    6.9627e+00 3.9538e-20 
7.8558e+00 1.1997e-19    7.8558e+00 2.7471e-20 
8.8632e+00 8.2092e-20    8.8633e+00 1.8792e-20 
1.0000e+01 5.5375e-20    1.0000e+01 1.2673e-20


3d2 3F<3> --> 2D
1.0100e+00 3.4825e-18    1.0100e+00 3.4886e-18 
1.1395e+00 3.1828e-18    1.1395e+00 3.1872e-18 
1.2857e+00 2.8469e-18    1.2857e+00 2.8497e-18 
1.4505e+00 2.5011e-18    1.4506e+00 2.5026e-18 
1.6366e+00 2.1624e-18    1.6366e+00 2.1628e-18 
1.8465e+00 1.8414e-18    1.8465e+00 1.8410e-18 
2.0833e+00 1.5448e-18    2.0833e+00 1.5439e-18 
2.3505e+00 1.2765e-18    2.3504e+00 1.2753e-18 
2.6519e+00 1.0381e-18    2.6519e+00 1.0368e-18 
2.9920e+00 8.3061e-19    2.9920e+00 8.2922e-19 
3.3757e+00 6.5340e-19    3.3757e+00 6.5207e-19 
3.8087e+00 5.0506e-19    3.8086e+00 5.0383e-19 
4.2969e+00 3.8345e-19    4.2970e+00 3.8238e-19 
4.8482e+00 2.8589e-19    4.8481e+00 2.8499e-19 
5.4697e+00 2.0931e-19    5.4699e+00 2.0857e-19 
6.1713e+00 1.5052e-19    6.1714e+00 1.4994e-19 
6.9629e+00 1.0639e-19    6.9630e+00 1.0594e-19 
7.8558e+00 7.3948e-20    7.8558e+00 7.3615e-20 
8.8634e+00 5.0610e-20    8.8634e+00 5.0365e-20 
9.9998e+00 3.4143e-20    1.0000e+01 3.3969e-20

3d2 3F<4> --> 2D
1.0100e+00 7.2134e-19    1.0100e+00 6.2467e-18 
1.1395e+00 6.5943e-19    1.1395e+00 5.7084e-18 
1.2857e+00 5.8997e-19    1.2857e+00 5.1052e-18 
1.4506e+00 5.1844e-19    1.4505e+00 4.4845e-18 
1.6366e+00 4.4835e-19    1.6366e+00 3.8766e-18 
1.8465e+00 3.8188e-19    1.8465e+00 3.3007e-18 
2.0833e+00 3.2045e-19    2.0833e+00 2.7687e-18 
2.3504e+00 2.6485e-19    2.3505e+00 2.2875e-18 
2.6519e+00 2.1546e-19    2.6519e+00 1.8601e-18 
2.9920e+00 1.7243e-19    2.9920e+00 1.4881e-18 
3.3757e+00 1.3567e-19    3.3757e+00 1.1705e-18 
3.8087e+00 1.0490e-19    3.8085e+00 9.0461e-19 
4.2970e+00 7.9659e-20    4.2971e+00 6.8671e-19 
4.8483e+00 5.9406e-20    4.8481e+00 5.1192e-19 
5.4698e+00 4.3505e-20    5.4700e+00 3.7476e-19 
6.1714e+00 3.1293e-20    6.1715e+00 2.6947e-19 
6.9628e+00 2.2122e-20    6.9629e+00 1.9043e-19 
7.8557e+00 1.5380e-20    7.8557e+00 1.3235e-19 
8.8633e+00 1.0528e-20    8.8633e+00 9.0570e-20 
1.0000e+01 7.1037e-21    9.9998e+00 6.1096e-20 
 
3d2(1D2) --> 3d 2D
1.0100e+00 2.9413e-18    1.0100e+00 3.7483e-18 
1.1395e+00 2.7115e-18    1.1395e+00 3.4541e-18 
1.2857e+00 2.4474e-18    1.2857e+00 3.1164e-18 
1.4506e+00 2.1698e-18    1.4506e+00 2.7619e-18 
1.6366e+00 1.8930e-18    1.6366e+00 2.4086e-18 
1.8465e+00 1.6264e-18    1.8465e+00 2.0686e-18 
2.0833e+00 1.3765e-18    2.0833e+00 1.7501e-18 
2.3505e+00 1.1474e-18    2.3504e+00 1.4583e-18 
2.6519e+00 9.4144e-19    2.6519e+00 1.1960e-18 
2.9920e+00 7.5993e-19    2.9920e+00 9.6505e-19 
3.3757e+00 6.0311e-19    3.3757e+00 7.6561e-19 
3.8086e+00 4.7032e-19    3.8086e+00 5.9681e-19 
4.2971e+00 3.6024e-19    4.2972e+00 4.5695e-19 
4.8480e+00 2.7094e-19    4.8482e+00 3.4355e-19 
5.4701e+00 2.0008e-19    5.4699e+00 2.5360e-19 
6.1715e+00 1.4510e-19    6.1716e+00 1.8384e-19 
6.9630e+00 1.0338e-19    6.9627e+00 1.3093e-19 
7.8559e+00 7.2413e-20    7.8560e+00 9.1686e-20 
8.8635e+00 4.9914e-20    8.8631e+00 6.3178e-20 
1.0000e+01 3.3897e-20    1.0000e+01 4.2893e-20  

3d2(3P0) --> 2d1 2D
1.0100e+00 4.0605e-18      1.0100e+00 2.5718e-18   
1.1395e+00 3.7495e-18      1.1395e+00 2.3740e-18   
1.2857e+00 3.3903e-18      1.2857e+00 2.1457e-18   
1.4506e+00 3.0112e-18      1.4506e+00 1.9050e-18   
1.6366e+00 2.6317e-18      1.6366e+00 1.6643e-18   
1.8465e+00 2.2651e-18      1.8465e+00 1.4319e-18   
2.0833e+00 1.9204e-18      2.0833e+00 1.2135e-18   
2.3504e+00 1.6036e-18      2.3505e+00 1.0129e-18   
2.6519e+00 1.3180e-18      2.6519e+00 8.3225e-19   
2.9920e+00 1.0658e-18      2.9920e+00 6.7268e-19   
3.3757e+00 8.4731e-19      3.3757e+00 5.3459e-19   
3.8086e+00 6.6192e-19      3.8086e+00 4.1746e-19   
4.2971e+00 5.0789e-19      4.2972e+00 3.2019e-19   
4.8480e+00 3.8266e-19      4.8482e+00 2.4115e-19   
5.4700e+00 2.8306e-19      5.4698e+00 1.7832e-19   
6.1715e+00 2.0562e-19      6.1712e+00 1.2948e-19   
6.9627e+00 1.4673e-19      6.9629e+00 9.2370e-20   
7.8559e+00 1.0294e-19      7.8559e+00 6.4780e-20   
8.8634e+00 7.1058e-20      8.8631e+00 4.4700e-20   
1.0000e+01 4.8324e-20      9.9999e+00 3.0390e-20 


3d2(1G4) --> 3d 2D
1.0100e+00 2.5855e-18    1.0100e+00 3.9456e-18 
1.1395e+00 2.3950e-18    1.1395e+00 3.6537e-18 
1.2857e+00 2.1728e-18    1.2857e+00 3.3134e-18 
1.4506e+00 1.9364e-18    1.4505e+00 2.9517e-18 
1.6366e+00 1.6981e-18    1.6366e+00 2.5874e-18 
1.8465e+00 1.4664e-18    1.8465e+00 2.2335e-18 
2.0833e+00 1.2474e-18    2.0833e+00 1.8991e-18 
2.3504e+00 1.0450e-18    2.3505e+00 1.5905e-18 
2.6519e+00 8.6181e-19    2.6519e+00 1.3111e-18 
2.9920e+00 6.9923e-19    2.9920e+00 1.0633e-18 
3.3757e+00 5.5770e-19    3.3757e+00 8.4778e-19 
3.8086e+00 4.3714e-19    3.8086e+00 6.6425e-19 
4.2971e+00 3.3653e-19    4.2972e+00 5.1118e-19 
4.8483e+00 2.5440e-19    4.8481e+00 3.8626e-19 
5.4701e+00 1.8881e-19    5.4699e+00 2.8656e-19 
6.1712e+00 1.3759e-19    6.1713e+00 2.0875e-19 
6.9630e+00 9.8491e-20    6.9628e+00 1.4937e-19 
7.8558e+00 6.9301e-20    7.8558e+00 1.0506e-19 
8.8635e+00 4.7969e-20    8.8632e+00 7.2701e-20 
1.0000e+01 3.2706e-20    9.9999e+00 4.9554e-20 
  
3d2(1S0) --> 3d 2D
1.0100e+00 2.2763e-18    1.0100e+00 3.6079e-18 
1.1395e+00 2.1506e-18    1.1395e+00 3.4075e-18 
1.2856e+00 1.9925e-18    1.2857e+00 3.1557e-18 
1.4505e+00 1.8141e-18    1.4505e+00 2.8720e-18 
1.6366e+00 1.6252e-18    1.6366e+00 2.5719e-18 
1.8465e+00 1.4337e-18    1.8465e+00 2.2680e-18 
2.0833e+00 1.2457e-18    2.0833e+00 1.9697e-18 
2.3504e+00 1.0660e-18    2.3505e+00 1.6849e-18 
2.6519e+00 8.9802e-19    2.6519e+00 1.4188e-18 
2.9920e+00 7.4429e-19    2.9920e+00 1.1754e-18 
3.3757e+00 6.0660e-19    3.3757e+00 9.5758e-19 
3.8086e+00 4.8589e-19    3.8086e+00 7.6669e-19 
4.2970e+00 3.8228e-19    4.2971e+00 6.0296e-19 
4.8482e+00 2.9531e-19    4.8481e+00 4.6558e-19 
5.4698e+00 2.2393e-19    5.4700e+00 3.5290e-19 
6.1716e+00 1.6667e-19    6.1712e+00 2.6255e-19 
6.9629e+00 1.2179e-19    6.9631e+00 1.9176e-19 
7.8559e+00 8.7400e-20    7.8559e+00 1.3757e-19 
8.8633e+00 6.1645e-20    8.8634e+00 9.6993e-20 
9.9998e+00 4.2773e-20    1.0000e+01 6.7274e-20 

3d 4s --> 3d 
1.0100e+00 9.7204e-20 
1.1395e+00 9.9070e-20 
1.2857e+00 9.6253e-20 
1.4505e+00 9.0434e-20 
1.6366e+00 8.2953e-20 
1.8465e+00 7.4778e-20 
2.0833e+00 6.6566e-20 
2.3504e+00 5.8721e-20 
2.6519e+00 5.1468e-20 
2.9920e+00 4.4909e-20 
3.3757e+00 3.9064e-20 
3.8086e+00 3.3904e-20 
4.2971e+00 2.9377e-20 
4.8480e+00 2.5414e-20 
5.4700e+00 2.1951e-20 
6.1715e+00 1.8924e-20 
6.9629e+00 1.6278e-20 
7.8559e+00 1.3966e-20 
8.8633e+00 1.1941e-20 i

3d 4s --> 4s
1.0100e+00 3.2247e-18 
1.1395e+00 3.0052e-18 
1.2857e+00 2.7023e-18 
1.4505e+00 2.3624e-18 
1.6366e+00 2.0164e-18 
1.8465e+00 1.6848e-18 
2.0833e+00 1.3799e-18 
2.3505e+00 1.1089e-18 
2.6519e+00 8.7505e-19 
2.9920e+00 6.7836e-19 
3.3757e+00 5.1691e-19 
3.8087e+00 3.8730e-19 
4.2970e+00 2.8537e-19 
4.8480e+00 2.0683e-19 
5.4700e+00 1.4750e-19 
6.1715e+00 1.0357e-19 
6.9629e+00 7.1665e-20 
7.8558e+00 4.8889e-20 
8.8634e+00 3.2910e-20 
1.0000e+01 2.1894e-20
1.0000e+01 1.0160e-20


















