
**************************************************************************************

              LS level assignments to super levels for OIV

**************************************************************************************

19-DEC-1996                                      !Date
72                                               !Number of energy levels
6                                                !Entry number of link to super level
  
2s2s2p2Po[1/2]         2.0          0.0000    18.7108   1.602E+02     1     0      1
2s2s2p2Po[3/2]         4.0        385.9000    18.6992   1.603E+02     2     0      2
2s2p2p4Pe[1/2]         2.0      71439.8000    16.5691   1.809E+02     3     0      3
2s2p2p4Pe[3/2]         4.0      71570.1000    16.5652   1.810E+02     4     0      4
2s2p2p4Pe[5/2]         6.0      71755.5000    16.5596   1.810E+02     5     0      5
2s2p2p2De[5/2]         6.0     126936.3000    14.9053   2.011E+02     6     0      6
2s2p2p2De[3/2]         4.0     126950.2000    14.9049   2.011E+02     7     0      7
2s2p2p2Se[1/2]         2.0     164366.4000    13.7832   2.175E+02     8     0      8
2s2p2p2Pe[1/2]         2.0     180480.8000    13.3001   2.254E+02     9     0      9
2s2p2p2Pe[3/2]         4.0     180724.2000    13.2928   2.255E+02    10     0     10
2p2p2p2Do[5/2]         6.0     255155.9000    11.0614   2.710E+02    11     0     11
2p2p2p2Do[3/2]         4.0     255184.9000    11.0605   2.710E+02    12     0     12
2p2p2p2Po[1/2]         2.0     289015.4000    10.0463   2.984E+02    13     0     13
2p2p2p2Po[3/2]         4.0     289023.5000    10.0461   2.984E+02    14     0     14
2s2s3s2Se[1/2]         2.0     357614.3000     7.9898   3.752E+02    15     0     15
2s2s3p2Po[1/2]         2.0     390161.2000     7.0141   4.274E+02    16     0     16
2s2s3p2Po[3/2]         4.0     390248.0000     7.0115   4.276E+02    16     0     17
2s2s3d2De[3/2]         4.0     419533.9000     6.1335   4.888E+02    17     0     18
2s2s3d2De[5/2]         6.0     419550.6000     6.1330   4.888E+02    17     0     19
2s2p3s2Po[1/2]         2.0     452806.6000     5.1360   5.837E+02    18     0     20
2s2p3s2Po[3/2]         4.0     453071.5000     5.1281   5.846E+02    18     0     21
2s2p3p2Pe[1/2]         2.0     467229.3000     4.7036   6.374E+02    19     0     22
2s2p3p2Pe[3/2]         4.0     467344.9000     4.7001   6.378E+02    19     0     23
2s2p3p2De[3/2]         4.0     482666.1000     4.2408   7.069E+02    20     0     24
2s2p3p2De[5/2]         6.0     482921.6000     4.2332   7.082E+02    20     0     25
2s2s4s2Se[1/2]         2.0     485821.7000     4.1462   7.230E+02    21     0     26
2s2p3p2Se[1/2]         2.0     492890.9000     3.9343   7.620E+02    22     0     27
2s2s4p2Po[1/2]         2.0     499994.9000     3.7213   8.056E+02    23     0     28
2s2s4p2Po[3/2]         4.0     500037.8000     3.7200   8.059E+02    23     0     29
2s2p3d2Do[3/2]         4.0     501509.2000     3.6759   8.156E+02    24     0     30
2s2p3d2Do[5/2]         6.0     501564.4000     3.6743   8.159E+02    24     0     31
2s2s4d2De[1/2]         4.0     510569.7000     3.4043   8.806E+02    25     0     32
2s2s4d2De[3/2]         6.0     510574.1000     3.4042   8.807E+02    25     0     33
2s2p3d2Fo[5/2]         6.0     510744.9000     3.3990   8.820E+02    26     0     34
2s2p3d2Fo[7/2]         8.0     510977.2000     3.3921   8.838E+02    26     0     35
2s2s4f2Fo[5/2]         6.0     513187.2000     3.3258   9.014E+02    27     0     36
2s2s4f2Fo[7/2]         8.0     513198.3000     3.3255   9.015E+02    27     0     37
2s2p3d2Po[3/2]         4.0     514220.4000     3.2949   9.099E+02    28     0     38
2s2p3d2Po[1/2]         2.0     514371.3000     3.2903   9.111E+02    28     0     39
2s2p3s'2Po[1/2]        2.0     518699.0000     3.1606   9.485E+02    29     0     40
2s2p3s'2Po[3/2]        4.0     518709.0000     3.1603   9.486E+02    29     0     41
2s2s5s2Se              2.0     539368.0000     2.5410   1.180E+03    30     0     42
2s2s5p2Po              6.0     546813.6000     2.3177   1.293E+03    31     0     43
2s2p3p'2De            10.0     547343.4000     2.3019   1.302E+03    32     0     44
2s2p3p'2Pe             6.0     549834.0000     2.2272   1.346E+03    33     0     45
2s2s5d2De             10.0     552031.2000     2.1613   1.387E+03    34     0     46
2s2s5f2Fo             14.0     552495.1000     2.1474   1.396E+03    35     0     47
2s2s5g2Ge             18.0     554001.6000     2.1022   1.426E+03    36     0     48
2s2p3p'2Se             2.0     554464.0000     2.0884   1.436E+03    37     0     49
2s2s6s2Se              2.0     567267.0000     1.7046   1.759E+03    38     0     50
2s2s6p2Po              6.0     571406.0000     1.5805   1.897E+03    39     0     51
2s2p4s2Po              6.0     573832.6000     1.5077   1.988E+03    40     0     52
2s2s6d2De             10.0     574368.7000     1.4917   2.010E+03    41     0     53
2s2s6f2Fo             14.0     574807.7000     1.4785   2.028E+03    42     0     54
2s2p4p2Pe              6.0     575317.3000     1.4632   2.049E+03    43     0     55
2s2s6g2Ge             18.0     575507.4000     1.4575   2.057E+03    44     0     56
2s2p3d'2Do            10.0     575838.0000     1.4476   2.071E+03    45     0     57
2s2p3d'2Fo            14.0     577627.0000     1.3940   2.151E+03    46     0     58
2s2p3d'2Po             6.0     581735.0000     1.2708   2.359E+03    47     0     59
2s2p4p2De             10.0     584673.0000     1.1827   2.535E+03    48     0     60
2s2p4p2Se              2.0     590069.0000     1.0210   2.936E+03    49     0     61
2s2p4d2Do             10.0     593675.6000     0.9129   3.284E+03    50     0     62
2s2p4f2Fe             14.0     594050.0000     0.9016   3.325E+03    51     0     63
2s2p4d2Fo             14.0     596398.0000     0.8312   3.607E+03    52     0     64
2s2p4f2De             10.0     596714.3000     0.8218   3.648E+03    53     0     65
2s2p4f2Ge             18.0     596751.7000     0.8206   3.653E+03    54     0     66
2p2p3p''2So            2.0     597256.0000     0.8055   3.722E+03    55     0     67
2s2p4d2Po              6.0     597769.0000     0.7901   3.794E+03    56     0     68
2p2p3s'''2De          10.0     600100.0000     0.7203   4.162E+03    57     0     69
2p2p3s''2Pe            6.0     600655.0000     0.7036   4.261E+03    58     0     70
2p2p3p''2Do           10.0     615442.0000     0.2603   1.152E+04    59     0     71
2p2p3p''2Po            6.0     619326.0000     0.1439   2.084E+04    60     0     72
