********************************************************************************
                                                                                
                 Supler level assignments for SkV                  
                                                                                
                     g        E(cm^-1)    10^15 Hz     eV       Lam(A)       ID 
********************************************************************************
                                                                                
17-Oct-2000                            !Format date                   
31-Mar-2002                            !Date
203                                    !Number of energy levels
6                                      !Entry number of link to super level
  
2p6_1Se[0]           1.0          0.0000    40.3242   7.435E+01     1     0      1
2p5_3s_3Po[2]        5.0     838017.3750    15.2011   1.972E+02     2     0      2
2p5_3s_3Po[1]        3.0     840590.0000    15.1239   1.982E+02     2     0      3
2p5_3s_3Po[0]        1.0     843070.6250    15.0496   1.992E+02     2     0      4
2p5_3s_1Po[1]        3.0     848511.1880    14.8865   2.014E+02     3     0      5
2p5_3p_3Se[1]        3.0     906252.3120    13.1554   2.279E+02     4     0      6
2p5_3p_3De[3]        7.0     917928.5000    12.8054   2.341E+02     5     0      7
2p5_3p_3De[2]        5.0     918959.3750    12.7745   2.347E+02     5     0      8
2p5_3p_3De[1]        3.0     920863.8750    12.7174   2.357E+02     5     0      9
2p5_3p_1De[2]        5.0     924291.6880    12.6146   2.377E+02     6     0     10
2p5_3p_1Pe[1]        3.0     925947.3120    12.5650   2.386E+02     7     0     11
2p5_3p_3Pe[2]        5.0     927398.1880    12.5215   2.394E+02     8     0     12
2p5_3p_3Pe[0]        1.0     927805.6880    12.5093   2.397E+02     8     0     13
2p5_3p_3Pe[1]        3.0     928405.3750    12.4913   2.400E+02     8     0     14
2p5_3p_1Se[0]        1.0     962950.0000    11.4557   2.617E+02     9     0     15
2p5_3d_3Po[0]        1.0    1017629.0000     9.8164   3.054E+02    10     0     16
2p5_3d_3Po[1]        3.0    1018235.5000     9.7983   3.060E+02    10     0     17
2p5_3d_3Po[2]        5.0    1019537.3750     9.7592   3.072E+02    10     0     18
2p5_3d_3Fo[4]        9.0    1021384.0000     9.7039   3.089E+02    11     0     19
2p5_3d_3Fo[3]        7.0    1022351.0000     9.6749   3.099E+02    11     0     20
2p5_3d_3Fo[2]        5.0    1024240.0000     9.6182   3.117E+02    11     0     21
2p5_3d_1Fo[3]        7.0    1025526.0000     9.5797   3.129E+02    12     0     22
2p5_3d_1Do[2]        5.0    1029340.0000     9.4653   3.167E+02    13     0     23
2p5_3d_3Do[1]        3.0    1029407.0000     9.4633   3.168E+02    14     0     24
2p5_3d_3Do[3]        7.0    1029875.0000     9.4493   3.173E+02    14     0     25
2p5_3d_3Do[2]        5.0    1030414.0000     9.4331   3.178E+02    14     0     26
2p5_3d_1Po[1]        3.0    1036915.0000     9.2383   3.245E+02    15     0     27
2p5_4s_3Po           9.0    1099942.1250     7.3487   4.080E+02    16     0     28
2p5_4s_1Po           3.0    1102521.8680     7.2714   4.123E+02    17     0     29
2p5_4p_3Se           3.0    1123902.6150     6.6304   4.521E+02    18     0     30
2p5_4p_3De          15.0    1128198.8400     6.5016   4.611E+02    18     0     31
2p5_4p_1De           5.0    1130096.0050     6.4448   4.652E+02    19     0     32
2p5_4p_1Pe           3.0    1130226.4980     6.4408   4.655E+02    19     0     33
2p5_4p_3Pe           9.0    1130326.8770     6.4378   4.657E+02    18     0     34
2p5_4p_1Se           1.0    1144801.5420     6.0039   4.993E+02    20     0     35
2p5_4d_3Po           9.0    1163542.3190     5.4421   5.509E+02    21     0     36
2p5_4d_3Fo          21.0    1164967.7020     5.3993   5.552E+02    21     0     37
2p5_4d_1Fo           7.0    1166413.1610     5.3560   5.597E+02    22     0     38
2p5_4d_1Do           5.0    1167115.8140     5.3349   5.619E+02    22     0     39
2p5_4d_3Do          15.0    1167155.9660     5.3337   5.621E+02    21     0     40
2p5_4d_1Po           3.0    1171592.7220     5.2007   5.764E+02    23     0     41
2p5_4f_3De          15.0    1172355.6030     5.1778   5.790E+02    24     0     42
2p5_4f_1De           5.0    1172546.3230     5.1721   5.796E+02    25     0     43
2p5_4f_3Ge          27.0    1172616.5890     5.1700   5.799E+02    24     0     44
2p5_4f_1Ge           9.0    1172666.7780     5.1685   5.800E+02    25     0     45
2p5_4f_1Fe           7.0    1173188.7500     5.1529   5.818E+02    25     0     46
2p5_4f_3Fe          21.0    1173188.7500     5.1529   5.818E+02    24     0     47
2p5_5s_3Po           9.0    1199979.9300     4.3497   6.892E+02    26     0     48
2p5_5s_1Po           3.0    1201154.3650     4.3145   6.949E+02    27     0     49
2p5_5p_3Se           3.0    1210579.9620     4.0319   7.435E+02    28     0     50
2p5_5p_3De          15.0    1213229.9700     3.9525   7.585E+02    28     0     51
2p5_5p_1De           5.0    1214113.3060     3.9260   7.636E+02    29     0     52
2p5_5p_1Pe           3.0    1214173.5340     3.9242   7.640E+02    29     0     53
2p5_5p_3Pe           9.0    1214213.6850     3.9230   7.642E+02    28     0     54
2p5_5p_1Se           1.0    1220738.3260     3.7274   8.043E+02    29     0     55
2p5_5d_3Po           9.0    1229933.0510     3.4517   8.685E+02    30     0     56
2p5_5d_3Fo          21.0    1230635.7050     3.4307   8.739E+02    30     0     57
2p5_5d_1Fo           7.0    1231388.5480     3.4081   8.797E+02    31     0     58
2p5_5d_1Do           5.0    1231689.6860     3.3991   8.820E+02    31     0     59
2p5_5d_3Do          15.0    1231709.7610     3.3985   8.821E+02    30     0     60
2p5_5d_1Po           3.0    1234128.8980     3.3259   9.014E+02    31     0     61
2p5_5f_3De          15.0    1234490.2620     3.3151   9.043E+02    32     0     62
2p5_5f_1De           5.0    1234640.8310     3.3106   9.056E+02    33     0     63
2p5_5f_3Ge          27.0    1234680.9830     3.3094   9.059E+02    32     0     64
2p5_5f_1Ge           9.0    1234711.0960     3.3085   9.061E+02    33     0     65
2p5_5g_3Fo          21.0    1234901.8170     3.3028   9.077E+02    30     0     66
2p5_5g_1Fo           7.0    1234901.8170     3.3028   9.077E+02    31     0     67
2p5_5g_3Go          27.0    1234941.9680     3.3016   9.080E+02    30     0     68
2p5_5g_1Go           9.0    1234941.9680     3.3016   9.080E+02    31     0     69
2p5_5f_1Fe           7.0    1235032.3090     3.2988   9.088E+02    33     0     70
2p5_5f_3Fe          21.0    1235032.3090     3.2988   9.088E+02    32     0     71
2p5_6s_3Po           9.0    1249165.6860     2.8751   1.043E+03    34     0     72
2p5_6s_1Po           3.0    1249808.1120     2.8559   1.050E+03    35     0     73
2p6_3s_3Se           3.0    1250149.4010     2.8456   1.054E+03    36     0     74
2p5_6p_3De          15.0    1256423.0940     2.6576   1.128E+03    36     0     75
2p5_6p_1De           5.0    1256904.9140     2.6431   1.134E+03    37     0     76
2p5_6p_1Pe           3.0    1256935.0280     2.6422   1.135E+03    37     0     77
2p5_6p_3Pe           9.0    1256965.1410     2.6413   1.135E+03    36     0     78
2p5_6p_1Se           1.0    1259273.8610     2.5721   1.166E+03    37     0     79
2p5_6p_3Se           3.0    1259605.1120     2.5622   1.170E+03    36     0     80
2p5_6d_3Po           9.0    1265647.9330     2.3810   1.259E+03    38     0     81
2p5_6d_3Fo          21.0    1266049.4490     2.3690   1.265E+03    38     0     82
2p5_6d_1Fo           7.0    1266481.0790     2.3560   1.272E+03    39     0     83
2p5_6d_1Do           5.0    1266641.6860     2.3512   1.275E+03    39     0     84
2p5_6d_3Do          15.0    1266661.7620     2.3506   1.275E+03    38     0     85
2p5_6d_1Po           3.0    1268067.0690     2.3085   1.299E+03    39     0     86
2p5_6f_3De          15.0    1268287.9030     2.3019   1.302E+03    40     0     87
2p5_6f_1De           5.0    1268398.3200     2.2986   1.304E+03    37     0     88
2p5_6f_3Ge          27.0    1268418.3960     2.2980   1.305E+03    40     0     89
2p5_6f_1Ge           9.0    1268438.4720     2.2974   1.305E+03    37     0     90
2p5_6g_3Fo          21.0    1268558.9270     2.2937   1.307E+03    38     0     91
2p5_6g_1Fo           7.0    1268558.9270     2.2937   1.307E+03    39     0     92
2p5_6h_3Ge          27.0    1268579.0020     2.2931   1.307E+03    40     0     93
2p5_6h_1Ge           9.0    1268579.0020     2.2931   1.307E+03    37     0     94
2p5_6g_1Go           9.0    1268599.0780     2.2925   1.308E+03    39     0     95
2p5_6g_3Go          27.0    1268599.0780     2.2925   1.308E+03    38     0     96
2p5_6f_1Fe           7.0    1268639.2300     2.2913   1.308E+03    37     0     97
2p5_6f_3Fe          21.0    1268639.2300     2.2913   1.308E+03    40     0     98
2p6_3s_1Se           1.0    1269060.8220     2.2787   1.316E+03    37     0     99
2p5_7s_3Po           9.0    1276970.6950     2.0416   1.468E+03    38     0    100
2p5_7s_1Po           3.0    1277372.2110     2.0295   1.477E+03    39     0    101
2p5_7p_3Se           3.0    1281347.2230     1.9104   1.569E+03    41     0    102
2p5_7p_3De          15.0    1281377.3370     1.9095   1.570E+03    41     0    103
2p5_7p_1De           5.0    1281668.4360     1.9007   1.577E+03    42     0    104
2p5_7p_1Pe           3.0    1281688.5120     1.9001   1.578E+03    42     0    105
2p5_7p_3Pe           9.0    1281708.5880     1.8995   1.578E+03    41     0    106
2p5_7p_1Se           1.0    1284559.3540     1.8141   1.653E+03    42     0    107
2p5_7d_3Po           9.0    1287008.6040     1.7406   1.722E+03    43     0    108
2p5_7d_3Fo          21.0    1287259.5520     1.7331   1.730E+03    43     0    109
2p5_7d_1Fo           7.0    1287540.6130     1.7247   1.738E+03    44     0    110
2p5_7d_1Do           5.0    1287630.9540     1.7220   1.741E+03    44     0    111
2p5_7d_3Do          15.0    1287640.9920     1.7217   1.741E+03    43     0    112
2p5_7d_1Po           3.0    1288524.3280     1.6952   1.768E+03    44     0    113
2p5_7f_3De          15.0    1288674.8970     1.6907   1.773E+03    41     0    114
2p5_7f_1De           5.0    1288755.2000     1.6883   1.776E+03    42     0    115
2p5_7f_3Ge          27.0    1288765.2380     1.6880   1.776E+03    41     0    116
2p5_7f_1Ge           9.0    1288775.2760     1.6877   1.776E+03    42     0    117
2p5_7g_1Fo           7.0    1288855.5790     1.6853   1.779E+03    44     0    118
2p5_7g_3Fo          21.0    1288855.5790     1.6853   1.779E+03    43     0    119
2p5_7h_3Ge          27.0    1288875.6550     1.6847   1.780E+03    41     0    120
2p5_7h_1Ge           9.0    1288875.6550     1.6847   1.780E+03    42     0    121
2p5_7g_1Go           9.0    1288885.6930     1.6844   1.780E+03    44     0    122
2p5_7g_3Go          27.0    1288885.6930     1.6844   1.780E+03    43     0    123
2p5_7f_1Fe           7.0    1288905.7690     1.6838   1.780E+03    42     0    124
2p5_7f_3Fe          21.0    1288905.7690     1.6838   1.780E+03    41     0    125
2p5_8s_3Po           9.0    1294215.8230     1.5246   1.966E+03    43     0    126
2p5_8s_1Po           3.0    1294486.8470     1.5164   1.977E+03    44     0    127
2p5_8p_3Se           3.0    1296956.1720     1.4424   2.078E+03    45     0    128
2p5_8p_3De          15.0    1297096.7030     1.4382   2.084E+03    45     0    129
2p5_8p_1De           5.0    1297287.4230     1.4325   2.093E+03    46     0    130
2p5_8p_3Pe           9.0    1297307.4990     1.4319   2.094E+03    45     0    131
2p5_8p_1Pe           3.0    1297307.4990     1.4319   2.094E+03    46     0    132
2p5_8p_1Se           1.0    1299023.9820     1.3804   2.172E+03    46     0    133
2p5_8d_3Po           9.0    1300790.6540     1.3275   2.258E+03    47     0    134
2p5_8d_3Fo          21.0    1300961.2980     1.3223   2.267E+03    47     0    135
2p5_8d_1Fo           7.0    1301141.9810     1.3169   2.276E+03    48     0    136
2p5_8d_1Do           5.0    1301202.2080     1.3151   2.280E+03    48     0    137
2p5_8d_3Do          15.0    1301212.2460     1.3148   2.280E+03    47     0    138
2p5_8d_1Po           3.0    1301784.4070     1.2977   2.310E+03    48     0    139
2p5_8f_3De          15.0    1301904.8620     1.2941   2.317E+03    45     0    140
2p5_8f_1De           5.0    1301955.0510     1.2926   2.319E+03    46     0    141
2p5_8f_3Ge          27.0    1301965.0890     1.2923   2.320E+03    45     0    142
2p5_8f_1Ge           9.0    1301975.1270     1.2920   2.320E+03    46     0    143
2p5_8g_3Fo          21.0    1302025.3170     1.2904   2.323E+03    47     0    144
2p5_8g_1Fo           7.0    1302035.3540     1.2901   2.324E+03    48     0    145
2p5_8h_3Ge          27.0    1302045.3920     1.2898   2.324E+03    45     0    146
2p5_8h_1Ge           9.0    1302045.3920     1.2898   2.324E+03    46     0    147
2p5_8g_1Go           9.0    1302055.4300     1.2895   2.325E+03    48     0    148
2p5_8g_3Go          27.0    1302055.4300     1.2895   2.325E+03    47     0    149
2p5_8f_1Fe           7.0    1302065.4680     1.2892   2.325E+03    46     0    150
2p5_8f_3Fe          21.0    1302065.4680     1.2892   2.325E+03    45     0    151
2p5_9s_3Po           9.0    1305649.0020     1.1818   2.537E+03    47     0    152
2p5_9s_1Po           3.0    1305849.7600     1.1758   2.550E+03    48     0    153
2p5_9p_3Se           3.0    1307506.0150     1.1261   2.662E+03    45     0    154
2p5_9p_3De          15.0    1307636.5080     1.1222   2.671E+03    45     0    155
2p5_9p_1De           5.0    1307767.0010     1.1183   2.681E+03    46     0    156
2p5_9p_1Pe           3.0    1307777.0390     1.1180   2.681E+03    46     0    157
2p5_9p_3Pe           9.0    1307787.0770     1.1177   2.682E+03    45     0    158
2p5_9p_1Se           1.0    1308941.4360     1.0831   2.768E+03    46     0    159
2p5_9d_3Po           9.0    1310186.1370     1.0458   2.867E+03    47     0    160
2p5_9d_3Fo          21.0    1310306.5920     1.0422   2.877E+03    47     0    161
2p5_9d_1Fo           7.0    1310437.0850     1.0383   2.887E+03    48     0    162
2p5_9d_1Do           5.0    1310477.2360     1.0371   2.891E+03    48     0    163
2p5_9d_3Do          15.0    1310487.2740     1.0368   2.892E+03    47     0    164
2p5_9d_1Po           3.0    1310878.7530     1.0250   2.925E+03    48     0    165
2p5_9f_3De          15.0    1310969.0940     1.0223   2.932E+03    49     0    166
2p5_9f_1De           5.0    1311009.2450     1.0211   2.936E+03    50     0    167
2p5_9f_3Ge          27.0    1311019.2830     1.0208   2.937E+03    49     0    168
2p5_9f_1Ge           9.0    1311029.3210     1.0205   2.938E+03    50     0    169
2p5_9g_3Fo          21.0    1311059.4350     1.0196   2.940E+03    47     0    170
2p5_9g_1Fo           7.0    1311059.4350     1.0196   2.940E+03    48     0    171
2p5_9h_3Ge          27.0    1311069.4730     1.0193   2.941E+03    49     0    172
2p5_9h_1Ge           9.0    1311069.4730     1.0193   2.941E+03    50     0    173
2p5_9g_1Go           9.0    1311079.5110     1.0190   2.942E+03    48     0    174
2p5_9g_3Go          27.0    1311079.5110     1.0190   2.942E+03    47     0    175
2p5_9f_1Fe           7.0    1311089.5490     1.0187   2.943E+03    50     0    176
2p5_9f_3Fe          21.0    1311089.5490     1.0187   2.943E+03    49     0    177
2p5_10s_3Po          9.0    1313619.1020     0.9429   3.180E+03    47     0    178
2p5_10s_1Po          3.0    1313769.6710     0.9384   3.195E+03    48     0    179
2p5_10p_3Se          3.0    1314944.1060     0.9032   3.319E+03    49     0    180
2p5_10p_3De         15.0    1315054.5230     0.8998   3.332E+03    49     0    181
2p5_10p_1De          5.0    1315144.8640     0.8971   3.342E+03    50     0    182
2p5_10p_1Pe          3.0    1315154.9020     0.8968   3.343E+03    50     0    183
2p5_10p_3Pe          9.0    1315154.9020     0.8968   3.343E+03    49     0    184
2p5_10p_1Se          1.0    1315978.0110     0.8722   3.437E+03    50     0    185
2p5_10d_3Po          9.0    1316881.4220     0.8451   3.548E+03    51     0    186
2p5_10d_3Fo         21.0    1316971.7640     0.8424   3.559E+03    51     0    187
2p5_10d_1Fo          7.0    1317072.1430     0.8394   3.572E+03    52     0    188
2p5_10d_1Do          5.0    1317102.2560     0.8385   3.576E+03    52     0    189
2p5_10d_3Do         15.0    1317102.2560     0.8385   3.576E+03    51     0    190
2p5_10d_1Po          3.0    1317373.2800     0.8303   3.611E+03    52     0    191
2p5_10f_3De         15.0    1317453.5830     0.8279   3.621E+03    49     0    192
2p5_10f_1De          5.0    1317483.6970     0.8270   3.625E+03    50     0    193
2p5_10f_3Ge         27.0    1317493.7350     0.8267   3.626E+03    49     0    194
2p5_10f_1Ge          9.0    1317493.7350     0.8267   3.626E+03    50     0    195
2p5_10g_3Fo         21.0    1317523.8490     0.8258   3.630E+03    51     0    196
2p5_10g_1Fo          7.0    1317523.8490     0.8258   3.630E+03    52     0    197
2p5_10h_3Ge         27.0    1317533.8870     0.8255   3.632E+03    49     0    198
2p5_10h_1Ge          9.0    1317533.8870     0.8255   3.632E+03    50     0    199
2p5_10g_1Go          9.0    1317543.9240     0.8252   3.633E+03    52     0    200
2p5_10g_3Go         27.0    1317543.9240     0.8252   3.633E+03    51     0    201
2p5_10f_1Fe          7.0    1317543.9240     0.8252   3.633E+03    50     0    202
2p5_10f_3Fe         21.0    1317543.9240     0.8252   3.633E+03    49     0    203
