
********************************************************************************

                 Energy Levels and statistical weights for O2        

********************************************************************************

14-Jun-1999                                      !Date
156                                              !Number of energy levels
6                                      !Entry number of link to super level

2p^3_4So[3/2]             4.0          0.0000     8.4984   3.527E+02     1     0
2p^3_2Do[5/2]             6.0      26810.5500     7.6947   3.896E+02     2     0
2p^3_2Do[3/2]             4.0      26830.5700     7.6941   3.896E+02     2     0
2p^3_2Po[3/2]             4.0      40468.0000     7.2852   4.115E+02     3     0
2p^3_2Po[1/2]             2.0      40470.0000     7.2852   4.115E+02     3     0
2p^4_2De[5/2]             6.0     165988.4600     3.5222   8.511E+02     4     0
2p^4_2De[3/2]             4.0     165996.5000     3.5220   8.511E+02     4     0
2p^2_3s4Pe[1/2]           2.0     185235.2810     2.9452   1.017E+03     5     0
2p^2_3s4Pe[3/2]           4.0     185340.5770     2.9421   1.018E+03     5     0
2p^2_3s4Pe[5/2]           6.0     185499.1240     2.9373   1.020E+03     5     0
2p^2_3s2Pe[1/2]           2.0     188888.5430     2.8357   1.057E+03     6     0
2p^2_3s2Pe[3/2]           4.0     189068.5140     2.8303   1.059E+03     6     0
2p^4_2Se[1/2]             2.0     195710.4700     2.6312   1.139E+03     7     0
2p^2_3p2So[1/2]           2.0     203942.2880     2.3844   1.257E+03     8     0
2p^2_3p4Do[1/2]           2.0     206730.7620     2.3008   1.302E+03     9     0
2p^2_3p4Do[3/2]           4.0     206786.2860     2.2991   1.303E+03     9     0
2p^2_3p4Do[5/2]           6.0     206877.8650     2.2964   1.305E+03     9     0
2p^2_3p4Do[7/2]           8.0     207002.4820     2.2927   1.307E+03     9     0
2p^2_3s'2De[5/2]          6.0     206971.6800     2.2936   1.307E+03    10     0
2p^2_3s'2De[3/2]          4.0     206972.7200     2.2935   1.307E+03    10     0
2p^2_3p4Po[1/2]           2.0     208346.1040     2.2524   1.330E+03    11     0
2p^2_3p4Po[3/2]           4.0     208392.2580     2.2510   1.331E+03    11     0
2p^2_3p4Po[5/2]           6.0     208484.2020     2.2482   1.333E+03    11     0
2p^2_3p2Do[3/2]           4.0     211522.1170     2.1572   1.389E+03    12     0
2p^2_3p2Do[5/2]           6.0     211712.7320     2.1514   1.393E+03    12     0
2p^2_3p4So[3/2]           4.0     212161.8810     2.1380   1.402E+03    13     0
2p^4_2Pe[3/2]             2.0     212593.8200     2.1250   1.410E+03    14     0
2p^4_2Pe[1/2]             4.0     212762.2500     2.1200   1.414E+03    14     0
2p^2_3p2Po[1/2]           2.0     214169.9200     2.0778   1.442E+03    15     0
2p^2_3p2Po[3/2]           4.0     214229.6710     2.0760   1.444E+03    15     0
2p^2_3p2Fo[5/2]           6.0     228723.8400     1.6415   1.826E+03    16     0
2p^2_3p2Fo[7/2]           8.0     228747.4500     1.6408   1.827E+03    16     0
2p^2_3p'2Do[5/2]          6.0     229947.0700     1.6048   1.868E+03    17     0
2p^2_3p'2Do[3/2]          4.0     229968.4400     1.6041   1.868E+03    17     0
2p^2_3d4Fe[3/2]           4.0     231296.1260     1.5643   1.916E+03    18     0
2p^2_3d4Fe[5/2]           6.0     231350.0870     1.5627   1.918E+03    18     0
2p^2_3d4Fe[7/2]           8.0     231427.9700     1.5604   1.921E+03    18     0
2p^2_3d4Fe[9/2]          10.0     231530.2460     1.5573   1.924E+03    18     0
2p^2_3p'2Po[1/2]          2.0     232480.4400     1.5288   1.960E+03    19     0
2p^2_3p'2Po[3/2]          4.0     232527.0900     1.5274   1.962E+03    19     0
2p^2_3d4Pe[5/2]           6.0     232462.7240     1.5294   1.960E+03    20     0
2p^2_3d4Pe[3/2]           4.0     232535.9490     1.5272   1.962E+03    20     0
2p^2_3d4Pe[1/2]           2.0     232602.4920     1.5252   1.965E+03    20     0
2p^2_3d4De[1/2]           2.0     232711.6420     1.5219   1.969E+03    21     0
2p^2_3d4De[3/2]           4.0     232745.9810     1.5209   1.971E+03    21     0
2p^2_3d4De[5/2]           6.0     232747.5620     1.5208   1.971E+03    21     0
2p^2_3d4De[7/2]           8.0     232753.8160     1.5206   1.971E+03    21     0
2p^2_3d2Fe[5/2]           6.0     232796.2980     1.5194   1.973E+03    22     0
2p^2_3d2Fe[7/2]           8.0     232959.2100     1.5145   1.979E+03    22     0
2p^2_3d2Pe[3/2]           4.0     233430.5300     1.5004   1.998E+03    23     0
2p^2_3d2Pe[1/2]           2.0     233544.5900     1.4969   2.002E+03    23     0
2p^2_3d2De[3/2]           4.0     234402.7970     1.4712   2.037E+03    24     0
2p^2_3d2De[5/2]           6.0     234454.6340     1.4697   2.039E+03    24     0
2p^2_3s''2Se[1/2]         2.0     236155.0000     1.4187   2.113E+03    25     0
2p^2_4s4Pe[1/2]           2.0     238627.4600     1.3446   2.229E+03    26     0
2p^2_4s4Pe[3/2]           4.0     238732.6500     1.3414   2.234E+03    26     0
2p^2_4s4Pe[5/2]           6.0     238893.9600     1.3366   2.242E+03    26     0
2p^2_4s2Pe[1/2]           2.0     240330.0100     1.2935   2.317E+03    27     0
2p^2_4s2Pe[3/2]           4.0     240517.3500     1.2879   2.327E+03    27     0
2p^2_4p2So[1/2]           2.0     245037.2900     1.1524   2.601E+03    28     0
2p^2_4p4Do[1/2]           2.0     245768.3700     1.1305   2.651E+03    29     0
2p^2_4p4Do[3/2]           4.0     245816.7000     1.1290   2.655E+03    29     0
2p^2_4p4Do[5/2]           6.0     245903.2240     1.1264   2.661E+03    29     0
2p^2_4p4Do[7/2]           8.0     246029.2950     1.1227   2.670E+03    29     0
2p^2_4p4Po[1/2]           2.0     246320.0860     1.1139   2.691E+03    30     0
2p^2_4p4Po[5/2]           6.0     246455.6290     1.1099   2.701E+03    30     0
2p^2_4p4Po[3/2]           4.0     246483.3170     1.1090   2.703E+03    30     0
2p^2_4p2Do[3/2]           4.0     248010.2300     1.0633   2.819E+03    31     0
2p^2_4p2Do[5/2]           6.0     248186.6400     1.0580   2.833E+03    31     0
2p^2_4p2Po[1/2]           2.0     248426.4100     1.0508   2.852E+03    32     0
2p^2_4p2Po[3/2]           4.0     248515.3000     1.0481   2.860E+03    32     0
2p^2_3d'2Fe[7/2]          8.0     251222.1900     0.9670   3.100E+03    33     0
2p^2_3d'2Fe[5/2]          6.0     251224.7900     0.9669   3.100E+03    33     0
2p^2_3d'2Ge[9/2]         10.0     252608.2800     0.9254   3.239E+03    34     0
2p^2_3d'2Ge[7/2]          8.0     252609.4600     0.9254   3.239E+03    34     0
2p^2_3p''2Po[1/2]         2.0     252987.2300     0.9141   3.279E+03    35     0
2p^2_3p''2Po[3/2]         4.0     252993.3900     0.9139   3.280E+03    35     0
2p^2_3d'2De[3/2]          4.0     253046.7400     0.9123   3.286E+03    36     0
2p^2_3d'2De[5/2]          6.0     253048.8200     0.9122   3.286E+03    36     0
2p^2_3d'2Pe[1/2]          2.0     253789.9900     0.8900   3.368E+03    37     0
2p^2_3d'2Pe[3/2]          4.0     253792.4000     0.8899   3.368E+03    37     0
2p^2_4p4So[3/2]           4.0     253860.0000     0.8879   3.376E+03    38     0
2p^2_4d4Fe[3/2]           4.0     254337.6100     0.8736   3.431E+03    39     0
2p^2_4d4Fe[5/2]           6.0     254388.4200     0.8721   3.437E+03    39     0
2p^2_4d4Fe[7/2]           8.0     254480.2000     0.8693   3.448E+03    40     0
2p^2_4d4Fe[9/2]          10.0     254590.0000     0.8660   3.461E+03    40     0
2p^2_4d4De[1/2]           2.0     254846.6800     0.8583   3.492E+03    41     0
2p^2_4d4De[3/2]           4.0     254881.3700     0.8573   3.496E+03    41     0
2p^2_4d4De[5/2]           6.0     254896.4200     0.8568   3.498E+03    41     0
2p^2_4d4De[7/2]           8.0     255019.7300     0.8531   3.513E+03    41     0
2p^3_3s'''4So             4.0     254981.5500     0.8543   3.509E+03    42     0
2p^2_4d4Pe[5/2]           6.0     255105.0100     0.8506   3.524E+03    43     0
2p^2_4d4Pe[3/2]           4.0     255142.4100     0.8495   3.529E+03    43     0
2p^2_4d4Pe[1/2]           2.0     255163.0800     0.8488   3.531E+03    43     0
2p^2_4d2Pe[3/2]           4.0     255173.5800     0.8485   3.532E+03    44     0
2p^2_4d2Pe[1/2]           2.0     255281.9300     0.8453   3.546E+03    44     0
2p^2_4d2Fe[5/2]           6.0     255302.1100     0.8447   3.549E+03    45     0
2p^2_4d2Fe[7/2]           8.0     255466.1000     0.8397   3.569E+03    45     0
2p^2_3d'2Se               2.0     255622.8000     0.8351   3.589E+03    46     0
2p^2_4f2Do               10.0     255739.0000     0.8316   3.604E+03    47     0
2p^2_4f4Do               20.0     255794.0000     0.8299   3.612E+03    48     0
2p^2_4f4Go               36.0     255850.0000     0.8282   3.619E+03    48     0
2p^2_4d2De               10.0     255876.0000     0.8275   3.622E+03    47     0
2p^2_4f2Go               18.0     255915.0000     0.8263   3.627E+03    47     0
2p^2_4f4Fo               28.0     256115.0000     0.8203   3.654E+03    48     0
2p^2_4f2Fo               14.0     256136.0000     0.8197   3.657E+03    48     0
2p^2_5s4Pe               12.0     257864.0000     0.7679   3.904E+03    49     0
2p^2_5s2Pe                6.0     258537.0000     0.7477   4.009E+03    50     0
2p^2_4s'2De              10.0     259287.0000     0.7252   4.133E+03    51     0
2p^2_5p4Do               20.0     261009.0000     0.6736   4.450E+03    49     0
2p^2_5p4Po               12.0     261262.0000     0.6660   4.501E+03    49     0
2p^2_5p2So                2.0     261268.0000     0.6658   4.502E+03    50     0
2p^2_5p2Do               10.0     261801.0000     0.6498   4.613E+03    50     0
2p^2_5p2Po                6.0     263409.0000     0.6016   4.982E+03    50     0
2p^2_5p4So                4.0     263621.0000     0.5953   5.035E+03    49     0
2p^2_5d4De               20.0     265220.0000     0.5473   5.476E+03    49     0
2p^2_5d4Pe               12.0     265450.0000     0.5404   5.546E+03    49     0
2p^2_5d4Fe               28.0     265501.0000     0.5389   5.562E+03    49     0
2p^2_5d2Fe               14.0     265578.0000     0.5366   5.586E+03    50     0
2p^2_5f4Do               20.0     265705.0000     0.5328   5.626E+03    49     0
2p^2_5f4Go               36.0     265784.0000     0.5304   5.651E+03    49     0
2p^2_5f2Go               18.0     265856.0000     0.5283   5.674E+03    50     0
2p^2_5d2De               10.0     265856.0000     0.5283   5.674E+03    50     0
2p^2_5f4Fo               28.0     265977.0000     0.5246   5.713E+03    49     0
2p^2_5f2Fo               14.0     265994.0000     0.5241   5.719E+03    50     0
2p^2_5f2Do               10.0     266113.0000     0.5206   5.758E+03    50     0
2p^2_5d2Pe                6.0     266145.0000     0.5196   5.769E+03    50     0
2p^2_4p'2Do              10.0     267027.0000     0.4932   6.078E+03    51     0
2p^2_4p'2Fo              14.0     267229.0000     0.4871   6.153E+03    51     0
2p^2_4p'2Po               6.0     267498.0000     0.4790   6.257E+03    51     0
2p^2_6s2Pe                6.0     267811.0000     0.4697   6.382E+03    52     0
2p^2_6p2So                2.0     268866.0000     0.4380   6.843E+03    52     0
2p^2_6p2Do               10.0     270815.0000     0.3796   7.896E+03    52     0
2p^2_6d2Fe               14.0     271468.0000     0.3600   8.325E+03    52     0
2p^2_6d2Pe                6.0     271492.0000     0.3593   8.342E+03    52     0
2p^2_6f2Do               10.0     271521.0000     0.3584   8.362E+03    52     0
2p^2_6p2Po                6.0     271541.0000     0.3578   8.376E+03    52     0
2p^2_6f2Go               18.0     271551.0000     0.3575   8.383E+03    52     0
2p^2_6f2Fo               14.0     271616.0000     0.3556   8.429E+03    52     0
2p^2_6d2De               10.0     272979.0000     0.3147   9.524E+03    52     0
2p^2_4d'2Fe              14.0     274764.0000     0.2612   1.147E+04    53     0
2p^2_4d'2De              10.0     274920.0000     0.2565   1.168E+04    53     0
2p^2_3d''2De             10.0     275400.0000     0.2421   1.237E+04    54     0
2p^2_4d'2Ge              18.0     275598.0000     0.2362   1.268E+04    53     0
2p^2_4d'2Pe               6.0     275611.0000     0.2358   1.271E+04    53     0
2p^2_4f'2Go              18.0     275841.0000     0.2289   1.309E+04    53     0
2p^2_4f'2Fo              14.0     275880.0000     0.2278   1.316E+04    53     0
2p^2_4d'2Se               2.0     275997.0000     0.2242   1.336E+04    53     0
2p^2_4f'2Do              10.0     276066.0000     0.2222   1.349E+04    53     0
2p^2_4f'2Ho              22.0     276109.0000     0.2209   1.356E+04    53     0
2p^2_4f'2Po               6.0     276264.0000     0.2162   1.386E+04    53     0
2p^2_5s'2De              10.0     278140.0000     0.1600   1.873E+04    54     0
2p^3_3p'''4Pe            12.0     278233.0000     0.1572   1.906E+04    55     0
2p^2_5p'2Fo              14.0     281887.0000     0.0477   6.282E+04    56     0
2p^2_5p'2Do              10.0     282269.0000     0.0362   8.266E+04    56     0
2p^2_5p'2Po               6.0     282855.0000     0.0186   1.603E+05    56     0

