                                                                                
********************************************************************************
                                                                                
                 Energy Levels and statistical weights for Al II                
                                                                                
	Super level assignments:
		Based onterms for low lying states.
		Based on l values for higher states.
                                                                                
********************************************************************************
                                                                                
19-May-1998                            !Date
156                                    !Number of energy levels
6                                      !Entry number of link to super level
  
3s21Se[0]                       1.0          0.0000     4.5527   6.585E+02     1     0      1
3s3p3Po[0]                      1.0      37393.0300     3.4317   8.736E+02     2     0      2
3s3p3Po[1]                      3.0      37453.9100     3.4299   8.741E+02     2     0      3
3s3p3Po[2]                      5.0      37577.7900     3.4262   8.750E+02     2     0      4
3s3p1Po[1]                      3.0      59852.0200     2.7584   1.087E+03     3     0      5
3p21De[2]                       5.0      85481.3500     1.9901   1.506E+03     4     0      6
3s4s3Se[1]                      3.0      91274.5000     1.8164   1.650E+03     5     0      7
3p23Pe[0]                       1.0      94084.9600     1.7321   1.731E+03     6     0      8
3p23Pe[1]                       3.0      94147.4600     1.7303   1.733E+03     6     0      9
3p23Pe[2]                       5.0      94268.6800     1.7266   1.736E+03     6     0     10
3s4s1Se[0]                      1.0      95350.6000     1.6942   1.770E+03     7     0     11
3s3d3De[3]                      7.0      95549.4200     1.6882   1.776E+03     8     0     12
3s3d3De[2]                      5.0      95550.5100     1.6882   1.776E+03     8     0     13
3s3d3De[1]                      3.0      95551.4400     1.6882   1.776E+03     8     0     14
3s4p3Po[0]                      1.0     105427.5200     1.3921   2.154E+03     9     0     15
3s4p3Po[1]                      3.0     105441.5000     1.3917   2.154E+03     9     0     16
3s4p3Po[2]                      5.0     105470.9300     1.3908   2.156E+03     9     0     17
3s4p1Po[1]                      3.0     106920.5600     1.3473   2.225E+03    10     0     18
3s3d1De[2]                      5.0     110089.8300     1.2523   2.394E+03    11     0     19
3p21Se[0]                       1.0     111637.3300     1.2059   2.486E+03    12     0     20
3s5s3Se[1]                      3.0     120092.9500     0.9524   3.148E+03    13     0     21
3s5s1Se[0]                      1.0     121366.7600     0.9142   3.279E+03    14     0     22
3s4d3De[3]                      7.0     121483.5000     0.9107   3.292E+03    15     0     23
3s4d3De[2]                      5.0     121483.9200     0.9107   3.292E+03    15     0     24
3s4d3De[1]                      3.0     121484.2200     0.9107   3.292E+03    15     0     25
3s4f3Fo[2]                      5.0     123418.4800     0.8527   3.516E+03    16     0     26
3s4f3Fo[3]                      7.0     123420.4500     0.8527   3.516E+03    16     0     27
3s4f3Fo[4]                      9.0     123423.3600     0.8526   3.516E+03    16     0     28
3s4f1Fo[3]                      7.0     123470.5000     0.8512   3.522E+03    17     0     29
3s4d1De[2]                      5.0     124794.1300     0.8115   3.694E+03    18     0     30
3s5p3Po[0]                      1.0     125703.1400     0.7842   3.823E+03    19     0     31
3s5p3Po[1]                      3.0     125708.8200     0.7841   3.824E+03    19     0     32
3s5p3Po[2]                      5.0     125721.7100     0.7837   3.825E+03    19     0     33
3s5p1Po[1]                      3.0     125869.0400     0.7793   3.847E+03    20     0     34
3s6s3Se[1]                      3.0     132215.5100     0.5890   5.090E+03    21     0     35
3s6s1Se[0]                      1.0     132778.6800     0.5721   5.240E+03    22     0     36
3s5d3De[2]                      5.0     132822.8000     0.5708   5.252E+03    23     0     37
3s5d3De[3]                      7.0     132822.8900     0.5708   5.252E+03    23     0     38
3s5d3De[1]                      3.0     132822.9500     0.5708   5.252E+03    23     0     39
3s5f3Fo[2]                      5.0     133437.7100     0.5524   5.427E+03    24     0     40
3s5f3Fo[3]                      7.0     133443.0800     0.5522   5.429E+03    24     0     41
3s5f3Fo[4]                      9.0     133450.0700     0.5520   5.431E+03    24     0     42
3s5f1Fo[3]                      7.0     133681.7800     0.5450   5.500E+03    25     0     43
3s5d1De[2]                      5.0     133916.4000     0.5380   5.572E+03    26     0     44
3s5g1Ge                         9.0     134163.5788     0.5306   5.650E+03    27     0     45
3s5g3Ge                        27.0     134183.7000     0.5300   5.656E+03    28     0     46
3s6p1Po                         3.0     134919.4000     0.5079   5.902E+03    29     0     47
3s6p3Po                         9.0     135017.1200     0.5050   5.936E+03    30     0     48
3s7s3Se                         3.0     138499.8900     0.4006   7.484E+03    31     0     49
3s6f3Fo                        21.0     138540.7000     0.3994   7.506E+03    32     0     50
3s7s1Se                         1.0     138800.6000     0.3916   7.656E+03    33     0     51
3s6d3De                        15.0     138814.9950     0.3912   7.664E+03    34     0     52
3s6f1Fo                         7.0     139245.3900     0.3783   7.926E+03    35     0     53
3s6d1De                         5.0     139289.1500     0.3769   7.953E+03    36     0     54
3s6g1Ge                         9.0     139588.0197     0.3680   8.147E+03    37     0     55
3s6g3Ge                        27.0     139591.1000     0.3679   8.149E+03    37     0     56
3s6z1Z                         11.0     139669.7132     0.3655   8.202E+03    38     0     57
3s6z3Z                         33.0     139669.7132     0.3655   8.202E+03    38     0     58
3s7p1Po                         3.0     139918.9800     0.3581   8.373E+03    29     0     59
3s7p3Po                         9.0     140092.5330     0.3529   8.496E+03    30     0     60
3p3d3Fo                        21.0     141112.7000     0.3223   9.302E+03    39     0     61
3s8s3Se                         3.0     142182.9400     0.2902   1.033E+04    31     0     62
3s8s1Se                         1.0     142363.0600     0.2848   1.053E+04    33     0     63
3s7d3De                        15.0     142365.7370     0.2847   1.053E+04    34     0     64
3s7f1Fo                         7.0     142604.0500     0.2776   1.080E+04    35     0     65
3s7d1De                         5.0     142609.2700     0.2774   1.081E+04    36     0     66
3p3d1Do                         5.0     142681.8370     0.2752   1.089E+04    40     0     67
3s7g3Ge                        27.0     142851.6000     0.2701   1.110E+04    37     0     68
3s7g1Ge                         9.0     142853.1256     0.2701   1.110E+04    37     0     69
3s7z1Z                         24.0     142904.5342     0.2686   1.116E+04    38     0     70
3s7z3Z                         72.0     142904.5342     0.2686   1.116E+04    38     0     71
3s8p1Po                         3.0     142961.2000     0.2669   1.123E+04    29     0     72
3s8p3Po                         9.0     143167.4000     0.2607   1.150E+04    30     0     73
3s7f3Fo                        21.0     143274.1470     0.2575   1.164E+04    32     0     74
3s9s3Se                         3.0     144527.3500     0.2199   1.363E+04    31     0     75
3s8d3De                        15.0     144642.2100     0.2165   1.385E+04    34     0     76
3s9s1Se                         1.0     144644.1400     0.2164   1.385E+04    33     0     77
3s8d1De                         5.0     144782.2300     0.2123   1.412E+04    36     0     78
3s8f1Fo                         7.0     144784.4500     0.2122   1.413E+04    35     0     79
3s9p1Po                         3.0     144941.1000     0.2075   1.445E+04    29     0     80
3s8g3Ge                        27.0     144967.1000     0.2067   1.450E+04    37     0     81
3s8g1Ge                         9.0     144969.6362     0.2066   1.451E+04    37     0     82
3s8z3Z                        117.0     145004.0574     0.2056   1.458E+04    38     0     83
3s8z1Z                         39.0     145004.0574     0.2056   1.458E+04    38     0     84
3s8f3Fo                        21.0     145132.2500     0.2018   1.486E+04    32     0     85
3s9p3Po                         9.0     145152.1300     0.2012   1.490E+04    30     0     86
3p4s3Po                         9.0     145857.4630     0.1800   1.665E+04    41     0     87
3s10s3Se                        3.0     146112.1400     0.1724   1.739E+04    31     0     88
3s9d3De                        15.0     146188.7000     0.1701   1.762E+04    34     0     89
3s10s1Se                        1.0     146192.1000     0.1700   1.764E+04    33     0     90
3s9d1De                         5.0     146276.0000     0.1675   1.790E+04    36     0     91
3s9f1Fo                         7.0     146278.7000     0.1674   1.791E+04    35     0     92
3s10p1Po                        3.0     146299.9200     0.1668   1.798E+04    29     0     93
3s9g3Ge                        27.0     146416.9000     0.1633   1.836E+04    37     0     94
3s9g1Ge                         9.0     146419.3186     0.1632   1.837E+04    37     0     95
3s9z3Z                        168.0     146443.4836     0.1625   1.845E+04    38     0     96
3s9z1Z                         56.0     146443.4836     0.1625   1.845E+04    38     0     97
3s9f3Fo                        21.0     146501.1200     0.1607   1.865E+04    32     0     98
3s10p3Po                        9.0     146597.9670     0.1578   1.900E+04    30     0     99
3s11s3Se                        3.0     147233.4500     0.1388   2.160E+04    31     0    100
3s11p1Po                        3.0     147270.8200     0.1377   2.178E+04    29     0    101
3s10d3De                       15.0     147286.9000     0.1372   2.186E+04    34     0    102
3s11s1Se                        1.0     147290.9800     0.1371   2.187E+04    33     0    103
3s10d1De                        5.0     147344.8900     0.1354   2.214E+04    36     0    104
3s10f1Fo                        7.0     147346.6700     0.1354   2.214E+04    35     0    105
3s10g3Ge                       27.0     147453.4000     0.1322   2.268E+04    37     0    106
3s10g1Ge                        9.0     147455.4863     0.1321   2.269E+04    37     0    107
3s10z1Z                        75.0     147473.0967     0.1316   2.278E+04    38     0    108
3s10z3Z                       225.0     147516.6638     0.1303   2.301E+04    38     0    109
3s11p3Po                        9.0     147563.8425     0.1289   2.326E+04    30     0    110
3s11f3Fo                       21.0     148052.8744     0.1142   2.625E+04    32     0    111
3s11d3De                       15.0     148097.2027     0.1129   2.656E+04    34     0    112
3s11d1De                        5.0     148150.3388     0.1113   2.694E+04    36     0    113
3s11f1Fo                        7.0     148166.6710     0.1108   2.706E+04    35     0    114
3s11g3Ge                       27.0     148220.3399     0.1092   2.746E+04    37     0    115
3s11g1Ge                        9.0     148221.6666     0.1091   2.747E+04    37     0    116
3s11z3Z                       288.0     148234.8940     0.1088   2.757E+04    38     0    117
3s11z1Z                        96.0     148234.8940     0.1088   2.757E+04    38     0    118
3s12w3W                       432.0     148814.3033     0.0914   3.281E+04    42     0    119
3s12w1W                       144.0     148814.3033     0.0914   3.281E+04    43     0    120
3s13w3W                       507.0     149265.2200     0.0779   3.850E+04    42     0    121
3s13w1W                       169.0     149265.2200     0.0779   3.850E+04    43     0    122
3s14w3W                       588.0     149623.0085     0.0671   4.465E+04    42     0    123
3s14w1W                       196.0     149623.0085     0.0671   4.465E+04    43     0    124
3s15w3W                       675.0     149911.6541     0.0585   5.126E+04    42     0    125
3s15w1W                       225.0     149911.6541     0.0585   5.126E+04    43     0    126
3s16w3W                       768.0     150147.8894     0.0514   5.832E+04    44     0    127
3s16w1W                       256.0     150147.8894     0.0514   5.832E+04    45     0    128
3s17w3W                       867.0     150343.6753     0.0455   6.584E+04    44     0    129
3s17w1W                       289.0     150343.6753     0.0455   6.584E+04    45     0    130
3s18w3W                       972.0     150507.7459     0.0406   7.381E+04    44     0    131
3s18w1W                       324.0     150507.7459     0.0406   7.381E+04    45     0    132
3s19w3W                      1083.0     150646.5988     0.0365   8.224E+04    44     0    133
3s19w1W                       361.0     150646.5988     0.0365   8.224E+04    45     0    134
3s20w3W                      1200.0     150765.1492     0.0329   9.113E+04    44     0    135
3s20w1W                       400.0     150765.1492     0.0329   9.113E+04    46     0    136
3s21w3W                      1323.0     150867.1705     0.0298   1.005E+05    47     0    137
3s21w1W                       441.0     150867.1705     0.0298   1.005E+05    45     0    138
3s22w3W                      1452.0     150955.5985     0.0272   1.103E+05    47     0    139
3s22w1W                       484.0     150955.5985     0.0272   1.103E+05    46     0    140
3s23w3W                      1587.0     151032.7451     0.0249   1.205E+05    47     0    141
3s23w1W                       529.0     151032.7451     0.0249   1.205E+05    46     0    142
3s24w3W                      1728.0     151100.4508     0.0228   1.312E+05    47     0    143
3s24w1W                       576.0     151100.4508     0.0228   1.312E+05    46     0    144
3s25w1W                       625.0     151160.1955     0.0211   1.424E+05    46     0    145
3s25w3W                      1875.0     151160.1955     0.0211   1.424E+05    47     0    146
3s26w3W                      2028.0     151213.1800     0.0195   1.540E+05    48     0    147
3s26w1W                       676.0     151213.1800     0.0195   1.540E+05    49     0    148
3s27w3W                      2187.0     151260.3871     0.0181   1.661E+05    48     0    149
3s27w1W                       729.0     151260.3871     0.0181   1.661E+05    49     0    150
3s28w3W                      2352.0     151302.6271     0.0168   1.786E+05    48     0    151
3s28w1W                       784.0     151302.6271     0.0168   1.786E+05    49     0    152
3s29w3W                      2523.0     151340.5733     0.0156   1.916E+05    48     0    153
3s29w1W                       841.0     151340.5733     0.0156   1.916E+05    49     0    154
3s30w3W                      2700.0     151374.7885     0.0146   2.050E+05    48     0    155
3s30w1W                       900.0     151374.7885     0.0146   2.050E+05    49     0    156
